<shapes type=list>
	<scaling type=logical names=FALSE length=1 as.numeric=FALSE >NA</scaling>
	<landmarks.pixel type=matrix rownames=TRUE colnames=FALSE nrow=13 ncol=2 as.numeric=TRUE >
		LM1	173	15
		LM2	173	41
		LM3	173	146
		LM4	173	172
		LM5	210	130
		LM6	211	148
		LM7	210	163
		LM10	173	15
		LM11	228	146
		LM12	261	168
		LM13	173	15
		LM15	293	171
		LM16	293	180
	</landmarks.pixel>
	<curves.control type=list>
		<glabella type=matrix rownames=FALSE colnames=FALSE nrow=13 ncol=2 as.numeric=TRUE >
			173	41
			181	42
			187	48
			195	59
			199	73
			203	88
			205	101
			207	112
			209	123
			210	127
			209	135
			211	141
			210	163
		</glabella>
		<suture type=matrix rownames=FALSE colnames=FALSE nrow=21 ncol=2 as.numeric=TRUE >
			173	15
			187	16
			201	19
			216	24
			227	31
			231	37
			235	43
			239	54
			235	63
			231	72
			227	78
			221	86
			219	96
			217	108
			218	121
			220	132
			225	142
			231	151
			239	156
			256	162
			261	168
		</suture>
		<anterior type=matrix rownames=FALSE colnames=FALSE nrow=15 ncol=2 as.numeric=TRUE >
			173	15
			187	16
			201	19
			216	24
			227	31
			241	41
			250	48
			266	64
			275	81
			283	99
			287	114
			291	128
			292	148
			293	162
			293	171
		</anterior>
		<posterior type=matrix rownames=FALSE colnames=FALSE nrow=17 ncol=2 as.numeric=TRUE >
			173	172
			187	173
			202	167
			210	163
			216	166
			228	168
			239	167
			254	168
			264	167
			271	167
			277	168
			283	174
			284	180
			288	181
			293	181
			295	176
			293	171
		</posterior>
	</curves.control>
	<curves.pixel type=list>
		<glabella type=matrix rownames=FALSE colnames=FALSE nrow=134 ncol=2 as.numeric=TRUE >
			173	41
			174	41
			175	41
			176	42
			177	42
			178	42
			179	42
			180	43
			181	44
			182	44
			183	45
			184	45
			184	46
			185	46
			186	47
			187	48
			188	49
			188	50
			189	51
			190	52
			190	53
			191	54
			191	55
			192	55
			192	56
			193	57
			193	58
			194	59
			194	60
			195	61
			195	62
			195	63
			196	64
			196	65
			197	66
			197	67
			197	68
			198	69
			198	70
			198	71
			199	72
			199	73
			199	74
			199	75
			200	75
			200	76
			200	77
			200	78
			201	79
			201	80
			201	81
			201	82
			201	83
			202	83
			202	84
			202	85
			202	86
			202	87
			203	88
			203	89
			203	90
			203	91
			203	92
			204	93
			204	94
			204	95
			204	96
			204	97
			205	98
			205	99
			205	100
			205	101
			205	102
			205	103
			206	104
			206	105
			206	106
			206	107
			206	108
			206	109
			207	110
			207	111
			207	112
			207	113
			207	114
			208	115
			208	116
			208	117
			208	118
			208	119
			209	120
			209	121
			209	122
			209	123
			209	124
			209	125
			209	126
			209	127
			209	128
			209	129
			209	130
			209	131
			209	132
			209	133
			209	134
			209	135
			209	136
			209	137
			210	138
			210	139
			210	140
			210	141
			210	142
			210	143
			210	144
			210	145
			210	146
			210	147
			210	148
			210	149
			210	150
			210	151
			210	152
			210	153
			210	154
			210	155
			210	156
			210	157
			210	158
			210	159
			210	160
			210	161
			210	162
			210	163
		</glabella>
		<suture type=matrix rownames=FALSE colnames=FALSE nrow=212 ncol=2 as.numeric=TRUE >
			173	15
			174	15
			175	15
			176	15
			177	15
			178	15
			179	16
			180	16
			181	16
			182	16
			183	16
			184	16
			185	16
			186	16
			187	17
			188	17
			189	17
			190	17
			191	17
			192	17
			193	17
			194	18
			195	18
			196	18
			197	18
			198	18
			199	19
			200	19
			201	19
			202	19
			203	20
			204	20
			205	20
			206	21
			207	21
			208	21
			209	22
			210	23
			211	23
			212	23
			213	24
			214	24
			215	25
			216	25
			217	25
			217	26
			218	26
			219	26
			220	27
			221	27
			222	28
			223	29
			224	29
			225	30
			226	30
			226	31
			227	31
			228	32
			228	33
			229	34
			230	35
			231	36
			231	37
			232	38
			233	39
			233	40
			234	41
			235	42
			235	43
			235	44
			236	45
			236	46
			236	47
			236	48
			237	49
			237	50
			237	51
			237	52
			237	53
			237	54
			237	55
			237	56
			237	57
			237	58
			236	59
			236	60
			236	61
			235	62
			235	63
			235	64
			234	65
			234	66
			233	66
			233	67
			233	68
			232	69
			232	70
			231	71
			231	72
			230	73
			229	74
			229	75
			228	76
			228	77
			227	77
			227	78
			226	79
			225	80
			225	81
			224	82
			224	83
			223	84
			223	85
			222	86
			222	87
			221	88
			221	89
			220	90
			220	91
			220	92
			220	93
			219	94
			219	95
			219	96
			219	97
			219	98
			219	99
			218	100
			218	101
			218	102
			218	103
			218	104
			218	105
			218	106
			218	107
			218	108
			218	109
			218	110
			218	111
			218	112
			218	113
			218	114
			218	115
			218	116
			218	117
			218	118
			218	119
			218	120
			218	121
			218	122
			218	123
			219	124
			219	125
			219	126
			219	127
			220	128
			220	129
			220	130
			221	131
			221	132
			221	133
			222	134
			222	135
			222	136
			223	137
			223	138
			224	139
			224	140
			224	141
			225	142
			226	143
			226	144
			227	144
			227	145
			228	146
			228	147
			229	147
			230	148
			230	149
			231	149
			232	150
			232	151
			233	151
			234	152
			234	153
			235	153
			236	154
			237	155
			238	155
			239	156
			240	156
			241	157
			242	157
			243	158
			244	158
			245	158
			246	159
			247	159
			248	160
			249	160
			250	160
			251	161
			252	162
			253	162
			254	163
			255	163
			256	164
			257	165
			258	165
			259	166
			260	167
			261	168
		</suture>
		<anterior type=matrix rownames=FALSE colnames=FALSE nrow=215 ncol=2 as.numeric=TRUE >
			173	15
			174	15
			175	15
			176	15
			177	15
			178	15
			179	16
			180	16
			181	16
			182	16
			183	16
			184	16
			185	16
			186	16
			187	16
			187	17
			188	17
			189	17
			190	17
			191	17
			192	17
			193	17
			194	18
			195	18
			196	18
			197	18
			198	18
			199	18
			199	19
			200	19
			201	19
			202	19
			203	20
			204	20
			205	20
			206	21
			207	21
			208	22
			209	22
			210	22
			211	23
			212	23
			213	23
			213	24
			214	24
			215	25
			216	25
			217	25
			218	26
			219	26
			219	27
			220	27
			221	27
			222	28
			223	28
			223	29
			224	29
			225	30
			226	30
			226	31
			227	31
			228	32
			229	32
			230	33
			231	34
			232	34
			232	35
			233	35
			234	36
			235	37
			236	37
			237	38
			238	39
			239	40
			240	40
			241	41
			242	42
			243	42
			243	43
			244	44
			245	44
			246	45
			247	45
			248	46
			248	47
			249	47
			250	48
			251	49
			252	50
			253	51
			254	52
			255	53
			255	54
			256	54
			257	55
			257	56
			258	57
			259	58
			260	59
			261	60
			262	61
			262	62
			263	63
			264	64
			265	65
			265	66
			266	67
			267	68
			268	69
			268	70
			269	71
			270	72
			270	73
			271	74
			271	75
			272	75
			272	76
			273	77
			273	78
			274	79
			274	80
			275	80
			275	81
			276	82
			276	83
			276	84
			277	85
			277	86
			277	87
			278	87
			278	88
			278	89
			279	90
			279	91
			280	92
			280	93
			280	94
			281	95
			281	96
			282	97
			282	98
			282	99
			283	100
			283	101
			283	102
			284	103
			284	104
			284	105
			285	106
			285	107
			285	108
			285	109
			286	109
			286	110
			286	111
			287	112
			287	113
			287	114
			287	115
			287	116
			288	117
			288	118
			288	119
			289	120
			289	121
			289	122
			289	123
			289	124
			290	125
			290	126
			290	127
			290	128
			290	129
			290	130
			291	131
			291	132
			291	133
			291	134
			291	135
			291	136
			291	137
			291	138
			291	139
			291	140
			292	141
			292	142
			292	143
			292	144
			292	145
			292	146
			292	147
			292	148
			292	149
			292	150
			292	151
			292	152
			292	153
			292	154
			292	155
			293	156
			293	157
			293	158
			293	159
			293	160
			293	161
			293	162
			293	163
			293	164
			293	165
			293	166
			293	167
			293	168
			293	169
			293	170
			293	171
		</anterior>
		<posterior type=matrix rownames=FALSE colnames=FALSE nrow=137 ncol=2 as.numeric=TRUE >
			173	172
			174	172
			175	172
			176	172
			177	172
			178	172
			179	172
			180	172
			181	172
			182	172
			183	172
			184	172
			185	172
			186	171
			187	171
			188	171
			189	171
			190	171
			191	171
			192	170
			193	170
			194	170
			195	169
			196	169
			197	169
			198	169
			199	168
			200	168
			201	167
			202	167
			203	167
			203	166
			204	166
			205	166
			206	165
			207	165
			208	165
			209	165
			210	165
			211	165
			212	165
			213	165
			214	165
			215	166
			216	166
			217	166
			218	166
			219	166
			220	167
			221	167
			222	167
			223	167
			224	167
			225	167
			226	167
			227	167
			228	167
			229	167
			230	167
			231	167
			232	167
			233	167
			234	167
			235	167
			236	167
			237	167
			238	167
			239	167
			240	167
			241	167
			242	167
			243	167
			244	167
			245	167
			246	167
			247	167
			248	167
			249	167
			250	167
			251	167
			252	167
			253	167
			254	167
			255	167
			256	167
			257	167
			258	167
			259	167
			260	167
			261	167
			262	167
			263	167
			264	167
			265	167
			266	167
			267	167
			268	167
			269	167
			270	167
			271	167
			272	167
			273	167
			274	168
			275	168
			276	168
			277	168
			278	169
			279	170
			280	171
			280	172
			281	173
			282	174
			282	175
			283	176
			283	177
			284	178
			284	179
			284	180
			285	180
			286	180
			287	181
			288	181
			289	181
			290	181
			291	181
			292	181
			293	181
			293	180
			294	179
			294	178
			294	177
			294	176
			294	175
			294	174
			294	173
			293	172
			293	171
		</posterior>
	</curves.pixel>
</shapes>

