<shapes type=list>
	<ruler.pixel type=vector names=FALSE length=1 as.numeric=TRUE >297</ruler.pixel>
	<ruler.interval type=vector names=FALSE length=1 as.numeric=TRUE >1</ruler.interval>
	<scaling.units type=vector names=FALSE length=1 as.numeric=FALSE >cm</scaling.units>
	<scaling type=vector names=FALSE length=1 as.numeric=TRUE >0.00336700336700337</scaling>
	<landmarks.pixel type=matrix rownames=TRUE colnames=FALSE nrow=16 ncol=2 as.numeric=TRUE >
		LM1	315	202
		LM2	315	211
		LM3	315	394
		LM4	315	433
		LM5	417	277
		LM6	368	412
		LM7	376	440
		LM8	428	318
		LM9	441	383
		LM10	315	211
		LM11	519	425
		LM12	556	454
		LM13	315	202
		LM14	478	343
		LM15	547	433
		LM16	566	542
	</landmarks.pixel>
	<landmarks.scaled type=matrix rownames=TRUE colnames=FALSE nrow=16 ncol=2 as.numeric=TRUE >
		LM1	1.06060606060606	-0.68013468013468
		LM2	1.06060606060606	-0.71043771043771
		LM3	1.06060606060606	-1.32659932659933
		LM4	1.06060606060606	-1.45791245791246
		LM5	1.4040404040404	-0.932659932659933
		LM6	1.23905723905724	-1.38720538720539
		LM7	1.26599326599327	-1.48148148148148
		LM8	1.44107744107744	-1.07070707070707
		LM9	1.48484848484848	-1.28956228956229
		LM10	1.06060606060606	-0.71043771043771
		LM11	1.74747474747475	-1.43097643097643
		LM12	1.87205387205387	-1.52861952861953
		LM13	1.06060606060606	-0.68013468013468
		LM14	1.60942760942761	-1.15488215488215
		LM15	1.84175084175084	-1.45791245791246
		LM16	1.90572390572391	-1.82491582491582
	</landmarks.scaled>
	<curves.control type=list>
		<glabella type=matrix rownames=FALSE colnames=FALSE nrow=9 ncol=2 as.numeric=TRUE >
			315	211
			352	213
			406	258
			422	280
			415	291
			395	326
			363	394
			371	414
			376	440
		</glabella>
		<suture type=matrix rownames=FALSE colnames=FALSE nrow=11 ncol=2 as.numeric=TRUE >
			315	211
			352	213
			406	258
			423	280
			427	302
			421	313
			428	316
			463	325
			441	384
			523	414
			556	454
		</suture>
		<anterior type=matrix rownames=FALSE colnames=FALSE nrow=5 ncol=2 as.numeric=TRUE >
			315	202
			354	212
			456	294
			526	373
			547	433
		</anterior>
		<posterior type=matrix rownames=FALSE colnames=FALSE nrow=11 ncol=2 as.numeric=TRUE >
			315	433
			325	436
			378	445
			453	443
			474	455
			512	488
			561	543
			576	546
			572	519
			557	447
			547	433
		</posterior>
	</curves.control>
	<curves.pixel type=list>
		<glabella type=matrix rownames=FALSE colnames=FALSE nrow=291 ncol=2 as.numeric=TRUE >
			315	211
			316	211
			317	211
			318	211
			319	211
			320	211
			321	212
			322	212
			323	212
			324	212
			325	212
			326	212
			327	213
			328	213
			329	213
			330	213
			331	214
			332	214
			333	214
			334	214
			334	215
			335	215
			336	215
			337	215
			338	216
			339	216
			340	217
			341	217
			342	217
			343	218
			344	218
			345	219
			346	219
			347	219
			348	220
			349	220
			350	221
			351	221
			352	222
			353	222
			354	223
			355	223
			356	224
			357	224
			358	225
			359	225
			360	226
			361	226
			362	227
			363	227
			364	228
			365	229
			366	229
			367	230
			368	230
			369	231
			370	232
			371	232
			372	233
			373	233
			374	234
			375	235
			376	235
			377	236
			378	237
			379	237
			380	238
			381	239
			382	239
			383	240
			384	241
			385	241
			386	242
			387	243
			388	244
			389	244
			390	245
			391	246
			392	247
			393	247
			394	248
			395	249
			396	250
			397	251
			398	251
			399	252
			400	253
			401	254
			402	255
			403	256
			404	256
			405	257
			406	258
			406	259
			407	259
			407	260
			408	261
			409	262
			410	263
			410	264
			411	265
			411	266
			412	267
			412	268
			413	269
			413	270
			414	271
			414	272
			415	272
			415	273
			415	274
			416	275
			416	276
			416	277
			416	278
			417	279
			417	280
			417	281
			417	282
			417	283
			417	284
			417	285
			417	286
			417	287
			416	288
			416	289
			415	290
			415	291
			414	292
			414	293
			413	294
			413	295
			412	296
			412	297
			411	298
			410	299
			410	300
			410	301
			409	302
			408	303
			408	304
			407	305
			406	306
			406	307
			406	308
			405	308
			405	309
			405	310
			404	310
			404	311
			404	312
			403	312
			403	313
			403	314
			402	314
			402	315
			402	316
			401	316
			401	317
			400	318
			400	319
			399	320
			399	321
			398	322
			398	323
			397	324
			397	325
			396	326
			395	327
			395	328
			395	329
			394	330
			394	331
			393	332
			392	333
			392	334
			392	335
			391	336
			391	337
			390	337
			390	338
			390	339
			389	340
			389	341
			388	342
			387	343
			387	344
			386	345
			386	346
			385	347
			385	348
			385	349
			384	350
			384	351
			383	352
			383	353
			382	354
			382	355
			381	355
			381	356
			381	357
			380	358
			380	359
			379	360
			379	361
			378	362
			378	363
			377	364
			377	365
			376	366
			376	367
			375	368
			375	369
			374	370
			374	371
			373	372
			373	373
			372	374
			372	375
			371	376
			371	377
			370	378
			370	379
			370	380
			369	380
			369	381
			369	382
			368	383
			368	384
			367	385
			367	386
			366	387
			366	388
			366	389
			365	389
			365	390
			364	391
			364	392
			364	393
			363	393
			363	394
			363	395
			364	395
			364	396
			364	397
			365	398
			365	399
			365	400
			366	401
			366	402
			366	403
			367	404
			367	405
			367	406
			368	407
			368	408
			368	409
			369	410
			369	411
			369	412
			370	413
			370	414
			370	415
			370	416
			371	416
			371	417
			371	418
			371	419
			371	420
			372	420
			372	421
			372	422
			372	423
			372	424
			373	424
			373	425
			373	426
			373	427
			373	428
			374	429
			374	430
			374	431
			374	432
			375	433
			375	434
			375	435
			375	436
			376	437
			376	438
			376	439
			376	440
		</glabella>
		<suture type=matrix rownames=FALSE colnames=FALSE nrow=357 ncol=2 as.numeric=TRUE >
			315	211
			316	211
			317	211
			318	211
			319	211
			320	211
			321	212
			322	212
			323	212
			324	212
			325	212
			326	212
			327	213
			328	213
			329	213
			330	213
			331	214
			332	214
			333	214
			334	215
			335	215
			336	215
			337	216
			338	216
			339	216
			340	217
			341	217
			342	217
			343	218
			344	218
			345	219
			346	219
			347	219
			348	220
			349	220
			350	221
			351	221
			352	222
			353	222
			354	223
			355	223
			356	224
			357	224
			358	225
			359	225
			360	226
			361	226
			362	227
			363	228
			364	228
			365	229
			366	229
			367	230
			368	231
			369	231
			370	232
			371	232
			372	233
			373	234
			374	234
			375	235
			376	235
			377	236
			378	237
			379	237
			380	238
			381	239
			382	239
			383	240
			384	241
			385	241
			386	242
			387	243
			388	244
			389	244
			390	245
			391	246
			392	247
			393	247
			394	248
			395	249
			396	250
			397	250
			398	251
			399	252
			400	253
			401	254
			402	255
			403	255
			404	256
			405	257
			406	258
			407	259
			407	260
			408	261
			409	261
			409	262
			410	263
			410	264
			411	265
			412	266
			412	267
			413	267
			413	268
			414	269
			414	270
			415	271
			415	272
			416	272
			416	273
			417	274
			417	275
			418	276
			418	277
			419	278
			419	279
			420	280
			420	281
			421	282
			421	283
			422	284
			422	285
			423	286
			423	287
			423	288
			423	289
			424	290
			424	291
			425	292
			425	293
			425	294
			425	295
			426	296
			426	297
			426	298
			426	299
			427	300
			427	301
			427	302
			427	303
			426	303
			426	304
			426	305
			425	306
			425	307
			424	308
			424	309
			424	310
			424	311
			424	312
			425	312
			425	313
			425	314
			426	314
			426	315
			427	315
			427	316
			428	316
			429	316
			430	317
			431	317
			432	317
			433	318
			434	318
			435	319
			436	319
			437	320
			438	320
			439	321
			440	322
			441	323
			442	323
			443	324
			443	325
			444	326
			445	327
			445	328
			446	329
			446	330
			447	331
			447	332
			447	333
			448	334
			448	335
			448	336
			449	337
			449	338
			449	339
			449	340
			449	341
			449	342
			449	343
			449	344
			449	345
			449	346
			449	347
			449	348
			449	349
			449	350
			449	351
			449	352
			449	353
			449	354
			449	355
			449	356
			448	357
			448	358
			448	359
			448	360
			448	361
			448	362
			447	363
			447	364
			447	365
			447	366
			447	367
			446	367
			446	368
			446	369
			446	370
			445	371
			445	372
			445	373
			444	374
			444	375
			444	376
			443	377
			443	378
			443	379
			442	380
			442	381
			442	382
			441	383
			441	384
			442	384
			443	385
			444	385
			445	385
			446	386
			447	386
			448	387
			449	387
			450	387
			451	388
			452	388
			453	389
			454	389
			455	389
			456	390
			457	390
			458	391
			459	391
			460	391
			461	392
			462	392
			463	392
			464	393
			465	394
			466	394
			467	394
			468	395
			469	395
			470	396
			471	396
			472	396
			473	397
			474	397
			475	398
			476	398
			477	399
			478	399
			479	400
			480	400
			481	401
			482	401
			483	402
			484	402
			485	403
			486	403
			487	404
			488	404
			489	405
			490	405
			491	406
			492	406
			493	407
			494	407
			495	408
			496	408
			497	409
			498	409
			499	410
			500	410
			501	411
			502	411
			503	412
			504	412
			505	413
			506	414
			507	415
			508	415
			509	416
			510	416
			511	417
			512	417
			513	418
			514	419
			515	419
			516	420
			517	420
			518	421
			519	422
			520	422
			521	423
			522	424
			523	424
			523	425
			524	425
			525	426
			526	426
			527	427
			527	428
			528	428
			529	429
			530	429
			530	430
			531	430
			532	431
			533	432
			534	433
			535	433
			536	434
			537	435
			537	436
			538	436
			539	437
			540	438
			541	438
			542	439
			542	440
			543	440
			544	441
			545	442
			545	443
			546	443
			547	444
			548	445
			549	446
			550	447
			551	448
			552	449
			552	450
			553	451
			554	452
			555	452
			555	453
			556	454
		</suture>
		<anterior type=matrix rownames=FALSE colnames=FALSE nrow=293 ncol=2 as.numeric=TRUE >
			315	202
			316	202
			317	203
			318	203
			319	203
			320	203
			321	204
			322	204
			323	205
			324	205
			325	205
			326	206
			327	206
			328	207
			329	207
			330	207
			330	208
			331	208
			332	208
			332	209
			333	209
			334	209
			335	210
			336	210
			337	211
			338	211
			339	212
			340	212
			341	213
			342	213
			343	214
			344	214
			345	215
			346	215
			347	216
			348	217
			349	217
			350	218
			351	218
			352	219
			353	220
			354	220
			355	221
			356	221
			357	222
			358	223
			359	223
			360	224
			361	225
			362	225
			363	226
			364	226
			364	227
			365	227
			366	228
			367	228
			368	229
			369	229
			370	230
			371	231
			372	232
			373	232
			374	233
			375	233
			375	234
			376	234
			377	235
			378	236
			379	236
			380	237
			381	237
			382	238
			383	239
			384	240
			385	240
			386	241
			387	242
			388	242
			389	243
			390	244
			391	245
			392	245
			393	246
			394	247
			395	248
			396	248
			397	249
			398	250
			399	251
			400	251
			401	251
			401	252
			402	252
			403	253
			404	254
			405	255
			406	255
			407	256
			408	257
			409	258
			410	258
			411	259
			412	260
			413	261
			414	261
			415	262
			416	263
			417	264
			418	264
			419	265
			420	266
			421	267
			422	267
			423	268
			424	269
			425	270
			426	270
			427	271
			428	272
			429	273
			430	274
			431	274
			432	275
			433	276
			434	277
			435	278
			436	278
			437	279
			438	280
			439	281
			440	281
			440	282
			441	282
			442	283
			443	284
			444	285
			445	285
			446	286
			447	287
			448	288
			449	289
			450	289
			451	290
			452	291
			453	292
			454	292
			455	293
			456	294
			457	295
			458	296
			459	297
			460	298
			460	299
			461	300
			462	301
			463	302
			464	303
			465	304
			466	305
			466	306
			467	306
			467	307
			468	308
			469	309
			470	310
			471	311
			472	312
			472	313
			473	314
			474	314
			474	315
			475	316
			475	317
			476	318
			477	318
			477	319
			478	320
			479	321
			480	322
			480	323
			481	324
			482	325
			483	326
			484	327
			485	328
			485	329
			486	330
			487	331
			488	332
			488	333
			489	334
			490	335
			491	336
			492	337
			492	338
			493	339
			494	340
			494	341
			495	341
			496	342
			496	343
			497	344
			498	345
			498	346
			499	347
			500	348
			500	349
			501	350
			502	351
			503	352
			504	353
			504	354
			505	355
			505	356
			506	356
			506	357
			507	358
			507	359
			508	360
			509	361
			510	362
			510	363
			511	364
			512	365
			512	366
			513	367
			513	368
			514	369
			515	370
			516	371
			516	372
			517	373
			518	374
			518	375
			519	376
			519	377
			520	378
			521	379
			521	380
			521	381
			522	381
			522	382
			523	383
			524	384
			524	385
			525	386
			525	387
			526	388
			526	389
			527	390
			528	391
			528	392
			529	393
			530	394
			530	395
			530	396
			531	397
			531	398
			532	399
			533	400
			533	401
			534	402
			534	403
			535	404
			535	405
			536	406
			536	407
			536	408
			537	409
			538	410
			538	411
			539	412
			539	413
			540	414
			540	415
			540	416
			541	417
			541	418
			542	419
			542	420
			542	421
			543	422
			543	423
			544	424
			544	425
			544	426
			545	427
			545	428
			546	429
			546	430
			546	431
			547	432
			547	433
		</anterior>
		<posterior type=matrix rownames=FALSE colnames=FALSE nrow=382 ncol=2 as.numeric=TRUE >
			315	433
			316	433
			317	433
			318	434
			319	434
			320	434
			321	435
			322	435
			323	435
			324	435
			325	435
			326	436
			327	436
			328	436
			329	436
			330	436
			331	437
			332	437
			333	437
			334	437
			335	437
			336	438
			337	438
			338	438
			339	438
			340	438
			341	438
			342	439
			343	439
			344	439
			345	439
			346	439
			347	440
			348	440
			349	440
			350	440
			351	440
			352	440
			353	441
			354	441
			355	441
			356	441
			357	441
			358	442
			359	442
			360	442
			361	442
			362	442
			363	442
			364	443
			365	443
			366	443
			367	443
			368	443
			369	443
			370	444
			371	444
			372	444
			373	444
			374	444
			375	445
			376	445
			377	445
			378	445
			379	445
			380	445
			381	445
			382	445
			383	445
			384	445
			385	445
			386	445
			387	445
			388	445
			389	445
			390	445
			391	445
			392	445
			393	445
			394	445
			395	445
			396	445
			397	445
			398	445
			399	445
			400	445
			401	445
			402	445
			403	445
			404	445
			405	445
			406	445
			407	445
			408	445
			409	445
			410	445
			411	445
			412	445
			413	445
			414	445
			415	445
			416	445
			417	445
			418	445
			419	445
			420	445
			421	445
			422	445
			423	445
			424	445
			425	445
			426	445
			427	446
			428	446
			429	446
			430	446
			431	446
			432	446
			433	446
			434	446
			435	446
			436	446
			437	446
			438	446
			439	446
			440	447
			441	447
			442	447
			443	447
			444	447
			445	447
			446	447
			447	447
			448	448
			449	448
			450	448
			451	448
			452	448
			453	448
			454	449
			455	449
			456	449
			457	449
			458	449
			459	450
			460	450
			461	450
			462	450
			463	451
			464	451
			465	451
			466	452
			467	452
			468	452
			469	453
			470	453
			471	454
			472	454
			473	455
			474	455
			475	456
			476	457
			477	457
			478	458
			478	459
			479	460
			480	460
			481	461
			482	462
			483	463
			484	463
			484	464
			485	465
			486	466
			487	467
			488	467
			489	468
			490	469
			491	470
			491	471
			492	472
			493	472
			494	473
			495	474
			496	475
			497	476
			498	477
			499	478
			500	478
			500	479
			501	480
			502	481
			503	482
			504	483
			505	484
			506	485
			507	486
			508	487
			509	487
			510	488
			511	489
			512	490
			513	491
			513	492
			514	493
			515	494
			516	495
			517	496
			518	497
			519	498
			520	499
			521	500
			522	501
			523	502
			524	503
			525	504
			526	505
			527	506
			528	507
			529	508
			530	509
			531	510
			532	511
			533	512
			534	513
			534	514
			535	514
			535	515
			536	516
			537	516
			537	517
			538	518
			539	518
			539	519
			540	520
			541	521
			542	522
			543	523
			544	524
			544	525
			545	526
			546	526
			547	527
			547	528
			548	529
			549	530
			550	530
			550	531
			551	532
			552	533
			553	534
			553	535
			554	535
			555	536
			556	537
			557	538
			557	539
			558	540
			559	541
			560	541
			560	542
			561	543
			562	543
			563	543
			564	543
			565	543
			566	543
			567	543
			568	542
			569	541
			570	540
			571	539
			572	538
			572	537
			572	536
			572	535
			573	534
			573	533
			573	532
			573	531
			573	530
			573	529
			573	528
			573	527
			573	526
			573	525
			573	524
			572	523
			572	522
			572	521
			572	520
			572	519
			572	518
			572	517
			571	516
			571	515
			571	514
			571	513
			571	512
			570	512
			570	511
			570	510
			570	509
			570	508
			570	507
			569	507
			569	506
			569	505
			569	504
			569	503
			568	503
			568	502
			568	501
			568	500
			568	499
			567	498
			567	497
			567	496
			567	495
			567	494
			566	493
			566	492
			566	491
			566	490
			565	489
			565	488
			565	487
			565	486
			564	485
			564	484
			564	483
			564	482
			563	481
			563	480
			563	479
			563	478
			562	477
			562	476
			562	475
			562	474
			561	473
			561	472
			561	471
			561	470
			560	469
			560	468
			560	467
			559	466
			559	465
			559	464
			559	463
			558	462
			558	461
			558	460
			558	459
			557	458
			557	457
			557	456
			556	455
			556	454
			556	453
			555	452
			555	451
			555	450
			554	449
			554	448
			554	447
			553	446
			553	445
			552	444
			552	443
			552	442
			551	442
			551	441
			551	440
			550	439
			550	438
			549	437
			549	436
			548	435
			548	434
			547	433
		</posterior>
	</curves.pixel>
	<curves.scaled type=list>
		<glabella type=matrix rownames=FALSE colnames=FALSE nrow=291 ncol=2 as.numeric=TRUE >
			1.06060606060606	-0.71043771043771
			1.06397306397306	-0.71043771043771
			1.06734006734007	-0.71043771043771
			1.07070707070707	-0.71043771043771
			1.07407407407407	-0.71043771043771
			1.07744107744108	-0.71043771043771
			1.08080808080808	-0.713804713804714
			1.08417508417508	-0.713804713804714
			1.08754208754209	-0.713804713804714
			1.09090909090909	-0.713804713804714
			1.09427609427609	-0.713804713804714
			1.0976430976431	-0.713804713804714
			1.1010101010101	-0.717171717171717
			1.1043771043771	-0.717171717171717
			1.10774410774411	-0.717171717171717
			1.11111111111111	-0.717171717171717
			1.11447811447811	-0.72053872053872
			1.11784511784512	-0.72053872053872
			1.12121212121212	-0.72053872053872
			1.12457912457912	-0.72053872053872
			1.12457912457912	-0.723905723905724
			1.12794612794613	-0.723905723905724
			1.13131313131313	-0.723905723905724
			1.13468013468013	-0.723905723905724
			1.13804713804714	-0.727272727272727
			1.14141414141414	-0.727272727272727
			1.14478114478114	-0.730639730639731
			1.14814814814815	-0.730639730639731
			1.15151515151515	-0.730639730639731
			1.15488215488215	-0.734006734006734
			1.15824915824916	-0.734006734006734
			1.16161616161616	-0.737373737373737
			1.16498316498317	-0.737373737373737
			1.16835016835017	-0.737373737373737
			1.17171717171717	-0.740740740740741
			1.17508417508417	-0.740740740740741
			1.17845117845118	-0.744107744107744
			1.18181818181818	-0.744107744107744
			1.18518518518519	-0.747474747474747
			1.18855218855219	-0.747474747474747
			1.19191919191919	-0.750841750841751
			1.1952861952862	-0.750841750841751
			1.1986531986532	-0.754208754208754
			1.2020202020202	-0.754208754208754
			1.20538720538721	-0.757575757575758
			1.20875420875421	-0.757575757575758
			1.21212121212121	-0.760942760942761
			1.21548821548822	-0.760942760942761
			1.21885521885522	-0.764309764309764
			1.22222222222222	-0.764309764309764
			1.22558922558923	-0.767676767676768
			1.22895622895623	-0.771043771043771
			1.23232323232323	-0.771043771043771
			1.23569023569024	-0.774410774410774
			1.23905723905724	-0.774410774410774
			1.24242424242424	-0.777777777777778
			1.24579124579125	-0.781144781144781
			1.24915824915825	-0.781144781144781
			1.25252525252525	-0.784511784511784
			1.25589225589226	-0.784511784511784
			1.25925925925926	-0.787878787878788
			1.26262626262626	-0.791245791245791
			1.26599326599327	-0.791245791245791
			1.26936026936027	-0.794612794612795
			1.27272727272727	-0.797979797979798
			1.27609427609428	-0.797979797979798
			1.27946127946128	-0.801346801346801
			1.28282828282828	-0.804713804713805
			1.28619528619529	-0.804713804713805
			1.28956228956229	-0.808080808080808
			1.29292929292929	-0.811447811447811
			1.2962962962963	-0.811447811447811
			1.2996632996633	-0.814814814814815
			1.3030303030303	-0.818181818181818
			1.30639730639731	-0.821548821548821
			1.30976430976431	-0.821548821548821
			1.31313131313131	-0.824915824915825
			1.31649831649832	-0.828282828282828
			1.31986531986532	-0.831649831649832
			1.32323232323232	-0.831649831649832
			1.32659932659933	-0.835016835016835
			1.32996632996633	-0.838383838383838
			1.33333333333333	-0.841750841750842
			1.33670033670034	-0.845117845117845
			1.34006734006734	-0.845117845117845
			1.34343434343434	-0.848484848484848
			1.34680134680135	-0.851851851851852
			1.35016835016835	-0.855218855218855
			1.35353535353535	-0.858585858585859
			1.35690235690236	-0.861952861952862
			1.36026936026936	-0.861952861952862
			1.36363636363636	-0.865319865319865
			1.36700336700337	-0.868686868686869
			1.36700336700337	-0.872053872053872
			1.37037037037037	-0.872053872053872
			1.37037037037037	-0.875420875420875
			1.37373737373737	-0.878787878787879
			1.37710437710438	-0.882154882154882
			1.38047138047138	-0.885521885521885
			1.38047138047138	-0.888888888888889
			1.38383838383838	-0.892255892255892
			1.38383838383838	-0.895622895622896
			1.38720538720539	-0.898989898989899
			1.38720538720539	-0.902356902356902
			1.39057239057239	-0.905723905723906
			1.39057239057239	-0.909090909090909
			1.39393939393939	-0.912457912457912
			1.39393939393939	-0.915824915824916
			1.3973063973064	-0.915824915824916
			1.3973063973064	-0.919191919191919
			1.3973063973064	-0.922558922558922
			1.4006734006734	-0.925925925925926
			1.4006734006734	-0.929292929292929
			1.4006734006734	-0.932659932659933
			1.4006734006734	-0.936026936026936
			1.4040404040404	-0.939393939393939
			1.4040404040404	-0.942760942760943
			1.4040404040404	-0.946127946127946
			1.4040404040404	-0.94949494949495
			1.4040404040404	-0.952861952861953
			1.4040404040404	-0.956228956228956
			1.4040404040404	-0.95959595959596
			1.4040404040404	-0.962962962962963
			1.4040404040404	-0.966329966329966
			1.4006734006734	-0.96969696969697
			1.4006734006734	-0.973063973063973
			1.3973063973064	-0.976430976430976
			1.3973063973064	-0.97979797979798
			1.39393939393939	-0.983164983164983
			1.39393939393939	-0.986531986531986
			1.39057239057239	-0.98989898989899
			1.39057239057239	-0.993265993265993
			1.38720538720539	-0.996632996632997
			1.38720538720539	-1
			1.38383838383838	-1.003367003367
			1.38047138047138	-1.00673400673401
			1.38047138047138	-1.01010101010101
			1.38047138047138	-1.01346801346801
			1.37710437710438	-1.01683501683502
			1.37373737373737	-1.02020202020202
			1.37373737373737	-1.02356902356902
			1.37037037037037	-1.02693602693603
			1.36700336700337	-1.03030303030303
			1.36700336700337	-1.03367003367003
			1.36700336700337	-1.03703703703704
			1.36363636363636	-1.03703703703704
			1.36363636363636	-1.04040404040404
			1.36363636363636	-1.04377104377104
			1.36026936026936	-1.04377104377104
			1.36026936026936	-1.04713804713805
			1.36026936026936	-1.05050505050505
			1.35690235690236	-1.05050505050505
			1.35690235690236	-1.05387205387205
			1.35690235690236	-1.05723905723906
			1.35353535353535	-1.05723905723906
			1.35353535353535	-1.06060606060606
			1.35353535353535	-1.06397306397306
			1.35016835016835	-1.06397306397306
			1.35016835016835	-1.06734006734007
			1.34680134680135	-1.07070707070707
			1.34680134680135	-1.07407407407407
			1.34343434343434	-1.07744107744108
			1.34343434343434	-1.08080808080808
			1.34006734006734	-1.08417508417508
			1.34006734006734	-1.08754208754209
			1.33670033670034	-1.09090909090909
			1.33670033670034	-1.09427609427609
			1.33333333333333	-1.0976430976431
			1.32996632996633	-1.1010101010101
			1.32996632996633	-1.1043771043771
			1.32996632996633	-1.10774410774411
			1.32659932659933	-1.11111111111111
			1.32659932659933	-1.11447811447811
			1.32323232323232	-1.11784511784512
			1.31986531986532	-1.12121212121212
			1.31986531986532	-1.12457912457912
			1.31986531986532	-1.12794612794613
			1.31649831649832	-1.13131313131313
			1.31649831649832	-1.13468013468013
			1.31313131313131	-1.13468013468013
			1.31313131313131	-1.13804713804714
			1.31313131313131	-1.14141414141414
			1.30976430976431	-1.14478114478114
			1.30976430976431	-1.14814814814815
			1.30639730639731	-1.15151515151515
			1.3030303030303	-1.15488215488215
			1.3030303030303	-1.15824915824916
			1.2996632996633	-1.16161616161616
			1.2996632996633	-1.16498316498317
			1.2962962962963	-1.16835016835017
			1.2962962962963	-1.17171717171717
			1.2962962962963	-1.17508417508417
			1.29292929292929	-1.17845117845118
			1.29292929292929	-1.18181818181818
			1.28956228956229	-1.18518518518519
			1.28956228956229	-1.18855218855219
			1.28619528619529	-1.19191919191919
			1.28619528619529	-1.1952861952862
			1.28282828282828	-1.1952861952862
			1.28282828282828	-1.1986531986532
			1.28282828282828	-1.2020202020202
			1.27946127946128	-1.20538720538721
			1.27946127946128	-1.20875420875421
			1.27609427609428	-1.21212121212121
			1.27609427609428	-1.21548821548822
			1.27272727272727	-1.21885521885522
			1.27272727272727	-1.22222222222222
			1.26936026936027	-1.22558922558923
			1.26936026936027	-1.22895622895623
			1.26599326599327	-1.23232323232323
			1.26599326599327	-1.23569023569024
			1.26262626262626	-1.23905723905724
			1.26262626262626	-1.24242424242424
			1.25925925925926	-1.24579124579125
			1.25925925925926	-1.24915824915825
			1.25589225589226	-1.25252525252525
			1.25589225589226	-1.25589225589226
			1.25252525252525	-1.25925925925926
			1.25252525252525	-1.26262626262626
			1.24915824915825	-1.26599326599327
			1.24915824915825	-1.26936026936027
			1.24579124579125	-1.27272727272727
			1.24579124579125	-1.27609427609428
			1.24579124579125	-1.27946127946128
			1.24242424242424	-1.27946127946128
			1.24242424242424	-1.28282828282828
			1.24242424242424	-1.28619528619529
			1.23905723905724	-1.28956228956229
			1.23905723905724	-1.29292929292929
			1.23569023569024	-1.2962962962963
			1.23569023569024	-1.2996632996633
			1.23232323232323	-1.3030303030303
			1.23232323232323	-1.30639730639731
			1.23232323232323	-1.30976430976431
			1.22895622895623	-1.30976430976431
			1.22895622895623	-1.31313131313131
			1.22558922558923	-1.31649831649832
			1.22558922558923	-1.31986531986532
			1.22558922558923	-1.32323232323232
			1.22222222222222	-1.32323232323232
			1.22222222222222	-1.32659932659933
			1.22222222222222	-1.32996632996633
			1.22558922558923	-1.32996632996633
			1.22558922558923	-1.33333333333333
			1.22558922558923	-1.33670033670034
			1.22895622895623	-1.34006734006734
			1.22895622895623	-1.34343434343434
			1.22895622895623	-1.34680134680135
			1.23232323232323	-1.35016835016835
			1.23232323232323	-1.35353535353535
			1.23232323232323	-1.35690235690236
			1.23569023569024	-1.36026936026936
			1.23569023569024	-1.36363636363636
			1.23569023569024	-1.36700336700337
			1.23905723905724	-1.37037037037037
			1.23905723905724	-1.37373737373737
			1.23905723905724	-1.37710437710438
			1.24242424242424	-1.38047138047138
			1.24242424242424	-1.38383838383838
			1.24242424242424	-1.38720538720539
			1.24579124579125	-1.39057239057239
			1.24579124579125	-1.39393939393939
			1.24579124579125	-1.3973063973064
			1.24579124579125	-1.4006734006734
			1.24915824915825	-1.4006734006734
			1.24915824915825	-1.4040404040404
			1.24915824915825	-1.40740740740741
			1.24915824915825	-1.41077441077441
			1.24915824915825	-1.41414141414141
			1.25252525252525	-1.41414141414141
			1.25252525252525	-1.41750841750842
			1.25252525252525	-1.42087542087542
			1.25252525252525	-1.42424242424242
			1.25252525252525	-1.42760942760943
			1.25589225589226	-1.42760942760943
			1.25589225589226	-1.43097643097643
			1.25589225589226	-1.43434343434343
			1.25589225589226	-1.43771043771044
			1.25589225589226	-1.44107744107744
			1.25925925925926	-1.44444444444444
			1.25925925925926	-1.44781144781145
			1.25925925925926	-1.45117845117845
			1.25925925925926	-1.45454545454545
			1.26262626262626	-1.45791245791246
			1.26262626262626	-1.46127946127946
			1.26262626262626	-1.46464646464646
			1.26262626262626	-1.46801346801347
			1.26599326599327	-1.47138047138047
			1.26599326599327	-1.47474747474747
			1.26599326599327	-1.47811447811448
			1.26599326599327	-1.48148148148148
		</glabella>
		<suture type=matrix rownames=FALSE colnames=FALSE nrow=357 ncol=2 as.numeric=TRUE >
			1.06060606060606	-0.71043771043771
			1.06397306397306	-0.71043771043771
			1.06734006734007	-0.71043771043771
			1.07070707070707	-0.71043771043771
			1.07407407407407	-0.71043771043771
			1.07744107744108	-0.71043771043771
			1.08080808080808	-0.713804713804714
			1.08417508417508	-0.713804713804714
			1.08754208754209	-0.713804713804714
			1.09090909090909	-0.713804713804714
			1.09427609427609	-0.713804713804714
			1.0976430976431	-0.713804713804714
			1.1010101010101	-0.717171717171717
			1.1043771043771	-0.717171717171717
			1.10774410774411	-0.717171717171717
			1.11111111111111	-0.717171717171717
			1.11447811447811	-0.72053872053872
			1.11784511784512	-0.72053872053872
			1.12121212121212	-0.72053872053872
			1.12457912457912	-0.723905723905724
			1.12794612794613	-0.723905723905724
			1.13131313131313	-0.723905723905724
			1.13468013468013	-0.727272727272727
			1.13804713804714	-0.727272727272727
			1.14141414141414	-0.727272727272727
			1.14478114478114	-0.730639730639731
			1.14814814814815	-0.730639730639731
			1.15151515151515	-0.730639730639731
			1.15488215488215	-0.734006734006734
			1.15824915824916	-0.734006734006734
			1.16161616161616	-0.737373737373737
			1.16498316498317	-0.737373737373737
			1.16835016835017	-0.737373737373737
			1.17171717171717	-0.740740740740741
			1.17508417508417	-0.740740740740741
			1.17845117845118	-0.744107744107744
			1.18181818181818	-0.744107744107744
			1.18518518518519	-0.747474747474747
			1.18855218855219	-0.747474747474747
			1.19191919191919	-0.750841750841751
			1.1952861952862	-0.750841750841751
			1.1986531986532	-0.754208754208754
			1.2020202020202	-0.754208754208754
			1.20538720538721	-0.757575757575758
			1.20875420875421	-0.757575757575758
			1.21212121212121	-0.760942760942761
			1.21548821548822	-0.760942760942761
			1.21885521885522	-0.764309764309764
			1.22222222222222	-0.767676767676768
			1.22558922558923	-0.767676767676768
			1.22895622895623	-0.771043771043771
			1.23232323232323	-0.771043771043771
			1.23569023569024	-0.774410774410774
			1.23905723905724	-0.777777777777778
			1.24242424242424	-0.777777777777778
			1.24579124579125	-0.781144781144781
			1.24915824915825	-0.781144781144781
			1.25252525252525	-0.784511784511784
			1.25589225589226	-0.787878787878788
			1.25925925925926	-0.787878787878788
			1.26262626262626	-0.791245791245791
			1.26599326599327	-0.791245791245791
			1.26936026936027	-0.794612794612795
			1.27272727272727	-0.797979797979798
			1.27609427609428	-0.797979797979798
			1.27946127946128	-0.801346801346801
			1.28282828282828	-0.804713804713805
			1.28619528619529	-0.804713804713805
			1.28956228956229	-0.808080808080808
			1.29292929292929	-0.811447811447811
			1.2962962962963	-0.811447811447811
			1.2996632996633	-0.814814814814815
			1.3030303030303	-0.818181818181818
			1.30639730639731	-0.821548821548821
			1.30976430976431	-0.821548821548821
			1.31313131313131	-0.824915824915825
			1.31649831649832	-0.828282828282828
			1.31986531986532	-0.831649831649832
			1.32323232323232	-0.831649831649832
			1.32659932659933	-0.835016835016835
			1.32996632996633	-0.838383838383838
			1.33333333333333	-0.841750841750842
			1.33670033670034	-0.841750841750842
			1.34006734006734	-0.845117845117845
			1.34343434343434	-0.848484848484848
			1.34680134680135	-0.851851851851852
			1.35016835016835	-0.855218855218855
			1.35353535353535	-0.858585858585859
			1.35690235690236	-0.858585858585859
			1.36026936026936	-0.861952861952862
			1.36363636363636	-0.865319865319865
			1.36700336700337	-0.868686868686869
			1.37037037037037	-0.872053872053872
			1.37037037037037	-0.875420875420875
			1.37373737373737	-0.878787878787879
			1.37710437710438	-0.878787878787879
			1.37710437710438	-0.882154882154882
			1.38047138047138	-0.885521885521885
			1.38047138047138	-0.888888888888889
			1.38383838383838	-0.892255892255892
			1.38720538720539	-0.895622895622896
			1.38720538720539	-0.898989898989899
			1.39057239057239	-0.898989898989899
			1.39057239057239	-0.902356902356902
			1.39393939393939	-0.905723905723906
			1.39393939393939	-0.909090909090909
			1.3973063973064	-0.912457912457912
			1.3973063973064	-0.915824915824916
			1.4006734006734	-0.915824915824916
			1.4006734006734	-0.919191919191919
			1.4040404040404	-0.922558922558922
			1.4040404040404	-0.925925925925926
			1.40740740740741	-0.929292929292929
			1.40740740740741	-0.932659932659933
			1.41077441077441	-0.936026936026936
			1.41077441077441	-0.939393939393939
			1.41414141414141	-0.942760942760943
			1.41414141414141	-0.946127946127946
			1.41750841750842	-0.94949494949495
			1.41750841750842	-0.952861952861953
			1.42087542087542	-0.956228956228956
			1.42087542087542	-0.95959595959596
			1.42424242424242	-0.962962962962963
			1.42424242424242	-0.966329966329966
			1.42424242424242	-0.96969696969697
			1.42424242424242	-0.973063973063973
			1.42760942760943	-0.976430976430976
			1.42760942760943	-0.97979797979798
			1.43097643097643	-0.983164983164983
			1.43097643097643	-0.986531986531986
			1.43097643097643	-0.98989898989899
			1.43097643097643	-0.993265993265993
			1.43434343434343	-0.996632996632997
			1.43434343434343	-1
			1.43434343434343	-1.003367003367
			1.43434343434343	-1.00673400673401
			1.43771043771044	-1.01010101010101
			1.43771043771044	-1.01346801346801
			1.43771043771044	-1.01683501683502
			1.43771043771044	-1.02020202020202
			1.43434343434343	-1.02020202020202
			1.43434343434343	-1.02356902356902
			1.43434343434343	-1.02693602693603
			1.43097643097643	-1.03030303030303
			1.43097643097643	-1.03367003367003
			1.42760942760943	-1.03703703703704
			1.42760942760943	-1.04040404040404
			1.42760942760943	-1.04377104377104
			1.42760942760943	-1.04713804713805
			1.42760942760943	-1.05050505050505
			1.43097643097643	-1.05050505050505
			1.43097643097643	-1.05387205387205
			1.43097643097643	-1.05723905723906
			1.43434343434343	-1.05723905723906
			1.43434343434343	-1.06060606060606
			1.43771043771044	-1.06060606060606
			1.43771043771044	-1.06397306397306
			1.44107744107744	-1.06397306397306
			1.44444444444444	-1.06397306397306
			1.44781144781145	-1.06734006734007
			1.45117845117845	-1.06734006734007
			1.45454545454545	-1.06734006734007
			1.45791245791246	-1.07070707070707
			1.46127946127946	-1.07070707070707
			1.46464646464646	-1.07407407407407
			1.46801346801347	-1.07407407407407
			1.47138047138047	-1.07744107744108
			1.47474747474747	-1.07744107744108
			1.47811447811448	-1.08080808080808
			1.48148148148148	-1.08417508417508
			1.48484848484848	-1.08754208754209
			1.48821548821549	-1.08754208754209
			1.49158249158249	-1.09090909090909
			1.49158249158249	-1.09427609427609
			1.49494949494949	-1.0976430976431
			1.4983164983165	-1.1010101010101
			1.4983164983165	-1.1043771043771
			1.5016835016835	-1.10774410774411
			1.5016835016835	-1.11111111111111
			1.5050505050505	-1.11447811447811
			1.5050505050505	-1.11784511784512
			1.5050505050505	-1.12121212121212
			1.50841750841751	-1.12457912457912
			1.50841750841751	-1.12794612794613
			1.50841750841751	-1.13131313131313
			1.51178451178451	-1.13468013468013
			1.51178451178451	-1.13804713804714
			1.51178451178451	-1.14141414141414
			1.51178451178451	-1.14478114478114
			1.51178451178451	-1.14814814814815
			1.51178451178451	-1.15151515151515
			1.51178451178451	-1.15488215488215
			1.51178451178451	-1.15824915824916
			1.51178451178451	-1.16161616161616
			1.51178451178451	-1.16498316498317
			1.51178451178451	-1.16835016835017
			1.51178451178451	-1.17171717171717
			1.51178451178451	-1.17508417508417
			1.51178451178451	-1.17845117845118
			1.51178451178451	-1.18181818181818
			1.51178451178451	-1.18518518518519
			1.51178451178451	-1.18855218855219
			1.51178451178451	-1.19191919191919
			1.51178451178451	-1.1952861952862
			1.51178451178451	-1.1986531986532
			1.50841750841751	-1.2020202020202
			1.50841750841751	-1.20538720538721
			1.50841750841751	-1.20875420875421
			1.50841750841751	-1.21212121212121
			1.50841750841751	-1.21548821548822
			1.50841750841751	-1.21885521885522
			1.5050505050505	-1.22222222222222
			1.5050505050505	-1.22558922558923
			1.5050505050505	-1.22895622895623
			1.5050505050505	-1.23232323232323
			1.5050505050505	-1.23569023569024
			1.5016835016835	-1.23569023569024
			1.5016835016835	-1.23905723905724
			1.5016835016835	-1.24242424242424
			1.5016835016835	-1.24579124579125
			1.4983164983165	-1.24915824915825
			1.4983164983165	-1.25252525252525
			1.4983164983165	-1.25589225589226
			1.49494949494949	-1.25925925925926
			1.49494949494949	-1.26262626262626
			1.49494949494949	-1.26599326599327
			1.49158249158249	-1.26936026936027
			1.49158249158249	-1.27272727272727
			1.49158249158249	-1.27609427609428
			1.48821548821549	-1.27946127946128
			1.48821548821549	-1.28282828282828
			1.48821548821549	-1.28619528619529
			1.48484848484848	-1.28956228956229
			1.48484848484848	-1.29292929292929
			1.48821548821549	-1.29292929292929
			1.49158249158249	-1.2962962962963
			1.49494949494949	-1.2962962962963
			1.4983164983165	-1.2962962962963
			1.5016835016835	-1.2996632996633
			1.5050505050505	-1.2996632996633
			1.50841750841751	-1.3030303030303
			1.51178451178451	-1.3030303030303
			1.51515151515152	-1.3030303030303
			1.51851851851852	-1.30639730639731
			1.52188552188552	-1.30639730639731
			1.52525252525253	-1.30976430976431
			1.52861952861953	-1.30976430976431
			1.53198653198653	-1.30976430976431
			1.53535353535354	-1.31313131313131
			1.53872053872054	-1.31313131313131
			1.54208754208754	-1.31649831649832
			1.54545454545455	-1.31649831649832
			1.54882154882155	-1.31649831649832
			1.55218855218855	-1.31986531986532
			1.55555555555556	-1.31986531986532
			1.55892255892256	-1.31986531986532
			1.56228956228956	-1.32323232323232
			1.56565656565657	-1.32659932659933
			1.56902356902357	-1.32659932659933
			1.57239057239057	-1.32659932659933
			1.57575757575758	-1.32996632996633
			1.57912457912458	-1.32996632996633
			1.58249158249158	-1.33333333333333
			1.58585858585859	-1.33333333333333
			1.58922558922559	-1.33333333333333
			1.59259259259259	-1.33670033670034
			1.5959595959596	-1.33670033670034
			1.5993265993266	-1.34006734006734
			1.6026936026936	-1.34006734006734
			1.60606060606061	-1.34343434343434
			1.60942760942761	-1.34343434343434
			1.61279461279461	-1.34680134680135
			1.61616161616162	-1.34680134680135
			1.61952861952862	-1.35016835016835
			1.62289562289562	-1.35016835016835
			1.62626262626263	-1.35353535353535
			1.62962962962963	-1.35353535353535
			1.63299663299663	-1.35690235690236
			1.63636363636364	-1.35690235690236
			1.63973063973064	-1.36026936026936
			1.64309764309764	-1.36026936026936
			1.64646464646465	-1.36363636363636
			1.64983164983165	-1.36363636363636
			1.65319865319865	-1.36700336700337
			1.65656565656566	-1.36700336700337
			1.65993265993266	-1.37037037037037
			1.66329966329966	-1.37037037037037
			1.66666666666667	-1.37373737373737
			1.67003367003367	-1.37373737373737
			1.67340067340067	-1.37710437710438
			1.67676767676768	-1.37710437710438
			1.68013468013468	-1.38047138047138
			1.68350168350168	-1.38047138047138
			1.68686868686869	-1.38383838383838
			1.69023569023569	-1.38383838383838
			1.69360269360269	-1.38720538720539
			1.6969696969697	-1.38720538720539
			1.7003367003367	-1.39057239057239
			1.7037037037037	-1.39393939393939
			1.70707070707071	-1.3973063973064
			1.71043771043771	-1.3973063973064
			1.71380471380471	-1.4006734006734
			1.71717171717172	-1.4006734006734
			1.72053872053872	-1.4040404040404
			1.72390572390572	-1.4040404040404
			1.72727272727273	-1.40740740740741
			1.73063973063973	-1.41077441077441
			1.73400673400673	-1.41077441077441
			1.73737373737374	-1.41414141414141
			1.74074074074074	-1.41414141414141
			1.74410774410774	-1.41750841750842
			1.74747474747475	-1.42087542087542
			1.75084175084175	-1.42087542087542
			1.75420875420875	-1.42424242424242
			1.75757575757576	-1.42760942760943
			1.76094276094276	-1.42760942760943
			1.76094276094276	-1.43097643097643
			1.76430976430976	-1.43097643097643
			1.76767676767677	-1.43434343434343
			1.77104377104377	-1.43434343434343
			1.77441077441077	-1.43771043771044
			1.77441077441077	-1.44107744107744
			1.77777777777778	-1.44107744107744
			1.78114478114478	-1.44444444444444
			1.78451178451178	-1.44444444444444
			1.78451178451178	-1.44781144781145
			1.78787878787879	-1.44781144781145
			1.79124579124579	-1.45117845117845
			1.79461279461279	-1.45454545454545
			1.7979797979798	-1.45791245791246
			1.8013468013468	-1.45791245791246
			1.8047138047138	-1.46127946127946
			1.80808080808081	-1.46464646464646
			1.80808080808081	-1.46801346801347
			1.81144781144781	-1.46801346801347
			1.81481481481481	-1.47138047138047
			1.81818181818182	-1.47474747474747
			1.82154882154882	-1.47474747474747
			1.82491582491582	-1.47811447811448
			1.82491582491582	-1.48148148148148
			1.82828282828283	-1.48148148148148
			1.83164983164983	-1.48484848484848
			1.83501683501683	-1.48821548821549
			1.83501683501683	-1.49158249158249
			1.83838383838384	-1.49158249158249
			1.84175084175084	-1.49494949494949
			1.84511784511784	-1.4983164983165
			1.84848484848485	-1.5016835016835
			1.85185185185185	-1.5050505050505
			1.85521885521886	-1.50841750841751
			1.85858585858586	-1.51178451178451
			1.85858585858586	-1.51515151515152
			1.86195286195286	-1.51851851851852
			1.86531986531987	-1.52188552188552
			1.86868686868687	-1.52188552188552
			1.86868686868687	-1.52525252525253
			1.87205387205387	-1.52861952861953
		</suture>
		<anterior type=matrix rownames=FALSE colnames=FALSE nrow=293 ncol=2 as.numeric=TRUE >
			1.06060606060606	-0.68013468013468
			1.06397306397306	-0.68013468013468
			1.06734006734007	-0.683501683501683
			1.07070707070707	-0.683501683501683
			1.07407407407407	-0.683501683501683
			1.07744107744108	-0.683501683501683
			1.08080808080808	-0.686868686868687
			1.08417508417508	-0.686868686868687
			1.08754208754209	-0.69023569023569
			1.09090909090909	-0.69023569023569
			1.09427609427609	-0.69023569023569
			1.0976430976431	-0.693602693602694
			1.1010101010101	-0.693602693602694
			1.1043771043771	-0.696969696969697
			1.10774410774411	-0.696969696969697
			1.11111111111111	-0.696969696969697
			1.11111111111111	-0.7003367003367
			1.11447811447811	-0.7003367003367
			1.11784511784512	-0.7003367003367
			1.11784511784512	-0.703703703703704
			1.12121212121212	-0.703703703703704
			1.12457912457912	-0.703703703703704
			1.12794612794613	-0.707070707070707
			1.13131313131313	-0.707070707070707
			1.13468013468013	-0.71043771043771
			1.13804713804714	-0.71043771043771
			1.14141414141414	-0.713804713804714
			1.14478114478114	-0.713804713804714
			1.14814814814815	-0.717171717171717
			1.15151515151515	-0.717171717171717
			1.15488215488215	-0.72053872053872
			1.15824915824916	-0.72053872053872
			1.16161616161616	-0.723905723905724
			1.16498316498317	-0.723905723905724
			1.16835016835017	-0.727272727272727
			1.17171717171717	-0.730639730639731
			1.17508417508417	-0.730639730639731
			1.17845117845118	-0.734006734006734
			1.18181818181818	-0.734006734006734
			1.18518518518519	-0.737373737373737
			1.18855218855219	-0.740740740740741
			1.19191919191919	-0.740740740740741
			1.1952861952862	-0.744107744107744
			1.1986531986532	-0.744107744107744
			1.2020202020202	-0.747474747474747
			1.20538720538721	-0.750841750841751
			1.20875420875421	-0.750841750841751
			1.21212121212121	-0.754208754208754
			1.21548821548822	-0.757575757575758
			1.21885521885522	-0.757575757575758
			1.22222222222222	-0.760942760942761
			1.22558922558923	-0.760942760942761
			1.22558922558923	-0.764309764309764
			1.22895622895623	-0.764309764309764
			1.23232323232323	-0.767676767676768
			1.23569023569024	-0.767676767676768
			1.23905723905724	-0.771043771043771
			1.24242424242424	-0.771043771043771
			1.24579124579125	-0.774410774410774
			1.24915824915825	-0.777777777777778
			1.25252525252525	-0.781144781144781
			1.25589225589226	-0.781144781144781
			1.25925925925926	-0.784511784511784
			1.26262626262626	-0.784511784511784
			1.26262626262626	-0.787878787878788
			1.26599326599327	-0.787878787878788
			1.26936026936027	-0.791245791245791
			1.27272727272727	-0.794612794612795
			1.27609427609428	-0.794612794612795
			1.27946127946128	-0.797979797979798
			1.28282828282828	-0.797979797979798
			1.28619528619529	-0.801346801346801
			1.28956228956229	-0.804713804713805
			1.29292929292929	-0.808080808080808
			1.2962962962963	-0.808080808080808
			1.2996632996633	-0.811447811447811
			1.3030303030303	-0.814814814814815
			1.30639730639731	-0.814814814814815
			1.30976430976431	-0.818181818181818
			1.31313131313131	-0.821548821548821
			1.31649831649832	-0.824915824915825
			1.31986531986532	-0.824915824915825
			1.32323232323232	-0.828282828282828
			1.32659932659933	-0.831649831649832
			1.32996632996633	-0.835016835016835
			1.33333333333333	-0.835016835016835
			1.33670033670034	-0.838383838383838
			1.34006734006734	-0.841750841750842
			1.34343434343434	-0.845117845117845
			1.34680134680135	-0.845117845117845
			1.35016835016835	-0.845117845117845
			1.35016835016835	-0.848484848484848
			1.35353535353535	-0.848484848484848
			1.35690235690236	-0.851851851851852
			1.36026936026936	-0.855218855218855
			1.36363636363636	-0.858585858585859
			1.36700336700337	-0.858585858585859
			1.37037037037037	-0.861952861952862
			1.37373737373737	-0.865319865319865
			1.37710437710438	-0.868686868686869
			1.38047138047138	-0.868686868686869
			1.38383838383838	-0.872053872053872
			1.38720538720539	-0.875420875420875
			1.39057239057239	-0.878787878787879
			1.39393939393939	-0.878787878787879
			1.3973063973064	-0.882154882154882
			1.4006734006734	-0.885521885521885
			1.4040404040404	-0.888888888888889
			1.40740740740741	-0.888888888888889
			1.41077441077441	-0.892255892255892
			1.41414141414141	-0.895622895622896
			1.41750841750842	-0.898989898989899
			1.42087542087542	-0.898989898989899
			1.42424242424242	-0.902356902356902
			1.42760942760943	-0.905723905723906
			1.43097643097643	-0.909090909090909
			1.43434343434343	-0.909090909090909
			1.43771043771044	-0.912457912457912
			1.44107744107744	-0.915824915824916
			1.44444444444444	-0.919191919191919
			1.44781144781145	-0.922558922558922
			1.45117845117845	-0.922558922558922
			1.45454545454545	-0.925925925925926
			1.45791245791246	-0.929292929292929
			1.46127946127946	-0.932659932659933
			1.46464646464646	-0.936026936026936
			1.46801346801347	-0.936026936026936
			1.47138047138047	-0.939393939393939
			1.47474747474747	-0.942760942760943
			1.47811447811448	-0.946127946127946
			1.48148148148148	-0.946127946127946
			1.48148148148148	-0.94949494949495
			1.48484848484848	-0.94949494949495
			1.48821548821549	-0.952861952861953
			1.49158249158249	-0.956228956228956
			1.49494949494949	-0.95959595959596
			1.4983164983165	-0.95959595959596
			1.5016835016835	-0.962962962962963
			1.5050505050505	-0.966329966329966
			1.50841750841751	-0.96969696969697
			1.51178451178451	-0.973063973063973
			1.51515151515152	-0.973063973063973
			1.51851851851852	-0.976430976430976
			1.52188552188552	-0.97979797979798
			1.52525252525253	-0.983164983164983
			1.52861952861953	-0.983164983164983
			1.53198653198653	-0.986531986531986
			1.53535353535354	-0.98989898989899
			1.53872053872054	-0.993265993265993
			1.54208754208754	-0.996632996632997
			1.54545454545455	-1
			1.54882154882155	-1.003367003367
			1.54882154882155	-1.00673400673401
			1.55218855218855	-1.01010101010101
			1.55555555555556	-1.01346801346801
			1.55892255892256	-1.01683501683502
			1.56228956228956	-1.02020202020202
			1.56565656565657	-1.02356902356902
			1.56902356902357	-1.02693602693603
			1.56902356902357	-1.03030303030303
			1.57239057239057	-1.03030303030303
			1.57239057239057	-1.03367003367003
			1.57575757575758	-1.03703703703704
			1.57912457912458	-1.04040404040404
			1.58249158249158	-1.04377104377104
			1.58585858585859	-1.04713804713805
			1.58922558922559	-1.05050505050505
			1.58922558922559	-1.05387205387205
			1.59259259259259	-1.05723905723906
			1.5959595959596	-1.05723905723906
			1.5959595959596	-1.06060606060606
			1.5993265993266	-1.06397306397306
			1.5993265993266	-1.06734006734007
			1.6026936026936	-1.07070707070707
			1.60606060606061	-1.07070707070707
			1.60606060606061	-1.07407407407407
			1.60942760942761	-1.07744107744108
			1.61279461279461	-1.08080808080808
			1.61616161616162	-1.08417508417508
			1.61616161616162	-1.08754208754209
			1.61952861952862	-1.09090909090909
			1.62289562289562	-1.09427609427609
			1.62626262626263	-1.0976430976431
			1.62962962962963	-1.1010101010101
			1.63299663299663	-1.1043771043771
			1.63299663299663	-1.10774410774411
			1.63636363636364	-1.11111111111111
			1.63973063973064	-1.11447811447811
			1.64309764309764	-1.11784511784512
			1.64309764309764	-1.12121212121212
			1.64646464646465	-1.12457912457912
			1.64983164983165	-1.12794612794613
			1.65319865319865	-1.13131313131313
			1.65656565656566	-1.13468013468013
			1.65656565656566	-1.13804713804714
			1.65993265993266	-1.14141414141414
			1.66329966329966	-1.14478114478114
			1.66329966329966	-1.14814814814815
			1.66666666666667	-1.14814814814815
			1.67003367003367	-1.15151515151515
			1.67003367003367	-1.15488215488215
			1.67340067340067	-1.15824915824916
			1.67676767676768	-1.16161616161616
			1.67676767676768	-1.16498316498317
			1.68013468013468	-1.16835016835017
			1.68350168350168	-1.17171717171717
			1.68350168350168	-1.17508417508417
			1.68686868686869	-1.17845117845118
			1.69023569023569	-1.18181818181818
			1.69360269360269	-1.18518518518519
			1.6969696969697	-1.18855218855219
			1.6969696969697	-1.19191919191919
			1.7003367003367	-1.1952861952862
			1.7003367003367	-1.1986531986532
			1.7037037037037	-1.1986531986532
			1.7037037037037	-1.2020202020202
			1.70707070707071	-1.20538720538721
			1.70707070707071	-1.20875420875421
			1.71043771043771	-1.21212121212121
			1.71380471380471	-1.21548821548822
			1.71717171717172	-1.21885521885522
			1.71717171717172	-1.22222222222222
			1.72053872053872	-1.22558922558923
			1.72390572390572	-1.22895622895623
			1.72390572390572	-1.23232323232323
			1.72727272727273	-1.23569023569024
			1.72727272727273	-1.23905723905724
			1.73063973063973	-1.24242424242424
			1.73400673400673	-1.24579124579125
			1.73737373737374	-1.24915824915825
			1.73737373737374	-1.25252525252525
			1.74074074074074	-1.25589225589226
			1.74410774410774	-1.25925925925926
			1.74410774410774	-1.26262626262626
			1.74747474747475	-1.26599326599327
			1.74747474747475	-1.26936026936027
			1.75084175084175	-1.27272727272727
			1.75420875420875	-1.27609427609428
			1.75420875420875	-1.27946127946128
			1.75420875420875	-1.28282828282828
			1.75757575757576	-1.28282828282828
			1.75757575757576	-1.28619528619529
			1.76094276094276	-1.28956228956229
			1.76430976430976	-1.29292929292929
			1.76430976430976	-1.2962962962963
			1.76767676767677	-1.2996632996633
			1.76767676767677	-1.3030303030303
			1.77104377104377	-1.30639730639731
			1.77104377104377	-1.30976430976431
			1.77441077441077	-1.31313131313131
			1.77777777777778	-1.31649831649832
			1.77777777777778	-1.31986531986532
			1.78114478114478	-1.32323232323232
			1.78451178451178	-1.32659932659933
			1.78451178451178	-1.32996632996633
			1.78451178451178	-1.33333333333333
			1.78787878787879	-1.33670033670034
			1.78787878787879	-1.34006734006734
			1.79124579124579	-1.34343434343434
			1.79461279461279	-1.34680134680135
			1.79461279461279	-1.35016835016835
			1.7979797979798	-1.35353535353535
			1.7979797979798	-1.35690235690236
			1.8013468013468	-1.36026936026936
			1.8013468013468	-1.36363636363636
			1.8047138047138	-1.36700336700337
			1.8047138047138	-1.37037037037037
			1.8047138047138	-1.37373737373737
			1.80808080808081	-1.37710437710438
			1.81144781144781	-1.38047138047138
			1.81144781144781	-1.38383838383838
			1.81481481481481	-1.38720538720539
			1.81481481481481	-1.39057239057239
			1.81818181818182	-1.39393939393939
			1.81818181818182	-1.3973063973064
			1.81818181818182	-1.4006734006734
			1.82154882154882	-1.4040404040404
			1.82154882154882	-1.40740740740741
			1.82491582491582	-1.41077441077441
			1.82491582491582	-1.41414141414141
			1.82491582491582	-1.41750841750842
			1.82828282828283	-1.42087542087542
			1.82828282828283	-1.42424242424242
			1.83164983164983	-1.42760942760943
			1.83164983164983	-1.43097643097643
			1.83164983164983	-1.43434343434343
			1.83501683501683	-1.43771043771044
			1.83501683501683	-1.44107744107744
			1.83838383838384	-1.44444444444444
			1.83838383838384	-1.44781144781145
			1.83838383838384	-1.45117845117845
			1.84175084175084	-1.45454545454545
			1.84175084175084	-1.45791245791246
		</anterior>
		<posterior type=matrix rownames=FALSE colnames=FALSE nrow=382 ncol=2 as.numeric=TRUE >
			1.06060606060606	-1.45791245791246
			1.06397306397306	-1.45791245791246
			1.06734006734007	-1.45791245791246
			1.07070707070707	-1.46127946127946
			1.07407407407407	-1.46127946127946
			1.07744107744108	-1.46127946127946
			1.08080808080808	-1.46464646464646
			1.08417508417508	-1.46464646464646
			1.08754208754209	-1.46464646464646
			1.09090909090909	-1.46464646464646
			1.09427609427609	-1.46464646464646
			1.0976430976431	-1.46801346801347
			1.1010101010101	-1.46801346801347
			1.1043771043771	-1.46801346801347
			1.10774410774411	-1.46801346801347
			1.11111111111111	-1.46801346801347
			1.11447811447811	-1.47138047138047
			1.11784511784512	-1.47138047138047
			1.12121212121212	-1.47138047138047
			1.12457912457912	-1.47138047138047
			1.12794612794613	-1.47138047138047
			1.13131313131313	-1.47474747474747
			1.13468013468013	-1.47474747474747
			1.13804713804714	-1.47474747474747
			1.14141414141414	-1.47474747474747
			1.14478114478114	-1.47474747474747
			1.14814814814815	-1.47474747474747
			1.15151515151515	-1.47811447811448
			1.15488215488215	-1.47811447811448
			1.15824915824916	-1.47811447811448
			1.16161616161616	-1.47811447811448
			1.16498316498317	-1.47811447811448
			1.16835016835017	-1.48148148148148
			1.17171717171717	-1.48148148148148
			1.17508417508417	-1.48148148148148
			1.17845117845118	-1.48148148148148
			1.18181818181818	-1.48148148148148
			1.18518518518519	-1.48148148148148
			1.18855218855219	-1.48484848484848
			1.19191919191919	-1.48484848484848
			1.1952861952862	-1.48484848484848
			1.1986531986532	-1.48484848484848
			1.2020202020202	-1.48484848484848
			1.20538720538721	-1.48821548821549
			1.20875420875421	-1.48821548821549
			1.21212121212121	-1.48821548821549
			1.21548821548822	-1.48821548821549
			1.21885521885522	-1.48821548821549
			1.22222222222222	-1.48821548821549
			1.22558922558923	-1.49158249158249
			1.22895622895623	-1.49158249158249
			1.23232323232323	-1.49158249158249
			1.23569023569024	-1.49158249158249
			1.23905723905724	-1.49158249158249
			1.24242424242424	-1.49158249158249
			1.24579124579125	-1.49494949494949
			1.24915824915825	-1.49494949494949
			1.25252525252525	-1.49494949494949
			1.25589225589226	-1.49494949494949
			1.25925925925926	-1.49494949494949
			1.26262626262626	-1.4983164983165
			1.26599326599327	-1.4983164983165
			1.26936026936027	-1.4983164983165
			1.27272727272727	-1.4983164983165
			1.27609427609428	-1.4983164983165
			1.27946127946128	-1.4983164983165
			1.28282828282828	-1.4983164983165
			1.28619528619529	-1.4983164983165
			1.28956228956229	-1.4983164983165
			1.29292929292929	-1.4983164983165
			1.2962962962963	-1.4983164983165
			1.2996632996633	-1.4983164983165
			1.3030303030303	-1.4983164983165
			1.30639730639731	-1.4983164983165
			1.30976430976431	-1.4983164983165
			1.31313131313131	-1.4983164983165
			1.31649831649832	-1.4983164983165
			1.31986531986532	-1.4983164983165
			1.32323232323232	-1.4983164983165
			1.32659932659933	-1.4983164983165
			1.32996632996633	-1.4983164983165
			1.33333333333333	-1.4983164983165
			1.33670033670034	-1.4983164983165
			1.34006734006734	-1.4983164983165
			1.34343434343434	-1.4983164983165
			1.34680134680135	-1.4983164983165
			1.35016835016835	-1.4983164983165
			1.35353535353535	-1.4983164983165
			1.35690235690236	-1.4983164983165
			1.36026936026936	-1.4983164983165
			1.36363636363636	-1.4983164983165
			1.36700336700337	-1.4983164983165
			1.37037037037037	-1.4983164983165
			1.37373737373737	-1.4983164983165
			1.37710437710438	-1.4983164983165
			1.38047138047138	-1.4983164983165
			1.38383838383838	-1.4983164983165
			1.38720538720539	-1.4983164983165
			1.39057239057239	-1.4983164983165
			1.39393939393939	-1.4983164983165
			1.3973063973064	-1.4983164983165
			1.4006734006734	-1.4983164983165
			1.4040404040404	-1.4983164983165
			1.40740740740741	-1.4983164983165
			1.41077441077441	-1.4983164983165
			1.41414141414141	-1.4983164983165
			1.41750841750842	-1.4983164983165
			1.42087542087542	-1.4983164983165
			1.42424242424242	-1.4983164983165
			1.42760942760943	-1.4983164983165
			1.43097643097643	-1.4983164983165
			1.43434343434343	-1.4983164983165
			1.43771043771044	-1.5016835016835
			1.44107744107744	-1.5016835016835
			1.44444444444444	-1.5016835016835
			1.44781144781145	-1.5016835016835
			1.45117845117845	-1.5016835016835
			1.45454545454545	-1.5016835016835
			1.45791245791246	-1.5016835016835
			1.46127946127946	-1.5016835016835
			1.46464646464646	-1.5016835016835
			1.46801346801347	-1.5016835016835
			1.47138047138047	-1.5016835016835
			1.47474747474747	-1.5016835016835
			1.47811447811448	-1.5016835016835
			1.48148148148148	-1.5050505050505
			1.48484848484848	-1.5050505050505
			1.48821548821549	-1.5050505050505
			1.49158249158249	-1.5050505050505
			1.49494949494949	-1.5050505050505
			1.4983164983165	-1.5050505050505
			1.5016835016835	-1.5050505050505
			1.5050505050505	-1.5050505050505
			1.50841750841751	-1.50841750841751
			1.51178451178451	-1.50841750841751
			1.51515151515152	-1.50841750841751
			1.51851851851852	-1.50841750841751
			1.52188552188552	-1.50841750841751
			1.52525252525253	-1.50841750841751
			1.52861952861953	-1.51178451178451
			1.53198653198653	-1.51178451178451
			1.53535353535354	-1.51178451178451
			1.53872053872054	-1.51178451178451
			1.54208754208754	-1.51178451178451
			1.54545454545455	-1.51515151515152
			1.54882154882155	-1.51515151515152
			1.55218855218855	-1.51515151515152
			1.55555555555556	-1.51515151515152
			1.55892255892256	-1.51851851851852
			1.56228956228956	-1.51851851851852
			1.56565656565657	-1.51851851851852
			1.56902356902357	-1.52188552188552
			1.57239057239057	-1.52188552188552
			1.57575757575758	-1.52188552188552
			1.57912457912458	-1.52525252525253
			1.58249158249158	-1.52525252525253
			1.58585858585859	-1.52861952861953
			1.58922558922559	-1.52861952861953
			1.59259259259259	-1.53198653198653
			1.5959595959596	-1.53198653198653
			1.5993265993266	-1.53535353535354
			1.6026936026936	-1.53872053872054
			1.60606060606061	-1.53872053872054
			1.60942760942761	-1.54208754208754
			1.60942760942761	-1.54545454545455
			1.61279461279461	-1.54882154882155
			1.61616161616162	-1.54882154882155
			1.61952861952862	-1.55218855218855
			1.62289562289562	-1.55555555555556
			1.62626262626263	-1.55892255892256
			1.62962962962963	-1.55892255892256
			1.62962962962963	-1.56228956228956
			1.63299663299663	-1.56565656565657
			1.63636363636364	-1.56902356902357
			1.63973063973064	-1.57239057239057
			1.64309764309764	-1.57239057239057
			1.64646464646465	-1.57575757575758
			1.64983164983165	-1.57912457912458
			1.65319865319865	-1.58249158249158
			1.65319865319865	-1.58585858585859
			1.65656565656566	-1.58922558922559
			1.65993265993266	-1.58922558922559
			1.66329966329966	-1.59259259259259
			1.66666666666667	-1.5959595959596
			1.67003367003367	-1.5993265993266
			1.67340067340067	-1.6026936026936
			1.67676767676768	-1.60606060606061
			1.68013468013468	-1.60942760942761
			1.68350168350168	-1.60942760942761
			1.68350168350168	-1.61279461279461
			1.68686868686869	-1.61616161616162
			1.69023569023569	-1.61952861952862
			1.69360269360269	-1.62289562289562
			1.6969696969697	-1.62626262626263
			1.7003367003367	-1.62962962962963
			1.7037037037037	-1.63299663299663
			1.70707070707071	-1.63636363636364
			1.71043771043771	-1.63973063973064
			1.71380471380471	-1.63973063973064
			1.71717171717172	-1.64309764309764
			1.72053872053872	-1.64646464646465
			1.72390572390572	-1.64983164983165
			1.72727272727273	-1.65319865319865
			1.72727272727273	-1.65656565656566
			1.73063973063973	-1.65993265993266
			1.73400673400673	-1.66329966329966
			1.73737373737374	-1.66666666666667
			1.74074074074074	-1.67003367003367
			1.74410774410774	-1.67340067340067
			1.74747474747475	-1.67676767676768
			1.75084175084175	-1.68013468013468
			1.75420875420875	-1.68350168350168
			1.75757575757576	-1.68686868686869
			1.76094276094276	-1.69023569023569
			1.76430976430976	-1.69360269360269
			1.76767676767677	-1.6969696969697
			1.77104377104377	-1.7003367003367
			1.77441077441077	-1.7037037037037
			1.77777777777778	-1.70707070707071
			1.78114478114478	-1.71043771043771
			1.78451178451178	-1.71380471380471
			1.78787878787879	-1.71717171717172
			1.79124579124579	-1.72053872053872
			1.79461279461279	-1.72390572390572
			1.7979797979798	-1.72727272727273
			1.7979797979798	-1.73063973063973
			1.8013468013468	-1.73063973063973
			1.8013468013468	-1.73400673400673
			1.8047138047138	-1.73737373737374
			1.80808080808081	-1.73737373737374
			1.80808080808081	-1.74074074074074
			1.81144781144781	-1.74410774410774
			1.81481481481481	-1.74410774410774
			1.81481481481481	-1.74747474747475
			1.81818181818182	-1.75084175084175
			1.82154882154882	-1.75420875420875
			1.82491582491582	-1.75757575757576
			1.82828282828283	-1.76094276094276
			1.83164983164983	-1.76430976430976
			1.83164983164983	-1.76767676767677
			1.83501683501683	-1.77104377104377
			1.83838383838384	-1.77104377104377
			1.84175084175084	-1.77441077441077
			1.84175084175084	-1.77777777777778
			1.84511784511784	-1.78114478114478
			1.84848484848485	-1.78451178451178
			1.85185185185185	-1.78451178451178
			1.85185185185185	-1.78787878787879
			1.85521885521886	-1.79124579124579
			1.85858585858586	-1.79461279461279
			1.86195286195286	-1.7979797979798
			1.86195286195286	-1.8013468013468
			1.86531986531987	-1.8013468013468
			1.86868686868687	-1.8047138047138
			1.87205387205387	-1.80808080808081
			1.87542087542088	-1.81144781144781
			1.87542087542088	-1.81481481481481
			1.87878787878788	-1.81818181818182
			1.88215488215488	-1.82154882154882
			1.88552188552189	-1.82154882154882
			1.88552188552189	-1.82491582491582
			1.88888888888889	-1.82828282828283
			1.89225589225589	-1.82828282828283
			1.8956228956229	-1.82828282828283
			1.8989898989899	-1.82828282828283
			1.9023569023569	-1.82828282828283
			1.90572390572391	-1.82828282828283
			1.90909090909091	-1.82828282828283
			1.91245791245791	-1.82491582491582
			1.91582491582492	-1.82154882154882
			1.91919191919192	-1.81818181818182
			1.92255892255892	-1.81481481481481
			1.92592592592593	-1.81144781144781
			1.92592592592593	-1.80808080808081
			1.92592592592593	-1.8047138047138
			1.92592592592593	-1.8013468013468
			1.92929292929293	-1.7979797979798
			1.92929292929293	-1.79461279461279
			1.92929292929293	-1.79124579124579
			1.92929292929293	-1.78787878787879
			1.92929292929293	-1.78451178451178
			1.92929292929293	-1.78114478114478
			1.92929292929293	-1.77777777777778
			1.92929292929293	-1.77441077441077
			1.92929292929293	-1.77104377104377
			1.92929292929293	-1.76767676767677
			1.92929292929293	-1.76430976430976
			1.92592592592593	-1.76094276094276
			1.92592592592593	-1.75757575757576
			1.92592592592593	-1.75420875420875
			1.92592592592593	-1.75084175084175
			1.92592592592593	-1.74747474747475
			1.92592592592593	-1.74410774410774
			1.92592592592593	-1.74074074074074
			1.92255892255892	-1.73737373737374
			1.92255892255892	-1.73400673400673
			1.92255892255892	-1.73063973063973
			1.92255892255892	-1.72727272727273
			1.92255892255892	-1.72390572390572
			1.91919191919192	-1.72390572390572
			1.91919191919192	-1.72053872053872
			1.91919191919192	-1.71717171717172
			1.91919191919192	-1.71380471380471
			1.91919191919192	-1.71043771043771
			1.91919191919192	-1.70707070707071
			1.91582491582492	-1.70707070707071
			1.91582491582492	-1.7037037037037
			1.91582491582492	-1.7003367003367
			1.91582491582492	-1.6969696969697
			1.91582491582492	-1.69360269360269
			1.91245791245791	-1.69360269360269
			1.91245791245791	-1.69023569023569
			1.91245791245791	-1.68686868686869
			1.91245791245791	-1.68350168350168
			1.91245791245791	-1.68013468013468
			1.90909090909091	-1.67676767676768
			1.90909090909091	-1.67340067340067
			1.90909090909091	-1.67003367003367
			1.90909090909091	-1.66666666666667
			1.90909090909091	-1.66329966329966
			1.90572390572391	-1.65993265993266
			1.90572390572391	-1.65656565656566
			1.90572390572391	-1.65319865319865
			1.90572390572391	-1.64983164983165
			1.9023569023569	-1.64646464646465
			1.9023569023569	-1.64309764309764
			1.9023569023569	-1.63973063973064
			1.9023569023569	-1.63636363636364
			1.8989898989899	-1.63299663299663
			1.8989898989899	-1.62962962962963
			1.8989898989899	-1.62626262626263
			1.8989898989899	-1.62289562289562
			1.8956228956229	-1.61952861952862
			1.8956228956229	-1.61616161616162
			1.8956228956229	-1.61279461279461
			1.8956228956229	-1.60942760942761
			1.89225589225589	-1.60606060606061
			1.89225589225589	-1.6026936026936
			1.89225589225589	-1.5993265993266
			1.89225589225589	-1.5959595959596
			1.88888888888889	-1.59259259259259
			1.88888888888889	-1.58922558922559
			1.88888888888889	-1.58585858585859
			1.88888888888889	-1.58249158249158
			1.88552188552189	-1.57912457912458
			1.88552188552189	-1.57575757575758
			1.88552188552189	-1.57239057239057
			1.88215488215488	-1.56902356902357
			1.88215488215488	-1.56565656565657
			1.88215488215488	-1.56228956228956
			1.88215488215488	-1.55892255892256
			1.87878787878788	-1.55555555555556
			1.87878787878788	-1.55218855218855
			1.87878787878788	-1.54882154882155
			1.87878787878788	-1.54545454545455
			1.87542087542088	-1.54208754208754
			1.87542087542088	-1.53872053872054
			1.87542087542088	-1.53535353535354
			1.87205387205387	-1.53198653198653
			1.87205387205387	-1.52861952861953
			1.87205387205387	-1.52525252525253
			1.86868686868687	-1.52188552188552
			1.86868686868687	-1.51851851851852
			1.86868686868687	-1.51515151515152
			1.86531986531987	-1.51178451178451
			1.86531986531987	-1.50841750841751
			1.86531986531987	-1.5050505050505
			1.86195286195286	-1.5016835016835
			1.86195286195286	-1.4983164983165
			1.85858585858586	-1.49494949494949
			1.85858585858586	-1.49158249158249
			1.85858585858586	-1.48821548821549
			1.85521885521886	-1.48821548821549
			1.85521885521886	-1.48484848484848
			1.85521885521886	-1.48148148148148
			1.85185185185185	-1.47811447811448
			1.85185185185185	-1.47474747474747
			1.84848484848485	-1.47138047138047
			1.84848484848485	-1.46801346801347
			1.84511784511784	-1.46464646464646
			1.84511784511784	-1.46127946127946
			1.84175084175084	-1.45791245791246
		</posterior>
	</curves.scaled>
	<ruler.points type=matrix rownames=TRUE colnames=FALSE nrow=2 ncol=2 as.numeric=TRUE >
		Ruler point 1	553	106
		Ruler point 2	553	403
	</ruler.points>
</shapes>

