<shapes type=list>
	<ruler.pixel type=vector names=FALSE length=1 as.numeric=TRUE >306</ruler.pixel>
	<ruler.interval type=vector names=FALSE length=1 as.numeric=TRUE >2</ruler.interval>
	<scaling.units type=vector names=FALSE length=1 as.numeric=FALSE >cm</scaling.units>
	<scaling type=vector names=FALSE length=1 as.numeric=TRUE >0.0065359477124183</scaling>
	<landmarks.pixel type=matrix rownames=TRUE colnames=FALSE nrow=16 ncol=2 as.numeric=TRUE >
		LM1	171	27
		LM2	171	50
		LM3	168	142
		LM4	168	163
		LM5	218	140
		LM6	213	146
		LM7	212	162
		LM8	255	74
		LM9	260	99
		LM10	171	27
		LM11	334	144
		LM12	339	151
		LM13	171	27
		LM14	273	86
		LM15	340	162
		LM16	340	162
	</landmarks.pixel>
	<landmarks.scaled type=matrix rownames=TRUE colnames=FALSE nrow=16 ncol=2 as.numeric=TRUE >
		LM1	1.11764705882353	-0.176470588235294
		LM2	1.11764705882353	-0.326797385620915
		LM3	1.09803921568627	-0.928104575163399
		LM4	1.09803921568627	-1.06535947712418
		LM5	1.42483660130719	-0.915032679738562
		LM6	1.3921568627451	-0.954248366013072
		LM7	1.38562091503268	-1.05882352941176
		LM8	1.66666666666667	-0.483660130718954
		LM9	1.69934640522876	-0.647058823529412
		LM10	1.11764705882353	-0.176470588235294
		LM11	2.18300653594771	-0.941176470588235
		LM12	2.2156862745098	-0.986928104575163
		LM13	1.11764705882353	-0.176470588235294
		LM14	1.7843137254902	-0.562091503267974
		LM15	2.22222222222222	-1.05882352941176
		LM16	2.22222222222222	-1.05882352941176
	</landmarks.scaled>
	<curves.control type=list>
		<glabella type=matrix rownames=FALSE colnames=FALSE nrow=11 ncol=2 as.numeric=TRUE >
			171	50
			198	49
			198	64
			207	86
			211	106
			217	129
			218	137
			217	143
			213	146
			215	155
			212	162
		</glabella>
		<suture type=matrix rownames=FALSE colnames=FALSE nrow=15 ncol=2 as.numeric=TRUE >
			171	27
			196	22
			226	36
			248	41
			251	62
			248	69
			255	74
			275	70
			270	91
			264	96
			257	101
			273	100
			278	103
			302	103
			339	151
		</suture>
		<anterior type=matrix rownames=FALSE colnames=FALSE nrow=9 ncol=2 as.numeric=TRUE >
			171	27
			196	21
			224	31
			258	41
			287	65
			312	87
			331	118
			342	136
			340	162
		</anterior>
		<posterior type=matrix rownames=FALSE colnames=FALSE nrow=11 ncol=2 as.numeric=TRUE >
			168	163
			183	169
			212	163
			223	155
			262	160
			276	163
			299	165
			313	167
			320	168
			328	169
			340	162
		</posterior>
	</curves.control>
	<curves.pixel type=list>
		<glabella type=matrix rownames=FALSE colnames=FALSE nrow=133 ncol=2 as.numeric=TRUE >
			171	50
			172	50
			173	50
			174	50
			175	50
			176	50
			177	50
			178	50
			179	50
			180	50
			181	50
			182	50
			183	51
			184	51
			185	51
			186	51
			187	51
			188	52
			189	52
			190	52
			191	53
			192	53
			193	54
			194	55
			195	56
			196	57
			196	58
			197	59
			197	60
			198	61
			198	62
			198	63
			198	64
			198	65
			199	66
			199	67
			200	68
			200	69
			200	70
			201	71
			201	72
			202	73
			202	74
			202	75
			203	76
			203	77
			203	78
			204	79
			204	80
			204	81
			205	82
			205	83
			205	84
			206	85
			206	86
			206	87
			207	88
			207	89
			207	90
			207	91
			208	92
			208	93
			208	94
			208	95
			209	96
			209	97
			209	98
			209	99
			210	100
			210	101
			210	102
			210	103
			211	104
			211	105
			211	106
			211	107
			211	108
			212	109
			212	110
			212	111
			213	112
			213	113
			213	114
			213	115
			213	116
			214	117
			214	118
			214	119
			215	120
			215	121
			215	122
			215	123
			216	124
			216	125
			216	126
			216	127
			216	128
			217	129
			217	130
			217	131
			217	132
			217	133
			218	134
			218	135
			218	136
			218	137
			218	138
			218	139
			217	140
			217	141
			216	142
			216	143
			215	144
			215	145
			214	145
			213	146
			213	147
			213	148
			214	149
			214	150
			214	151
			214	152
			214	153
			214	154
			214	155
			214	156
			213	157
			213	158
			213	159
			213	160
			213	161
			212	161
			212	162
		</glabella>
		<suture type=matrix rownames=FALSE colnames=FALSE nrow=247 ncol=2 as.numeric=TRUE >
			171	27
			172	27
			173	27
			174	26
			175	26
			176	26
			177	26
			178	26
			179	26
			180	26
			181	26
			182	26
			183	26
			184	26
			185	26
			186	26
			187	26
			188	26
			189	26
			190	26
			191	26
			192	26
			193	26
			194	26
			195	26
			196	27
			197	27
			198	27
			199	27
			200	27
			201	27
			202	28
			203	28
			204	28
			205	28
			206	29
			207	29
			208	29
			209	30
			210	30
			211	30
			212	30
			213	31
			214	31
			215	31
			216	32
			217	32
			218	32
			218	33
			219	33
			220	33
			221	34
			222	34
			223	35
			224	35
			225	35
			225	36
			226	36
			227	36
			228	36
			228	37
			229	37
			230	37
			231	37
			232	38
			233	38
			234	39
			235	39
			236	40
			237	40
			238	41
			239	42
			240	42
			241	43
			242	44
			243	44
			243	45
			244	46
			245	47
			245	48
			246	48
			247	49
			247	50
			248	51
			248	52
			249	53
			249	54
			249	55
			250	56
			250	57
			250	58
			250	59
			251	59
			251	60
			251	61
			251	62
			251	63
			250	64
			250	65
			250	66
			250	67
			250	68
			251	69
			251	70
			252	71
			253	72
			254	73
			255	74
			256	74
			257	74
			258	74
			259	73
			260	73
			261	73
			262	73
			263	73
			264	74
			265	74
			266	74
			267	75
			268	76
			269	77
			270	78
			270	79
			271	80
			271	81
			271	82
			271	83
			271	84
			271	85
			271	86
			271	87
			271	88
			271	89
			270	89
			270	90
			270	91
			269	91
			269	92
			268	92
			268	93
			267	93
			267	94
			266	94
			266	95
			265	95
			264	95
			264	96
			263	96
			263	97
			262	97
			262	98
			261	98
			260	98
			260	99
			259	99
			259	100
			258	100
			257	101
			258	101
			259	101
			260	101
			261	101
			262	101
			263	101
			264	101
			265	101
			266	101
			267	101
			268	101
			269	101
			270	101
			271	101
			272	101
			273	101
			274	102
			275	102
			276	102
			277	102
			278	103
			279	103
			280	103
			281	103
			282	103
			283	104
			284	104
			285	104
			286	104
			287	105
			288	105
			289	105
			290	106
			291	106
			292	107
			293	107
			294	108
			295	108
			296	109
			297	109
			298	110
			299	111
			300	111
			301	112
			302	113
			303	113
			304	114
			305	115
			306	116
			307	117
			308	118
			309	118
			310	119
			311	120
			312	121
			313	122
			314	123
			315	124
			316	125
			317	125
			318	126
			318	127
			319	128
			320	129
			321	129
			322	130
			322	131
			323	132
			324	133
			325	134
			326	135
			327	136
			328	137
			328	138
			329	139
			330	140
			331	141
			332	142
			333	143
			334	144
			334	145
			335	146
			336	147
			337	148
			337	149
			338	149
			338	150
			339	151
		</suture>
		<anterior type=matrix rownames=FALSE colnames=FALSE nrow=229 ncol=2 as.numeric=TRUE >
			171	27
			172	27
			173	27
			173	26
			174	26
			175	26
			176	26
			177	26
			178	26
			179	26
			179	25
			180	25
			181	25
			182	25
			183	25
			184	25
			185	25
			186	25
			187	25
			188	25
			189	25
			190	25
			191	25
			192	25
			193	25
			194	25
			195	25
			196	25
			197	25
			198	25
			199	25
			200	25
			201	25
			202	26
			203	26
			204	26
			205	26
			206	26
			207	26
			208	27
			209	27
			210	27
			211	27
			212	28
			213	28
			214	28
			215	28
			216	28
			217	29
			218	29
			219	29
			220	30
			221	30
			222	30
			223	31
			224	31
			225	31
			226	32
			227	32
			228	32
			229	33
			230	33
			231	33
			232	34
			233	34
			234	34
			235	35
			236	35
			237	36
			238	36
			239	36
			240	37
			241	37
			242	38
			243	38
			244	38
			245	39
			246	39
			247	40
			248	40
			249	41
			250	41
			251	42
			252	42
			253	43
			254	43
			255	44
			256	44
			257	45
			258	45
			259	46
			260	46
			261	47
			262	47
			263	48
			264	49
			265	49
			266	50
			267	50
			268	51
			269	52
			270	52
			271	53
			272	54
			273	54
			274	55
			275	56
			276	57
			277	57
			278	58
			279	59
			280	59
			280	60
			281	60
			282	61
			283	62
			284	62
			284	63
			285	63
			286	64
			287	65
			288	66
			289	67
			290	68
			291	69
			292	69
			292	70
			293	71
			294	71
			295	72
			296	73
			296	74
			297	74
			298	75
			299	76
			299	77
			300	78
			301	78
			302	79
			302	80
			303	81
			304	82
			305	82
			305	83
			306	84
			307	85
			307	86
			308	86
			309	87
			310	88
			310	89
			311	90
			312	91
			312	92
			313	92
			314	93
			314	94
			315	95
			316	96
			316	97
			317	98
			318	99
			319	99
			319	100
			320	101
			321	102
			321	103
			322	104
			322	105
			323	106
			324	107
			324	108
			325	109
			326	110
			326	111
			327	112
			328	113
			328	114
			329	114
			329	115
			330	116
			331	117
			331	118
			331	119
			332	119
			332	120
			332	121
			333	121
			333	122
			334	123
			334	124
			335	125
			335	126
			335	127
			336	128
			336	129
			337	130
			337	131
			337	132
			338	133
			338	134
			338	135
			338	136
			339	137
			339	138
			339	139
			339	140
			339	141
			339	142
			340	143
			340	144
			340	145
			340	146
			340	147
			340	148
			340	149
			340	150
			340	151
			340	152
			340	153
			340	154
			340	155
			340	156
			340	157
			340	158
			340	159
			340	160
			340	161
			340	162
		</anterior>
		<posterior type=matrix rownames=FALSE colnames=FALSE nrow=178 ncol=2 as.numeric=TRUE >
			168	163
			169	163
			170	164
			171	164
			172	164
			173	164
			174	165
			175	165
			176	165
			177	165
			178	165
			179	166
			180	166
			181	166
			182	166
			183	166
			184	166
			185	166
			186	166
			187	166
			188	166
			189	166
			190	166
			191	166
			192	166
			193	166
			194	166
			195	166
			196	166
			197	165
			198	165
			199	165
			200	165
			201	165
			202	165
			203	165
			204	164
			205	164
			206	164
			207	164
			208	164
			209	164
			210	163
			211	163
			212	163
			213	162
			214	162
			215	161
			216	161
			217	160
			218	160
			219	160
			220	160
			221	159
			222	159
			223	159
			224	159
			225	159
			226	159
			227	159
			227	158
			228	158
			229	158
			230	158
			231	158
			232	158
			233	158
			234	158
			235	158
			236	158
			237	158
			238	158
			239	158
			240	158
			241	158
			242	158
			243	158
			244	158
			245	158
			246	158
			247	158
			247	159
			248	159
			249	159
			250	159
			251	159
			252	159
			253	159
			254	159
			255	159
			256	159
			257	159
			258	159
			259	160
			260	160
			261	160
			262	160
			263	160
			264	160
			265	161
			266	161
			267	161
			268	161
			269	161
			270	162
			271	162
			272	162
			273	162
			274	162
			275	162
			276	162
			276	163
			277	163
			278	163
			279	163
			280	163
			281	163
			282	163
			283	163
			284	163
			285	164
			286	164
			287	164
			288	164
			289	164
			290	164
			291	164
			292	164
			293	164
			294	165
			295	165
			296	165
			297	165
			298	165
			299	165
			300	165
			301	165
			302	165
			303	166
			304	166
			305	166
			306	166
			307	166
			308	166
			309	166
			310	167
			311	167
			312	167
			313	167
			314	167
			315	167
			316	167
			317	168
			318	168
			319	168
			320	168
			321	168
			322	168
			323	168
			324	168
			325	168
			326	168
			327	168
			327	167
			328	167
			329	167
			330	167
			331	166
			332	166
			333	166
			334	165
			335	164
			336	164
			337	164
			337	163
			338	163
			339	163
			340	162
		</posterior>
	</curves.pixel>
	<curves.scaled type=list>
		<glabella type=matrix rownames=FALSE colnames=FALSE nrow=133 ncol=2 as.numeric=TRUE >
			1.11764705882353	-0.326797385620915
			1.12418300653595	-0.326797385620915
			1.13071895424837	-0.326797385620915
			1.13725490196078	-0.326797385620915
			1.1437908496732	-0.326797385620915
			1.15032679738562	-0.326797385620915
			1.15686274509804	-0.326797385620915
			1.16339869281046	-0.326797385620915
			1.16993464052288	-0.326797385620915
			1.17647058823529	-0.326797385620915
			1.18300653594771	-0.326797385620915
			1.18954248366013	-0.326797385620915
			1.19607843137255	-0.333333333333333
			1.20261437908497	-0.333333333333333
			1.20915032679739	-0.333333333333333
			1.2156862745098	-0.333333333333333
			1.22222222222222	-0.333333333333333
			1.22875816993464	-0.339869281045752
			1.23529411764706	-0.339869281045752
			1.24183006535948	-0.339869281045752
			1.2483660130719	-0.34640522875817
			1.25490196078431	-0.34640522875817
			1.26143790849673	-0.352941176470588
			1.26797385620915	-0.359477124183007
			1.27450980392157	-0.366013071895425
			1.28104575163399	-0.372549019607843
			1.28104575163399	-0.379084967320261
			1.28758169934641	-0.38562091503268
			1.28758169934641	-0.392156862745098
			1.29411764705882	-0.398692810457516
			1.29411764705882	-0.405228758169935
			1.29411764705882	-0.411764705882353
			1.29411764705882	-0.418300653594771
			1.29411764705882	-0.42483660130719
			1.30065359477124	-0.431372549019608
			1.30065359477124	-0.437908496732026
			1.30718954248366	-0.444444444444444
			1.30718954248366	-0.450980392156863
			1.30718954248366	-0.457516339869281
			1.31372549019608	-0.464052287581699
			1.31372549019608	-0.470588235294118
			1.3202614379085	-0.477124183006536
			1.3202614379085	-0.483660130718954
			1.3202614379085	-0.490196078431373
			1.32679738562091	-0.496732026143791
			1.32679738562091	-0.503267973856209
			1.32679738562091	-0.509803921568627
			1.33333333333333	-0.516339869281046
			1.33333333333333	-0.522875816993464
			1.33333333333333	-0.529411764705882
			1.33986928104575	-0.535947712418301
			1.33986928104575	-0.542483660130719
			1.33986928104575	-0.549019607843137
			1.34640522875817	-0.555555555555556
			1.34640522875817	-0.562091503267974
			1.34640522875817	-0.568627450980392
			1.35294117647059	-0.575163398692811
			1.35294117647059	-0.581699346405229
			1.35294117647059	-0.588235294117647
			1.35294117647059	-0.594771241830065
			1.35947712418301	-0.601307189542484
			1.35947712418301	-0.607843137254902
			1.35947712418301	-0.61437908496732
			1.35947712418301	-0.620915032679739
			1.36601307189542	-0.627450980392157
			1.36601307189542	-0.633986928104575
			1.36601307189542	-0.640522875816994
			1.36601307189542	-0.647058823529412
			1.37254901960784	-0.65359477124183
			1.37254901960784	-0.660130718954248
			1.37254901960784	-0.666666666666667
			1.37254901960784	-0.673202614379085
			1.37908496732026	-0.679738562091503
			1.37908496732026	-0.686274509803922
			1.37908496732026	-0.69281045751634
			1.37908496732026	-0.699346405228758
			1.37908496732026	-0.705882352941177
			1.38562091503268	-0.712418300653595
			1.38562091503268	-0.718954248366013
			1.38562091503268	-0.725490196078431
			1.3921568627451	-0.73202614379085
			1.3921568627451	-0.738562091503268
			1.3921568627451	-0.745098039215686
			1.3921568627451	-0.751633986928105
			1.3921568627451	-0.758169934640523
			1.39869281045752	-0.764705882352941
			1.39869281045752	-0.77124183006536
			1.39869281045752	-0.777777777777778
			1.40522875816993	-0.784313725490196
			1.40522875816993	-0.790849673202614
			1.40522875816993	-0.797385620915033
			1.40522875816993	-0.803921568627451
			1.41176470588235	-0.810457516339869
			1.41176470588235	-0.816993464052288
			1.41176470588235	-0.823529411764706
			1.41176470588235	-0.830065359477124
			1.41176470588235	-0.836601307189543
			1.41830065359477	-0.843137254901961
			1.41830065359477	-0.849673202614379
			1.41830065359477	-0.856209150326797
			1.41830065359477	-0.862745098039216
			1.41830065359477	-0.869281045751634
			1.42483660130719	-0.875816993464052
			1.42483660130719	-0.882352941176471
			1.42483660130719	-0.888888888888889
			1.42483660130719	-0.895424836601307
			1.42483660130719	-0.901960784313726
			1.42483660130719	-0.908496732026144
			1.41830065359477	-0.915032679738562
			1.41830065359477	-0.92156862745098
			1.41176470588235	-0.928104575163399
			1.41176470588235	-0.934640522875817
			1.40522875816993	-0.941176470588235
			1.40522875816993	-0.947712418300654
			1.39869281045752	-0.947712418300654
			1.3921568627451	-0.954248366013072
			1.3921568627451	-0.96078431372549
			1.3921568627451	-0.967320261437909
			1.39869281045752	-0.973856209150327
			1.39869281045752	-0.980392156862745
			1.39869281045752	-0.986928104575163
			1.39869281045752	-0.993464052287582
			1.39869281045752	-1
			1.39869281045752	-1.00653594771242
			1.39869281045752	-1.01307189542484
			1.39869281045752	-1.01960784313725
			1.3921568627451	-1.02614379084967
			1.3921568627451	-1.03267973856209
			1.3921568627451	-1.03921568627451
			1.3921568627451	-1.04575163398693
			1.3921568627451	-1.05228758169935
			1.38562091503268	-1.05228758169935
			1.38562091503268	-1.05882352941176
		</glabella>
		<suture type=matrix rownames=FALSE colnames=FALSE nrow=247 ncol=2 as.numeric=TRUE >
			1.11764705882353	-0.176470588235294
			1.12418300653595	-0.176470588235294
			1.13071895424837	-0.176470588235294
			1.13725490196078	-0.169934640522876
			1.1437908496732	-0.169934640522876
			1.15032679738562	-0.169934640522876
			1.15686274509804	-0.169934640522876
			1.16339869281046	-0.169934640522876
			1.16993464052288	-0.169934640522876
			1.17647058823529	-0.169934640522876
			1.18300653594771	-0.169934640522876
			1.18954248366013	-0.169934640522876
			1.19607843137255	-0.169934640522876
			1.20261437908497	-0.169934640522876
			1.20915032679739	-0.169934640522876
			1.2156862745098	-0.169934640522876
			1.22222222222222	-0.169934640522876
			1.22875816993464	-0.169934640522876
			1.23529411764706	-0.169934640522876
			1.24183006535948	-0.169934640522876
			1.2483660130719	-0.169934640522876
			1.25490196078431	-0.169934640522876
			1.26143790849673	-0.169934640522876
			1.26797385620915	-0.169934640522876
			1.27450980392157	-0.169934640522876
			1.28104575163399	-0.176470588235294
			1.28758169934641	-0.176470588235294
			1.29411764705882	-0.176470588235294
			1.30065359477124	-0.176470588235294
			1.30718954248366	-0.176470588235294
			1.31372549019608	-0.176470588235294
			1.3202614379085	-0.183006535947712
			1.32679738562091	-0.183006535947712
			1.33333333333333	-0.183006535947712
			1.33986928104575	-0.183006535947712
			1.34640522875817	-0.189542483660131
			1.35294117647059	-0.189542483660131
			1.35947712418301	-0.189542483660131
			1.36601307189542	-0.196078431372549
			1.37254901960784	-0.196078431372549
			1.37908496732026	-0.196078431372549
			1.38562091503268	-0.196078431372549
			1.3921568627451	-0.202614379084967
			1.39869281045752	-0.202614379084967
			1.40522875816993	-0.202614379084967
			1.41176470588235	-0.209150326797386
			1.41830065359477	-0.209150326797386
			1.42483660130719	-0.209150326797386
			1.42483660130719	-0.215686274509804
			1.43137254901961	-0.215686274509804
			1.43790849673203	-0.215686274509804
			1.44444444444444	-0.222222222222222
			1.45098039215686	-0.222222222222222
			1.45751633986928	-0.228758169934641
			1.4640522875817	-0.228758169934641
			1.47058823529412	-0.228758169934641
			1.47058823529412	-0.235294117647059
			1.47712418300654	-0.235294117647059
			1.48366013071895	-0.235294117647059
			1.49019607843137	-0.235294117647059
			1.49019607843137	-0.241830065359477
			1.49673202614379	-0.241830065359477
			1.50326797385621	-0.241830065359477
			1.50980392156863	-0.241830065359477
			1.51633986928105	-0.248366013071895
			1.52287581699346	-0.248366013071895
			1.52941176470588	-0.254901960784314
			1.5359477124183	-0.254901960784314
			1.54248366013072	-0.261437908496732
			1.54901960784314	-0.261437908496732
			1.55555555555556	-0.26797385620915
			1.56209150326797	-0.274509803921569
			1.56862745098039	-0.274509803921569
			1.57516339869281	-0.281045751633987
			1.58169934640523	-0.287581699346405
			1.58823529411765	-0.287581699346405
			1.58823529411765	-0.294117647058824
			1.59477124183007	-0.300653594771242
			1.60130718954248	-0.30718954248366
			1.60130718954248	-0.313725490196078
			1.6078431372549	-0.313725490196078
			1.61437908496732	-0.320261437908497
			1.61437908496732	-0.326797385620915
			1.62091503267974	-0.333333333333333
			1.62091503267974	-0.339869281045752
			1.62745098039216	-0.34640522875817
			1.62745098039216	-0.352941176470588
			1.62745098039216	-0.359477124183007
			1.63398692810458	-0.366013071895425
			1.63398692810458	-0.372549019607843
			1.63398692810458	-0.379084967320261
			1.63398692810458	-0.38562091503268
			1.64052287581699	-0.38562091503268
			1.64052287581699	-0.392156862745098
			1.64052287581699	-0.398692810457516
			1.64052287581699	-0.405228758169935
			1.64052287581699	-0.411764705882353
			1.63398692810458	-0.418300653594771
			1.63398692810458	-0.42483660130719
			1.63398692810458	-0.431372549019608
			1.63398692810458	-0.437908496732026
			1.63398692810458	-0.444444444444444
			1.64052287581699	-0.450980392156863
			1.64052287581699	-0.457516339869281
			1.64705882352941	-0.464052287581699
			1.65359477124183	-0.470588235294118
			1.66013071895425	-0.477124183006536
			1.66666666666667	-0.483660130718954
			1.67320261437909	-0.483660130718954
			1.6797385620915	-0.483660130718954
			1.68627450980392	-0.483660130718954
			1.69281045751634	-0.477124183006536
			1.69934640522876	-0.477124183006536
			1.70588235294118	-0.477124183006536
			1.71241830065359	-0.477124183006536
			1.71895424836601	-0.477124183006536
			1.72549019607843	-0.483660130718954
			1.73202614379085	-0.483660130718954
			1.73856209150327	-0.483660130718954
			1.74509803921569	-0.490196078431373
			1.7516339869281	-0.496732026143791
			1.75816993464052	-0.503267973856209
			1.76470588235294	-0.509803921568627
			1.76470588235294	-0.516339869281046
			1.77124183006536	-0.522875816993464
			1.77124183006536	-0.529411764705882
			1.77124183006536	-0.535947712418301
			1.77124183006536	-0.542483660130719
			1.77124183006536	-0.549019607843137
			1.77124183006536	-0.555555555555556
			1.77124183006536	-0.562091503267974
			1.77124183006536	-0.568627450980392
			1.77124183006536	-0.575163398692811
			1.77124183006536	-0.581699346405229
			1.76470588235294	-0.581699346405229
			1.76470588235294	-0.588235294117647
			1.76470588235294	-0.594771241830065
			1.75816993464052	-0.594771241830065
			1.75816993464052	-0.601307189542484
			1.7516339869281	-0.601307189542484
			1.7516339869281	-0.607843137254902
			1.74509803921569	-0.607843137254902
			1.74509803921569	-0.61437908496732
			1.73856209150327	-0.61437908496732
			1.73856209150327	-0.620915032679739
			1.73202614379085	-0.620915032679739
			1.72549019607843	-0.620915032679739
			1.72549019607843	-0.627450980392157
			1.71895424836601	-0.627450980392157
			1.71895424836601	-0.633986928104575
			1.71241830065359	-0.633986928104575
			1.71241830065359	-0.640522875816994
			1.70588235294118	-0.640522875816994
			1.69934640522876	-0.640522875816994
			1.69934640522876	-0.647058823529412
			1.69281045751634	-0.647058823529412
			1.69281045751634	-0.65359477124183
			1.68627450980392	-0.65359477124183
			1.6797385620915	-0.660130718954248
			1.68627450980392	-0.660130718954248
			1.69281045751634	-0.660130718954248
			1.69934640522876	-0.660130718954248
			1.70588235294118	-0.660130718954248
			1.71241830065359	-0.660130718954248
			1.71895424836601	-0.660130718954248
			1.72549019607843	-0.660130718954248
			1.73202614379085	-0.660130718954248
			1.73856209150327	-0.660130718954248
			1.74509803921569	-0.660130718954248
			1.7516339869281	-0.660130718954248
			1.75816993464052	-0.660130718954248
			1.76470588235294	-0.660130718954248
			1.77124183006536	-0.660130718954248
			1.77777777777778	-0.660130718954248
			1.7843137254902	-0.660130718954248
			1.79084967320261	-0.666666666666667
			1.79738562091503	-0.666666666666667
			1.80392156862745	-0.666666666666667
			1.81045751633987	-0.666666666666667
			1.81699346405229	-0.673202614379085
			1.82352941176471	-0.673202614379085
			1.83006535947712	-0.673202614379085
			1.83660130718954	-0.673202614379085
			1.84313725490196	-0.673202614379085
			1.84967320261438	-0.679738562091503
			1.8562091503268	-0.679738562091503
			1.86274509803922	-0.679738562091503
			1.86928104575163	-0.679738562091503
			1.87581699346405	-0.686274509803922
			1.88235294117647	-0.686274509803922
			1.88888888888889	-0.686274509803922
			1.89542483660131	-0.69281045751634
			1.90196078431373	-0.69281045751634
			1.90849673202614	-0.699346405228758
			1.91503267973856	-0.699346405228758
			1.92156862745098	-0.705882352941177
			1.9281045751634	-0.705882352941177
			1.93464052287582	-0.712418300653595
			1.94117647058824	-0.712418300653595
			1.94771241830065	-0.718954248366013
			1.95424836601307	-0.725490196078431
			1.96078431372549	-0.725490196078431
			1.96732026143791	-0.73202614379085
			1.97385620915033	-0.738562091503268
			1.98039215686275	-0.738562091503268
			1.98692810457516	-0.745098039215686
			1.99346405228758	-0.751633986928105
			2	-0.758169934640523
			2.00653594771242	-0.764705882352941
			2.01307189542484	-0.77124183006536
			2.01960784313725	-0.77124183006536
			2.02614379084967	-0.777777777777778
			2.03267973856209	-0.784313725490196
			2.03921568627451	-0.790849673202614
			2.04575163398693	-0.797385620915033
			2.05228758169935	-0.803921568627451
			2.05882352941176	-0.810457516339869
			2.06535947712418	-0.816993464052288
			2.0718954248366	-0.816993464052288
			2.07843137254902	-0.823529411764706
			2.07843137254902	-0.830065359477124
			2.08496732026144	-0.836601307189543
			2.09150326797386	-0.843137254901961
			2.09803921568627	-0.843137254901961
			2.10457516339869	-0.849673202614379
			2.10457516339869	-0.856209150326797
			2.11111111111111	-0.862745098039216
			2.11764705882353	-0.869281045751634
			2.12418300653595	-0.875816993464052
			2.13071895424837	-0.882352941176471
			2.13725490196078	-0.888888888888889
			2.1437908496732	-0.895424836601307
			2.1437908496732	-0.901960784313726
			2.15032679738562	-0.908496732026144
			2.15686274509804	-0.915032679738562
			2.16339869281046	-0.92156862745098
			2.16993464052288	-0.928104575163399
			2.17647058823529	-0.934640522875817
			2.18300653594771	-0.941176470588235
			2.18300653594771	-0.947712418300654
			2.18954248366013	-0.954248366013072
			2.19607843137255	-0.96078431372549
			2.20261437908497	-0.967320261437909
			2.20261437908497	-0.973856209150327
			2.20915032679739	-0.973856209150327
			2.20915032679739	-0.980392156862745
			2.2156862745098	-0.986928104575163
		</suture>
		<anterior type=matrix rownames=FALSE colnames=FALSE nrow=229 ncol=2 as.numeric=TRUE >
			1.11764705882353	-0.176470588235294
			1.12418300653595	-0.176470588235294
			1.13071895424837	-0.176470588235294
			1.13071895424837	-0.169934640522876
			1.13725490196078	-0.169934640522876
			1.1437908496732	-0.169934640522876
			1.15032679738562	-0.169934640522876
			1.15686274509804	-0.169934640522876
			1.16339869281046	-0.169934640522876
			1.16993464052288	-0.169934640522876
			1.16993464052288	-0.163398692810458
			1.17647058823529	-0.163398692810458
			1.18300653594771	-0.163398692810458
			1.18954248366013	-0.163398692810458
			1.19607843137255	-0.163398692810458
			1.20261437908497	-0.163398692810458
			1.20915032679739	-0.163398692810458
			1.2156862745098	-0.163398692810458
			1.22222222222222	-0.163398692810458
			1.22875816993464	-0.163398692810458
			1.23529411764706	-0.163398692810458
			1.24183006535948	-0.163398692810458
			1.2483660130719	-0.163398692810458
			1.25490196078431	-0.163398692810458
			1.26143790849673	-0.163398692810458
			1.26797385620915	-0.163398692810458
			1.27450980392157	-0.163398692810458
			1.28104575163399	-0.163398692810458
			1.28758169934641	-0.163398692810458
			1.29411764705882	-0.163398692810458
			1.30065359477124	-0.163398692810458
			1.30718954248366	-0.163398692810458
			1.31372549019608	-0.163398692810458
			1.3202614379085	-0.169934640522876
			1.32679738562091	-0.169934640522876
			1.33333333333333	-0.169934640522876
			1.33986928104575	-0.169934640522876
			1.34640522875817	-0.169934640522876
			1.35294117647059	-0.169934640522876
			1.35947712418301	-0.176470588235294
			1.36601307189542	-0.176470588235294
			1.37254901960784	-0.176470588235294
			1.37908496732026	-0.176470588235294
			1.38562091503268	-0.183006535947712
			1.3921568627451	-0.183006535947712
			1.39869281045752	-0.183006535947712
			1.40522875816993	-0.183006535947712
			1.41176470588235	-0.183006535947712
			1.41830065359477	-0.189542483660131
			1.42483660130719	-0.189542483660131
			1.43137254901961	-0.189542483660131
			1.43790849673203	-0.196078431372549
			1.44444444444444	-0.196078431372549
			1.45098039215686	-0.196078431372549
			1.45751633986928	-0.202614379084967
			1.4640522875817	-0.202614379084967
			1.47058823529412	-0.202614379084967
			1.47712418300654	-0.209150326797386
			1.48366013071895	-0.209150326797386
			1.49019607843137	-0.209150326797386
			1.49673202614379	-0.215686274509804
			1.50326797385621	-0.215686274509804
			1.50980392156863	-0.215686274509804
			1.51633986928105	-0.222222222222222
			1.52287581699346	-0.222222222222222
			1.52941176470588	-0.222222222222222
			1.5359477124183	-0.228758169934641
			1.54248366013072	-0.228758169934641
			1.54901960784314	-0.235294117647059
			1.55555555555556	-0.235294117647059
			1.56209150326797	-0.235294117647059
			1.56862745098039	-0.241830065359477
			1.57516339869281	-0.241830065359477
			1.58169934640523	-0.248366013071895
			1.58823529411765	-0.248366013071895
			1.59477124183007	-0.248366013071895
			1.60130718954248	-0.254901960784314
			1.6078431372549	-0.254901960784314
			1.61437908496732	-0.261437908496732
			1.62091503267974	-0.261437908496732
			1.62745098039216	-0.26797385620915
			1.63398692810458	-0.26797385620915
			1.64052287581699	-0.274509803921569
			1.64705882352941	-0.274509803921569
			1.65359477124183	-0.281045751633987
			1.66013071895425	-0.281045751633987
			1.66666666666667	-0.287581699346405
			1.67320261437909	-0.287581699346405
			1.6797385620915	-0.294117647058824
			1.68627450980392	-0.294117647058824
			1.69281045751634	-0.300653594771242
			1.69934640522876	-0.300653594771242
			1.70588235294118	-0.30718954248366
			1.71241830065359	-0.30718954248366
			1.71895424836601	-0.313725490196078
			1.72549019607843	-0.320261437908497
			1.73202614379085	-0.320261437908497
			1.73856209150327	-0.326797385620915
			1.74509803921569	-0.326797385620915
			1.7516339869281	-0.333333333333333
			1.75816993464052	-0.339869281045752
			1.76470588235294	-0.339869281045752
			1.77124183006536	-0.34640522875817
			1.77777777777778	-0.352941176470588
			1.7843137254902	-0.352941176470588
			1.79084967320261	-0.359477124183007
			1.79738562091503	-0.366013071895425
			1.80392156862745	-0.372549019607843
			1.81045751633987	-0.372549019607843
			1.81699346405229	-0.379084967320261
			1.82352941176471	-0.38562091503268
			1.83006535947712	-0.38562091503268
			1.83006535947712	-0.392156862745098
			1.83660130718954	-0.392156862745098
			1.84313725490196	-0.398692810457516
			1.84967320261438	-0.405228758169935
			1.8562091503268	-0.405228758169935
			1.8562091503268	-0.411764705882353
			1.86274509803922	-0.411764705882353
			1.86928104575163	-0.418300653594771
			1.87581699346405	-0.42483660130719
			1.88235294117647	-0.431372549019608
			1.88888888888889	-0.437908496732026
			1.89542483660131	-0.444444444444444
			1.90196078431373	-0.450980392156863
			1.90849673202614	-0.450980392156863
			1.90849673202614	-0.457516339869281
			1.91503267973856	-0.464052287581699
			1.92156862745098	-0.464052287581699
			1.9281045751634	-0.470588235294118
			1.93464052287582	-0.477124183006536
			1.93464052287582	-0.483660130718954
			1.94117647058824	-0.483660130718954
			1.94771241830065	-0.490196078431373
			1.95424836601307	-0.496732026143791
			1.95424836601307	-0.503267973856209
			1.96078431372549	-0.509803921568627
			1.96732026143791	-0.509803921568627
			1.97385620915033	-0.516339869281046
			1.97385620915033	-0.522875816993464
			1.98039215686275	-0.529411764705882
			1.98692810457516	-0.535947712418301
			1.99346405228758	-0.535947712418301
			1.99346405228758	-0.542483660130719
			2	-0.549019607843137
			2.00653594771242	-0.555555555555556
			2.00653594771242	-0.562091503267974
			2.01307189542484	-0.562091503267974
			2.01960784313725	-0.568627450980392
			2.02614379084967	-0.575163398692811
			2.02614379084967	-0.581699346405229
			2.03267973856209	-0.588235294117647
			2.03921568627451	-0.594771241830065
			2.03921568627451	-0.601307189542484
			2.04575163398693	-0.601307189542484
			2.05228758169935	-0.607843137254902
			2.05228758169935	-0.61437908496732
			2.05882352941176	-0.620915032679739
			2.06535947712418	-0.627450980392157
			2.06535947712418	-0.633986928104575
			2.0718954248366	-0.640522875816994
			2.07843137254902	-0.647058823529412
			2.08496732026144	-0.647058823529412
			2.08496732026144	-0.65359477124183
			2.09150326797386	-0.660130718954248
			2.09803921568627	-0.666666666666667
			2.09803921568627	-0.673202614379085
			2.10457516339869	-0.679738562091503
			2.10457516339869	-0.686274509803922
			2.11111111111111	-0.69281045751634
			2.11764705882353	-0.699346405228758
			2.11764705882353	-0.705882352941177
			2.12418300653595	-0.712418300653595
			2.13071895424837	-0.718954248366013
			2.13071895424837	-0.725490196078431
			2.13725490196078	-0.73202614379085
			2.1437908496732	-0.738562091503268
			2.1437908496732	-0.745098039215686
			2.15032679738562	-0.745098039215686
			2.15032679738562	-0.751633986928105
			2.15686274509804	-0.758169934640523
			2.16339869281046	-0.764705882352941
			2.16339869281046	-0.77124183006536
			2.16339869281046	-0.777777777777778
			2.16993464052288	-0.777777777777778
			2.16993464052288	-0.784313725490196
			2.16993464052288	-0.790849673202614
			2.17647058823529	-0.790849673202614
			2.17647058823529	-0.797385620915033
			2.18300653594771	-0.803921568627451
			2.18300653594771	-0.810457516339869
			2.18954248366013	-0.816993464052288
			2.18954248366013	-0.823529411764706
			2.18954248366013	-0.830065359477124
			2.19607843137255	-0.836601307189543
			2.19607843137255	-0.843137254901961
			2.20261437908497	-0.849673202614379
			2.20261437908497	-0.856209150326797
			2.20261437908497	-0.862745098039216
			2.20915032679739	-0.869281045751634
			2.20915032679739	-0.875816993464052
			2.20915032679739	-0.882352941176471
			2.20915032679739	-0.888888888888889
			2.2156862745098	-0.895424836601307
			2.2156862745098	-0.901960784313726
			2.2156862745098	-0.908496732026144
			2.2156862745098	-0.915032679738562
			2.2156862745098	-0.92156862745098
			2.2156862745098	-0.928104575163399
			2.22222222222222	-0.934640522875817
			2.22222222222222	-0.941176470588235
			2.22222222222222	-0.947712418300654
			2.22222222222222	-0.954248366013072
			2.22222222222222	-0.96078431372549
			2.22222222222222	-0.967320261437909
			2.22222222222222	-0.973856209150327
			2.22222222222222	-0.980392156862745
			2.22222222222222	-0.986928104575163
			2.22222222222222	-0.993464052287582
			2.22222222222222	-1
			2.22222222222222	-1.00653594771242
			2.22222222222222	-1.01307189542484
			2.22222222222222	-1.01960784313725
			2.22222222222222	-1.02614379084967
			2.22222222222222	-1.03267973856209
			2.22222222222222	-1.03921568627451
			2.22222222222222	-1.04575163398693
			2.22222222222222	-1.05228758169935
			2.22222222222222	-1.05882352941176
		</anterior>
		<posterior type=matrix rownames=FALSE colnames=FALSE nrow=178 ncol=2 as.numeric=TRUE >
			1.09803921568627	-1.06535947712418
			1.10457516339869	-1.06535947712418
			1.11111111111111	-1.0718954248366
			1.11764705882353	-1.0718954248366
			1.12418300653595	-1.0718954248366
			1.13071895424837	-1.0718954248366
			1.13725490196078	-1.07843137254902
			1.1437908496732	-1.07843137254902
			1.15032679738562	-1.07843137254902
			1.15686274509804	-1.07843137254902
			1.16339869281046	-1.07843137254902
			1.16993464052288	-1.08496732026144
			1.17647058823529	-1.08496732026144
			1.18300653594771	-1.08496732026144
			1.18954248366013	-1.08496732026144
			1.19607843137255	-1.08496732026144
			1.20261437908497	-1.08496732026144
			1.20915032679739	-1.08496732026144
			1.2156862745098	-1.08496732026144
			1.22222222222222	-1.08496732026144
			1.22875816993464	-1.08496732026144
			1.23529411764706	-1.08496732026144
			1.24183006535948	-1.08496732026144
			1.2483660130719	-1.08496732026144
			1.25490196078431	-1.08496732026144
			1.26143790849673	-1.08496732026144
			1.26797385620915	-1.08496732026144
			1.27450980392157	-1.08496732026144
			1.28104575163399	-1.08496732026144
			1.28758169934641	-1.07843137254902
			1.29411764705882	-1.07843137254902
			1.30065359477124	-1.07843137254902
			1.30718954248366	-1.07843137254902
			1.31372549019608	-1.07843137254902
			1.3202614379085	-1.07843137254902
			1.32679738562091	-1.07843137254902
			1.33333333333333	-1.0718954248366
			1.33986928104575	-1.0718954248366
			1.34640522875817	-1.0718954248366
			1.35294117647059	-1.0718954248366
			1.35947712418301	-1.0718954248366
			1.36601307189542	-1.0718954248366
			1.37254901960784	-1.06535947712418
			1.37908496732026	-1.06535947712418
			1.38562091503268	-1.06535947712418
			1.3921568627451	-1.05882352941176
			1.39869281045752	-1.05882352941176
			1.40522875816993	-1.05228758169935
			1.41176470588235	-1.05228758169935
			1.41830065359477	-1.04575163398693
			1.42483660130719	-1.04575163398693
			1.43137254901961	-1.04575163398693
			1.43790849673203	-1.04575163398693
			1.44444444444444	-1.03921568627451
			1.45098039215686	-1.03921568627451
			1.45751633986928	-1.03921568627451
			1.4640522875817	-1.03921568627451
			1.47058823529412	-1.03921568627451
			1.47712418300654	-1.03921568627451
			1.48366013071895	-1.03921568627451
			1.48366013071895	-1.03267973856209
			1.49019607843137	-1.03267973856209
			1.49673202614379	-1.03267973856209
			1.50326797385621	-1.03267973856209
			1.50980392156863	-1.03267973856209
			1.51633986928105	-1.03267973856209
			1.52287581699346	-1.03267973856209
			1.52941176470588	-1.03267973856209
			1.5359477124183	-1.03267973856209
			1.54248366013072	-1.03267973856209
			1.54901960784314	-1.03267973856209
			1.55555555555556	-1.03267973856209
			1.56209150326797	-1.03267973856209
			1.56862745098039	-1.03267973856209
			1.57516339869281	-1.03267973856209
			1.58169934640523	-1.03267973856209
			1.58823529411765	-1.03267973856209
			1.59477124183007	-1.03267973856209
			1.60130718954248	-1.03267973856209
			1.6078431372549	-1.03267973856209
			1.61437908496732	-1.03267973856209
			1.61437908496732	-1.03921568627451
			1.62091503267974	-1.03921568627451
			1.62745098039216	-1.03921568627451
			1.63398692810458	-1.03921568627451
			1.64052287581699	-1.03921568627451
			1.64705882352941	-1.03921568627451
			1.65359477124183	-1.03921568627451
			1.66013071895425	-1.03921568627451
			1.66666666666667	-1.03921568627451
			1.67320261437909	-1.03921568627451
			1.6797385620915	-1.03921568627451
			1.68627450980392	-1.03921568627451
			1.69281045751634	-1.04575163398693
			1.69934640522876	-1.04575163398693
			1.70588235294118	-1.04575163398693
			1.71241830065359	-1.04575163398693
			1.71895424836601	-1.04575163398693
			1.72549019607843	-1.04575163398693
			1.73202614379085	-1.05228758169935
			1.73856209150327	-1.05228758169935
			1.74509803921569	-1.05228758169935
			1.7516339869281	-1.05228758169935
			1.75816993464052	-1.05228758169935
			1.76470588235294	-1.05882352941176
			1.77124183006536	-1.05882352941176
			1.77777777777778	-1.05882352941176
			1.7843137254902	-1.05882352941176
			1.79084967320261	-1.05882352941176
			1.79738562091503	-1.05882352941176
			1.80392156862745	-1.05882352941176
			1.80392156862745	-1.06535947712418
			1.81045751633987	-1.06535947712418
			1.81699346405229	-1.06535947712418
			1.82352941176471	-1.06535947712418
			1.83006535947712	-1.06535947712418
			1.83660130718954	-1.06535947712418
			1.84313725490196	-1.06535947712418
			1.84967320261438	-1.06535947712418
			1.8562091503268	-1.06535947712418
			1.86274509803922	-1.0718954248366
			1.86928104575163	-1.0718954248366
			1.87581699346405	-1.0718954248366
			1.88235294117647	-1.0718954248366
			1.88888888888889	-1.0718954248366
			1.89542483660131	-1.0718954248366
			1.90196078431373	-1.0718954248366
			1.90849673202614	-1.0718954248366
			1.91503267973856	-1.0718954248366
			1.92156862745098	-1.07843137254902
			1.9281045751634	-1.07843137254902
			1.93464052287582	-1.07843137254902
			1.94117647058824	-1.07843137254902
			1.94771241830065	-1.07843137254902
			1.95424836601307	-1.07843137254902
			1.96078431372549	-1.07843137254902
			1.96732026143791	-1.07843137254902
			1.97385620915033	-1.07843137254902
			1.98039215686275	-1.08496732026144
			1.98692810457516	-1.08496732026144
			1.99346405228758	-1.08496732026144
			2	-1.08496732026144
			2.00653594771242	-1.08496732026144
			2.01307189542484	-1.08496732026144
			2.01960784313725	-1.08496732026144
			2.02614379084967	-1.09150326797386
			2.03267973856209	-1.09150326797386
			2.03921568627451	-1.09150326797386
			2.04575163398693	-1.09150326797386
			2.05228758169935	-1.09150326797386
			2.05882352941176	-1.09150326797386
			2.06535947712418	-1.09150326797386
			2.0718954248366	-1.09803921568627
			2.07843137254902	-1.09803921568627
			2.08496732026144	-1.09803921568627
			2.09150326797386	-1.09803921568627
			2.09803921568627	-1.09803921568627
			2.10457516339869	-1.09803921568627
			2.11111111111111	-1.09803921568627
			2.11764705882353	-1.09803921568627
			2.12418300653595	-1.09803921568627
			2.13071895424837	-1.09803921568627
			2.13725490196078	-1.09803921568627
			2.13725490196078	-1.09150326797386
			2.1437908496732	-1.09150326797386
			2.15032679738562	-1.09150326797386
			2.15686274509804	-1.09150326797386
			2.16339869281046	-1.08496732026144
			2.16993464052288	-1.08496732026144
			2.17647058823529	-1.08496732026144
			2.18300653594771	-1.07843137254902
			2.18954248366013	-1.0718954248366
			2.19607843137255	-1.0718954248366
			2.20261437908497	-1.0718954248366
			2.20261437908497	-1.06535947712418
			2.20915032679739	-1.06535947712418
			2.2156862745098	-1.06535947712418
			2.22222222222222	-1.05882352941176
		</posterior>
	</curves.scaled>
	<ruler.points type=matrix rownames=TRUE colnames=FALSE nrow=2 ncol=2 as.numeric=TRUE >
		Ruler point 1	3	12
		Ruler point 2	309	12
	</ruler.points>
</shapes>

