<shapes type=list>
	<square.size type=vector names=FALSE length=1 as.numeric=TRUE >1</square.size>
	<scaling.units type=vector names=FALSE length=1 as.numeric=FALSE >mm</scaling.units>
	<scaling type=logical names=FALSE length=1 as.numeric=FALSE >NA</scaling>
	<landmarks.pixel type=matrix rownames=TRUE colnames=FALSE nrow=13 ncol=2 as.numeric=TRUE >
		LM1	146	35
		LM2	146	71
		LM3	146	169
		LM4	146	193
		LM5	174	123
		LM6	173	170
		LM7	173	188
		LM10	146	35
		LM11	195	175
		LM12	212	188
		LM13	146	35
		LM15	252	195
		LM16	246	294
	</landmarks.pixel>
	<curves.control type=list>
		<glabella type=matrix rownames=FALSE colnames=FALSE nrow=13 ncol=2 as.numeric=TRUE >
			146	71
			151	71
			160	76
			167	85
			170	96
			173	108
			173	119
			174	131
			174	145
			173	156
			174	168
			175	177
			173	188
		</glabella>
		<suture type=matrix rownames=FALSE colnames=FALSE nrow=19 ncol=2 as.numeric=TRUE >
			146	35
			153	39
			161	44
			174	54
			186	65
			194	74
			196	79
			196	85
			193	97
			190	107
			186	118
			181	127
			181	143
			181	159
			183	166
			187	173
			198	178
			207	183
			212	188
		</suture>
		<anterior type=matrix rownames=FALSE colnames=FALSE nrow=13 ncol=2 as.numeric=TRUE >
			146	35
			155	36
			167	40
			189	52
			211	67
			224	82
			235	104
			241	121
			245	134
			248	152
			250	169
			253	227
			252	195
		</anterior>
		<posterior type=matrix rownames=FALSE colnames=FALSE nrow=25 ncol=2 as.numeric=TRUE >
			146	193
			154	194
			164	192
			170	191
			173	188
			177	190
			182	189
			190	188
			199	187
			205	188
			212	188
			222	194
			228	202
			238	213
			241	229
			241	245
			243	267
			243	278
			243	284
			243	290
			246	294
			251	293
			251	264
			254	245
			252	195
		</posterior>
	</curves.control>
	<curves.pixel type=list>
		<glabella type=matrix rownames=FALSE colnames=FALSE nrow=131 ncol=2 as.numeric=TRUE >
			146	71
			147	71
			148	71
			149	71
			150	72
			151	72
			152	72
			153	73
			154	73
			155	73
			156	74
			157	75
			158	75
			159	75
			159	76
			160	76
			161	77
			161	78
			162	78
			162	79
			163	80
			163	81
			164	81
			164	82
			165	83
			165	84
			166	85
			166	86
			167	87
			167	88
			168	89
			168	90
			168	91
			169	92
			169	93
			169	94
			170	95
			170	96
			170	97
			170	98
			171	98
			171	99
			171	100
			171	101
			171	102
			172	103
			172	104
			172	105
			172	106
			172	107
			172	108
			172	109
			173	110
			173	111
			173	112
			173	113
			173	114
			173	115
			173	116
			173	117
			173	118
			173	119
			173	120
			173	121
			173	122
			173	123
			173	124
			173	125
			173	126
			174	127
			174	128
			174	129
			174	130
			174	131
			174	132
			174	133
			174	134
			174	135
			174	136
			174	137
			174	138
			174	139
			174	140
			174	141
			174	142
			174	143
			174	144
			174	145
			174	146
			174	147
			174	148
			174	149
			174	150
			174	151
			174	152
			174	153
			174	154
			174	155
			174	156
			174	157
			174	158
			174	159
			174	160
			174	161
			174	162
			174	163
			174	164
			174	165
			174	166
			174	167
			174	168
			174	169
			174	170
			174	171
			174	172
			174	173
			174	174
			174	175
			174	176
			174	177
			174	178
			174	179
			174	180
			174	181
			174	182
			174	183
			174	184
			173	185
			173	186
			173	187
			173	188
		</glabella>
		<suture type=matrix rownames=FALSE colnames=FALSE nrow=177 ncol=2 as.numeric=TRUE >
			146	35
			147	35
			147	36
			148	36
			149	37
			150	37
			151	38
			152	39
			153	39
			154	40
			155	40
			156	41
			157	42
			158	42
			159	43
			160	44
			161	44
			162	45
			163	46
			164	47
			165	47
			166	48
			167	49
			168	50
			169	51
			170	51
			171	52
			172	53
			173	54
			174	55
			175	56
			176	56
			177	57
			178	58
			179	59
			180	60
			181	61
			182	62
			183	63
			184	63
			185	64
			186	65
			187	66
			187	67
			188	67
			189	68
			189	69
			190	69
			190	70
			191	70
			191	71
			192	72
			192	73
			193	74
			194	75
			194	76
			195	77
			195	78
			196	79
			196	80
			196	81
			196	82
			196	83
			196	84
			195	85
			195	86
			195	87
			195	88
			195	89
			195	90
			194	91
			194	92
			194	93
			194	94
			194	95
			193	96
			193	97
			193	98
			192	99
			192	100
			192	101
			191	102
			191	103
			191	104
			191	105
			190	106
			190	107
			190	108
			189	109
			189	110
			188	111
			188	112
			188	113
			187	114
			187	115
			187	116
			186	117
			186	118
			185	119
			185	120
			185	121
			184	122
			184	123
			183	124
			183	125
			183	126
			183	127
			182	128
			182	129
			182	130
			182	131
			182	132
			182	133
			181	134
			181	135
			181	136
			181	137
			181	138
			181	139
			181	140
			181	141
			181	142
			181	143
			181	144
			181	145
			181	146
			181	147
			181	148
			181	149
			181	150
			181	151
			181	152
			181	153
			181	154
			181	155
			181	156
			182	157
			182	158
			182	159
			182	160
			182	161
			182	162
			182	163
			183	164
			183	165
			183	166
			184	167
			185	168
			185	169
			186	170
			187	171
			188	172
			189	173
			190	174
			191	174
			192	175
			193	175
			194	176
			195	177
			196	177
			197	178
			198	178
			199	179
			200	179
			201	180
			202	180
			203	181
			204	182
			205	182
			206	183
			207	184
			208	184
			209	185
			209	186
			210	186
			211	187
			212	188
		</suture>
		<anterior type=matrix rownames=FALSE colnames=FALSE nrow=217 ncol=2 as.numeric=TRUE >
			146	35
			147	35
			148	35
			149	35
			150	36
			151	36
			152	36
			153	36
			154	36
			155	37
			156	37
			157	37
			158	37
			159	38
			160	38
			161	38
			162	38
			163	39
			164	39
			165	39
			166	40
			167	40
			168	41
			169	41
			170	42
			171	42
			172	43
			173	43
			174	44
			175	45
			176	45
			177	46
			178	46
			179	47
			180	48
			181	48
			182	49
			183	49
			184	50
			185	51
			186	51
			187	52
			188	52
			189	53
			190	54
			191	54
			192	55
			193	56
			194	56
			195	57
			196	57
			197	58
			198	58
			199	59
			200	60
			201	60
			202	61
			203	62
			204	63
			205	63
			206	64
			207	64
			208	65
			209	66
			210	66
			211	67
			212	68
			213	69
			214	70
			214	71
			215	72
			216	73
			217	74
			218	75
			218	76
			219	77
			220	78
			220	79
			221	80
			222	81
			223	82
			223	83
			224	84
			225	85
			225	86
			225	87
			226	87
			226	88
			227	89
			227	90
			228	91
			229	92
			229	93
			230	94
			230	95
			231	96
			232	97
			232	98
			233	99
			233	100
			234	101
			234	102
			235	103
			235	104
			235	105
			236	106
			236	107
			236	108
			237	109
			237	110
			237	111
			238	112
			238	113
			238	114
			239	115
			239	116
			239	117
			240	118
			240	119
			241	120
			241	121
			241	122
			242	123
			242	124
			242	125
			243	126
			243	127
			243	128
			243	129
			244	130
			244	131
			244	132
			245	133
			245	134
			245	135
			245	136
			246	137
			246	138
			246	139
			246	140
			246	141
			246	142
			247	143
			247	144
			247	145
			247	146
			247	147
			247	148
			247	149
			248	150
			248	151
			248	152
			248	153
			248	154
			248	155
			248	156
			248	157
			249	158
			249	159
			249	160
			249	161
			249	162
			249	163
			249	164
			250	165
			250	166
			250	167
			250	168
			250	169
			250	170
			250	171
			250	172
			250	173
			250	174
			250	175
			250	176
			250	177
			250	178
			251	179
			251	180
			251	181
			251	182
			251	183
			251	184
			251	185
			251	186
			251	187
			251	188
			251	189
			251	190
			251	191
			251	192
			251	193
			251	194
			251	195
			251	196
			252	197
			252	198
			252	199
			252	200
			252	201
			252	202
			252	203
			252	204
			252	205
			252	206
			252	205
			252	204
			252	203
			252	202
			252	201
			252	200
			252	199
			252	198
			252	197
			252	196
			252	195
		</anterior>
		<posterior type=matrix rownames=FALSE colnames=FALSE nrow=280 ncol=2 as.numeric=TRUE >
			146	193
			147	193
			148	193
			149	193
			150	193
			151	193
			152	193
			153	193
			154	193
			155	193
			156	193
			157	193
			158	193
			159	193
			160	193
			161	193
			162	192
			163	192
			164	192
			165	192
			166	192
			167	191
			168	191
			169	191
			170	190
			171	189
			172	189
			173	188
			174	188
			175	189
			176	189
			177	189
			178	189
			179	189
			180	189
			181	189
			182	189
			183	189
			184	189
			185	189
			186	189
			187	188
			188	188
			189	188
			190	188
			191	188
			192	188
			193	188
			194	188
			195	187
			196	187
			197	187
			198	187
			199	187
			200	187
			201	187
			202	187
			203	188
			204	188
			205	188
			206	188
			207	188
			208	188
			209	188
			210	188
			211	188
			212	188
			213	189
			214	189
			215	190
			216	190
			217	191
			218	192
			219	193
			220	194
			221	194
			222	195
			222	196
			223	196
			224	197
			224	198
			225	198
			226	199
			226	200
			227	201
			228	202
			229	203
			230	204
			230	205
			231	206
			232	206
			232	207
			233	208
			233	209
			234	210
			234	211
			235	212
			236	213
			236	214
			237	215
			237	216
			238	217
			238	218
			238	219
			239	220
			239	221
			239	222
			239	223
			240	224
			240	225
			240	226
			241	227
			241	228
			241	229
			241	230
			241	231
			241	232
			241	233
			241	234
			241	235
			241	236
			241	237
			241	238
			241	239
			241	240
			241	241
			241	242
			241	243
			241	244
			241	245
			241	246
			242	247
			242	248
			242	249
			242	250
			242	251
			242	252
			242	253
			242	254
			242	255
			242	256
			242	257
			242	258
			242	259
			242	260
			243	261
			243	262
			243	263
			243	264
			243	265
			243	266
			243	267
			243	268
			243	269
			243	270
			243	271
			243	272
			243	273
			243	274
			243	275
			243	276
			243	277
			243	278
			243	279
			243	280
			243	281
			243	282
			243	283
			243	284
			243	285
			243	286
			243	287
			243	288
			244	289
			244	290
			244	291
			245	292
			245	293
			246	294
			247	294
			248	293
			248	292
			249	291
			249	290
			249	289
			249	288
			250	287
			250	286
			250	285
			250	284
			250	283
			250	282
			250	281
			250	280
			251	279
			251	278
			251	277
			251	276
			251	275
			251	274
			251	273
			251	272
			251	271
			251	270
			251	269
			251	268
			251	267
			251	266
			251	265
			251	264
			251	263
			251	262
			251	261
			252	260
			252	259
			252	258
			252	257
			252	256
			252	255
			252	254
			252	253
			252	252
			252	251
			252	250
			252	249
			252	248
			252	247
			253	247
			253	246
			253	245
			253	244
			253	243
			253	242
			253	241
			253	240
			253	239
			253	238
			253	237
			253	236
			253	235
			253	234
			253	233
			253	232
			253	231
			253	230
			253	229
			253	228
			253	227
			253	226
			253	225
			253	224
			253	223
			253	222
			253	221
			253	220
			253	219
			253	218
			253	217
			253	216
			253	215
			253	214
			253	213
			253	212
			253	211
			253	210
			252	209
			252	208
			252	207
			252	206
			252	205
			252	204
			252	203
			252	202
			252	201
			252	200
			252	199
			252	198
			252	197
			252	196
			252	195
		</posterior>
	</curves.pixel>
	<ruler.points type=matrix rownames=TRUE colnames=FALSE nrow=2 ncol=2 as.numeric=TRUE >
		Ruler point 1	7	20
		Ruler point 2	106	20
	</ruler.points>
</shapes>

