<shapes type=list>
	<ruler.pixel type=vector names=FALSE length=1 as.numeric=TRUE >36</ruler.pixel>
	<ruler.interval type=vector names=FALSE length=1 as.numeric=TRUE >1</ruler.interval>
	<scaling.units type=vector names=FALSE length=1 as.numeric=FALSE >mm</scaling.units>
	<scaling type=vector names=FALSE length=1 as.numeric=TRUE >0.0277777777777778</scaling>
	<landmarks.pixel type=matrix rownames=TRUE colnames=FALSE nrow=16 ncol=2 as.numeric=TRUE >
		LM1	117	23
		LM2	117	35
		LM3	117	102
		LM4	117	111
		LM5	151	79
		LM6	151	100
		LM7	151	108
		LM8	143	40
		LM9	154	65
		LM10	117	23
		LM11	207	67
		LM12	215	74
		LM13	117	23
		LM14	160	50
		LM15	233	111
		LM16	251	143
	</landmarks.pixel>
	<landmarks.scaled type=matrix rownames=TRUE colnames=FALSE nrow=16 ncol=2 as.numeric=TRUE >
		LM1	3.25	-0.638888888888889
		LM2	3.25	-0.972222222222222
		LM3	3.25	-2.83333333333333
		LM4	3.25	-3.08333333333333
		LM5	4.19444444444444	-2.19444444444444
		LM6	4.19444444444444	-2.77777777777778
		LM7	4.19444444444444	-3
		LM8	3.97222222222222	-1.11111111111111
		LM9	4.27777777777778	-1.80555555555556
		LM10	3.25	-0.638888888888889
		LM11	5.75	-1.86111111111111
		LM12	5.97222222222222	-2.05555555555556
		LM13	3.25	-0.638888888888889
		LM14	4.44444444444444	-1.38888888888889
		LM15	6.47222222222222	-3.08333333333333
		LM16	6.97222222222222	-3.97222222222222
	</landmarks.scaled>
	<curves.control type=list>
		<glabella type=matrix rownames=FALSE colnames=FALSE nrow=3 ncol=2 as.numeric=TRUE >
			117	35
			156	43
			151	108
		</glabella>
		<suture type=matrix rownames=FALSE colnames=FALSE nrow=11 ncol=2 as.numeric=TRUE >
			117	23
			133	22
			150	23
			150	30
			143	40
			166	45
			154	65
			154	70
			171	63
			206	58
			215	74
		</suture>
		<anterior type=matrix rownames=FALSE colnames=FALSE nrow=11 ncol=2 as.numeric=TRUE >
			117	23
			133	22
			150	23
			179	22
			194	29
			206	35
			209	45
			213	58
			215	73
			214	83
			233	111
		</anterior>
		<posterior type=matrix rownames=FALSE colnames=FALSE nrow=11 ncol=2 as.numeric=TRUE >
			117	111
			122	113
			151	108
			160	110
			191	103
			202	97
			209	90
			210	88
			251	144
			243	127
			233	111
		</posterior>
	</curves.control>
	<curves.pixel type=list>
		<glabella type=matrix rownames=FALSE colnames=FALSE nrow=85 ncol=2 as.numeric=TRUE >
			117	35
			118	35
			119	35
			120	36
			121	36
			122	36
			123	37
			124	37
			125	37
			126	38
			127	38
			128	39
			129	39
			129	40
			130	40
			131	41
			132	41
			133	42
			134	43
			135	44
			136	45
			137	45
			138	46
			138	47
			139	48
			140	49
			141	50
			141	51
			142	52
			143	53
			143	54
			144	55
			145	56
			145	57
			145	58
			146	59
			146	60
			147	61
			147	62
			147	63
			148	64
			148	65
			148	66
			148	67
			149	68
			149	69
			149	70
			149	71
			150	72
			150	73
			150	74
			150	75
			150	76
			151	77
			151	78
			151	79
			151	80
			151	81
			151	82
			151	83
			151	84
			151	85
			151	86
			151	87
			151	88
			151	89
			152	90
			152	91
			152	92
			152	93
			152	94
			152	95
			152	96
			152	97
			152	98
			151	99
			151	100
			151	101
			151	102
			151	103
			151	104
			151	105
			151	106
			151	107
			151	108
		</glabella>
		<suture type=matrix rownames=FALSE colnames=FALSE nrow=148 ncol=2 as.numeric=TRUE >
			117	23
			118	23
			119	23
			120	23
			121	23
			122	23
			123	23
			124	23
			125	23
			126	23
			127	23
			128	23
			129	23
			130	23
			131	23
			132	23
			133	23
			134	23
			135	23
			136	23
			137	23
			138	23
			139	23
			140	23
			141	23
			142	23
			143	23
			144	23
			145	23
			146	23
			147	23
			148	23
			149	23
			150	23
			150	24
			150	25
			150	26
			149	27
			149	28
			149	29
			148	30
			148	31
			148	32
			147	33
			146	34
			146	35
			146	36
			145	37
			144	38
			144	39
			143	40
			144	40
			145	41
			146	41
			147	41
			148	41
			149	42
			150	42
			151	43
			152	43
			153	44
			154	44
			155	45
			155	46
			156	46
			156	47
			157	48
			157	49
			158	50
			158	51
			158	52
			158	53
			158	54
			158	55
			158	56
			158	57
			157	58
			157	59
			157	60
			156	61
			156	62
			155	63
			155	64
			154	65
			154	66
			155	67
			156	67
			157	67
			158	67
			159	67
			160	67
			161	66
			162	66
			163	66
			164	66
			164	65
			165	65
			166	65
			167	65
			168	64
			169	64
			170	63
			171	63
			172	63
			173	63
			174	63
			175	63
			176	62
			177	62
			178	62
			179	62
			180	62
			181	62
			182	62
			183	62
			184	62
			185	62
			186	62
			187	62
			188	62
			189	62
			190	62
			191	62
			192	62
			193	62
			194	62
			195	62
			196	63
			197	63
			198	63
			199	63
			200	63
			201	64
			202	64
			203	64
			204	65
			205	65
			206	66
			207	66
			208	67
			209	68
			210	68
			211	69
			212	70
			213	71
			214	72
			215	73
			215	74
		</suture>
		<anterior type=matrix rownames=FALSE colnames=FALSE nrow=165 ncol=2 as.numeric=TRUE >
			117	23
			118	23
			119	23
			120	23
			121	23
			122	23
			123	23
			124	23
			125	23
			126	23
			127	23
			128	23
			129	23
			130	23
			131	23
			132	23
			133	23
			134	23
			135	23
			136	23
			137	23
			138	23
			139	23
			140	23
			141	23
			142	23
			143	23
			144	23
			145	23
			146	23
			147	23
			148	23
			149	23
			150	23
			151	23
			152	23
			153	23
			154	23
			155	23
			156	23
			157	23
			158	23
			159	23
			160	23
			161	23
			162	23
			163	23
			164	23
			165	23
			166	23
			167	23
			168	23
			169	23
			170	23
			171	24
			172	24
			173	24
			174	24
			175	24
			176	24
			177	24
			178	24
			179	25
			180	25
			181	25
			182	25
			183	25
			184	26
			185	26
			186	26
			187	26
			188	27
			189	27
			190	27
			191	28
			192	28
			193	29
			194	29
			195	29
			196	30
			197	31
			198	31
			199	32
			200	33
			201	34
			202	35
			203	35
			204	36
			205	37
			205	38
			206	38
			206	39
			207	40
			207	41
			208	42
			208	43
			209	44
			209	45
			209	46
			210	47
			210	48
			210	49
			211	50
			211	51
			211	52
			211	53
			211	54
			212	54
			212	55
			212	56
			212	57
			212	58
			213	59
			213	60
			213	61
			213	62
			213	63
			214	64
			214	65
			214	66
			214	67
			214	68
			214	69
			215	70
			215	71
			215	72
			215	73
			215	74
			215	75
			215	76
			215	77
			216	78
			216	79
			216	80
			216	81
			217	82
			217	83
			217	84
			218	85
			218	86
			219	87
			219	88
			220	89
			220	90
			221	91
			221	92
			222	93
			222	94
			223	95
			223	96
			224	97
			224	98
			225	99
			226	100
			226	101
			227	102
			228	103
			228	104
			229	105
			230	106
			230	107
			231	108
			232	109
			232	110
			233	111
		</anterior>
		<posterior type=matrix rownames=FALSE colnames=FALSE nrow=196 ncol=2 as.numeric=TRUE >
			117	111
			118	111
			119	111
			120	112
			121	112
			122	112
			123	112
			124	112
			125	111
			126	111
			127	111
			128	111
			129	111
			130	111
			131	111
			132	111
			133	111
			134	111
			135	110
			136	110
			137	110
			138	110
			139	110
			140	110
			141	110
			142	110
			143	109
			144	109
			145	109
			146	109
			147	109
			148	109
			148	108
			149	108
			150	108
			151	108
			152	108
			153	108
			154	108
			155	108
			156	108
			157	108
			158	108
			159	108
			160	108
			161	108
			162	108
			163	108
			164	108
			165	108
			166	108
			167	108
			168	107
			169	107
			170	107
			171	107
			172	107
			173	107
			174	106
			175	106
			176	106
			177	106
			178	106
			179	106
			180	105
			181	105
			182	105
			183	105
			184	104
			185	104
			186	104
			187	104
			188	104
			189	103
			190	103
			191	103
			192	103
			192	102
			193	102
			194	101
			195	101
			196	100
			197	99
			198	99
			199	98
			200	97
			201	97
			202	96
			203	96
			203	95
			204	95
			205	94
			205	93
			206	93
			207	92
			208	91
			209	90
			210	91
			211	92
			212	93
			213	94
			214	95
			215	96
			216	97
			217	98
			217	99
			218	100
			219	101
			220	102
			221	103
			221	104
			222	105
			223	106
			224	107
			224	108
			225	109
			226	110
			227	111
			227	112
			228	113
			229	114
			229	115
			230	115
			230	116
			231	117
			231	118
			232	118
			233	119
			233	120
			234	121
			235	122
			236	123
			236	124
			237	125
			238	126
			239	127
			239	128
			240	129
			241	130
			242	131
			242	132
			243	133
			243	134
			244	134
			244	135
			245	136
			246	137
			247	138
			247	139
			248	140
			249	141
			250	142
			251	143
			251	144
			251	143
			250	143
			250	142
			250	141
			249	141
			249	140
			249	139
			248	139
			248	138
			248	137
			247	137
			247	136
			247	135
			246	134
			245	133
			245	132
			245	131
			244	131
			244	130
			243	129
			243	128
			242	127
			242	126
			241	125
			241	124
			240	123
			240	122
			239	121
			238	120
			238	119
			237	118
			237	117
			236	117
			236	116
			236	115
			235	115
			235	114
			235	113
			234	113
			234	112
			233	112
			233	111
		</posterior>
	</curves.pixel>
	<curves.scaled type=list>
		<glabella type=matrix rownames=FALSE colnames=FALSE nrow=85 ncol=2 as.numeric=TRUE >
			3.25	-0.972222222222222
			3.27777777777778	-0.972222222222222
			3.30555555555556	-0.972222222222222
			3.33333333333333	-1
			3.36111111111111	-1
			3.38888888888889	-1
			3.41666666666667	-1.02777777777778
			3.44444444444444	-1.02777777777778
			3.47222222222222	-1.02777777777778
			3.5	-1.05555555555556
			3.52777777777778	-1.05555555555556
			3.55555555555556	-1.08333333333333
			3.58333333333333	-1.08333333333333
			3.58333333333333	-1.11111111111111
			3.61111111111111	-1.11111111111111
			3.63888888888889	-1.13888888888889
			3.66666666666667	-1.13888888888889
			3.69444444444444	-1.16666666666667
			3.72222222222222	-1.19444444444444
			3.75	-1.22222222222222
			3.77777777777778	-1.25
			3.80555555555556	-1.25
			3.83333333333333	-1.27777777777778
			3.83333333333333	-1.30555555555556
			3.86111111111111	-1.33333333333333
			3.88888888888889	-1.36111111111111
			3.91666666666667	-1.38888888888889
			3.91666666666667	-1.41666666666667
			3.94444444444444	-1.44444444444444
			3.97222222222222	-1.47222222222222
			3.97222222222222	-1.5
			4	-1.52777777777778
			4.02777777777778	-1.55555555555556
			4.02777777777778	-1.58333333333333
			4.02777777777778	-1.61111111111111
			4.05555555555556	-1.63888888888889
			4.05555555555556	-1.66666666666667
			4.08333333333333	-1.69444444444444
			4.08333333333333	-1.72222222222222
			4.08333333333333	-1.75
			4.11111111111111	-1.77777777777778
			4.11111111111111	-1.80555555555556
			4.11111111111111	-1.83333333333333
			4.11111111111111	-1.86111111111111
			4.13888888888889	-1.88888888888889
			4.13888888888889	-1.91666666666667
			4.13888888888889	-1.94444444444444
			4.13888888888889	-1.97222222222222
			4.16666666666667	-2
			4.16666666666667	-2.02777777777778
			4.16666666666667	-2.05555555555556
			4.16666666666667	-2.08333333333333
			4.16666666666667	-2.11111111111111
			4.19444444444444	-2.13888888888889
			4.19444444444444	-2.16666666666667
			4.19444444444444	-2.19444444444444
			4.19444444444444	-2.22222222222222
			4.19444444444444	-2.25
			4.19444444444444	-2.27777777777778
			4.19444444444444	-2.30555555555556
			4.19444444444444	-2.33333333333333
			4.19444444444444	-2.36111111111111
			4.19444444444444	-2.38888888888889
			4.19444444444444	-2.41666666666667
			4.19444444444444	-2.44444444444444
			4.19444444444444	-2.47222222222222
			4.22222222222222	-2.5
			4.22222222222222	-2.52777777777778
			4.22222222222222	-2.55555555555556
			4.22222222222222	-2.58333333333333
			4.22222222222222	-2.61111111111111
			4.22222222222222	-2.63888888888889
			4.22222222222222	-2.66666666666667
			4.22222222222222	-2.69444444444444
			4.22222222222222	-2.72222222222222
			4.19444444444444	-2.75
			4.19444444444444	-2.77777777777778
			4.19444444444444	-2.80555555555556
			4.19444444444444	-2.83333333333333
			4.19444444444444	-2.86111111111111
			4.19444444444444	-2.88888888888889
			4.19444444444444	-2.91666666666667
			4.19444444444444	-2.94444444444444
			4.19444444444444	-2.97222222222222
			4.19444444444444	-3
		</glabella>
		<suture type=matrix rownames=FALSE colnames=FALSE nrow=148 ncol=2 as.numeric=TRUE >
			3.25	-0.638888888888889
			3.27777777777778	-0.638888888888889
			3.30555555555556	-0.638888888888889
			3.33333333333333	-0.638888888888889
			3.36111111111111	-0.638888888888889
			3.38888888888889	-0.638888888888889
			3.41666666666667	-0.638888888888889
			3.44444444444444	-0.638888888888889
			3.47222222222222	-0.638888888888889
			3.5	-0.638888888888889
			3.52777777777778	-0.638888888888889
			3.55555555555556	-0.638888888888889
			3.58333333333333	-0.638888888888889
			3.61111111111111	-0.638888888888889
			3.63888888888889	-0.638888888888889
			3.66666666666667	-0.638888888888889
			3.69444444444444	-0.638888888888889
			3.72222222222222	-0.638888888888889
			3.75	-0.638888888888889
			3.77777777777778	-0.638888888888889
			3.80555555555556	-0.638888888888889
			3.83333333333333	-0.638888888888889
			3.86111111111111	-0.638888888888889
			3.88888888888889	-0.638888888888889
			3.91666666666667	-0.638888888888889
			3.94444444444444	-0.638888888888889
			3.97222222222222	-0.638888888888889
			4	-0.638888888888889
			4.02777777777778	-0.638888888888889
			4.05555555555556	-0.638888888888889
			4.08333333333333	-0.638888888888889
			4.11111111111111	-0.638888888888889
			4.13888888888889	-0.638888888888889
			4.16666666666667	-0.638888888888889
			4.16666666666667	-0.666666666666667
			4.16666666666667	-0.694444444444444
			4.16666666666667	-0.722222222222222
			4.13888888888889	-0.75
			4.13888888888889	-0.777777777777778
			4.13888888888889	-0.805555555555555
			4.11111111111111	-0.833333333333333
			4.11111111111111	-0.861111111111111
			4.11111111111111	-0.888888888888889
			4.08333333333333	-0.916666666666667
			4.05555555555556	-0.944444444444444
			4.05555555555556	-0.972222222222222
			4.05555555555556	-1
			4.02777777777778	-1.02777777777778
			4	-1.05555555555556
			4	-1.08333333333333
			3.97222222222222	-1.11111111111111
			4	-1.11111111111111
			4.02777777777778	-1.13888888888889
			4.05555555555556	-1.13888888888889
			4.08333333333333	-1.13888888888889
			4.11111111111111	-1.13888888888889
			4.13888888888889	-1.16666666666667
			4.16666666666667	-1.16666666666667
			4.19444444444444	-1.19444444444444
			4.22222222222222	-1.19444444444444
			4.25	-1.22222222222222
			4.27777777777778	-1.22222222222222
			4.30555555555556	-1.25
			4.30555555555556	-1.27777777777778
			4.33333333333333	-1.27777777777778
			4.33333333333333	-1.30555555555556
			4.36111111111111	-1.33333333333333
			4.36111111111111	-1.36111111111111
			4.38888888888889	-1.38888888888889
			4.38888888888889	-1.41666666666667
			4.38888888888889	-1.44444444444444
			4.38888888888889	-1.47222222222222
			4.38888888888889	-1.5
			4.38888888888889	-1.52777777777778
			4.38888888888889	-1.55555555555556
			4.38888888888889	-1.58333333333333
			4.36111111111111	-1.61111111111111
			4.36111111111111	-1.63888888888889
			4.36111111111111	-1.66666666666667
			4.33333333333333	-1.69444444444444
			4.33333333333333	-1.72222222222222
			4.30555555555556	-1.75
			4.30555555555556	-1.77777777777778
			4.27777777777778	-1.80555555555556
			4.27777777777778	-1.83333333333333
			4.30555555555556	-1.86111111111111
			4.33333333333333	-1.86111111111111
			4.36111111111111	-1.86111111111111
			4.38888888888889	-1.86111111111111
			4.41666666666667	-1.86111111111111
			4.44444444444444	-1.86111111111111
			4.47222222222222	-1.83333333333333
			4.5	-1.83333333333333
			4.52777777777778	-1.83333333333333
			4.55555555555556	-1.83333333333333
			4.55555555555556	-1.80555555555556
			4.58333333333333	-1.80555555555556
			4.61111111111111	-1.80555555555556
			4.63888888888889	-1.80555555555556
			4.66666666666667	-1.77777777777778
			4.69444444444444	-1.77777777777778
			4.72222222222222	-1.75
			4.75	-1.75
			4.77777777777778	-1.75
			4.80555555555556	-1.75
			4.83333333333333	-1.75
			4.86111111111111	-1.75
			4.88888888888889	-1.72222222222222
			4.91666666666667	-1.72222222222222
			4.94444444444444	-1.72222222222222
			4.97222222222222	-1.72222222222222
			5	-1.72222222222222
			5.02777777777778	-1.72222222222222
			5.05555555555556	-1.72222222222222
			5.08333333333333	-1.72222222222222
			5.11111111111111	-1.72222222222222
			5.13888888888889	-1.72222222222222
			5.16666666666667	-1.72222222222222
			5.19444444444444	-1.72222222222222
			5.22222222222222	-1.72222222222222
			5.25	-1.72222222222222
			5.27777777777778	-1.72222222222222
			5.30555555555556	-1.72222222222222
			5.33333333333333	-1.72222222222222
			5.36111111111111	-1.72222222222222
			5.38888888888889	-1.72222222222222
			5.41666666666667	-1.72222222222222
			5.44444444444444	-1.75
			5.47222222222222	-1.75
			5.5	-1.75
			5.52777777777778	-1.75
			5.55555555555556	-1.75
			5.58333333333333	-1.77777777777778
			5.61111111111111	-1.77777777777778
			5.63888888888889	-1.77777777777778
			5.66666666666667	-1.80555555555556
			5.69444444444444	-1.80555555555556
			5.72222222222222	-1.83333333333333
			5.75	-1.83333333333333
			5.77777777777778	-1.86111111111111
			5.80555555555556	-1.88888888888889
			5.83333333333333	-1.88888888888889
			5.86111111111111	-1.91666666666667
			5.88888888888889	-1.94444444444444
			5.91666666666667	-1.97222222222222
			5.94444444444444	-2
			5.97222222222222	-2.02777777777778
			5.97222222222222	-2.05555555555556
		</suture>
		<anterior type=matrix rownames=FALSE colnames=FALSE nrow=165 ncol=2 as.numeric=TRUE >
			3.25	-0.638888888888889
			3.27777777777778	-0.638888888888889
			3.30555555555556	-0.638888888888889
			3.33333333333333	-0.638888888888889
			3.36111111111111	-0.638888888888889
			3.38888888888889	-0.638888888888889
			3.41666666666667	-0.638888888888889
			3.44444444444444	-0.638888888888889
			3.47222222222222	-0.638888888888889
			3.5	-0.638888888888889
			3.52777777777778	-0.638888888888889
			3.55555555555556	-0.638888888888889
			3.58333333333333	-0.638888888888889
			3.61111111111111	-0.638888888888889
			3.63888888888889	-0.638888888888889
			3.66666666666667	-0.638888888888889
			3.69444444444444	-0.638888888888889
			3.72222222222222	-0.638888888888889
			3.75	-0.638888888888889
			3.77777777777778	-0.638888888888889
			3.80555555555556	-0.638888888888889
			3.83333333333333	-0.638888888888889
			3.86111111111111	-0.638888888888889
			3.88888888888889	-0.638888888888889
			3.91666666666667	-0.638888888888889
			3.94444444444444	-0.638888888888889
			3.97222222222222	-0.638888888888889
			4	-0.638888888888889
			4.02777777777778	-0.638888888888889
			4.05555555555556	-0.638888888888889
			4.08333333333333	-0.638888888888889
			4.11111111111111	-0.638888888888889
			4.13888888888889	-0.638888888888889
			4.16666666666667	-0.638888888888889
			4.19444444444444	-0.638888888888889
			4.22222222222222	-0.638888888888889
			4.25	-0.638888888888889
			4.27777777777778	-0.638888888888889
			4.30555555555556	-0.638888888888889
			4.33333333333333	-0.638888888888889
			4.36111111111111	-0.638888888888889
			4.38888888888889	-0.638888888888889
			4.41666666666667	-0.638888888888889
			4.44444444444444	-0.638888888888889
			4.47222222222222	-0.638888888888889
			4.5	-0.638888888888889
			4.52777777777778	-0.638888888888889
			4.55555555555556	-0.638888888888889
			4.58333333333333	-0.638888888888889
			4.61111111111111	-0.638888888888889
			4.63888888888889	-0.638888888888889
			4.66666666666667	-0.638888888888889
			4.69444444444444	-0.638888888888889
			4.72222222222222	-0.638888888888889
			4.75	-0.666666666666667
			4.77777777777778	-0.666666666666667
			4.80555555555556	-0.666666666666667
			4.83333333333333	-0.666666666666667
			4.86111111111111	-0.666666666666667
			4.88888888888889	-0.666666666666667
			4.91666666666667	-0.666666666666667
			4.94444444444444	-0.666666666666667
			4.97222222222222	-0.694444444444444
			5	-0.694444444444444
			5.02777777777778	-0.694444444444444
			5.05555555555556	-0.694444444444444
			5.08333333333333	-0.694444444444444
			5.11111111111111	-0.722222222222222
			5.13888888888889	-0.722222222222222
			5.16666666666667	-0.722222222222222
			5.19444444444444	-0.722222222222222
			5.22222222222222	-0.75
			5.25	-0.75
			5.27777777777778	-0.75
			5.30555555555556	-0.777777777777778
			5.33333333333333	-0.777777777777778
			5.36111111111111	-0.805555555555555
			5.38888888888889	-0.805555555555555
			5.41666666666667	-0.805555555555555
			5.44444444444444	-0.833333333333333
			5.47222222222222	-0.861111111111111
			5.5	-0.861111111111111
			5.52777777777778	-0.888888888888889
			5.55555555555556	-0.916666666666667
			5.58333333333333	-0.944444444444444
			5.61111111111111	-0.972222222222222
			5.63888888888889	-0.972222222222222
			5.66666666666667	-1
			5.69444444444444	-1.02777777777778
			5.69444444444444	-1.05555555555556
			5.72222222222222	-1.05555555555556
			5.72222222222222	-1.08333333333333
			5.75	-1.11111111111111
			5.75	-1.13888888888889
			5.77777777777778	-1.16666666666667
			5.77777777777778	-1.19444444444444
			5.80555555555556	-1.22222222222222
			5.80555555555556	-1.25
			5.80555555555556	-1.27777777777778
			5.83333333333333	-1.30555555555556
			5.83333333333333	-1.33333333333333
			5.83333333333333	-1.36111111111111
			5.86111111111111	-1.38888888888889
			5.86111111111111	-1.41666666666667
			5.86111111111111	-1.44444444444444
			5.86111111111111	-1.47222222222222
			5.86111111111111	-1.5
			5.88888888888889	-1.5
			5.88888888888889	-1.52777777777778
			5.88888888888889	-1.55555555555556
			5.88888888888889	-1.58333333333333
			5.88888888888889	-1.61111111111111
			5.91666666666667	-1.63888888888889
			5.91666666666667	-1.66666666666667
			5.91666666666667	-1.69444444444444
			5.91666666666667	-1.72222222222222
			5.91666666666667	-1.75
			5.94444444444444	-1.77777777777778
			5.94444444444444	-1.80555555555556
			5.94444444444444	-1.83333333333333
			5.94444444444444	-1.86111111111111
			5.94444444444444	-1.88888888888889
			5.94444444444444	-1.91666666666667
			5.97222222222222	-1.94444444444444
			5.97222222222222	-1.97222222222222
			5.97222222222222	-2
			5.97222222222222	-2.02777777777778
			5.97222222222222	-2.05555555555556
			5.97222222222222	-2.08333333333333
			5.97222222222222	-2.11111111111111
			5.97222222222222	-2.13888888888889
			6	-2.16666666666667
			6	-2.19444444444444
			6	-2.22222222222222
			6	-2.25
			6.02777777777778	-2.27777777777778
			6.02777777777778	-2.30555555555556
			6.02777777777778	-2.33333333333333
			6.05555555555556	-2.36111111111111
			6.05555555555556	-2.38888888888889
			6.08333333333333	-2.41666666666667
			6.08333333333333	-2.44444444444444
			6.11111111111111	-2.47222222222222
			6.11111111111111	-2.5
			6.13888888888889	-2.52777777777778
			6.13888888888889	-2.55555555555556
			6.16666666666667	-2.58333333333333
			6.16666666666667	-2.61111111111111
			6.19444444444444	-2.63888888888889
			6.19444444444444	-2.66666666666667
			6.22222222222222	-2.69444444444444
			6.22222222222222	-2.72222222222222
			6.25	-2.75
			6.27777777777778	-2.77777777777778
			6.27777777777778	-2.80555555555556
			6.30555555555556	-2.83333333333333
			6.33333333333333	-2.86111111111111
			6.33333333333333	-2.88888888888889
			6.36111111111111	-2.91666666666667
			6.38888888888889	-2.94444444444444
			6.38888888888889	-2.97222222222222
			6.41666666666667	-3
			6.44444444444444	-3.02777777777778
			6.44444444444444	-3.05555555555556
			6.47222222222222	-3.08333333333333
		</anterior>
		<posterior type=matrix rownames=FALSE colnames=FALSE nrow=196 ncol=2 as.numeric=TRUE >
			3.25	-3.08333333333333
			3.27777777777778	-3.08333333333333
			3.30555555555556	-3.08333333333333
			3.33333333333333	-3.11111111111111
			3.36111111111111	-3.11111111111111
			3.38888888888889	-3.11111111111111
			3.41666666666667	-3.11111111111111
			3.44444444444444	-3.11111111111111
			3.47222222222222	-3.08333333333333
			3.5	-3.08333333333333
			3.52777777777778	-3.08333333333333
			3.55555555555556	-3.08333333333333
			3.58333333333333	-3.08333333333333
			3.61111111111111	-3.08333333333333
			3.63888888888889	-3.08333333333333
			3.66666666666667	-3.08333333333333
			3.69444444444444	-3.08333333333333
			3.72222222222222	-3.08333333333333
			3.75	-3.05555555555556
			3.77777777777778	-3.05555555555556
			3.80555555555556	-3.05555555555556
			3.83333333333333	-3.05555555555556
			3.86111111111111	-3.05555555555556
			3.88888888888889	-3.05555555555556
			3.91666666666667	-3.05555555555556
			3.94444444444444	-3.05555555555556
			3.97222222222222	-3.02777777777778
			4	-3.02777777777778
			4.02777777777778	-3.02777777777778
			4.05555555555556	-3.02777777777778
			4.08333333333333	-3.02777777777778
			4.11111111111111	-3.02777777777778
			4.11111111111111	-3
			4.13888888888889	-3
			4.16666666666667	-3
			4.19444444444444	-3
			4.22222222222222	-3
			4.25	-3
			4.27777777777778	-3
			4.30555555555556	-3
			4.33333333333333	-3
			4.36111111111111	-3
			4.38888888888889	-3
			4.41666666666667	-3
			4.44444444444444	-3
			4.47222222222222	-3
			4.5	-3
			4.52777777777778	-3
			4.55555555555556	-3
			4.58333333333333	-3
			4.61111111111111	-3
			4.63888888888889	-3
			4.66666666666667	-2.97222222222222
			4.69444444444444	-2.97222222222222
			4.72222222222222	-2.97222222222222
			4.75	-2.97222222222222
			4.77777777777778	-2.97222222222222
			4.80555555555556	-2.97222222222222
			4.83333333333333	-2.94444444444444
			4.86111111111111	-2.94444444444444
			4.88888888888889	-2.94444444444444
			4.91666666666667	-2.94444444444444
			4.94444444444444	-2.94444444444444
			4.97222222222222	-2.94444444444444
			5	-2.91666666666667
			5.02777777777778	-2.91666666666667
			5.05555555555556	-2.91666666666667
			5.08333333333333	-2.91666666666667
			5.11111111111111	-2.88888888888889
			5.13888888888889	-2.88888888888889
			5.16666666666667	-2.88888888888889
			5.19444444444444	-2.88888888888889
			5.22222222222222	-2.88888888888889
			5.25	-2.86111111111111
			5.27777777777778	-2.86111111111111
			5.30555555555556	-2.86111111111111
			5.33333333333333	-2.86111111111111
			5.33333333333333	-2.83333333333333
			5.36111111111111	-2.83333333333333
			5.38888888888889	-2.80555555555556
			5.41666666666667	-2.80555555555556
			5.44444444444444	-2.77777777777778
			5.47222222222222	-2.75
			5.5	-2.75
			5.52777777777778	-2.72222222222222
			5.55555555555556	-2.69444444444444
			5.58333333333333	-2.69444444444444
			5.61111111111111	-2.66666666666667
			5.63888888888889	-2.66666666666667
			5.63888888888889	-2.63888888888889
			5.66666666666667	-2.63888888888889
			5.69444444444444	-2.61111111111111
			5.69444444444444	-2.58333333333333
			5.72222222222222	-2.58333333333333
			5.75	-2.55555555555556
			5.77777777777778	-2.52777777777778
			5.80555555555556	-2.5
			5.83333333333333	-2.52777777777778
			5.86111111111111	-2.55555555555556
			5.88888888888889	-2.58333333333333
			5.91666666666667	-2.61111111111111
			5.94444444444444	-2.63888888888889
			5.97222222222222	-2.66666666666667
			6	-2.69444444444444
			6.02777777777778	-2.72222222222222
			6.02777777777778	-2.75
			6.05555555555556	-2.77777777777778
			6.08333333333333	-2.80555555555556
			6.11111111111111	-2.83333333333333
			6.13888888888889	-2.86111111111111
			6.13888888888889	-2.88888888888889
			6.16666666666667	-2.91666666666667
			6.19444444444444	-2.94444444444444
			6.22222222222222	-2.97222222222222
			6.22222222222222	-3
			6.25	-3.02777777777778
			6.27777777777778	-3.05555555555556
			6.30555555555556	-3.08333333333333
			6.30555555555556	-3.11111111111111
			6.33333333333333	-3.13888888888889
			6.36111111111111	-3.16666666666667
			6.36111111111111	-3.19444444444444
			6.38888888888889	-3.19444444444444
			6.38888888888889	-3.22222222222222
			6.41666666666667	-3.25
			6.41666666666667	-3.27777777777778
			6.44444444444444	-3.27777777777778
			6.47222222222222	-3.30555555555556
			6.47222222222222	-3.33333333333333
			6.5	-3.36111111111111
			6.52777777777778	-3.38888888888889
			6.55555555555556	-3.41666666666667
			6.55555555555556	-3.44444444444444
			6.58333333333333	-3.47222222222222
			6.61111111111111	-3.5
			6.63888888888889	-3.52777777777778
			6.63888888888889	-3.55555555555556
			6.66666666666667	-3.58333333333333
			6.69444444444444	-3.61111111111111
			6.72222222222222	-3.63888888888889
			6.72222222222222	-3.66666666666667
			6.75	-3.69444444444444
			6.75	-3.72222222222222
			6.77777777777778	-3.72222222222222
			6.77777777777778	-3.75
			6.80555555555556	-3.77777777777778
			6.83333333333333	-3.80555555555556
			6.86111111111111	-3.83333333333333
			6.86111111111111	-3.86111111111111
			6.88888888888889	-3.88888888888889
			6.91666666666667	-3.91666666666667
			6.94444444444444	-3.94444444444444
			6.97222222222222	-3.97222222222222
			6.97222222222222	-4
			6.97222222222222	-3.97222222222222
			6.94444444444444	-3.97222222222222
			6.94444444444444	-3.94444444444444
			6.94444444444444	-3.91666666666667
			6.91666666666667	-3.91666666666667
			6.91666666666667	-3.88888888888889
			6.91666666666667	-3.86111111111111
			6.88888888888889	-3.86111111111111
			6.88888888888889	-3.83333333333333
			6.88888888888889	-3.80555555555556
			6.86111111111111	-3.80555555555556
			6.86111111111111	-3.77777777777778
			6.86111111111111	-3.75
			6.83333333333333	-3.72222222222222
			6.80555555555556	-3.69444444444444
			6.80555555555556	-3.66666666666667
			6.80555555555556	-3.63888888888889
			6.77777777777778	-3.63888888888889
			6.77777777777778	-3.61111111111111
			6.75	-3.58333333333333
			6.75	-3.55555555555556
			6.72222222222222	-3.52777777777778
			6.72222222222222	-3.5
			6.69444444444444	-3.47222222222222
			6.69444444444444	-3.44444444444444
			6.66666666666667	-3.41666666666667
			6.66666666666667	-3.38888888888889
			6.63888888888889	-3.36111111111111
			6.61111111111111	-3.33333333333333
			6.61111111111111	-3.30555555555556
			6.58333333333333	-3.27777777777778
			6.58333333333333	-3.25
			6.55555555555556	-3.25
			6.55555555555556	-3.22222222222222
			6.55555555555556	-3.19444444444444
			6.52777777777778	-3.19444444444444
			6.52777777777778	-3.16666666666667
			6.52777777777778	-3.13888888888889
			6.5	-3.13888888888889
			6.5	-3.11111111111111
			6.47222222222222	-3.11111111111111
			6.47222222222222	-3.08333333333333
		</posterior>
	</curves.scaled>
	<ruler.points type=matrix rownames=TRUE colnames=FALSE nrow=2 ncol=2 as.numeric=TRUE >
		Ruler point 1	253	19
		Ruler point 2	253	55
	</ruler.points>
</shapes>

