<shapes type=list>
	<ruler.pixel type=vector names=FALSE length=1 as.numeric=TRUE >362</ruler.pixel>
	<ruler.interval type=vector names=FALSE length=1 as.numeric=TRUE >10.43</ruler.interval>
	<scaling.units type=vector names=FALSE length=1 as.numeric=FALSE >mm</scaling.units>
	<scaling type=vector names=FALSE length=1 as.numeric=TRUE >0.0288121546961326</scaling>
	<landmarks.pixel type=matrix rownames=TRUE colnames=FALSE nrow=16 ncol=2 as.numeric=TRUE >
		LM1	214	47
		LM2	214	65
		LM3	214	191
		LM4	214	211
		LM5	278	135
		LM6	274	193
		LM7	273	206
		LM8	291	121
		LM9	297	167
		LM10	214	47
		LM11	341	203
		LM12	344	214
		LM13	214	47
		LM14	310	140
		LM15	375	211
		LM16	369	331
	</landmarks.pixel>
	<landmarks.scaled type=matrix rownames=TRUE colnames=FALSE nrow=16 ncol=2 as.numeric=TRUE >
		LM1	6.16580110497238	-1.35417127071823
		LM2	6.16580110497238	-1.87279005524862
		LM3	6.16580110497238	-5.50312154696133
		LM4	6.16580110497238	-6.07936464088398
		LM5	8.00977900552486	-3.8896408839779
		LM6	7.89453038674033	-5.56074585635359
		LM7	7.8657182320442	-5.93530386740331
		LM8	8.38433701657459	-3.48627071823204
		LM9	8.55720994475138	-4.81162983425414
		LM10	6.16580110497238	-1.35417127071823
		LM11	9.82494475138122	-5.84886740331492
		LM12	9.91138121546961	-6.16580110497238
		LM13	6.16580110497238	-1.35417127071823
		LM14	8.9317679558011	-4.03370165745856
		LM15	10.8045580110497	-6.07936464088398
		LM16	10.6316850828729	-9.53682320441989
	</landmarks.scaled>
	<curves.control type=list>
		<glabella type=matrix rownames=FALSE colnames=FALSE nrow=5 ncol=2 as.numeric=TRUE >
			214	65
			235	66
			258	73
			289	96
			273	206
		</glabella>
		<suture type=matrix rownames=FALSE colnames=FALSE nrow=13 ncol=2 as.numeric=TRUE >
			214	47
			225	46
			267	57
			315	75
			307	83
			303	96
			291	122
			320	136
			298	166
			292	172
			325	186
			338	187
			344	214
		</suture>
		<anterior type=matrix rownames=FALSE colnames=FALSE nrow=5 ncol=2 as.numeric=TRUE >
			214	47
			224	44
			268	56
			365	83
			375	211
		</anterior>
		<posterior type=matrix rownames=FALSE colnames=FALSE nrow=11 ncol=2 as.numeric=TRUE >
			214	211
			244	214
			274	207
			294	205
			345	216
			360	219
			363	242
			370	309
			372	335
			377	286
			375	211
		</posterior>
	</curves.control>
	<curves.pixel type=list>
		<glabella type=matrix rownames=FALSE colnames=FALSE nrow=180 ncol=2 as.numeric=TRUE >
			214	65
			215	65
			216	65
			217	65
			218	65
			219	65
			220	65
			221	66
			222	66
			223	66
			224	66
			225	66
			226	66
			227	66
			228	66
			229	66
			230	67
			231	67
			232	67
			233	67
			234	67
			235	67
			236	68
			237	68
			238	68
			239	68
			240	68
			241	69
			242	69
			243	69
			244	69
			245	70
			246	70
			247	70
			248	70
			249	71
			250	71
			251	71
			252	71
			253	72
			254	72
			255	72
			256	73
			257	73
			258	73
			259	74
			260	74
			261	75
			261	76
			262	77
			263	77
			264	78
			264	79
			265	80
			266	81
			266	82
			267	83
			268	84
			268	85
			269	86
			269	87
			270	88
			270	89
			271	90
			271	91
			271	92
			272	93
			272	94
			272	95
			273	96
			273	97
			273	98
			274	99
			274	100
			274	101
			275	102
			275	103
			275	104
			275	105
			276	106
			276	107
			276	108
			276	109
			276	110
			276	111
			277	112
			277	113
			277	114
			277	115
			277	116
			277	117
			277	118
			277	119
			277	120
			278	121
			278	122
			278	123
			278	124
			278	125
			278	126
			278	127
			278	128
			278	129
			278	130
			278	131
			278	132
			278	133
			278	134
			278	135
			278	136
			278	137
			278	138
			278	139
			278	140
			278	141
			278	142
			278	143
			278	144
			278	145
			278	146
			278	147
			278	148
			278	149
			278	150
			278	151
			278	152
			278	153
			278	154
			278	155
			278	156
			278	157
			278	158
			278	159
			278	160
			278	161
			278	162
			278	163
			278	164
			278	165
			277	166
			277	167
			277	168
			277	169
			277	170
			277	171
			277	172
			277	173
			277	174
			277	175
			277	176
			277	177
			276	178
			276	179
			276	180
			276	181
			276	182
			276	183
			276	184
			276	185
			276	186
			275	187
			275	188
			275	189
			275	190
			275	191
			275	192
			275	193
			275	194
			275	195
			274	196
			274	197
			274	198
			274	199
			274	200
			274	201
			274	202
			273	203
			273	204
			273	205
			273	206
		</glabella>
		<suture type=matrix rownames=FALSE colnames=FALSE nrow=259 ncol=2 as.numeric=TRUE >
			214	47
			215	47
			216	47
			217	47
			218	47
			219	47
			220	47
			221	47
			222	47
			223	47
			224	48
			225	48
			226	48
			227	48
			228	48
			229	48
			230	49
			231	49
			232	49
			233	49
			234	49
			235	49
			236	50
			237	50
			238	50
			239	50
			240	50
			241	51
			242	51
			243	51
			244	51
			245	52
			246	52
			247	52
			248	52
			249	53
			250	53
			251	53
			252	53
			253	53
			254	54
			255	54
			256	54
			257	54
			258	55
			259	55
			260	55
			261	56
			262	56
			263	56
			264	56
			265	56
			265	57
			266	57
			267	57
			268	57
			268	58
			269	58
			270	58
			271	58
			271	59
			272	59
			273	59
			274	60
			275	60
			276	61
			277	61
			278	61
			279	62
			280	62
			281	63
			282	63
			283	63
			284	64
			285	64
			286	65
			287	65
			288	66
			289	66
			290	67
			291	67
			292	67
			293	68
			294	69
			295	69
			296	70
			297	70
			298	71
			299	71
			300	72
			301	73
			302	73
			303	74
			304	74
			304	75
			305	75
			305	76
			306	76
			306	77
			307	77
			307	78
			308	79
			308	80
			308	81
			308	82
			307	83
			307	84
			306	85
			306	86
			306	87
			305	88
			305	89
			305	90
			304	91
			304	92
			304	93
			303	94
			303	95
			302	96
			302	97
			302	98
			301	99
			301	100
			300	101
			300	102
			300	103
			299	104
			299	105
			298	106
			298	107
			297	108
			297	109
			297	110
			296	111
			296	112
			295	113
			295	114
			294	115
			294	116
			293	117
			293	118
			292	119
			292	120
			292	121
			291	122
			292	123
			293	123
			294	124
			295	124
			296	125
			297	125
			298	126
			299	127
			300	128
			301	129
			302	130
			303	131
			304	132
			305	133
			305	134
			306	135
			306	136
			307	137
			307	138
			307	139
			307	140
			307	141
			307	142
			307	143
			307	144
			307	145
			307	146
			307	147
			307	148
			307	149
			306	150
			306	151
			306	152
			305	153
			305	154
			304	155
			304	156
			304	157
			303	158
			303	159
			302	160
			302	161
			301	162
			300	162
			300	163
			299	164
			299	165
			298	166
			297	167
			297	168
			297	169
			297	170
			298	171
			299	172
			300	173
			301	174
			302	174
			303	175
			304	176
			305	176
			306	177
			307	177
			308	178
			309	179
			310	179
			311	179
			312	180
			313	181
			314	181
			315	182
			316	182
			317	183
			318	183
			319	183
			320	184
			321	184
			322	185
			323	185
			324	186
			325	186
			326	186
			327	186
			328	187
			329	187
			330	187
			330	188
			331	188
			332	189
			333	189
			333	190
			334	191
			335	192
			336	193
			337	194
			337	195
			338	196
			338	197
			339	198
			339	199
			340	200
			340	201
			341	202
			341	203
			341	204
			342	205
			342	206
			342	207
			343	208
			343	209
			343	210
			343	211
			344	212
			344	213
			344	214
		</suture>
		<anterior type=matrix rownames=FALSE colnames=FALSE nrow=244 ncol=2 as.numeric=TRUE >
			214	47
			215	47
			216	47
			217	46
			218	46
			219	46
			220	46
			221	46
			222	46
			223	47
			224	47
			225	47
			226	47
			227	47
			228	47
			229	47
			230	47
			231	48
			232	48
			233	48
			234	48
			235	48
			236	48
			237	49
			238	49
			239	49
			240	49
			241	49
			242	50
			243	50
			244	50
			245	50
			246	50
			246	51
			247	51
			248	51
			249	51
			250	51
			251	52
			252	52
			253	52
			254	52
			255	53
			256	53
			257	53
			258	53
			259	54
			260	54
			261	54
			262	54
			263	55
			264	55
			265	55
			266	56
			267	56
			268	56
			269	56
			270	57
			271	57
			272	57
			273	57
			273	58
			274	58
			275	58
			276	58
			277	59
			278	59
			279	60
			280	60
			281	60
			282	61
			283	61
			284	61
			285	62
			286	62
			287	62
			288	63
			289	64
			290	64
			291	64
			292	65
			293	65
			294	66
			295	66
			296	67
			297	67
			298	68
			299	69
			300	69
			301	70
			302	70
			303	71
			304	71
			305	72
			306	72
			306	73
			307	73
			308	74
			309	74
			310	75
			311	76
			312	77
			313	77
			314	78
			315	79
			316	79
			317	80
			318	81
			319	82
			320	82
			321	83
			322	84
			322	85
			323	86
			324	86
			325	87
			326	88
			327	89
			328	90
			329	91
			330	92
			331	93
			332	94
			333	95
			334	96
			335	97
			335	98
			336	98
			336	99
			337	100
			338	101
			339	102
			340	103
			340	104
			341	105
			342	106
			342	107
			343	107
			343	108
			344	109
			345	110
			345	111
			346	112
			346	113
			347	114
			347	115
			348	115
			348	116
			349	117
			350	118
			350	119
			351	120
			351	121
			352	122
			352	123
			353	124
			353	125
			354	126
			354	127
			355	128
			355	129
			356	130
			356	131
			357	132
			357	133
			357	134
			358	135
			358	136
			359	137
			359	138
			360	139
			360	140
			360	141
			361	142
			361	143
			361	144
			362	145
			362	146
			362	147
			363	148
			363	149
			364	150
			364	151
			364	152
			365	153
			365	154
			365	155
			365	156
			366	157
			366	158
			366	159
			367	160
			367	161
			367	162
			367	163
			368	164
			368	165
			368	166
			368	167
			368	168
			369	168
			369	169
			369	170
			369	171
			369	172
			370	173
			370	174
			370	175
			370	176
			370	177
			371	178
			371	179
			371	180
			371	181
			371	182
			372	183
			372	184
			372	185
			372	186
			372	187
			372	188
			372	189
			373	190
			373	191
			373	192
			373	193
			373	194
			373	195
			373	196
			374	197
			374	198
			374	199
			374	200
			374	201
			374	202
			374	203
			374	204
			374	205
			375	206
			375	207
			375	208
			375	209
			375	210
			375	211
		</anterior>
		<posterior type=matrix rownames=FALSE colnames=FALSE nrow=380 ncol=2 as.numeric=TRUE >
			214	211
			215	211
			216	211
			217	211
			218	211
			219	211
			220	211
			221	212
			222	212
			223	212
			224	212
			225	212
			226	212
			227	212
			228	212
			229	212
			230	212
			231	212
			232	212
			233	212
			234	212
			235	212
			236	212
			237	212
			238	212
			239	212
			240	212
			241	212
			242	212
			243	212
			244	211
			245	211
			246	211
			247	211
			248	211
			249	211
			250	211
			251	211
			252	211
			253	211
			254	211
			255	210
			256	210
			257	210
			258	210
			259	210
			260	210
			261	210
			262	209
			263	209
			264	209
			265	209
			266	209
			267	208
			268	208
			269	208
			270	208
			271	208
			272	207
			273	207
			274	207
			275	207
			276	207
			277	207
			278	207
			279	207
			280	207
			281	207
			282	207
			283	207
			284	207
			285	207
			286	207
			287	207
			288	207
			289	207
			290	207
			291	207
			292	207
			293	207
			294	207
			295	207
			295	208
			296	208
			297	208
			298	208
			299	208
			300	208
			301	208
			302	208
			303	208
			304	209
			305	209
			306	209
			307	209
			308	209
			309	209
			310	209
			311	210
			312	210
			313	210
			314	210
			315	210
			316	210
			317	210
			318	211
			319	211
			320	211
			321	211
			322	211
			323	212
			324	212
			325	212
			326	212
			327	212
			328	212
			329	213
			330	213
			331	213
			332	213
			333	214
			334	214
			335	214
			336	214
			337	214
			338	215
			339	215
			340	215
			341	215
			342	215
			343	216
			344	216
			345	216
			346	216
			347	216
			348	217
			349	217
			350	218
			351	218
			352	219
			353	220
			354	220
			355	221
			355	222
			356	223
			357	224
			357	225
			358	226
			359	227
			359	228
			360	229
			360	230
			361	231
			361	232
			361	233
			361	234
			362	235
			362	236
			362	237
			362	238
			363	239
			363	240
			363	241
			363	242
			363	243
			363	244
			363	245
			363	246
			364	247
			364	248
			364	249
			364	250
			364	251
			364	252
			364	253
			364	254
			364	255
			364	256
			365	257
			365	258
			365	259
			365	260
			365	261
			365	262
			365	263
			365	264
			365	265
			365	266
			366	267
			366	268
			366	269
			366	270
			366	271
			366	272
			366	273
			366	274
			366	275
			367	276
			367	277
			367	278
			367	279
			367	280
			367	281
			367	282
			367	283
			367	284
			367	285
			367	286
			368	286
			368	287
			368	288
			368	289
			368	290
			368	291
			368	292
			368	293
			368	294
			368	295
			369	296
			369	297
			369	298
			369	299
			369	300
			369	301
			369	302
			369	303
			369	304
			369	305
			369	306
			370	307
			370	308
			370	309
			370	310
			370	311
			370	312
			370	313
			370	314
			370	315
			370	316
			370	317
			371	318
			371	319
			371	320
			371	321
			371	322
			371	323
			371	324
			371	325
			371	326
			371	327
			371	328
			372	329
			372	330
			372	331
			372	332
			372	333
			372	334
			372	333
			372	332
			372	331
			372	330
			373	329
			373	328
			373	327
			373	326
			373	325
			373	324
			373	323
			373	322
			373	321
			373	320
			373	319
			373	318
			374	317
			374	316
			374	315
			374	314
			374	313
			374	312
			374	311
			374	310
			374	309
			374	308
			374	307
			374	306
			374	305
			374	304
			374	303
			374	302
			374	301
			375	300
			375	299
			375	298
			375	297
			375	296
			375	295
			375	294
			375	293
			375	292
			375	291
			375	290
			375	289
			375	288
			375	287
			375	286
			375	285
			375	284
			375	283
			375	282
			375	281
			375	280
			375	279
			375	278
			375	277
			375	276
			375	275
			375	274
			375	273
			375	272
			375	271
			375	270
			375	269
			375	268
			375	267
			375	266
			376	265
			376	264
			376	263
			376	262
			376	261
			376	260
			376	259
			376	258
			376	257
			376	256
			376	255
			376	254
			376	253
			376	252
			376	251
			376	250
			376	249
			376	248
			376	247
			376	246
			376	245
			376	244
			376	243
			376	242
			376	241
			376	240
			376	239
			376	238
			375	237
			375	236
			375	235
			375	234
			375	233
			375	232
			375	231
			375	230
			375	229
			375	228
			375	227
			375	226
			375	225
			375	224
			375	223
			375	222
			375	221
			375	220
			375	219
			375	218
			375	217
			375	216
			375	215
			375	214
			375	213
			375	212
			375	211
		</posterior>
	</curves.pixel>
	<curves.scaled type=list>
		<glabella type=matrix rownames=FALSE colnames=FALSE nrow=180 ncol=2 as.numeric=TRUE >
			6.16580110497238	-1.87279005524862
			6.19461325966851	-1.87279005524862
			6.22342541436464	-1.87279005524862
			6.25223756906077	-1.87279005524862
			6.28104972375691	-1.87279005524862
			6.30986187845304	-1.87279005524862
			6.33867403314917	-1.87279005524862
			6.3674861878453	-1.90160220994475
			6.39629834254144	-1.90160220994475
			6.42511049723757	-1.90160220994475
			6.4539226519337	-1.90160220994475
			6.48273480662983	-1.90160220994475
			6.51154696132597	-1.90160220994475
			6.5403591160221	-1.90160220994475
			6.56917127071823	-1.90160220994475
			6.59798342541436	-1.90160220994475
			6.6267955801105	-1.93041436464088
			6.65560773480663	-1.93041436464088
			6.68441988950276	-1.93041436464088
			6.71323204419889	-1.93041436464088
			6.74204419889503	-1.93041436464088
			6.77085635359116	-1.93041436464088
			6.79966850828729	-1.95922651933702
			6.82848066298343	-1.95922651933702
			6.85729281767956	-1.95922651933702
			6.88610497237569	-1.95922651933702
			6.91491712707182	-1.95922651933702
			6.94372928176796	-1.98803867403315
			6.97254143646409	-1.98803867403315
			7.00135359116022	-1.98803867403315
			7.03016574585635	-1.98803867403315
			7.05897790055249	-2.01685082872928
			7.08779005524862	-2.01685082872928
			7.11660220994475	-2.01685082872928
			7.14541436464088	-2.01685082872928
			7.17422651933702	-2.04566298342541
			7.20303867403315	-2.04566298342541
			7.23185082872928	-2.04566298342541
			7.26066298342541	-2.04566298342541
			7.28947513812155	-2.07447513812155
			7.31828729281768	-2.07447513812155
			7.34709944751381	-2.07447513812155
			7.37591160220994	-2.10328729281768
			7.40472375690608	-2.10328729281768
			7.43353591160221	-2.10328729281768
			7.46234806629834	-2.13209944751381
			7.49116022099447	-2.13209944751381
			7.51997237569061	-2.16091160220994
			7.51997237569061	-2.18972375690608
			7.54878453038674	-2.21853591160221
			7.57759668508287	-2.21853591160221
			7.60640883977901	-2.24734806629834
			7.60640883977901	-2.27616022099448
			7.63522099447514	-2.30497237569061
			7.66403314917127	-2.33378453038674
			7.66403314917127	-2.36259668508287
			7.6928453038674	-2.39140883977901
			7.72165745856354	-2.42022099447514
			7.72165745856354	-2.44903314917127
			7.75046961325967	-2.4778453038674
			7.75046961325967	-2.50665745856354
			7.7792817679558	-2.53546961325967
			7.7792817679558	-2.5642817679558
			7.80809392265193	-2.59309392265193
			7.80809392265193	-2.62190607734807
			7.80809392265193	-2.6507182320442
			7.83690607734807	-2.67953038674033
			7.83690607734807	-2.70834254143646
			7.83690607734807	-2.7371546961326
			7.8657182320442	-2.76596685082873
			7.8657182320442	-2.79477900552486
			7.8657182320442	-2.82359116022099
			7.89453038674033	-2.85240331491713
			7.89453038674033	-2.88121546961326
			7.89453038674033	-2.91002762430939
			7.92334254143646	-2.93883977900552
			7.92334254143646	-2.96765193370166
			7.92334254143646	-2.99646408839779
			7.92334254143646	-3.02527624309392
			7.9521546961326	-3.05408839779006
			7.9521546961326	-3.08290055248619
			7.9521546961326	-3.11171270718232
			7.9521546961326	-3.14052486187845
			7.9521546961326	-3.16933701657459
			7.9521546961326	-3.19814917127072
			7.98096685082873	-3.22696132596685
			7.98096685082873	-3.25577348066298
			7.98096685082873	-3.28458563535912
			7.98096685082873	-3.31339779005525
			7.98096685082873	-3.34220994475138
			7.98096685082873	-3.37102209944751
			7.98096685082873	-3.39983425414365
			7.98096685082873	-3.42864640883978
			7.98096685082873	-3.45745856353591
			8.00977900552486	-3.48627071823204
			8.00977900552486	-3.51508287292818
			8.00977900552486	-3.54389502762431
			8.00977900552486	-3.57270718232044
			8.00977900552486	-3.60151933701657
			8.00977900552486	-3.63033149171271
			8.00977900552486	-3.65914364640884
			8.00977900552486	-3.68795580110497
			8.00977900552486	-3.7167679558011
			8.00977900552486	-3.74558011049724
			8.00977900552486	-3.77439226519337
			8.00977900552486	-3.8032044198895
			8.00977900552486	-3.83201657458564
			8.00977900552486	-3.86082872928177
			8.00977900552486	-3.8896408839779
			8.00977900552486	-3.91845303867403
			8.00977900552486	-3.94726519337017
			8.00977900552486	-3.9760773480663
			8.00977900552486	-4.00488950276243
			8.00977900552486	-4.03370165745856
			8.00977900552486	-4.0625138121547
			8.00977900552486	-4.09132596685083
			8.00977900552486	-4.12013812154696
			8.00977900552486	-4.14895027624309
			8.00977900552486	-4.17776243093923
			8.00977900552486	-4.20657458563536
			8.00977900552486	-4.23538674033149
			8.00977900552486	-4.26419889502762
			8.00977900552486	-4.29301104972376
			8.00977900552486	-4.32182320441989
			8.00977900552486	-4.35063535911602
			8.00977900552486	-4.37944751381215
			8.00977900552486	-4.40825966850829
			8.00977900552486	-4.43707182320442
			8.00977900552486	-4.46588397790055
			8.00977900552486	-4.49469613259668
			8.00977900552486	-4.52350828729282
			8.00977900552486	-4.55232044198895
			8.00977900552486	-4.58113259668508
			8.00977900552486	-4.60994475138122
			8.00977900552486	-4.63875690607735
			8.00977900552486	-4.66756906077348
			8.00977900552486	-4.69638121546961
			8.00977900552486	-4.72519337016575
			8.00977900552486	-4.75400552486188
			7.98096685082873	-4.78281767955801
			7.98096685082873	-4.81162983425414
			7.98096685082873	-4.84044198895028
			7.98096685082873	-4.86925414364641
			7.98096685082873	-4.89806629834254
			7.98096685082873	-4.92687845303867
			7.98096685082873	-4.95569060773481
			7.98096685082873	-4.98450276243094
			7.98096685082873	-5.01331491712707
			7.98096685082873	-5.0421270718232
			7.98096685082873	-5.07093922651934
			7.98096685082873	-5.09975138121547
			7.9521546961326	-5.1285635359116
			7.9521546961326	-5.15737569060773
			7.9521546961326	-5.18618784530387
			7.9521546961326	-5.215
			7.9521546961326	-5.24381215469613
			7.9521546961326	-5.27262430939227
			7.9521546961326	-5.3014364640884
			7.9521546961326	-5.33024861878453
			7.9521546961326	-5.35906077348066
			7.92334254143646	-5.3878729281768
			7.92334254143646	-5.41668508287293
			7.92334254143646	-5.44549723756906
			7.92334254143646	-5.47430939226519
			7.92334254143646	-5.50312154696133
			7.92334254143646	-5.53193370165746
			7.92334254143646	-5.56074585635359
			7.92334254143646	-5.58955801104972
			7.92334254143646	-5.61837016574586
			7.89453038674033	-5.64718232044199
			7.89453038674033	-5.67599447513812
			7.89453038674033	-5.70480662983425
			7.89453038674033	-5.73361878453039
			7.89453038674033	-5.76243093922652
			7.89453038674033	-5.79124309392265
			7.89453038674033	-5.82005524861878
			7.8657182320442	-5.84886740331492
			7.8657182320442	-5.87767955801105
			7.8657182320442	-5.90649171270718
			7.8657182320442	-5.93530386740331
		</glabella>
		<suture type=matrix rownames=FALSE colnames=FALSE nrow=259 ncol=2 as.numeric=TRUE >
			6.16580110497238	-1.35417127071823
			6.19461325966851	-1.35417127071823
			6.22342541436464	-1.35417127071823
			6.25223756906077	-1.35417127071823
			6.28104972375691	-1.35417127071823
			6.30986187845304	-1.35417127071823
			6.33867403314917	-1.35417127071823
			6.3674861878453	-1.35417127071823
			6.39629834254144	-1.35417127071823
			6.42511049723757	-1.35417127071823
			6.4539226519337	-1.38298342541436
			6.48273480662983	-1.38298342541436
			6.51154696132597	-1.38298342541436
			6.5403591160221	-1.38298342541436
			6.56917127071823	-1.38298342541436
			6.59798342541436	-1.38298342541436
			6.6267955801105	-1.4117955801105
			6.65560773480663	-1.4117955801105
			6.68441988950276	-1.4117955801105
			6.71323204419889	-1.4117955801105
			6.74204419889503	-1.4117955801105
			6.77085635359116	-1.4117955801105
			6.79966850828729	-1.44060773480663
			6.82848066298343	-1.44060773480663
			6.85729281767956	-1.44060773480663
			6.88610497237569	-1.44060773480663
			6.91491712707182	-1.44060773480663
			6.94372928176796	-1.46941988950276
			6.97254143646409	-1.46941988950276
			7.00135359116022	-1.46941988950276
			7.03016574585635	-1.46941988950276
			7.05897790055249	-1.49823204419889
			7.08779005524862	-1.49823204419889
			7.11660220994475	-1.49823204419889
			7.14541436464088	-1.49823204419889
			7.17422651933702	-1.52704419889503
			7.20303867403315	-1.52704419889503
			7.23185082872928	-1.52704419889503
			7.26066298342541	-1.52704419889503
			7.28947513812155	-1.52704419889503
			7.31828729281768	-1.55585635359116
			7.34709944751381	-1.55585635359116
			7.37591160220994	-1.55585635359116
			7.40472375690608	-1.55585635359116
			7.43353591160221	-1.58466850828729
			7.46234806629834	-1.58466850828729
			7.49116022099447	-1.58466850828729
			7.51997237569061	-1.61348066298343
			7.54878453038674	-1.61348066298343
			7.57759668508287	-1.61348066298343
			7.60640883977901	-1.61348066298343
			7.63522099447514	-1.61348066298343
			7.63522099447514	-1.64229281767956
			7.66403314917127	-1.64229281767956
			7.6928453038674	-1.64229281767956
			7.72165745856354	-1.64229281767956
			7.72165745856354	-1.67110497237569
			7.75046961325967	-1.67110497237569
			7.7792817679558	-1.67110497237569
			7.80809392265193	-1.67110497237569
			7.80809392265193	-1.69991712707182
			7.83690607734807	-1.69991712707182
			7.8657182320442	-1.69991712707182
			7.89453038674033	-1.72872928176796
			7.92334254143646	-1.72872928176796
			7.9521546961326	-1.75754143646409
			7.98096685082873	-1.75754143646409
			8.00977900552486	-1.75754143646409
			8.03859116022099	-1.78635359116022
			8.06740331491713	-1.78635359116022
			8.09621546961326	-1.81516574585635
			8.12502762430939	-1.81516574585635
			8.15383977900552	-1.81516574585635
			8.18265193370166	-1.84397790055249
			8.21146408839779	-1.84397790055249
			8.24027624309392	-1.87279005524862
			8.26908839779006	-1.87279005524862
			8.29790055248619	-1.90160220994475
			8.32671270718232	-1.90160220994475
			8.35552486187845	-1.93041436464088
			8.38433701657459	-1.93041436464088
			8.41314917127072	-1.93041436464088
			8.44196132596685	-1.95922651933702
			8.47077348066298	-1.98803867403315
			8.49958563535912	-1.98803867403315
			8.52839779005525	-2.01685082872928
			8.55720994475138	-2.01685082872928
			8.58602209944751	-2.04566298342541
			8.61483425414365	-2.04566298342541
			8.64364640883978	-2.07447513812155
			8.67245856353591	-2.10328729281768
			8.70127071823204	-2.10328729281768
			8.73008287292818	-2.13209944751381
			8.75889502762431	-2.13209944751381
			8.75889502762431	-2.16091160220994
			8.78770718232044	-2.16091160220994
			8.78770718232044	-2.18972375690608
			8.81651933701657	-2.18972375690608
			8.81651933701657	-2.21853591160221
			8.84533149171271	-2.21853591160221
			8.84533149171271	-2.24734806629834
			8.87414364640884	-2.27616022099448
			8.87414364640884	-2.30497237569061
			8.87414364640884	-2.33378453038674
			8.87414364640884	-2.36259668508287
			8.84533149171271	-2.39140883977901
			8.84533149171271	-2.42022099447514
			8.81651933701657	-2.44903314917127
			8.81651933701657	-2.4778453038674
			8.81651933701657	-2.50665745856354
			8.78770718232044	-2.53546961325967
			8.78770718232044	-2.5642817679558
			8.78770718232044	-2.59309392265193
			8.75889502762431	-2.62190607734807
			8.75889502762431	-2.6507182320442
			8.75889502762431	-2.67953038674033
			8.73008287292818	-2.70834254143646
			8.73008287292818	-2.7371546961326
			8.70127071823204	-2.76596685082873
			8.70127071823204	-2.79477900552486
			8.70127071823204	-2.82359116022099
			8.67245856353591	-2.85240331491713
			8.67245856353591	-2.88121546961326
			8.64364640883978	-2.91002762430939
			8.64364640883978	-2.93883977900552
			8.64364640883978	-2.96765193370166
			8.61483425414365	-2.99646408839779
			8.61483425414365	-3.02527624309392
			8.58602209944751	-3.05408839779006
			8.58602209944751	-3.08290055248619
			8.55720994475138	-3.11171270718232
			8.55720994475138	-3.14052486187845
			8.55720994475138	-3.16933701657459
			8.52839779005525	-3.19814917127072
			8.52839779005525	-3.22696132596685
			8.49958563535912	-3.25577348066298
			8.49958563535912	-3.28458563535912
			8.47077348066298	-3.31339779005525
			8.47077348066298	-3.34220994475138
			8.44196132596685	-3.37102209944751
			8.44196132596685	-3.39983425414365
			8.41314917127072	-3.42864640883978
			8.41314917127072	-3.45745856353591
			8.41314917127072	-3.48627071823204
			8.38433701657459	-3.51508287292818
			8.41314917127072	-3.54389502762431
			8.44196132596685	-3.54389502762431
			8.47077348066298	-3.57270718232044
			8.49958563535912	-3.57270718232044
			8.52839779005525	-3.60151933701657
			8.55720994475138	-3.60151933701657
			8.58602209944751	-3.63033149171271
			8.61483425414365	-3.65914364640884
			8.64364640883978	-3.68795580110497
			8.67245856353591	-3.7167679558011
			8.70127071823204	-3.74558011049724
			8.73008287292818	-3.77439226519337
			8.75889502762431	-3.8032044198895
			8.78770718232044	-3.83201657458564
			8.78770718232044	-3.86082872928177
			8.81651933701657	-3.8896408839779
			8.81651933701657	-3.91845303867403
			8.84533149171271	-3.94726519337017
			8.84533149171271	-3.9760773480663
			8.84533149171271	-4.00488950276243
			8.84533149171271	-4.03370165745856
			8.84533149171271	-4.0625138121547
			8.84533149171271	-4.09132596685083
			8.84533149171271	-4.12013812154696
			8.84533149171271	-4.14895027624309
			8.84533149171271	-4.17776243093923
			8.84533149171271	-4.20657458563536
			8.84533149171271	-4.23538674033149
			8.84533149171271	-4.26419889502762
			8.84533149171271	-4.29301104972376
			8.81651933701657	-4.32182320441989
			8.81651933701657	-4.35063535911602
			8.81651933701657	-4.37944751381215
			8.78770718232044	-4.40825966850829
			8.78770718232044	-4.43707182320442
			8.75889502762431	-4.46588397790055
			8.75889502762431	-4.49469613259668
			8.75889502762431	-4.52350828729282
			8.73008287292818	-4.55232044198895
			8.73008287292818	-4.58113259668508
			8.70127071823204	-4.60994475138122
			8.70127071823204	-4.63875690607735
			8.67245856353591	-4.66756906077348
			8.64364640883978	-4.66756906077348
			8.64364640883978	-4.69638121546961
			8.61483425414365	-4.72519337016575
			8.61483425414365	-4.75400552486188
			8.58602209944751	-4.78281767955801
			8.55720994475138	-4.81162983425414
			8.55720994475138	-4.84044198895028
			8.55720994475138	-4.86925414364641
			8.55720994475138	-4.89806629834254
			8.58602209944751	-4.92687845303867
			8.61483425414365	-4.95569060773481
			8.64364640883978	-4.98450276243094
			8.67245856353591	-5.01331491712707
			8.70127071823204	-5.01331491712707
			8.73008287292818	-5.0421270718232
			8.75889502762431	-5.07093922651934
			8.78770718232044	-5.07093922651934
			8.81651933701657	-5.09975138121547
			8.84533149171271	-5.09975138121547
			8.87414364640884	-5.1285635359116
			8.90295580110497	-5.15737569060773
			8.9317679558011	-5.15737569060773
			8.96058011049724	-5.15737569060773
			8.98939226519337	-5.18618784530387
			9.0182044198895	-5.215
			9.04701657458564	-5.215
			9.07582872928177	-5.24381215469613
			9.1046408839779	-5.24381215469613
			9.13345303867403	-5.27262430939227
			9.16226519337017	-5.27262430939227
			9.1910773480663	-5.27262430939227
			9.21988950276243	-5.3014364640884
			9.24870165745856	-5.3014364640884
			9.2775138121547	-5.33024861878453
			9.30632596685083	-5.33024861878453
			9.33513812154696	-5.35906077348066
			9.36395027624309	-5.35906077348066
			9.39276243093923	-5.35906077348066
			9.42157458563536	-5.35906077348066
			9.45038674033149	-5.3878729281768
			9.47919889502762	-5.3878729281768
			9.50801104972376	-5.3878729281768
			9.50801104972376	-5.41668508287293
			9.53682320441989	-5.41668508287293
			9.56563535911602	-5.44549723756906
			9.59444751381215	-5.44549723756906
			9.59444751381215	-5.47430939226519
			9.62325966850829	-5.50312154696133
			9.65207182320442	-5.53193370165746
			9.68088397790055	-5.56074585635359
			9.70969613259668	-5.58955801104972
			9.70969613259668	-5.61837016574586
			9.73850828729282	-5.64718232044199
			9.73850828729282	-5.67599447513812
			9.76732044198895	-5.70480662983425
			9.76732044198895	-5.73361878453039
			9.79613259668508	-5.76243093922652
			9.79613259668508	-5.79124309392265
			9.82494475138122	-5.82005524861878
			9.82494475138122	-5.84886740331492
			9.82494475138122	-5.87767955801105
			9.85375690607735	-5.90649171270718
			9.85375690607735	-5.93530386740331
			9.85375690607735	-5.96411602209945
			9.88256906077348	-5.99292817679558
			9.88256906077348	-6.02174033149171
			9.88256906077348	-6.05055248618785
			9.88256906077348	-6.07936464088398
			9.91138121546961	-6.10817679558011
			9.91138121546961	-6.13698895027624
			9.91138121546961	-6.16580110497238
		</suture>
		<anterior type=matrix rownames=FALSE colnames=FALSE nrow=244 ncol=2 as.numeric=TRUE >
			6.16580110497238	-1.35417127071823
			6.19461325966851	-1.35417127071823
			6.22342541436464	-1.35417127071823
			6.25223756906077	-1.3253591160221
			6.28104972375691	-1.3253591160221
			6.30986187845304	-1.3253591160221
			6.33867403314917	-1.3253591160221
			6.3674861878453	-1.3253591160221
			6.39629834254144	-1.3253591160221
			6.42511049723757	-1.35417127071823
			6.4539226519337	-1.35417127071823
			6.48273480662983	-1.35417127071823
			6.51154696132597	-1.35417127071823
			6.5403591160221	-1.35417127071823
			6.56917127071823	-1.35417127071823
			6.59798342541436	-1.35417127071823
			6.6267955801105	-1.35417127071823
			6.65560773480663	-1.38298342541436
			6.68441988950276	-1.38298342541436
			6.71323204419889	-1.38298342541436
			6.74204419889503	-1.38298342541436
			6.77085635359116	-1.38298342541436
			6.79966850828729	-1.38298342541436
			6.82848066298343	-1.4117955801105
			6.85729281767956	-1.4117955801105
			6.88610497237569	-1.4117955801105
			6.91491712707182	-1.4117955801105
			6.94372928176796	-1.4117955801105
			6.97254143646409	-1.44060773480663
			7.00135359116022	-1.44060773480663
			7.03016574585635	-1.44060773480663
			7.05897790055249	-1.44060773480663
			7.08779005524862	-1.44060773480663
			7.08779005524862	-1.46941988950276
			7.11660220994475	-1.46941988950276
			7.14541436464088	-1.46941988950276
			7.17422651933702	-1.46941988950276
			7.20303867403315	-1.46941988950276
			7.23185082872928	-1.49823204419889
			7.26066298342541	-1.49823204419889
			7.28947513812155	-1.49823204419889
			7.31828729281768	-1.49823204419889
			7.34709944751381	-1.52704419889503
			7.37591160220994	-1.52704419889503
			7.40472375690608	-1.52704419889503
			7.43353591160221	-1.52704419889503
			7.46234806629834	-1.55585635359116
			7.49116022099447	-1.55585635359116
			7.51997237569061	-1.55585635359116
			7.54878453038674	-1.55585635359116
			7.57759668508287	-1.58466850828729
			7.60640883977901	-1.58466850828729
			7.63522099447514	-1.58466850828729
			7.66403314917127	-1.61348066298343
			7.6928453038674	-1.61348066298343
			7.72165745856354	-1.61348066298343
			7.75046961325967	-1.61348066298343
			7.7792817679558	-1.64229281767956
			7.80809392265193	-1.64229281767956
			7.83690607734807	-1.64229281767956
			7.8657182320442	-1.64229281767956
			7.8657182320442	-1.67110497237569
			7.89453038674033	-1.67110497237569
			7.92334254143646	-1.67110497237569
			7.9521546961326	-1.67110497237569
			7.98096685082873	-1.69991712707182
			8.00977900552486	-1.69991712707182
			8.03859116022099	-1.72872928176796
			8.06740331491713	-1.72872928176796
			8.09621546961326	-1.72872928176796
			8.12502762430939	-1.75754143646409
			8.15383977900552	-1.75754143646409
			8.18265193370166	-1.75754143646409
			8.21146408839779	-1.78635359116022
			8.24027624309392	-1.78635359116022
			8.26908839779006	-1.78635359116022
			8.29790055248619	-1.81516574585635
			8.32671270718232	-1.84397790055249
			8.35552486187845	-1.84397790055249
			8.38433701657459	-1.84397790055249
			8.41314917127072	-1.87279005524862
			8.44196132596685	-1.87279005524862
			8.47077348066298	-1.90160220994475
			8.49958563535912	-1.90160220994475
			8.52839779005525	-1.93041436464088
			8.55720994475138	-1.93041436464088
			8.58602209944751	-1.95922651933702
			8.61483425414365	-1.98803867403315
			8.64364640883978	-1.98803867403315
			8.67245856353591	-2.01685082872928
			8.70127071823204	-2.01685082872928
			8.73008287292818	-2.04566298342541
			8.75889502762431	-2.04566298342541
			8.78770718232044	-2.07447513812155
			8.81651933701657	-2.07447513812155
			8.81651933701657	-2.10328729281768
			8.84533149171271	-2.10328729281768
			8.87414364640884	-2.13209944751381
			8.90295580110497	-2.13209944751381
			8.9317679558011	-2.16091160220994
			8.96058011049724	-2.18972375690608
			8.98939226519337	-2.21853591160221
			9.0182044198895	-2.21853591160221
			9.04701657458564	-2.24734806629834
			9.07582872928177	-2.27616022099448
			9.1046408839779	-2.27616022099448
			9.13345303867403	-2.30497237569061
			9.16226519337017	-2.33378453038674
			9.1910773480663	-2.36259668508287
			9.21988950276243	-2.36259668508287
			9.24870165745856	-2.39140883977901
			9.2775138121547	-2.42022099447514
			9.2775138121547	-2.44903314917127
			9.30632596685083	-2.4778453038674
			9.33513812154696	-2.4778453038674
			9.36395027624309	-2.50665745856354
			9.39276243093923	-2.53546961325967
			9.42157458563536	-2.5642817679558
			9.45038674033149	-2.59309392265193
			9.47919889502762	-2.62190607734807
			9.50801104972376	-2.6507182320442
			9.53682320441989	-2.67953038674033
			9.56563535911602	-2.70834254143646
			9.59444751381215	-2.7371546961326
			9.62325966850829	-2.76596685082873
			9.65207182320442	-2.79477900552486
			9.65207182320442	-2.82359116022099
			9.68088397790055	-2.82359116022099
			9.68088397790055	-2.85240331491713
			9.70969613259668	-2.88121546961326
			9.73850828729282	-2.91002762430939
			9.76732044198895	-2.93883977900552
			9.79613259668508	-2.96765193370166
			9.79613259668508	-2.99646408839779
			9.82494475138122	-3.02527624309392
			9.85375690607735	-3.05408839779006
			9.85375690607735	-3.08290055248619
			9.88256906077348	-3.08290055248619
			9.88256906077348	-3.11171270718232
			9.91138121546961	-3.14052486187845
			9.94019337016575	-3.16933701657459
			9.94019337016575	-3.19814917127072
			9.96900552486188	-3.22696132596685
			9.96900552486188	-3.25577348066298
			9.99781767955801	-3.28458563535912
			9.99781767955801	-3.31339779005525
			10.0266298342541	-3.31339779005525
			10.0266298342541	-3.34220994475138
			10.0554419889503	-3.37102209944751
			10.0842541436464	-3.39983425414365
			10.0842541436464	-3.42864640883978
			10.1130662983425	-3.45745856353591
			10.1130662983425	-3.48627071823204
			10.1418784530387	-3.51508287292818
			10.1418784530387	-3.54389502762431
			10.1706906077348	-3.57270718232044
			10.1706906077348	-3.60151933701657
			10.1995027624309	-3.63033149171271
			10.1995027624309	-3.65914364640884
			10.2283149171271	-3.68795580110497
			10.2283149171271	-3.7167679558011
			10.2571270718232	-3.74558011049724
			10.2571270718232	-3.77439226519337
			10.2859392265193	-3.8032044198895
			10.2859392265193	-3.83201657458564
			10.2859392265193	-3.86082872928177
			10.3147513812155	-3.8896408839779
			10.3147513812155	-3.91845303867403
			10.3435635359116	-3.94726519337017
			10.3435635359116	-3.9760773480663
			10.3723756906077	-4.00488950276243
			10.3723756906077	-4.03370165745856
			10.3723756906077	-4.0625138121547
			10.4011878453039	-4.09132596685083
			10.4011878453039	-4.12013812154696
			10.4011878453039	-4.14895027624309
			10.43	-4.17776243093923
			10.43	-4.20657458563536
			10.43	-4.23538674033149
			10.4588121546961	-4.26419889502762
			10.4588121546961	-4.29301104972376
			10.4876243093923	-4.32182320441989
			10.4876243093923	-4.35063535911602
			10.4876243093923	-4.37944751381215
			10.5164364640884	-4.40825966850829
			10.5164364640884	-4.43707182320442
			10.5164364640884	-4.46588397790055
			10.5164364640884	-4.49469613259668
			10.5452486187845	-4.52350828729282
			10.5452486187845	-4.55232044198895
			10.5452486187845	-4.58113259668508
			10.5740607734807	-4.60994475138122
			10.5740607734807	-4.63875690607735
			10.5740607734807	-4.66756906077348
			10.5740607734807	-4.69638121546961
			10.6028729281768	-4.72519337016575
			10.6028729281768	-4.75400552486188
			10.6028729281768	-4.78281767955801
			10.6028729281768	-4.81162983425414
			10.6028729281768	-4.84044198895028
			10.6316850828729	-4.84044198895028
			10.6316850828729	-4.86925414364641
			10.6316850828729	-4.89806629834254
			10.6316850828729	-4.92687845303867
			10.6316850828729	-4.95569060773481
			10.6604972375691	-4.98450276243094
			10.6604972375691	-5.01331491712707
			10.6604972375691	-5.0421270718232
			10.6604972375691	-5.07093922651934
			10.6604972375691	-5.09975138121547
			10.6893093922652	-5.1285635359116
			10.6893093922652	-5.15737569060773
			10.6893093922652	-5.18618784530387
			10.6893093922652	-5.215
			10.6893093922652	-5.24381215469613
			10.7181215469613	-5.27262430939227
			10.7181215469613	-5.3014364640884
			10.7181215469613	-5.33024861878453
			10.7181215469613	-5.35906077348066
			10.7181215469613	-5.3878729281768
			10.7181215469613	-5.41668508287293
			10.7181215469613	-5.44549723756906
			10.7469337016575	-5.47430939226519
			10.7469337016575	-5.50312154696133
			10.7469337016575	-5.53193370165746
			10.7469337016575	-5.56074585635359
			10.7469337016575	-5.58955801104972
			10.7469337016575	-5.61837016574586
			10.7469337016575	-5.64718232044199
			10.7757458563536	-5.67599447513812
			10.7757458563536	-5.70480662983425
			10.7757458563536	-5.73361878453039
			10.7757458563536	-5.76243093922652
			10.7757458563536	-5.79124309392265
			10.7757458563536	-5.82005524861878
			10.7757458563536	-5.84886740331492
			10.7757458563536	-5.87767955801105
			10.7757458563536	-5.90649171270718
			10.8045580110497	-5.93530386740331
			10.8045580110497	-5.96411602209945
			10.8045580110497	-5.99292817679558
			10.8045580110497	-6.02174033149171
			10.8045580110497	-6.05055248618785
			10.8045580110497	-6.07936464088398
		</anterior>
		<posterior type=matrix rownames=FALSE colnames=FALSE nrow=380 ncol=2 as.numeric=TRUE >
			6.16580110497238	-6.07936464088398
			6.19461325966851	-6.07936464088398
			6.22342541436464	-6.07936464088398
			6.25223756906077	-6.07936464088398
			6.28104972375691	-6.07936464088398
			6.30986187845304	-6.07936464088398
			6.33867403314917	-6.07936464088398
			6.3674861878453	-6.10817679558011
			6.39629834254144	-6.10817679558011
			6.42511049723757	-6.10817679558011
			6.4539226519337	-6.10817679558011
			6.48273480662983	-6.10817679558011
			6.51154696132597	-6.10817679558011
			6.5403591160221	-6.10817679558011
			6.56917127071823	-6.10817679558011
			6.59798342541436	-6.10817679558011
			6.6267955801105	-6.10817679558011
			6.65560773480663	-6.10817679558011
			6.68441988950276	-6.10817679558011
			6.71323204419889	-6.10817679558011
			6.74204419889503	-6.10817679558011
			6.77085635359116	-6.10817679558011
			6.79966850828729	-6.10817679558011
			6.82848066298343	-6.10817679558011
			6.85729281767956	-6.10817679558011
			6.88610497237569	-6.10817679558011
			6.91491712707182	-6.10817679558011
			6.94372928176796	-6.10817679558011
			6.97254143646409	-6.10817679558011
			7.00135359116022	-6.10817679558011
			7.03016574585635	-6.07936464088398
			7.05897790055249	-6.07936464088398
			7.08779005524862	-6.07936464088398
			7.11660220994475	-6.07936464088398
			7.14541436464088	-6.07936464088398
			7.17422651933702	-6.07936464088398
			7.20303867403315	-6.07936464088398
			7.23185082872928	-6.07936464088398
			7.26066298342541	-6.07936464088398
			7.28947513812155	-6.07936464088398
			7.31828729281768	-6.07936464088398
			7.34709944751381	-6.05055248618785
			7.37591160220994	-6.05055248618785
			7.40472375690608	-6.05055248618785
			7.43353591160221	-6.05055248618785
			7.46234806629834	-6.05055248618785
			7.49116022099447	-6.05055248618785
			7.51997237569061	-6.05055248618785
			7.54878453038674	-6.02174033149171
			7.57759668508287	-6.02174033149171
			7.60640883977901	-6.02174033149171
			7.63522099447514	-6.02174033149171
			7.66403314917127	-6.02174033149171
			7.6928453038674	-5.99292817679558
			7.72165745856354	-5.99292817679558
			7.75046961325967	-5.99292817679558
			7.7792817679558	-5.99292817679558
			7.80809392265193	-5.99292817679558
			7.83690607734807	-5.96411602209945
			7.8657182320442	-5.96411602209945
			7.89453038674033	-5.96411602209945
			7.92334254143646	-5.96411602209945
			7.9521546961326	-5.96411602209945
			7.98096685082873	-5.96411602209945
			8.00977900552486	-5.96411602209945
			8.03859116022099	-5.96411602209945
			8.06740331491713	-5.96411602209945
			8.09621546961326	-5.96411602209945
			8.12502762430939	-5.96411602209945
			8.15383977900552	-5.96411602209945
			8.18265193370166	-5.96411602209945
			8.21146408839779	-5.96411602209945
			8.24027624309392	-5.96411602209945
			8.26908839779006	-5.96411602209945
			8.29790055248619	-5.96411602209945
			8.32671270718232	-5.96411602209945
			8.35552486187845	-5.96411602209945
			8.38433701657459	-5.96411602209945
			8.41314917127072	-5.96411602209945
			8.44196132596685	-5.96411602209945
			8.47077348066298	-5.96411602209945
			8.49958563535912	-5.96411602209945
			8.49958563535912	-5.99292817679558
			8.52839779005525	-5.99292817679558
			8.55720994475138	-5.99292817679558
			8.58602209944751	-5.99292817679558
			8.61483425414365	-5.99292817679558
			8.64364640883978	-5.99292817679558
			8.67245856353591	-5.99292817679558
			8.70127071823204	-5.99292817679558
			8.73008287292818	-5.99292817679558
			8.75889502762431	-6.02174033149171
			8.78770718232044	-6.02174033149171
			8.81651933701657	-6.02174033149171
			8.84533149171271	-6.02174033149171
			8.87414364640884	-6.02174033149171
			8.90295580110497	-6.02174033149171
			8.9317679558011	-6.02174033149171
			8.96058011049724	-6.05055248618785
			8.98939226519337	-6.05055248618785
			9.0182044198895	-6.05055248618785
			9.04701657458564	-6.05055248618785
			9.07582872928177	-6.05055248618785
			9.1046408839779	-6.05055248618785
			9.13345303867403	-6.05055248618785
			9.16226519337017	-6.07936464088398
			9.1910773480663	-6.07936464088398
			9.21988950276243	-6.07936464088398
			9.24870165745856	-6.07936464088398
			9.2775138121547	-6.07936464088398
			9.30632596685083	-6.10817679558011
			9.33513812154696	-6.10817679558011
			9.36395027624309	-6.10817679558011
			9.39276243093923	-6.10817679558011
			9.42157458563536	-6.10817679558011
			9.45038674033149	-6.10817679558011
			9.47919889502762	-6.13698895027624
			9.50801104972376	-6.13698895027624
			9.53682320441989	-6.13698895027624
			9.56563535911602	-6.13698895027624
			9.59444751381215	-6.16580110497238
			9.62325966850829	-6.16580110497238
			9.65207182320442	-6.16580110497238
			9.68088397790055	-6.16580110497238
			9.70969613259668	-6.16580110497238
			9.73850828729282	-6.19461325966851
			9.76732044198895	-6.19461325966851
			9.79613259668508	-6.19461325966851
			9.82494475138122	-6.19461325966851
			9.85375690607735	-6.19461325966851
			9.88256906077348	-6.22342541436464
			9.91138121546961	-6.22342541436464
			9.94019337016575	-6.22342541436464
			9.96900552486188	-6.22342541436464
			9.99781767955801	-6.22342541436464
			10.0266298342541	-6.25223756906077
			10.0554419889503	-6.25223756906077
			10.0842541436464	-6.28104972375691
			10.1130662983425	-6.28104972375691
			10.1418784530387	-6.30986187845304
			10.1706906077348	-6.33867403314917
			10.1995027624309	-6.33867403314917
			10.2283149171271	-6.3674861878453
			10.2283149171271	-6.39629834254144
			10.2571270718232	-6.42511049723757
			10.2859392265193	-6.4539226519337
			10.2859392265193	-6.48273480662983
			10.3147513812155	-6.51154696132597
			10.3435635359116	-6.5403591160221
			10.3435635359116	-6.56917127071823
			10.3723756906077	-6.59798342541436
			10.3723756906077	-6.6267955801105
			10.4011878453039	-6.65560773480663
			10.4011878453039	-6.68441988950276
			10.4011878453039	-6.71323204419889
			10.4011878453039	-6.74204419889503
			10.43	-6.77085635359116
			10.43	-6.79966850828729
			10.43	-6.82848066298343
			10.43	-6.85729281767956
			10.4588121546961	-6.88610497237569
			10.4588121546961	-6.91491712707182
			10.4588121546961	-6.94372928176796
			10.4588121546961	-6.97254143646409
			10.4588121546961	-7.00135359116022
			10.4588121546961	-7.03016574585635
			10.4588121546961	-7.05897790055249
			10.4588121546961	-7.08779005524862
			10.4876243093923	-7.11660220994475
			10.4876243093923	-7.14541436464088
			10.4876243093923	-7.17422651933702
			10.4876243093923	-7.20303867403315
			10.4876243093923	-7.23185082872928
			10.4876243093923	-7.26066298342541
			10.4876243093923	-7.28947513812155
			10.4876243093923	-7.31828729281768
			10.4876243093923	-7.34709944751381
			10.4876243093923	-7.37591160220994
			10.5164364640884	-7.40472375690608
			10.5164364640884	-7.43353591160221
			10.5164364640884	-7.46234806629834
			10.5164364640884	-7.49116022099447
			10.5164364640884	-7.51997237569061
			10.5164364640884	-7.54878453038674
			10.5164364640884	-7.57759668508287
			10.5164364640884	-7.60640883977901
			10.5164364640884	-7.63522099447514
			10.5164364640884	-7.66403314917127
			10.5452486187845	-7.6928453038674
			10.5452486187845	-7.72165745856354
			10.5452486187845	-7.75046961325967
			10.5452486187845	-7.7792817679558
			10.5452486187845	-7.80809392265193
			10.5452486187845	-7.83690607734807
			10.5452486187845	-7.8657182320442
			10.5452486187845	-7.89453038674033
			10.5452486187845	-7.92334254143646
			10.5740607734807	-7.9521546961326
			10.5740607734807	-7.98096685082873
			10.5740607734807	-8.00977900552486
			10.5740607734807	-8.03859116022099
			10.5740607734807	-8.06740331491713
			10.5740607734807	-8.09621546961326
			10.5740607734807	-8.12502762430939
			10.5740607734807	-8.15383977900552
			10.5740607734807	-8.18265193370166
			10.5740607734807	-8.21146408839779
			10.5740607734807	-8.24027624309392
			10.6028729281768	-8.24027624309392
			10.6028729281768	-8.26908839779006
			10.6028729281768	-8.29790055248619
			10.6028729281768	-8.32671270718232
			10.6028729281768	-8.35552486187845
			10.6028729281768	-8.38433701657459
			10.6028729281768	-8.41314917127072
			10.6028729281768	-8.44196132596685
			10.6028729281768	-8.47077348066298
			10.6028729281768	-8.49958563535912
			10.6316850828729	-8.52839779005525
			10.6316850828729	-8.55720994475138
			10.6316850828729	-8.58602209944751
			10.6316850828729	-8.61483425414365
			10.6316850828729	-8.64364640883978
			10.6316850828729	-8.67245856353591
			10.6316850828729	-8.70127071823204
			10.6316850828729	-8.73008287292818
			10.6316850828729	-8.75889502762431
			10.6316850828729	-8.78770718232044
			10.6316850828729	-8.81651933701657
			10.6604972375691	-8.84533149171271
			10.6604972375691	-8.87414364640884
			10.6604972375691	-8.90295580110497
			10.6604972375691	-8.9317679558011
			10.6604972375691	-8.96058011049724
			10.6604972375691	-8.98939226519337
			10.6604972375691	-9.0182044198895
			10.6604972375691	-9.04701657458564
			10.6604972375691	-9.07582872928177
			10.6604972375691	-9.1046408839779
			10.6604972375691	-9.13345303867403
			10.6893093922652	-9.16226519337017
			10.6893093922652	-9.1910773480663
			10.6893093922652	-9.21988950276243
			10.6893093922652	-9.24870165745856
			10.6893093922652	-9.2775138121547
			10.6893093922652	-9.30632596685083
			10.6893093922652	-9.33513812154696
			10.6893093922652	-9.36395027624309
			10.6893093922652	-9.39276243093923
			10.6893093922652	-9.42157458563536
			10.6893093922652	-9.45038674033149
			10.7181215469613	-9.47919889502762
			10.7181215469613	-9.50801104972376
			10.7181215469613	-9.53682320441989
			10.7181215469613	-9.56563535911602
			10.7181215469613	-9.59444751381215
			10.7181215469613	-9.62325966850829
			10.7181215469613	-9.59444751381215
			10.7181215469613	-9.56563535911602
			10.7181215469613	-9.53682320441989
			10.7181215469613	-9.50801104972376
			10.7469337016575	-9.47919889502762
			10.7469337016575	-9.45038674033149
			10.7469337016575	-9.42157458563536
			10.7469337016575	-9.39276243093923
			10.7469337016575	-9.36395027624309
			10.7469337016575	-9.33513812154696
			10.7469337016575	-9.30632596685083
			10.7469337016575	-9.2775138121547
			10.7469337016575	-9.24870165745856
			10.7469337016575	-9.21988950276243
			10.7469337016575	-9.1910773480663
			10.7469337016575	-9.16226519337017
			10.7757458563536	-9.13345303867403
			10.7757458563536	-9.1046408839779
			10.7757458563536	-9.07582872928177
			10.7757458563536	-9.04701657458564
			10.7757458563536	-9.0182044198895
			10.7757458563536	-8.98939226519337
			10.7757458563536	-8.96058011049724
			10.7757458563536	-8.9317679558011
			10.7757458563536	-8.90295580110497
			10.7757458563536	-8.87414364640884
			10.7757458563536	-8.84533149171271
			10.7757458563536	-8.81651933701657
			10.7757458563536	-8.78770718232044
			10.7757458563536	-8.75889502762431
			10.7757458563536	-8.73008287292818
			10.7757458563536	-8.70127071823204
			10.7757458563536	-8.67245856353591
			10.8045580110497	-8.64364640883978
			10.8045580110497	-8.61483425414365
			10.8045580110497	-8.58602209944751
			10.8045580110497	-8.55720994475138
			10.8045580110497	-8.52839779005525
			10.8045580110497	-8.49958563535912
			10.8045580110497	-8.47077348066298
			10.8045580110497	-8.44196132596685
			10.8045580110497	-8.41314917127072
			10.8045580110497	-8.38433701657459
			10.8045580110497	-8.35552486187845
			10.8045580110497	-8.32671270718232
			10.8045580110497	-8.29790055248619
			10.8045580110497	-8.26908839779006
			10.8045580110497	-8.24027624309392
			10.8045580110497	-8.21146408839779
			10.8045580110497	-8.18265193370166
			10.8045580110497	-8.15383977900552
			10.8045580110497	-8.12502762430939
			10.8045580110497	-8.09621546961326
			10.8045580110497	-8.06740331491713
			10.8045580110497	-8.03859116022099
			10.8045580110497	-8.00977900552486
			10.8045580110497	-7.98096685082873
			10.8045580110497	-7.9521546961326
			10.8045580110497	-7.92334254143646
			10.8045580110497	-7.89453038674033
			10.8045580110497	-7.8657182320442
			10.8045580110497	-7.83690607734807
			10.8045580110497	-7.80809392265193
			10.8045580110497	-7.7792817679558
			10.8045580110497	-7.75046961325967
			10.8045580110497	-7.72165745856354
			10.8045580110497	-7.6928453038674
			10.8045580110497	-7.66403314917127
			10.8333701657459	-7.63522099447514
			10.8333701657459	-7.60640883977901
			10.8333701657459	-7.57759668508287
			10.8333701657459	-7.54878453038674
			10.8333701657459	-7.51997237569061
			10.8333701657459	-7.49116022099447
			10.8333701657459	-7.46234806629834
			10.8333701657459	-7.43353591160221
			10.8333701657459	-7.40472375690608
			10.8333701657459	-7.37591160220994
			10.8333701657459	-7.34709944751381
			10.8333701657459	-7.31828729281768
			10.8333701657459	-7.28947513812155
			10.8333701657459	-7.26066298342541
			10.8333701657459	-7.23185082872928
			10.8333701657459	-7.20303867403315
			10.8333701657459	-7.17422651933702
			10.8333701657459	-7.14541436464088
			10.8333701657459	-7.11660220994475
			10.8333701657459	-7.08779005524862
			10.8333701657459	-7.05897790055249
			10.8333701657459	-7.03016574585635
			10.8333701657459	-7.00135359116022
			10.8333701657459	-6.97254143646409
			10.8333701657459	-6.94372928176796
			10.8333701657459	-6.91491712707182
			10.8333701657459	-6.88610497237569
			10.8333701657459	-6.85729281767956
			10.8045580110497	-6.82848066298343
			10.8045580110497	-6.79966850828729
			10.8045580110497	-6.77085635359116
			10.8045580110497	-6.74204419889503
			10.8045580110497	-6.71323204419889
			10.8045580110497	-6.68441988950276
			10.8045580110497	-6.65560773480663
			10.8045580110497	-6.6267955801105
			10.8045580110497	-6.59798342541436
			10.8045580110497	-6.56917127071823
			10.8045580110497	-6.5403591160221
			10.8045580110497	-6.51154696132597
			10.8045580110497	-6.48273480662983
			10.8045580110497	-6.4539226519337
			10.8045580110497	-6.42511049723757
			10.8045580110497	-6.39629834254144
			10.8045580110497	-6.3674861878453
			10.8045580110497	-6.33867403314917
			10.8045580110497	-6.30986187845304
			10.8045580110497	-6.28104972375691
			10.8045580110497	-6.25223756906077
			10.8045580110497	-6.22342541436464
			10.8045580110497	-6.19461325966851
			10.8045580110497	-6.16580110497238
			10.8045580110497	-6.13698895027624
			10.8045580110497	-6.10817679558011
			10.8045580110497	-6.07936464088398
		</posterior>
	</curves.scaled>
	<ruler.points type=matrix rownames=TRUE colnames=FALSE nrow=2 ncol=2 as.numeric=TRUE >
		Ruler point 1	40	7
		Ruler point 2	402	7
	</ruler.points>
</shapes>

