<shapes type=list>
	<ruler.pixel type=vector names=FALSE length=1 as.numeric=TRUE >142</ruler.pixel>
	<ruler.interval type=vector names=FALSE length=1 as.numeric=TRUE >7.3</ruler.interval>
	<scaling.units type=vector names=FALSE length=1 as.numeric=FALSE >mm</scaling.units>
	<scaling type=vector names=FALSE length=1 as.numeric=TRUE >0.0514084507042254</scaling>
	<landmarks.pixel type=matrix rownames=TRUE colnames=FALSE nrow=16 ncol=2 as.numeric=TRUE >
		LM1	727	26
		LM2	727	65
		LM3	727	153
		LM4	727	167
		LM5	758	102
		LM6	755	153
		LM7	755	163
		LM8	796	90
		LM9	805	135
		LM10	727	26
		LM11	845	157
		LM12	852	168
		LM13	727	26
		LM14	826	110
		LM15	904	167
		LM16	968	401
	</landmarks.pixel>
	<landmarks.scaled type=matrix rownames=TRUE colnames=FALSE nrow=16 ncol=2 as.numeric=TRUE >
		LM1	37.3739436619718	-1.33661971830986
		LM2	37.3739436619718	-3.34154929577465
		LM3	37.3739436619718	-7.86549295774648
		LM4	37.3739436619718	-8.58521126760563
		LM5	38.9676056338028	-5.24366197183099
		LM6	38.8133802816901	-7.86549295774648
		LM7	38.8133802816901	-8.37957746478873
		LM8	40.9211267605634	-4.62676056338028
		LM9	41.3838028169014	-6.94014084507042
		LM10	37.3739436619718	-1.33661971830986
		LM11	43.4401408450704	-8.07112676056338
		LM12	43.8	-8.63661971830986
		LM13	37.3739436619718	-1.33661971830986
		LM14	42.4633802816901	-5.65492957746479
		LM15	46.4732394366197	-8.58521126760563
		LM16	49.7633802816901	-20.6147887323944
	</landmarks.scaled>
	<curves.control type=list>
		<glabella type=matrix rownames=FALSE colnames=FALSE nrow=5 ncol=2 as.numeric=TRUE >
			727	65
			748	69
			756	77
			762	88
			755	163
		</glabella>
		<suture type=matrix rownames=FALSE colnames=FALSE nrow=15 ncol=2 as.numeric=TRUE >
			727	26
			760	30
			798	47
			814	55
			812	61
			802	69
			793	80
			791	86
			813	95
			830	118
			804	135
			802	145
			823	147
			845	154
			852	168
		</suture>
		<anterior type=matrix rownames=FALSE colnames=FALSE nrow=3 ncol=2 as.numeric=TRUE >
			727	26
			850	19
			904	167
		</anterior>
		<posterior type=matrix rownames=FALSE colnames=FALSE nrow=11 ncol=2 as.numeric=TRUE >
			727	167
			743	166
			754	162
			804	175
			871	166
			884	170
			899	181
			921	234
			967	406
			947	249
			904	167
		</posterior>
	</curves.control>
	<curves.pixel type=list>
		<glabella type=matrix rownames=FALSE colnames=FALSE nrow=117 ncol=2 as.numeric=TRUE >
			727	65
			728	65
			729	65
			730	66
			731	66
			732	66
			733	66
			734	66
			734	67
			735	67
			736	67
			737	67
			738	68
			739	68
			740	68
			741	69
			742	69
			743	69
			744	70
			745	70
			746	71
			747	71
			748	71
			749	72
			750	73
			751	73
			752	74
			753	74
			754	75
			755	76
			756	77
			757	78
			757	79
			757	80
			757	81
			758	82
			758	83
			758	84
			758	85
			758	86
			758	87
			758	88
			758	89
			759	90
			759	91
			759	92
			759	93
			759	94
			759	95
			759	96
			759	97
			759	98
			759	99
			759	100
			759	101
			759	102
			759	103
			759	104
			759	105
			759	106
			759	107
			759	108
			759	109
			759	110
			759	111
			759	112
			759	113
			758	114
			758	115
			758	116
			758	117
			758	118
			758	119
			758	120
			758	121
			758	122
			758	123
			758	124
			758	125
			758	126
			758	127
			758	128
			758	129
			758	130
			758	131
			757	132
			757	133
			757	134
			757	135
			757	136
			757	137
			757	138
			757	139
			757	140
			757	141
			757	142
			757	143
			757	144
			757	145
			756	146
			756	147
			756	148
			756	149
			756	150
			756	151
			756	152
			756	153
			756	154
			756	155
			756	156
			756	157
			755	158
			755	159
			755	160
			755	161
			755	162
			755	163
		</glabella>
		<suture type=matrix rownames=FALSE colnames=FALSE nrow=237 ncol=2 as.numeric=TRUE >
			727	26
			728	26
			729	26
			730	26
			731	27
			732	27
			733	27
			734	27
			735	27
			736	27
			737	28
			738	28
			739	28
			740	28
			741	28
			742	28
			743	29
			744	29
			745	29
			746	29
			747	30
			748	30
			749	30
			750	30
			751	30
			752	31
			753	31
			754	31
			755	31
			756	32
			757	32
			758	32
			759	33
			760	33
			761	33
			762	33
			763	34
			764	34
			765	34
			766	35
			767	35
			768	35
			769	36
			770	36
			771	36
			772	37
			773	37
			774	37
			775	38
			776	38
			777	38
			778	39
			779	39
			780	40
			781	40
			782	40
			783	41
			784	41
			785	42
			786	42
			787	42
			788	43
			789	43
			790	44
			791	44
			792	44
			793	45
			794	45
			795	46
			796	46
			797	46
			798	47
			799	48
			800	48
			801	49
			802	49
			803	50
			804	50
			805	51
			806	52
			807	52
			808	53
			809	54
			810	55
			811	56
			812	57
			812	58
			812	59
			812	60
			812	61
			811	61
			810	62
			809	63
			808	64
			807	65
			806	66
			805	67
			804	68
			803	69
			802	70
			801	71
			800	72
			799	73
			798	74
			797	75
			797	76
			796	77
			795	77
			794	78
			794	79
			793	80
			793	81
			793	82
			793	83
			794	84
			795	85
			796	86
			797	87
			798	88
			799	88
			800	89
			801	89
			802	90
			803	90
			803	91
			804	91
			805	92
			806	92
			807	92
			807	93
			808	93
			809	93
			810	94
			811	94
			812	95
			813	95
			814	96
			814	97
			815	98
			816	99
			816	100
			817	101
			817	102
			818	103
			818	104
			818	105
			819	106
			819	107
			819	108
			819	109
			820	110
			820	111
			820	112
			820	113
			820	114
			820	115
			819	115
			819	116
			819	117
			819	118
			818	119
			818	120
			818	121
			817	122
			817	123
			816	124
			815	125
			814	126
			813	127
			812	128
			811	129
			810	130
			809	131
			808	132
			807	133
			806	134
			805	135
			804	135
			804	136
			804	137
			804	138
			804	139
			805	140
			806	141
			806	142
			807	143
			808	143
			809	143
			809	144
			810	144
			811	145
			812	145
			813	145
			814	146
			815	146
			816	146
			817	146
			818	146
			819	147
			820	147
			821	147
			822	147
			823	147
			824	147
			825	148
			826	148
			827	148
			828	149
			829	149
			830	149
			831	150
			832	150
			833	151
			834	151
			835	152
			836	152
			836	153
			837	153
			838	154
			839	154
			839	155
			840	155
			841	156
			842	156
			842	157
			843	157
			844	158
			845	159
			846	160
			847	161
			848	162
			849	163
			850	164
			850	165
			851	166
			852	167
			852	168
		</suture>
		<anterior type=matrix rownames=FALSE colnames=FALSE nrow=230 ncol=2 as.numeric=TRUE >
			727	26
			728	26
			729	26
			730	26
			731	26
			732	26
			733	26
			734	26
			735	26
			736	26
			737	26
			738	26
			739	26
			740	26
			741	26
			742	26
			743	26
			744	26
			745	26
			746	26
			747	26
			748	26
			749	26
			750	26
			751	26
			752	26
			753	26
			754	26
			755	26
			756	27
			757	27
			758	27
			759	27
			760	27
			761	27
			762	27
			763	27
			764	28
			765	28
			766	28
			767	28
			768	28
			769	28
			770	29
			771	29
			772	29
			773	29
			774	30
			775	30
			776	30
			777	30
			778	30
			779	31
			780	31
			781	31
			782	32
			783	32
			784	32
			785	32
			786	33
			787	33
			788	33
			788	34
			789	34
			790	34
			791	35
			792	35
			793	35
			794	36
			795	36
			796	36
			797	37
			798	37
			799	38
			800	38
			801	39
			802	39
			803	39
			804	40
			805	40
			806	41
			807	41
			808	42
			809	42
			810	43
			811	43
			812	44
			813	44
			814	45
			815	45
			815	46
			816	46
			817	47
			818	47
			819	48
			820	48
			821	49
			821	50
			822	50
			823	51
			824	51
			825	52
			826	52
			826	53
			827	54
			828	54
			829	55
			830	55
			831	56
			831	57
			832	57
			833	58
			834	59
			835	59
			835	60
			836	61
			837	61
			838	62
			839	63
			840	64
			841	65
			842	66
			843	67
			844	67
			845	68
			846	69
			847	70
			847	71
			848	72
			849	73
			850	74
			851	75
			852	76
			853	77
			854	78
			855	79
			855	80
			856	81
			857	82
			858	83
			859	84
			860	85
			861	86
			861	87
			862	88
			863	89
			864	90
			865	91
			865	92
			866	93
			867	94
			867	95
			868	95
			868	96
			869	97
			870	98
			870	99
			871	100
			871	101
			872	102
			873	102
			873	103
			874	104
			874	105
			875	106
			875	107
			876	108
			876	109
			877	109
			877	110
			878	111
			879	112
			879	113
			880	114
			880	115
			881	116
			881	117
			882	118
			882	119
			883	120
			883	121
			884	121
			884	122
			885	123
			885	124
			886	125
			886	126
			887	127
			887	128
			888	129
			888	130
			889	131
			889	132
			890	133
			890	134
			891	135
			891	136
			892	137
			892	138
			893	139
			893	140
			893	141
			894	141
			894	142
			894	143
			895	144
			895	145
			896	146
			896	147
			897	148
			897	149
			897	150
			898	150
			898	151
			898	152
			898	153
			899	154
			899	155
			900	156
			900	157
			901	158
			901	159
			901	160
			902	161
			902	162
			903	163
			903	164
			903	165
			904	166
			904	167
		</anterior>
		<posterior type=matrix rownames=FALSE colnames=FALSE nrow=648 ncol=2 as.numeric=TRUE >
			727	167
			728	167
			729	167
			730	167
			731	167
			732	167
			733	167
			734	166
			735	166
			736	166
			737	166
			738	166
			739	166
			740	165
			741	165
			742	165
			743	165
			744	165
			745	165
			746	164
			747	164
			748	164
			749	164
			750	163
			751	163
			752	163
			753	162
			754	162
			755	162
			756	163
			757	163
			758	163
			759	163
			760	164
			761	164
			762	164
			763	164
			764	164
			765	165
			766	165
			767	165
			768	165
			769	165
			770	166
			771	166
			772	166
			773	166
			774	166
			775	166
			776	167
			777	167
			778	167
			779	167
			780	167
			781	167
			782	167
			783	168
			784	168
			785	168
			786	168
			787	168
			788	168
			789	168
			790	168
			791	168
			792	168
			792	169
			793	169
			794	169
			795	169
			796	169
			797	169
			798	169
			799	169
			800	169
			801	169
			802	169
			803	169
			804	169
			805	169
			806	169
			807	169
			808	169
			809	170
			810	170
			811	170
			812	170
			813	170
			814	170
			815	170
			816	170
			817	170
			818	170
			819	170
			820	170
			821	170
			822	170
			823	170
			824	170
			825	170
			826	170
			827	170
			828	170
			829	170
			830	169
			831	169
			832	169
			833	169
			834	169
			835	169
			836	169
			837	169
			838	169
			839	169
			840	169
			841	169
			842	169
			843	169
			844	169
			845	169
			846	169
			847	169
			848	168
			849	168
			850	168
			851	168
			852	168
			853	168
			854	168
			855	168
			856	168
			857	168
			858	168
			859	167
			860	167
			861	167
			862	167
			863	167
			864	167
			865	167
			866	167
			867	167
			868	166
			869	166
			870	166
			871	166
			872	166
			873	167
			874	167
			875	167
			876	168
			877	168
			878	169
			879	169
			880	170
			881	170
			882	170
			883	171
			884	172
			885	172
			886	173
			887	173
			888	174
			889	174
			890	175
			891	176
			892	176
			893	177
			894	178
			895	178
			896	179
			897	180
			898	181
			899	181
			900	182
			900	183
			900	184
			901	185
			901	186
			902	187
			902	188
			902	189
			903	190
			903	191
			903	192
			904	192
			904	193
			904	194
			905	195
			905	196
			905	197
			906	198
			906	199
			906	200
			907	201
			907	202
			907	203
			908	204
			908	205
			908	206
			909	207
			909	208
			909	209
			910	210
			910	211
			911	212
			911	213
			911	214
			912	215
			912	216
			912	217
			913	218
			913	219
			913	220
			913	221
			914	221
			914	222
			914	223
			915	224
			915	225
			915	226
			915	227
			916	228
			916	229
			917	230
			917	231
			917	232
			917	233
			918	234
			918	235
			918	236
			919	237
			919	238
			919	239
			920	240
			920	241
			920	242
			921	243
			921	244
			921	245
			922	246
			922	247
			922	248
			923	249
			923	250
			923	251
			923	252
			924	253
			924	254
			924	255
			925	256
			925	257
			925	258
			926	259
			926	260
			926	261
			926	262
			927	263
			927	264
			927	265
			928	266
			928	267
			928	268
			929	269
			929	270
			929	271
			929	272
			930	273
			930	274
			930	275
			931	276
			931	277
			931	278
			932	279
			932	280
			932	281
			933	282
			933	283
			933	284
			933	285
			934	286
			934	287
			934	288
			934	289
			935	289
			935	290
			935	291
			935	292
			936	293
			936	294
			936	295
			937	296
			937	297
			937	298
			937	299
			938	300
			938	301
			938	302
			939	303
			939	304
			939	305
			939	306
			940	307
			940	308
			940	309
			941	310
			941	311
			941	312
			941	313
			942	314
			942	315
			942	316
			943	317
			943	318
			943	319
			944	320
			944	321
			944	322
			944	323
			944	324
			945	324
			945	325
			945	326
			945	327
			946	328
			946	329
			946	330
			946	331
			947	331
			947	332
			947	333
			947	334
			948	335
			948	336
			948	337
			948	338
			949	339
			949	340
			949	341
			950	342
			950	343
			950	344
			950	345
			951	346
			951	347
			951	348
			951	349
			952	350
			952	351
			952	352
			953	353
			953	354
			953	355
			953	356
			954	357
			954	358
			954	359
			954	360
			955	361
			955	362
			955	363
			956	364
			956	365
			956	366
			956	367
			957	368
			957	369
			957	370
			958	371
			958	372
			958	373
			958	374
			959	375
			959	376
			959	377
			960	378
			960	379
			960	380
			960	381
			961	382
			961	383
			961	384
			961	385
			962	386
			962	387
			962	388
			962	389
			963	390
			963	391
			963	392
			963	393
			964	394
			964	395
			964	396
			964	397
			965	397
			965	398
			965	399
			965	400
			966	401
			966	402
			966	403
			967	404
			967	405
			967	406
			967	405
			967	404
			967	403
			967	402
			966	401
			966	400
			966	399
			966	398
			966	397
			966	396
			966	395
			965	394
			965	393
			965	392
			965	391
			965	390
			965	389
			965	388
			964	387
			964	386
			964	385
			964	384
			964	383
			964	382
			964	381
			963	380
			963	379
			963	378
			963	377
			963	376
			963	375
			963	374
			962	373
			962	372
			962	371
			962	370
			962	369
			962	368
			962	367
			961	367
			961	366
			961	365
			961	364
			961	363
			961	362
			961	361
			960	360
			960	359
			960	358
			960	357
			960	356
			959	355
			959	354
			959	353
			959	352
			959	351
			959	350
			959	349
			958	348
			958	347
			958	346
			958	345
			958	344
			958	343
			957	342
			957	341
			957	340
			957	339
			957	338
			956	337
			956	336
			956	335
			956	334
			956	333
			956	332
			955	331
			955	330
			955	329
			955	328
			955	327
			954	327
			954	326
			954	325
			954	324
			954	323
			954	322
			953	321
			953	320
			953	319
			953	318
			953	317
			952	316
			952	315
			952	314
			952	313
			951	312
			951	311
			951	310
			951	309
			951	308
			950	307
			950	306
			950	305
			950	304
			950	303
			949	302
			949	301
			949	300
			949	299
			949	298
			948	297
			948	296
			948	295
			948	294
			947	293
			947	292
			947	291
			947	290
			946	289
			946	288
			946	287
			946	286
			946	285
			945	284
			945	283
			945	282
			945	281
			944	280
			944	279
			944	278
			944	277
			943	276
			943	275
			943	274
			943	273
			942	272
			942	271
			942	270
			941	269
			941	268
			941	267
			941	266
			940	265
			940	264
			940	263
			940	262
			939	261
			939	260
			939	259
			939	258
			938	257
			938	256
			938	255
			937	254
			937	253
			937	252
			937	251
			936	250
			936	249
			936	248
			935	247
			935	246
			935	245
			935	244
			934	243
			934	242
			933	241
			933	240
			933	239
			933	238
			932	237
			932	236
			932	235
			931	234
			931	233
			931	232
			930	231
			930	230
			930	229
			930	228
			929	227
			929	226
			929	225
			928	224
			928	223
			927	222
			927	221
			927	220
			926	219
			926	218
			926	217
			925	216
			925	215
			925	214
			924	214
			924	213
			924	212
			924	211
			923	211
			923	210
			923	209
			922	208
			922	207
			922	206
			921	205
			921	204
			920	203
			920	202
			919	201
			919	200
			919	199
			918	198
			918	197
			917	196
			917	195
			917	194
			916	193
			916	192
			915	191
			915	190
			915	189
			914	188
			914	187
			913	186
			913	185
			912	184
			912	183
			911	182
			911	181
			910	180
			910	179
			909	178
			909	177
			909	176
			908	175
			908	174
			907	173
			907	172
			906	171
			906	170
			905	169
			905	168
			904	167
		</posterior>
	</curves.pixel>
	<curves.scaled type=list>
		<glabella type=matrix rownames=FALSE colnames=FALSE nrow=117 ncol=2 as.numeric=TRUE >
			37.3739436619718	-3.34154929577465
			37.4253521126761	-3.34154929577465
			37.4767605633803	-3.34154929577465
			37.5281690140845	-3.39295774647887
			37.5795774647887	-3.39295774647887
			37.630985915493	-3.39295774647887
			37.6823943661972	-3.39295774647887
			37.7338028169014	-3.39295774647887
			37.7338028169014	-3.4443661971831
			37.7852112676056	-3.4443661971831
			37.8366197183099	-3.4443661971831
			37.8880281690141	-3.4443661971831
			37.9394366197183	-3.49577464788732
			37.9908450704225	-3.49577464788732
			38.0422535211268	-3.49577464788732
			38.093661971831	-3.54718309859155
			38.1450704225352	-3.54718309859155
			38.1964788732394	-3.54718309859155
			38.2478873239437	-3.59859154929577
			38.2992957746479	-3.59859154929577
			38.3507042253521	-3.65
			38.4021126760563	-3.65
			38.4535211267606	-3.65
			38.5049295774648	-3.70140845070423
			38.556338028169	-3.75281690140845
			38.6077464788732	-3.75281690140845
			38.6591549295775	-3.80422535211268
			38.7105633802817	-3.80422535211268
			38.7619718309859	-3.8556338028169
			38.8133802816901	-3.90704225352113
			38.8647887323944	-3.95845070422535
			38.9161971830986	-4.00985915492958
			38.9161971830986	-4.0612676056338
			38.9161971830986	-4.11267605633803
			38.9161971830986	-4.16408450704225
			38.9676056338028	-4.21549295774648
			38.9676056338028	-4.2669014084507
			38.9676056338028	-4.31830985915493
			38.9676056338028	-4.36971830985915
			38.9676056338028	-4.42112676056338
			38.9676056338028	-4.47253521126761
			38.9676056338028	-4.52394366197183
			38.9676056338028	-4.57535211267606
			39.019014084507	-4.62676056338028
			39.019014084507	-4.67816901408451
			39.019014084507	-4.72957746478873
			39.019014084507	-4.78098591549296
			39.019014084507	-4.83239436619718
			39.019014084507	-4.88380281690141
			39.019014084507	-4.93521126760563
			39.019014084507	-4.98661971830986
			39.019014084507	-5.03802816901408
			39.019014084507	-5.08943661971831
			39.019014084507	-5.14084507042254
			39.019014084507	-5.19225352112676
			39.019014084507	-5.24366197183099
			39.019014084507	-5.29507042253521
			39.019014084507	-5.34647887323944
			39.019014084507	-5.39788732394366
			39.019014084507	-5.44929577464789
			39.019014084507	-5.50070422535211
			39.019014084507	-5.55211267605634
			39.019014084507	-5.60352112676056
			39.019014084507	-5.65492957746479
			39.019014084507	-5.70633802816901
			39.019014084507	-5.75774647887324
			39.019014084507	-5.80915492957747
			38.9676056338028	-5.86056338028169
			38.9676056338028	-5.91197183098592
			38.9676056338028	-5.96338028169014
			38.9676056338028	-6.01478873239437
			38.9676056338028	-6.06619718309859
			38.9676056338028	-6.11760563380282
			38.9676056338028	-6.16901408450704
			38.9676056338028	-6.22042253521127
			38.9676056338028	-6.27183098591549
			38.9676056338028	-6.32323943661972
			38.9676056338028	-6.37464788732394
			38.9676056338028	-6.42605633802817
			38.9676056338028	-6.47746478873239
			38.9676056338028	-6.52887323943662
			38.9676056338028	-6.58028169014085
			38.9676056338028	-6.63169014084507
			38.9676056338028	-6.6830985915493
			38.9676056338028	-6.73450704225352
			38.9161971830986	-6.78591549295775
			38.9161971830986	-6.83732394366197
			38.9161971830986	-6.8887323943662
			38.9161971830986	-6.94014084507042
			38.9161971830986	-6.99154929577465
			38.9161971830986	-7.04295774647887
			38.9161971830986	-7.0943661971831
			38.9161971830986	-7.14577464788732
			38.9161971830986	-7.19718309859155
			38.9161971830986	-7.24859154929577
			38.9161971830986	-7.3
			38.9161971830986	-7.35140845070423
			38.9161971830986	-7.40281690140845
			38.9161971830986	-7.45422535211268
			38.8647887323944	-7.5056338028169
			38.8647887323944	-7.55704225352113
			38.8647887323944	-7.60845070422535
			38.8647887323944	-7.65985915492958
			38.8647887323944	-7.7112676056338
			38.8647887323944	-7.76267605633803
			38.8647887323944	-7.81408450704225
			38.8647887323944	-7.86549295774648
			38.8647887323944	-7.9169014084507
			38.8647887323944	-7.96830985915493
			38.8647887323944	-8.01971830985915
			38.8647887323944	-8.07112676056338
			38.8133802816901	-8.12253521126761
			38.8133802816901	-8.17394366197183
			38.8133802816901	-8.22535211267606
			38.8133802816901	-8.27676056338028
			38.8133802816901	-8.32816901408451
			38.8133802816901	-8.37957746478873
		</glabella>
		<suture type=matrix rownames=FALSE colnames=FALSE nrow=237 ncol=2 as.numeric=TRUE >
			37.3739436619718	-1.33661971830986
			37.4253521126761	-1.33661971830986
			37.4767605633803	-1.33661971830986
			37.5281690140845	-1.33661971830986
			37.5795774647887	-1.38802816901408
			37.630985915493	-1.38802816901408
			37.6823943661972	-1.38802816901408
			37.7338028169014	-1.38802816901408
			37.7852112676056	-1.38802816901408
			37.8366197183099	-1.38802816901408
			37.8880281690141	-1.43943661971831
			37.9394366197183	-1.43943661971831
			37.9908450704225	-1.43943661971831
			38.0422535211268	-1.43943661971831
			38.093661971831	-1.43943661971831
			38.1450704225352	-1.43943661971831
			38.1964788732394	-1.49084507042254
			38.2478873239437	-1.49084507042254
			38.2992957746479	-1.49084507042254
			38.3507042253521	-1.49084507042254
			38.4021126760563	-1.54225352112676
			38.4535211267606	-1.54225352112676
			38.5049295774648	-1.54225352112676
			38.556338028169	-1.54225352112676
			38.6077464788732	-1.54225352112676
			38.6591549295775	-1.59366197183099
			38.7105633802817	-1.59366197183099
			38.7619718309859	-1.59366197183099
			38.8133802816901	-1.59366197183099
			38.8647887323944	-1.64507042253521
			38.9161971830986	-1.64507042253521
			38.9676056338028	-1.64507042253521
			39.019014084507	-1.69647887323944
			39.0704225352113	-1.69647887323944
			39.1218309859155	-1.69647887323944
			39.1732394366197	-1.69647887323944
			39.2246478873239	-1.74788732394366
			39.2760563380282	-1.74788732394366
			39.3274647887324	-1.74788732394366
			39.3788732394366	-1.79929577464789
			39.4302816901408	-1.79929577464789
			39.4816901408451	-1.79929577464789
			39.5330985915493	-1.85070422535211
			39.5845070422535	-1.85070422535211
			39.6359154929577	-1.85070422535211
			39.687323943662	-1.90211267605634
			39.7387323943662	-1.90211267605634
			39.7901408450704	-1.90211267605634
			39.8415492957746	-1.95352112676056
			39.8929577464789	-1.95352112676056
			39.9443661971831	-1.95352112676056
			39.9957746478873	-2.00492957746479
			40.0471830985916	-2.00492957746479
			40.0985915492958	-2.05633802816901
			40.15	-2.05633802816901
			40.2014084507042	-2.05633802816901
			40.2528169014085	-2.10774647887324
			40.3042253521127	-2.10774647887324
			40.3556338028169	-2.15915492957746
			40.4070422535211	-2.15915492957746
			40.4584507042254	-2.15915492957746
			40.5098591549296	-2.21056338028169
			40.5612676056338	-2.21056338028169
			40.612676056338	-2.26197183098592
			40.6640845070423	-2.26197183098592
			40.7154929577465	-2.26197183098592
			40.7669014084507	-2.31338028169014
			40.8183098591549	-2.31338028169014
			40.8697183098592	-2.36478873239437
			40.9211267605634	-2.36478873239437
			40.9725352112676	-2.36478873239437
			41.0239436619718	-2.41619718309859
			41.0753521126761	-2.46760563380282
			41.1267605633803	-2.46760563380282
			41.1781690140845	-2.51901408450704
			41.2295774647887	-2.51901408450704
			41.280985915493	-2.57042253521127
			41.3323943661972	-2.57042253521127
			41.3838028169014	-2.62183098591549
			41.4352112676056	-2.67323943661972
			41.4866197183099	-2.67323943661972
			41.5380281690141	-2.72464788732394
			41.5894366197183	-2.77605633802817
			41.6408450704225	-2.82746478873239
			41.6922535211268	-2.87887323943662
			41.743661971831	-2.93028169014085
			41.743661971831	-2.98169014084507
			41.743661971831	-3.0330985915493
			41.743661971831	-3.08450704225352
			41.743661971831	-3.13591549295775
			41.6922535211268	-3.13591549295775
			41.6408450704225	-3.18732394366197
			41.5894366197183	-3.2387323943662
			41.5380281690141	-3.29014084507042
			41.4866197183099	-3.34154929577465
			41.4352112676056	-3.39295774647887
			41.3838028169014	-3.4443661971831
			41.3323943661972	-3.49577464788732
			41.280985915493	-3.54718309859155
			41.2295774647887	-3.59859154929577
			41.1781690140845	-3.65
			41.1267605633803	-3.70140845070423
			41.0753521126761	-3.75281690140845
			41.0239436619718	-3.80422535211268
			40.9725352112676	-3.8556338028169
			40.9725352112676	-3.90704225352113
			40.9211267605634	-3.95845070422535
			40.8697183098592	-3.95845070422535
			40.8183098591549	-4.00985915492958
			40.8183098591549	-4.0612676056338
			40.7669014084507	-4.11267605633803
			40.7669014084507	-4.16408450704225
			40.7669014084507	-4.21549295774648
			40.7669014084507	-4.2669014084507
			40.8183098591549	-4.31830985915493
			40.8697183098592	-4.36971830985915
			40.9211267605634	-4.42112676056338
			40.9725352112676	-4.47253521126761
			41.0239436619718	-4.52394366197183
			41.0753521126761	-4.52394366197183
			41.1267605633803	-4.57535211267606
			41.1781690140845	-4.57535211267606
			41.2295774647887	-4.62676056338028
			41.280985915493	-4.62676056338028
			41.280985915493	-4.67816901408451
			41.3323943661972	-4.67816901408451
			41.3838028169014	-4.72957746478873
			41.4352112676056	-4.72957746478873
			41.4866197183099	-4.72957746478873
			41.4866197183099	-4.78098591549296
			41.5380281690141	-4.78098591549296
			41.5894366197183	-4.78098591549296
			41.6408450704225	-4.83239436619718
			41.6922535211268	-4.83239436619718
			41.743661971831	-4.88380281690141
			41.7950704225352	-4.88380281690141
			41.8464788732394	-4.93521126760563
			41.8464788732394	-4.98661971830986
			41.8978873239437	-5.03802816901408
			41.9492957746479	-5.08943661971831
			41.9492957746479	-5.14084507042254
			42.0007042253521	-5.19225352112676
			42.0007042253521	-5.24366197183099
			42.0521126760563	-5.29507042253521
			42.0521126760563	-5.34647887323944
			42.0521126760563	-5.39788732394366
			42.1035211267606	-5.44929577464789
			42.1035211267606	-5.50070422535211
			42.1035211267606	-5.55211267605634
			42.1035211267606	-5.60352112676056
			42.1549295774648	-5.65492957746479
			42.1549295774648	-5.70633802816901
			42.1549295774648	-5.75774647887324
			42.1549295774648	-5.80915492957747
			42.1549295774648	-5.86056338028169
			42.1549295774648	-5.91197183098592
			42.1035211267606	-5.91197183098592
			42.1035211267606	-5.96338028169014
			42.1035211267606	-6.01478873239437
			42.1035211267606	-6.06619718309859
			42.0521126760563	-6.11760563380282
			42.0521126760563	-6.16901408450704
			42.0521126760563	-6.22042253521127
			42.0007042253521	-6.27183098591549
			42.0007042253521	-6.32323943661972
			41.9492957746479	-6.37464788732394
			41.8978873239437	-6.42605633802817
			41.8464788732394	-6.47746478873239
			41.7950704225352	-6.52887323943662
			41.743661971831	-6.58028169014085
			41.6922535211268	-6.63169014084507
			41.6408450704225	-6.6830985915493
			41.5894366197183	-6.73450704225352
			41.5380281690141	-6.78591549295775
			41.4866197183099	-6.83732394366197
			41.4352112676056	-6.8887323943662
			41.3838028169014	-6.94014084507042
			41.3323943661972	-6.94014084507042
			41.3323943661972	-6.99154929577465
			41.3323943661972	-7.04295774647887
			41.3323943661972	-7.0943661971831
			41.3323943661972	-7.14577464788732
			41.3838028169014	-7.19718309859155
			41.4352112676056	-7.24859154929577
			41.4352112676056	-7.3
			41.4866197183099	-7.35140845070423
			41.5380281690141	-7.35140845070423
			41.5894366197183	-7.35140845070423
			41.5894366197183	-7.40281690140845
			41.6408450704225	-7.40281690140845
			41.6922535211268	-7.45422535211268
			41.743661971831	-7.45422535211268
			41.7950704225352	-7.45422535211268
			41.8464788732394	-7.5056338028169
			41.8978873239437	-7.5056338028169
			41.9492957746479	-7.5056338028169
			42.0007042253521	-7.5056338028169
			42.0521126760563	-7.5056338028169
			42.1035211267606	-7.55704225352113
			42.1549295774648	-7.55704225352113
			42.206338028169	-7.55704225352113
			42.2577464788732	-7.55704225352113
			42.3091549295775	-7.55704225352113
			42.3605633802817	-7.55704225352113
			42.4119718309859	-7.60845070422535
			42.4633802816901	-7.60845070422535
			42.5147887323944	-7.60845070422535
			42.5661971830986	-7.65985915492958
			42.6176056338028	-7.65985915492958
			42.669014084507	-7.65985915492958
			42.7204225352113	-7.7112676056338
			42.7718309859155	-7.7112676056338
			42.8232394366197	-7.76267605633803
			42.8746478873239	-7.76267605633803
			42.9260563380282	-7.81408450704225
			42.9774647887324	-7.81408450704225
			42.9774647887324	-7.86549295774648
			43.0288732394366	-7.86549295774648
			43.0802816901408	-7.9169014084507
			43.1316901408451	-7.9169014084507
			43.1316901408451	-7.96830985915493
			43.1830985915493	-7.96830985915493
			43.2345070422535	-8.01971830985915
			43.2859154929577	-8.01971830985915
			43.2859154929577	-8.07112676056338
			43.337323943662	-8.07112676056338
			43.3887323943662	-8.12253521126761
			43.4401408450704	-8.17394366197183
			43.4915492957746	-8.22535211267606
			43.5429577464789	-8.27676056338028
			43.5943661971831	-8.32816901408451
			43.6457746478873	-8.37957746478873
			43.6971830985916	-8.43098591549296
			43.6971830985916	-8.48239436619718
			43.7485915492958	-8.53380281690141
			43.8	-8.58521126760563
			43.8	-8.63661971830986
		</suture>
		<anterior type=matrix rownames=FALSE colnames=FALSE nrow=230 ncol=2 as.numeric=TRUE >
			37.3739436619718	-1.33661971830986
			37.4253521126761	-1.33661971830986
			37.4767605633803	-1.33661971830986
			37.5281690140845	-1.33661971830986
			37.5795774647887	-1.33661971830986
			37.630985915493	-1.33661971830986
			37.6823943661972	-1.33661971830986
			37.7338028169014	-1.33661971830986
			37.7852112676056	-1.33661971830986
			37.8366197183099	-1.33661971830986
			37.8880281690141	-1.33661971830986
			37.9394366197183	-1.33661971830986
			37.9908450704225	-1.33661971830986
			38.0422535211268	-1.33661971830986
			38.093661971831	-1.33661971830986
			38.1450704225352	-1.33661971830986
			38.1964788732394	-1.33661971830986
			38.2478873239437	-1.33661971830986
			38.2992957746479	-1.33661971830986
			38.3507042253521	-1.33661971830986
			38.4021126760563	-1.33661971830986
			38.4535211267606	-1.33661971830986
			38.5049295774648	-1.33661971830986
			38.556338028169	-1.33661971830986
			38.6077464788732	-1.33661971830986
			38.6591549295775	-1.33661971830986
			38.7105633802817	-1.33661971830986
			38.7619718309859	-1.33661971830986
			38.8133802816901	-1.33661971830986
			38.8647887323944	-1.38802816901408
			38.9161971830986	-1.38802816901408
			38.9676056338028	-1.38802816901408
			39.019014084507	-1.38802816901408
			39.0704225352113	-1.38802816901408
			39.1218309859155	-1.38802816901408
			39.1732394366197	-1.38802816901408
			39.2246478873239	-1.38802816901408
			39.2760563380282	-1.43943661971831
			39.3274647887324	-1.43943661971831
			39.3788732394366	-1.43943661971831
			39.4302816901408	-1.43943661971831
			39.4816901408451	-1.43943661971831
			39.5330985915493	-1.43943661971831
			39.5845070422535	-1.49084507042254
			39.6359154929577	-1.49084507042254
			39.687323943662	-1.49084507042254
			39.7387323943662	-1.49084507042254
			39.7901408450704	-1.54225352112676
			39.8415492957746	-1.54225352112676
			39.8929577464789	-1.54225352112676
			39.9443661971831	-1.54225352112676
			39.9957746478873	-1.54225352112676
			40.0471830985916	-1.59366197183099
			40.0985915492958	-1.59366197183099
			40.15	-1.59366197183099
			40.2014084507042	-1.64507042253521
			40.2528169014085	-1.64507042253521
			40.3042253521127	-1.64507042253521
			40.3556338028169	-1.64507042253521
			40.4070422535211	-1.69647887323944
			40.4584507042254	-1.69647887323944
			40.5098591549296	-1.69647887323944
			40.5098591549296	-1.74788732394366
			40.5612676056338	-1.74788732394366
			40.612676056338	-1.74788732394366
			40.6640845070423	-1.79929577464789
			40.7154929577465	-1.79929577464789
			40.7669014084507	-1.79929577464789
			40.8183098591549	-1.85070422535211
			40.8697183098592	-1.85070422535211
			40.9211267605634	-1.85070422535211
			40.9725352112676	-1.90211267605634
			41.0239436619718	-1.90211267605634
			41.0753521126761	-1.95352112676056
			41.1267605633803	-1.95352112676056
			41.1781690140845	-2.00492957746479
			41.2295774647887	-2.00492957746479
			41.280985915493	-2.00492957746479
			41.3323943661972	-2.05633802816901
			41.3838028169014	-2.05633802816901
			41.4352112676056	-2.10774647887324
			41.4866197183099	-2.10774647887324
			41.5380281690141	-2.15915492957746
			41.5894366197183	-2.15915492957746
			41.6408450704225	-2.21056338028169
			41.6922535211268	-2.21056338028169
			41.743661971831	-2.26197183098592
			41.7950704225352	-2.26197183098592
			41.8464788732394	-2.31338028169014
			41.8978873239437	-2.31338028169014
			41.8978873239437	-2.36478873239437
			41.9492957746479	-2.36478873239437
			42.0007042253521	-2.41619718309859
			42.0521126760563	-2.41619718309859
			42.1035211267606	-2.46760563380282
			42.1549295774648	-2.46760563380282
			42.206338028169	-2.51901408450704
			42.206338028169	-2.57042253521127
			42.2577464788732	-2.57042253521127
			42.3091549295775	-2.62183098591549
			42.3605633802817	-2.62183098591549
			42.4119718309859	-2.67323943661972
			42.4633802816901	-2.67323943661972
			42.4633802816901	-2.72464788732394
			42.5147887323944	-2.77605633802817
			42.5661971830986	-2.77605633802817
			42.6176056338028	-2.82746478873239
			42.669014084507	-2.82746478873239
			42.7204225352113	-2.87887323943662
			42.7204225352113	-2.93028169014085
			42.7718309859155	-2.93028169014085
			42.8232394366197	-2.98169014084507
			42.8746478873239	-3.0330985915493
			42.9260563380282	-3.0330985915493
			42.9260563380282	-3.08450704225352
			42.9774647887324	-3.13591549295775
			43.0288732394366	-3.13591549295775
			43.0802816901408	-3.18732394366197
			43.1316901408451	-3.2387323943662
			43.1830985915493	-3.29014084507042
			43.2345070422535	-3.34154929577465
			43.2859154929577	-3.39295774647887
			43.337323943662	-3.4443661971831
			43.3887323943662	-3.4443661971831
			43.4401408450704	-3.49577464788732
			43.4915492957746	-3.54718309859155
			43.5429577464789	-3.59859154929577
			43.5429577464789	-3.65
			43.5943661971831	-3.70140845070423
			43.6457746478873	-3.75281690140845
			43.6971830985916	-3.80422535211268
			43.7485915492958	-3.8556338028169
			43.8	-3.90704225352113
			43.8514084507042	-3.95845070422535
			43.9028169014084	-4.00985915492958
			43.9542253521127	-4.0612676056338
			43.9542253521127	-4.11267605633803
			44.0056338028169	-4.16408450704225
			44.0570422535211	-4.21549295774648
			44.1084507042254	-4.2669014084507
			44.1598591549296	-4.31830985915493
			44.2112676056338	-4.36971830985915
			44.262676056338	-4.42112676056338
			44.262676056338	-4.47253521126761
			44.3140845070423	-4.52394366197183
			44.3654929577465	-4.57535211267606
			44.4169014084507	-4.62676056338028
			44.4683098591549	-4.67816901408451
			44.4683098591549	-4.72957746478873
			44.5197183098592	-4.78098591549296
			44.5711267605634	-4.83239436619718
			44.5711267605634	-4.88380281690141
			44.6225352112676	-4.88380281690141
			44.6225352112676	-4.93521126760563
			44.6739436619718	-4.98661971830986
			44.7253521126761	-5.03802816901408
			44.7253521126761	-5.08943661971831
			44.7767605633803	-5.14084507042254
			44.7767605633803	-5.19225352112676
			44.8281690140845	-5.24366197183099
			44.8795774647887	-5.24366197183099
			44.8795774647887	-5.29507042253521
			44.930985915493	-5.34647887323944
			44.930985915493	-5.39788732394366
			44.9823943661972	-5.44929577464789
			44.9823943661972	-5.50070422535211
			45.0338028169014	-5.55211267605634
			45.0338028169014	-5.60352112676056
			45.0852112676056	-5.60352112676056
			45.0852112676056	-5.65492957746479
			45.1366197183099	-5.70633802816901
			45.1880281690141	-5.75774647887324
			45.1880281690141	-5.80915492957747
			45.2394366197183	-5.86056338028169
			45.2394366197183	-5.91197183098592
			45.2908450704225	-5.96338028169014
			45.2908450704225	-6.01478873239437
			45.3422535211268	-6.06619718309859
			45.3422535211268	-6.11760563380282
			45.393661971831	-6.16901408450704
			45.393661971831	-6.22042253521127
			45.4450704225352	-6.22042253521127
			45.4450704225352	-6.27183098591549
			45.4964788732394	-6.32323943661972
			45.4964788732394	-6.37464788732394
			45.5478873239437	-6.42605633802817
			45.5478873239437	-6.47746478873239
			45.5992957746479	-6.52887323943662
			45.5992957746479	-6.58028169014085
			45.6507042253521	-6.63169014084507
			45.6507042253521	-6.6830985915493
			45.7021126760563	-6.73450704225352
			45.7021126760563	-6.78591549295775
			45.7535211267606	-6.83732394366197
			45.7535211267606	-6.8887323943662
			45.8049295774648	-6.94014084507042
			45.8049295774648	-6.99154929577465
			45.856338028169	-7.04295774647887
			45.856338028169	-7.0943661971831
			45.9077464788732	-7.14577464788732
			45.9077464788732	-7.19718309859155
			45.9077464788732	-7.24859154929577
			45.9591549295775	-7.24859154929577
			45.9591549295775	-7.3
			45.9591549295775	-7.35140845070423
			46.0105633802817	-7.40281690140845
			46.0105633802817	-7.45422535211268
			46.0619718309859	-7.5056338028169
			46.0619718309859	-7.55704225352113
			46.1133802816901	-7.60845070422535
			46.1133802816901	-7.65985915492958
			46.1133802816901	-7.7112676056338
			46.1647887323944	-7.7112676056338
			46.1647887323944	-7.76267605633803
			46.1647887323944	-7.81408450704225
			46.1647887323944	-7.86549295774648
			46.2161971830986	-7.9169014084507
			46.2161971830986	-7.96830985915493
			46.2676056338028	-8.01971830985915
			46.2676056338028	-8.07112676056338
			46.319014084507	-8.12253521126761
			46.319014084507	-8.17394366197183
			46.319014084507	-8.22535211267606
			46.3704225352113	-8.27676056338028
			46.3704225352113	-8.32816901408451
			46.4218309859155	-8.37957746478873
			46.4218309859155	-8.43098591549296
			46.4218309859155	-8.48239436619718
			46.4732394366197	-8.53380281690141
			46.4732394366197	-8.58521126760563
		</anterior>
		<posterior type=matrix rownames=FALSE colnames=FALSE nrow=648 ncol=2 as.numeric=TRUE >
			37.3739436619718	-8.58521126760563
			37.4253521126761	-8.58521126760563
			37.4767605633803	-8.58521126760563
			37.5281690140845	-8.58521126760563
			37.5795774647887	-8.58521126760563
			37.630985915493	-8.58521126760563
			37.6823943661972	-8.58521126760563
			37.7338028169014	-8.53380281690141
			37.7852112676056	-8.53380281690141
			37.8366197183099	-8.53380281690141
			37.8880281690141	-8.53380281690141
			37.9394366197183	-8.53380281690141
			37.9908450704225	-8.53380281690141
			38.0422535211268	-8.48239436619718
			38.093661971831	-8.48239436619718
			38.1450704225352	-8.48239436619718
			38.1964788732394	-8.48239436619718
			38.2478873239437	-8.48239436619718
			38.2992957746479	-8.48239436619718
			38.3507042253521	-8.43098591549296
			38.4021126760563	-8.43098591549296
			38.4535211267606	-8.43098591549296
			38.5049295774648	-8.43098591549296
			38.556338028169	-8.37957746478873
			38.6077464788732	-8.37957746478873
			38.6591549295775	-8.37957746478873
			38.7105633802817	-8.32816901408451
			38.7619718309859	-8.32816901408451
			38.8133802816901	-8.32816901408451
			38.8647887323944	-8.37957746478873
			38.9161971830986	-8.37957746478873
			38.9676056338028	-8.37957746478873
			39.019014084507	-8.37957746478873
			39.0704225352113	-8.43098591549296
			39.1218309859155	-8.43098591549296
			39.1732394366197	-8.43098591549296
			39.2246478873239	-8.43098591549296
			39.2760563380282	-8.43098591549296
			39.3274647887324	-8.48239436619718
			39.3788732394366	-8.48239436619718
			39.4302816901408	-8.48239436619718
			39.4816901408451	-8.48239436619718
			39.5330985915493	-8.48239436619718
			39.5845070422535	-8.53380281690141
			39.6359154929577	-8.53380281690141
			39.687323943662	-8.53380281690141
			39.7387323943662	-8.53380281690141
			39.7901408450704	-8.53380281690141
			39.8415492957746	-8.53380281690141
			39.8929577464789	-8.58521126760563
			39.9443661971831	-8.58521126760563
			39.9957746478873	-8.58521126760563
			40.0471830985916	-8.58521126760563
			40.0985915492958	-8.58521126760563
			40.15	-8.58521126760563
			40.2014084507042	-8.58521126760563
			40.2528169014085	-8.63661971830986
			40.3042253521127	-8.63661971830986
			40.3556338028169	-8.63661971830986
			40.4070422535211	-8.63661971830986
			40.4584507042254	-8.63661971830986
			40.5098591549296	-8.63661971830986
			40.5612676056338	-8.63661971830986
			40.612676056338	-8.63661971830986
			40.6640845070423	-8.63661971830986
			40.7154929577465	-8.63661971830986
			40.7154929577465	-8.68802816901409
			40.7669014084507	-8.68802816901409
			40.8183098591549	-8.68802816901409
			40.8697183098592	-8.68802816901409
			40.9211267605634	-8.68802816901409
			40.9725352112676	-8.68802816901409
			41.0239436619718	-8.68802816901409
			41.0753521126761	-8.68802816901409
			41.1267605633803	-8.68802816901409
			41.1781690140845	-8.68802816901409
			41.2295774647887	-8.68802816901409
			41.280985915493	-8.68802816901409
			41.3323943661972	-8.68802816901409
			41.3838028169014	-8.68802816901409
			41.4352112676056	-8.68802816901409
			41.4866197183099	-8.68802816901409
			41.5380281690141	-8.68802816901409
			41.5894366197183	-8.73943661971831
			41.6408450704225	-8.73943661971831
			41.6922535211268	-8.73943661971831
			41.743661971831	-8.73943661971831
			41.7950704225352	-8.73943661971831
			41.8464788732394	-8.73943661971831
			41.8978873239437	-8.73943661971831
			41.9492957746479	-8.73943661971831
			42.0007042253521	-8.73943661971831
			42.0521126760563	-8.73943661971831
			42.1035211267606	-8.73943661971831
			42.1549295774648	-8.73943661971831
			42.206338028169	-8.73943661971831
			42.2577464788732	-8.73943661971831
			42.3091549295775	-8.73943661971831
			42.3605633802817	-8.73943661971831
			42.4119718309859	-8.73943661971831
			42.4633802816901	-8.73943661971831
			42.5147887323944	-8.73943661971831
			42.5661971830986	-8.73943661971831
			42.6176056338028	-8.73943661971831
			42.669014084507	-8.68802816901409
			42.7204225352113	-8.68802816901409
			42.7718309859155	-8.68802816901409
			42.8232394366197	-8.68802816901409
			42.8746478873239	-8.68802816901409
			42.9260563380282	-8.68802816901409
			42.9774647887324	-8.68802816901409
			43.0288732394366	-8.68802816901409
			43.0802816901408	-8.68802816901409
			43.1316901408451	-8.68802816901409
			43.1830985915493	-8.68802816901409
			43.2345070422535	-8.68802816901409
			43.2859154929577	-8.68802816901409
			43.337323943662	-8.68802816901409
			43.3887323943662	-8.68802816901409
			43.4401408450704	-8.68802816901409
			43.4915492957746	-8.68802816901409
			43.5429577464789	-8.68802816901409
			43.5943661971831	-8.63661971830986
			43.6457746478873	-8.63661971830986
			43.6971830985916	-8.63661971830986
			43.7485915492958	-8.63661971830986
			43.8	-8.63661971830986
			43.8514084507042	-8.63661971830986
			43.9028169014084	-8.63661971830986
			43.9542253521127	-8.63661971830986
			44.0056338028169	-8.63661971830986
			44.0570422535211	-8.63661971830986
			44.1084507042254	-8.63661971830986
			44.1598591549296	-8.58521126760563
			44.2112676056338	-8.58521126760563
			44.262676056338	-8.58521126760563
			44.3140845070423	-8.58521126760563
			44.3654929577465	-8.58521126760563
			44.4169014084507	-8.58521126760563
			44.4683098591549	-8.58521126760563
			44.5197183098592	-8.58521126760563
			44.5711267605634	-8.58521126760563
			44.6225352112676	-8.53380281690141
			44.6739436619718	-8.53380281690141
			44.7253521126761	-8.53380281690141
			44.7767605633803	-8.53380281690141
			44.8281690140845	-8.53380281690141
			44.8795774647887	-8.58521126760563
			44.930985915493	-8.58521126760563
			44.9823943661972	-8.58521126760563
			45.0338028169014	-8.63661971830986
			45.0852112676056	-8.63661971830986
			45.1366197183099	-8.68802816901409
			45.1880281690141	-8.68802816901409
			45.2394366197183	-8.73943661971831
			45.2908450704225	-8.73943661971831
			45.3422535211268	-8.73943661971831
			45.393661971831	-8.79084507042253
			45.4450704225352	-8.84225352112676
			45.4964788732394	-8.84225352112676
			45.5478873239437	-8.89366197183099
			45.5992957746479	-8.89366197183099
			45.6507042253521	-8.94507042253521
			45.7021126760563	-8.94507042253521
			45.7535211267606	-8.99647887323944
			45.8049295774648	-9.04788732394366
			45.856338028169	-9.04788732394366
			45.9077464788732	-9.09929577464789
			45.9591549295775	-9.15070422535211
			46.0105633802817	-9.15070422535211
			46.0619718309859	-9.20211267605634
			46.1133802816901	-9.25352112676056
			46.1647887323944	-9.30492957746479
			46.2161971830986	-9.30492957746479
			46.2676056338028	-9.35633802816901
			46.2676056338028	-9.40774647887324
			46.2676056338028	-9.45915492957747
			46.319014084507	-9.51056338028169
			46.319014084507	-9.56197183098592
			46.3704225352113	-9.61338028169014
			46.3704225352113	-9.66478873239437
			46.3704225352113	-9.71619718309859
			46.4218309859155	-9.76760563380282
			46.4218309859155	-9.81901408450704
			46.4218309859155	-9.87042253521127
			46.4732394366197	-9.87042253521127
			46.4732394366197	-9.92183098591549
			46.4732394366197	-9.97323943661972
			46.5246478873239	-10.0246478873239
			46.5246478873239	-10.0760563380282
			46.5246478873239	-10.1274647887324
			46.5760563380282	-10.1788732394366
			46.5760563380282	-10.2302816901408
			46.5760563380282	-10.2816901408451
			46.6274647887324	-10.3330985915493
			46.6274647887324	-10.3845070422535
			46.6274647887324	-10.4359154929577
			46.6788732394366	-10.487323943662
			46.6788732394366	-10.5387323943662
			46.6788732394366	-10.5901408450704
			46.7302816901408	-10.6415492957746
			46.7302816901408	-10.6929577464789
			46.7302816901408	-10.7443661971831
			46.7816901408451	-10.7957746478873
			46.7816901408451	-10.8471830985916
			46.8330985915493	-10.8985915492958
			46.8330985915493	-10.95
			46.8330985915493	-11.0014084507042
			46.8845070422535	-11.0528169014085
			46.8845070422535	-11.1042253521127
			46.8845070422535	-11.1556338028169
			46.9359154929577	-11.2070422535211
			46.9359154929577	-11.2584507042254
			46.9359154929577	-11.3098591549296
			46.9359154929577	-11.3612676056338
			46.987323943662	-11.3612676056338
			46.987323943662	-11.412676056338
			46.987323943662	-11.4640845070423
			47.0387323943662	-11.5154929577465
			47.0387323943662	-11.5669014084507
			47.0387323943662	-11.6183098591549
			47.0387323943662	-11.6697183098592
			47.0901408450704	-11.7211267605634
			47.0901408450704	-11.7725352112676
			47.1415492957747	-11.8239436619718
			47.1415492957747	-11.8753521126761
			47.1415492957747	-11.9267605633803
			47.1415492957747	-11.9781690140845
			47.1929577464789	-12.0295774647887
			47.1929577464789	-12.080985915493
			47.1929577464789	-12.1323943661972
			47.2443661971831	-12.1838028169014
			47.2443661971831	-12.2352112676056
			47.2443661971831	-12.2866197183099
			47.2957746478873	-12.3380281690141
			47.2957746478873	-12.3894366197183
			47.2957746478873	-12.4408450704225
			47.3471830985916	-12.4922535211268
			47.3471830985916	-12.543661971831
			47.3471830985916	-12.5950704225352
			47.3985915492958	-12.6464788732394
			47.3985915492958	-12.6978873239437
			47.3985915492958	-12.7492957746479
			47.45	-12.8007042253521
			47.45	-12.8521126760563
			47.45	-12.9035211267606
			47.45	-12.9549295774648
			47.5014084507042	-13.006338028169
			47.5014084507042	-13.0577464788732
			47.5014084507042	-13.1091549295775
			47.5528169014084	-13.1605633802817
			47.5528169014084	-13.2119718309859
			47.5528169014084	-13.2633802816901
			47.6042253521127	-13.3147887323944
			47.6042253521127	-13.3661971830986
			47.6042253521127	-13.4176056338028
			47.6042253521127	-13.469014084507
			47.6556338028169	-13.5204225352113
			47.6556338028169	-13.5718309859155
			47.6556338028169	-13.6232394366197
			47.7070422535211	-13.6746478873239
			47.7070422535211	-13.7260563380282
			47.7070422535211	-13.7774647887324
			47.7584507042254	-13.8288732394366
			47.7584507042254	-13.8802816901408
			47.7584507042254	-13.9316901408451
			47.7584507042254	-13.9830985915493
			47.8098591549296	-14.0345070422535
			47.8098591549296	-14.0859154929577
			47.8098591549296	-14.137323943662
			47.8612676056338	-14.1887323943662
			47.8612676056338	-14.2401408450704
			47.8612676056338	-14.2915492957746
			47.912676056338	-14.3429577464789
			47.912676056338	-14.3943661971831
			47.912676056338	-14.4457746478873
			47.9640845070423	-14.4971830985915
			47.9640845070423	-14.5485915492958
			47.9640845070423	-14.6
			47.9640845070423	-14.6514084507042
			48.0154929577465	-14.7028169014085
			48.0154929577465	-14.7542253521127
			48.0154929577465	-14.8056338028169
			48.0154929577465	-14.8570422535211
			48.0669014084507	-14.8570422535211
			48.0669014084507	-14.9084507042254
			48.0669014084507	-14.9598591549296
			48.0669014084507	-15.0112676056338
			48.1183098591549	-15.062676056338
			48.1183098591549	-15.1140845070423
			48.1183098591549	-15.1654929577465
			48.1697183098592	-15.2169014084507
			48.1697183098592	-15.2683098591549
			48.1697183098592	-15.3197183098592
			48.1697183098592	-15.3711267605634
			48.2211267605634	-15.4225352112676
			48.2211267605634	-15.4739436619718
			48.2211267605634	-15.5253521126761
			48.2725352112676	-15.5767605633803
			48.2725352112676	-15.6281690140845
			48.2725352112676	-15.6795774647887
			48.2725352112676	-15.730985915493
			48.3239436619718	-15.7823943661972
			48.3239436619718	-15.8338028169014
			48.3239436619718	-15.8852112676056
			48.3753521126761	-15.9366197183099
			48.3753521126761	-15.9880281690141
			48.3753521126761	-16.0394366197183
			48.3753521126761	-16.0908450704225
			48.4267605633803	-16.1422535211268
			48.4267605633803	-16.193661971831
			48.4267605633803	-16.2450704225352
			48.4781690140845	-16.2964788732394
			48.4781690140845	-16.3478873239437
			48.4781690140845	-16.3992957746479
			48.5295774647887	-16.4507042253521
			48.5295774647887	-16.5021126760563
			48.5295774647887	-16.5535211267606
			48.5295774647887	-16.6049295774648
			48.5295774647887	-16.656338028169
			48.580985915493	-16.656338028169
			48.580985915493	-16.7077464788732
			48.580985915493	-16.7591549295775
			48.580985915493	-16.8105633802817
			48.6323943661972	-16.8619718309859
			48.6323943661972	-16.9133802816901
			48.6323943661972	-16.9647887323944
			48.6323943661972	-17.0161971830986
			48.6838028169014	-17.0161971830986
			48.6838028169014	-17.0676056338028
			48.6838028169014	-17.119014084507
			48.6838028169014	-17.1704225352113
			48.7352112676056	-17.2218309859155
			48.7352112676056	-17.2732394366197
			48.7352112676056	-17.3246478873239
			48.7352112676056	-17.3760563380282
			48.7866197183099	-17.4274647887324
			48.7866197183099	-17.4788732394366
			48.7866197183099	-17.5302816901408
			48.8380281690141	-17.5816901408451
			48.8380281690141	-17.6330985915493
			48.8380281690141	-17.6845070422535
			48.8380281690141	-17.7359154929577
			48.8894366197183	-17.787323943662
			48.8894366197183	-17.8387323943662
			48.8894366197183	-17.8901408450704
			48.8894366197183	-17.9415492957746
			48.9408450704225	-17.9929577464789
			48.9408450704225	-18.0443661971831
			48.9408450704225	-18.0957746478873
			48.9922535211268	-18.1471830985916
			48.9922535211268	-18.1985915492958
			48.9922535211268	-18.25
			48.9922535211268	-18.3014084507042
			49.043661971831	-18.3528169014085
			49.043661971831	-18.4042253521127
			49.043661971831	-18.4556338028169
			49.043661971831	-18.5070422535211
			49.0950704225352	-18.5584507042254
			49.0950704225352	-18.6098591549296
			49.0950704225352	-18.6612676056338
			49.1464788732394	-18.712676056338
			49.1464788732394	-18.7640845070423
			49.1464788732394	-18.8154929577465
			49.1464788732394	-18.8669014084507
			49.1978873239437	-18.9183098591549
			49.1978873239437	-18.9697183098592
			49.1978873239437	-19.0211267605634
			49.2492957746479	-19.0725352112676
			49.2492957746479	-19.1239436619718
			49.2492957746479	-19.1753521126761
			49.2492957746479	-19.2267605633803
			49.3007042253521	-19.2781690140845
			49.3007042253521	-19.3295774647887
			49.3007042253521	-19.380985915493
			49.3521126760563	-19.4323943661972
			49.3521126760563	-19.4838028169014
			49.3521126760563	-19.5352112676056
			49.3521126760563	-19.5866197183099
			49.4035211267606	-19.6380281690141
			49.4035211267606	-19.6894366197183
			49.4035211267606	-19.7408450704225
			49.4035211267606	-19.7922535211268
			49.4549295774648	-19.843661971831
			49.4549295774648	-19.8950704225352
			49.4549295774648	-19.9464788732394
			49.4549295774648	-19.9978873239437
			49.506338028169	-20.0492957746479
			49.506338028169	-20.1007042253521
			49.506338028169	-20.1521126760563
			49.506338028169	-20.2035211267606
			49.5577464788732	-20.2549295774648
			49.5577464788732	-20.306338028169
			49.5577464788732	-20.3577464788732
			49.5577464788732	-20.4091549295775
			49.6091549295775	-20.4091549295775
			49.6091549295775	-20.4605633802817
			49.6091549295775	-20.5119718309859
			49.6091549295775	-20.5633802816901
			49.6605633802817	-20.6147887323944
			49.6605633802817	-20.6661971830986
			49.6605633802817	-20.7176056338028
			49.7119718309859	-20.769014084507
			49.7119718309859	-20.8204225352113
			49.7119718309859	-20.8718309859155
			49.7119718309859	-20.8204225352113
			49.7119718309859	-20.769014084507
			49.7119718309859	-20.7176056338028
			49.7119718309859	-20.6661971830986
			49.6605633802817	-20.6147887323944
			49.6605633802817	-20.5633802816901
			49.6605633802817	-20.5119718309859
			49.6605633802817	-20.4605633802817
			49.6605633802817	-20.4091549295775
			49.6605633802817	-20.3577464788732
			49.6605633802817	-20.306338028169
			49.6091549295775	-20.2549295774648
			49.6091549295775	-20.2035211267606
			49.6091549295775	-20.1521126760563
			49.6091549295775	-20.1007042253521
			49.6091549295775	-20.0492957746479
			49.6091549295775	-19.9978873239437
			49.6091549295775	-19.9464788732394
			49.5577464788732	-19.8950704225352
			49.5577464788732	-19.843661971831
			49.5577464788732	-19.7922535211268
			49.5577464788732	-19.7408450704225
			49.5577464788732	-19.6894366197183
			49.5577464788732	-19.6380281690141
			49.5577464788732	-19.5866197183099
			49.506338028169	-19.5352112676056
			49.506338028169	-19.4838028169014
			49.506338028169	-19.4323943661972
			49.506338028169	-19.380985915493
			49.506338028169	-19.3295774647887
			49.506338028169	-19.2781690140845
			49.506338028169	-19.2267605633803
			49.4549295774648	-19.1753521126761
			49.4549295774648	-19.1239436619718
			49.4549295774648	-19.0725352112676
			49.4549295774648	-19.0211267605634
			49.4549295774648	-18.9697183098592
			49.4549295774648	-18.9183098591549
			49.4549295774648	-18.8669014084507
			49.4035211267606	-18.8669014084507
			49.4035211267606	-18.8154929577465
			49.4035211267606	-18.7640845070423
			49.4035211267606	-18.712676056338
			49.4035211267606	-18.6612676056338
			49.4035211267606	-18.6098591549296
			49.4035211267606	-18.5584507042254
			49.3521126760563	-18.5070422535211
			49.3521126760563	-18.4556338028169
			49.3521126760563	-18.4042253521127
			49.3521126760563	-18.3528169014085
			49.3521126760563	-18.3014084507042
			49.3007042253521	-18.25
			49.3007042253521	-18.1985915492958
			49.3007042253521	-18.1471830985916
			49.3007042253521	-18.0957746478873
			49.3007042253521	-18.0443661971831
			49.3007042253521	-17.9929577464789
			49.3007042253521	-17.9415492957746
			49.2492957746479	-17.8901408450704
			49.2492957746479	-17.8387323943662
			49.2492957746479	-17.787323943662
			49.2492957746479	-17.7359154929577
			49.2492957746479	-17.6845070422535
			49.2492957746479	-17.6330985915493
			49.1978873239437	-17.5816901408451
			49.1978873239437	-17.5302816901408
			49.1978873239437	-17.4788732394366
			49.1978873239437	-17.4274647887324
			49.1978873239437	-17.3760563380282
			49.1464788732394	-17.3246478873239
			49.1464788732394	-17.2732394366197
			49.1464788732394	-17.2218309859155
			49.1464788732394	-17.1704225352113
			49.1464788732394	-17.119014084507
			49.1464788732394	-17.0676056338028
			49.0950704225352	-17.0161971830986
			49.0950704225352	-16.9647887323944
			49.0950704225352	-16.9133802816901
			49.0950704225352	-16.8619718309859
			49.0950704225352	-16.8105633802817
			49.043661971831	-16.8105633802817
			49.043661971831	-16.7591549295775
			49.043661971831	-16.7077464788732
			49.043661971831	-16.656338028169
			49.043661971831	-16.6049295774648
			49.043661971831	-16.5535211267606
			48.9922535211268	-16.5021126760563
			48.9922535211268	-16.4507042253521
			48.9922535211268	-16.3992957746479
			48.9922535211268	-16.3478873239437
			48.9922535211268	-16.2964788732394
			48.9408450704225	-16.2450704225352
			48.9408450704225	-16.193661971831
			48.9408450704225	-16.1422535211268
			48.9408450704225	-16.0908450704225
			48.8894366197183	-16.0394366197183
			48.8894366197183	-15.9880281690141
			48.8894366197183	-15.9366197183099
			48.8894366197183	-15.8852112676056
			48.8894366197183	-15.8338028169014
			48.8380281690141	-15.7823943661972
			48.8380281690141	-15.730985915493
			48.8380281690141	-15.6795774647887
			48.8380281690141	-15.6281690140845
			48.8380281690141	-15.5767605633803
			48.7866197183099	-15.5253521126761
			48.7866197183099	-15.4739436619718
			48.7866197183099	-15.4225352112676
			48.7866197183099	-15.3711267605634
			48.7866197183099	-15.3197183098592
			48.7352112676056	-15.2683098591549
			48.7352112676056	-15.2169014084507
			48.7352112676056	-15.1654929577465
			48.7352112676056	-15.1140845070423
			48.6838028169014	-15.062676056338
			48.6838028169014	-15.0112676056338
			48.6838028169014	-14.9598591549296
			48.6838028169014	-14.9084507042254
			48.6323943661972	-14.8570422535211
			48.6323943661972	-14.8056338028169
			48.6323943661972	-14.7542253521127
			48.6323943661972	-14.7028169014085
			48.6323943661972	-14.6514084507042
			48.580985915493	-14.6
			48.580985915493	-14.5485915492958
			48.580985915493	-14.4971830985915
			48.580985915493	-14.4457746478873
			48.5295774647887	-14.3943661971831
			48.5295774647887	-14.3429577464789
			48.5295774647887	-14.2915492957746
			48.5295774647887	-14.2401408450704
			48.4781690140845	-14.1887323943662
			48.4781690140845	-14.137323943662
			48.4781690140845	-14.0859154929577
			48.4781690140845	-14.0345070422535
			48.4267605633803	-13.9830985915493
			48.4267605633803	-13.9316901408451
			48.4267605633803	-13.8802816901408
			48.3753521126761	-13.8288732394366
			48.3753521126761	-13.7774647887324
			48.3753521126761	-13.7260563380282
			48.3753521126761	-13.6746478873239
			48.3239436619718	-13.6232394366197
			48.3239436619718	-13.5718309859155
			48.3239436619718	-13.5204225352113
			48.3239436619718	-13.469014084507
			48.2725352112676	-13.4176056338028
			48.2725352112676	-13.3661971830986
			48.2725352112676	-13.3147887323944
			48.2725352112676	-13.2633802816901
			48.2211267605634	-13.2119718309859
			48.2211267605634	-13.1605633802817
			48.2211267605634	-13.1091549295775
			48.1697183098592	-13.0577464788732
			48.1697183098592	-13.006338028169
			48.1697183098592	-12.9549295774648
			48.1697183098592	-12.9035211267606
			48.1183098591549	-12.8521126760563
			48.1183098591549	-12.8007042253521
			48.1183098591549	-12.7492957746479
			48.0669014084507	-12.6978873239437
			48.0669014084507	-12.6464788732394
			48.0669014084507	-12.5950704225352
			48.0669014084507	-12.543661971831
			48.0154929577465	-12.4922535211268
			48.0154929577465	-12.4408450704225
			47.9640845070423	-12.3894366197183
			47.9640845070423	-12.3380281690141
			47.9640845070423	-12.2866197183099
			47.9640845070423	-12.2352112676056
			47.912676056338	-12.1838028169014
			47.912676056338	-12.1323943661972
			47.912676056338	-12.080985915493
			47.8612676056338	-12.0295774647887
			47.8612676056338	-11.9781690140845
			47.8612676056338	-11.9267605633803
			47.8098591549296	-11.8753521126761
			47.8098591549296	-11.8239436619718
			47.8098591549296	-11.7725352112676
			47.8098591549296	-11.7211267605634
			47.7584507042254	-11.6697183098592
			47.7584507042254	-11.6183098591549
			47.7584507042254	-11.5669014084507
			47.7070422535211	-11.5154929577465
			47.7070422535211	-11.4640845070423
			47.6556338028169	-11.412676056338
			47.6556338028169	-11.3612676056338
			47.6556338028169	-11.3098591549296
			47.6042253521127	-11.2584507042254
			47.6042253521127	-11.2070422535211
			47.6042253521127	-11.1556338028169
			47.5528169014084	-11.1042253521127
			47.5528169014084	-11.0528169014085
			47.5528169014084	-11.0014084507042
			47.5014084507042	-11.0014084507042
			47.5014084507042	-10.95
			47.5014084507042	-10.8985915492958
			47.5014084507042	-10.8471830985916
			47.45	-10.8471830985916
			47.45	-10.7957746478873
			47.45	-10.7443661971831
			47.3985915492958	-10.6929577464789
			47.3985915492958	-10.6415492957746
			47.3985915492958	-10.5901408450704
			47.3471830985916	-10.5387323943662
			47.3471830985916	-10.487323943662
			47.2957746478873	-10.4359154929577
			47.2957746478873	-10.3845070422535
			47.2443661971831	-10.3330985915493
			47.2443661971831	-10.2816901408451
			47.2443661971831	-10.2302816901408
			47.1929577464789	-10.1788732394366
			47.1929577464789	-10.1274647887324
			47.1415492957747	-10.0760563380282
			47.1415492957747	-10.0246478873239
			47.1415492957747	-9.97323943661972
			47.0901408450704	-9.92183098591549
			47.0901408450704	-9.87042253521127
			47.0387323943662	-9.81901408450704
			47.0387323943662	-9.76760563380282
			47.0387323943662	-9.71619718309859
			46.987323943662	-9.66478873239437
			46.987323943662	-9.61338028169014
			46.9359154929577	-9.56197183098592
			46.9359154929577	-9.51056338028169
			46.8845070422535	-9.45915492957747
			46.8845070422535	-9.40774647887324
			46.8330985915493	-9.35633802816901
			46.8330985915493	-9.30492957746479
			46.7816901408451	-9.25352112676056
			46.7816901408451	-9.20211267605634
			46.7302816901408	-9.15070422535211
			46.7302816901408	-9.09929577464789
			46.7302816901408	-9.04788732394366
			46.6788732394366	-8.99647887323944
			46.6788732394366	-8.94507042253521
			46.6274647887324	-8.89366197183099
			46.6274647887324	-8.84225352112676
			46.5760563380282	-8.79084507042253
			46.5760563380282	-8.73943661971831
			46.5246478873239	-8.68802816901409
			46.5246478873239	-8.63661971830986
			46.4732394366197	-8.58521126760563
		</posterior>
	</curves.scaled>
	<ruler.points type=matrix rownames=TRUE colnames=FALSE nrow=2 ncol=2 as.numeric=TRUE >
		Ruler point 1	678	27
		Ruler point 2	678	169
	</ruler.points>
</shapes>

