<shapes type=list>
	<ruler.pixel type=vector names=FALSE length=1 as.numeric=TRUE >63</ruler.pixel>
	<ruler.interval type=vector names=FALSE length=1 as.numeric=TRUE >1.64</ruler.interval>
	<scaling type=vector names=FALSE length=1 as.numeric=TRUE >0.026031746031746</scaling>
	<landmarks.pixel type=matrix rownames=TRUE colnames=FALSE nrow=16 ncol=2 as.numeric=TRUE >
		LM1	181	14
		LM2	181	22
		LM3	181	91
		LM4	181	110
		LM5	212	87
		LM6	212	94
		LM7	211	99
		LM8	240	54
		LM9	238	83
		LM10	181	14
		LM11	278	84
		LM12	283	94
		LM13	181	14
		LM14	263	68
		LM15	341	110
		LM16	267	382
	</landmarks.pixel>
	<landmarks.scaled type=matrix rownames=TRUE colnames=FALSE nrow=16 ncol=2 as.numeric=TRUE >
		LM1	4.71174603174603	-0.364444444444444
		LM2	4.71174603174603	-0.572698412698413
		LM3	4.71174603174603	-2.36888888888889
		LM4	4.71174603174603	-2.86349206349206
		LM5	5.51873015873016	-2.2647619047619
		LM6	5.51873015873016	-2.44698412698413
		LM7	5.49269841269841	-2.57714285714286
		LM8	6.24761904761905	-1.40571428571429
		LM9	6.19555555555556	-2.16063492063492
		LM10	4.71174603174603	-0.364444444444444
		LM11	7.2368253968254	-2.18666666666667
		LM12	7.36698412698413	-2.44698412698413
		LM13	4.71174603174603	-0.364444444444444
		LM14	6.84634920634921	-1.77015873015873
		LM15	8.8768253968254	-2.86349206349206
		LM16	6.95047619047619	-9.94412698412698
	</landmarks.scaled>
	<curves.control type=list>
		<glabella type=matrix rownames=FALSE colnames=FALSE nrow=9 ncol=2 as.numeric=TRUE >
			181	22
			198	24
			204	31
			212	40
			210	69
			210	78
			210	84
			213	95
			211	99
		</glabella>
		<suture type=matrix rownames=FALSE colnames=FALSE nrow=11 ncol=2 as.numeric=TRUE >
			181	14
			194	12
			212	15
			241	21
			240	55
			255	68
			238	84
			240	85
			260	85
			284	81
			283	94
		</suture>
		<anterior type=matrix rownames=FALSE colnames=FALSE nrow=11 ncol=2 as.numeric=TRUE >
			181	14
			194	12
			212	14
			248	14
			269	21
			289	28
			295	55
			298	64
			313	71
			332	88
			341	110
		</anterior>
		<posterior type=matrix rownames=FALSE colnames=FALSE nrow=23 ncol=2 as.numeric=TRUE >
			181	110
			193	113
			211	100
			222	98
			249	101
			280	100
			291	88
			296	76
			311	88
			324	99
			339	124
			349	162
			342	222
			334	256
			307	319
			282	356
			266	383
			288	355
			312	315
			332	276
			349	208
			359	149
			341	110
		</posterior>
	</curves.control>
	<curves.pixel type=list>
		<glabella type=matrix rownames=FALSE colnames=FALSE nrow=94 ncol=2 as.numeric=TRUE >
			181	22
			182	22
			183	22
			184	22
			185	23
			186	23
			187	23
			188	23
			189	23
			190	24
			191	24
			192	24
			193	25
			194	25
			195	25
			196	25
			197	26
			198	27
			199	27
			200	28
			201	28
			202	29
			203	30
			204	31
			205	32
			206	33
			206	34
			207	35
			207	36
			207	37
			208	37
			208	38
			208	39
			209	40
			209	41
			209	42
			209	43
			209	44
			209	45
			210	45
			210	46
			210	47
			210	48
			210	49
			210	50
			210	51
			210	52
			210	53
			210	54
			210	55
			210	56
			210	57
			210	58
			210	59
			210	60
			210	61
			210	62
			210	63
			210	64
			210	65
			210	66
			210	67
			210	68
			210	69
			210	70
			210	71
			210	72
			210	73
			210	74
			210	75
			210	76
			210	77
			210	78
			210	79
			210	80
			210	81
			210	82
			210	83
			210	84
			210	85
			211	86
			211	87
			211	88
			211	89
			211	90
			212	91
			212	92
			212	93
			212	94
			212	95
			212	96
			212	97
			211	98
			211	99
		</glabella>
		<suture type=matrix rownames=FALSE colnames=FALSE nrow=163 ncol=2 as.numeric=TRUE >
			181	14
			182	14
			183	14
			184	14
			185	14
			186	13
			187	13
			188	13
			189	13
			190	13
			191	13
			192	13
			193	13
			194	13
			195	13
			196	13
			197	13
			198	13
			199	13
			200	14
			201	14
			202	14
			203	14
			204	14
			205	14
			206	14
			207	14
			208	14
			209	15
			210	15
			211	15
			212	15
			213	15
			214	16
			215	16
			216	16
			217	16
			218	16
			218	17
			219	17
			220	17
			220	18
			221	18
			222	18
			223	19
			224	20
			225	20
			226	20
			226	21
			227	21
			228	22
			229	23
			230	24
			231	25
			232	26
			233	27
			234	28
			234	29
			235	30
			235	31
			236	32
			236	33
			237	34
			237	35
			238	36
			238	37
			238	38
			238	39
			239	40
			239	41
			239	42
			239	43
			239	44
			240	45
			240	46
			240	47
			240	48
			240	49
			240	50
			240	51
			240	52
			240	53
			240	54
			240	55
			241	56
			242	57
			243	58
			244	59
			245	60
			245	61
			246	62
			246	63
			246	64
			247	65
			247	66
			247	67
			247	68
			247	69
			247	70
			247	71
			246	72
			246	73
			245	74
			245	75
			244	76
			244	77
			243	78
			242	79
			242	80
			241	81
			240	82
			239	83
			238	84
			239	84
			240	84
			241	85
			242	85
			243	85
			244	85
			245	85
			246	85
			247	85
			248	85
			249	85
			250	85
			251	85
			252	85
			253	85
			254	85
			255	85
			256	85
			257	85
			258	85
			259	85
			260	85
			261	85
			262	85
			263	85
			264	84
			265	84
			266	84
			267	84
			268	84
			269	84
			270	84
			271	84
			272	84
			273	84
			274	84
			275	84
			276	85
			277	85
			278	85
			279	86
			280	87
			281	87
			282	88
			282	89
			283	90
			283	91
			283	92
			283	93
			283	94
		</suture>
		<anterior type=matrix rownames=FALSE colnames=FALSE nrow=190 ncol=2 as.numeric=TRUE >
			181	14
			182	14
			183	14
			184	14
			185	13
			186	13
			187	13
			188	13
			189	13
			190	13
			191	13
			192	13
			193	13
			194	13
			195	13
			196	13
			197	13
			198	13
			199	13
			200	13
			201	13
			202	13
			203	13
			204	13
			205	13
			206	13
			207	14
			208	14
			209	14
			210	14
			211	14
			212	14
			213	14
			214	14
			215	14
			216	14
			217	14
			218	14
			219	14
			220	14
			221	14
			222	14
			223	14
			224	14
			225	14
			226	14
			227	14
			228	14
			229	14
			230	15
			231	15
			232	15
			233	15
			234	15
			235	15
			236	15
			237	15
			238	15
			239	15
			240	15
			241	15
			242	15
			243	16
			244	16
			245	16
			246	16
			247	16
			248	16
			249	16
			250	17
			251	17
			252	17
			253	17
			254	17
			255	17
			256	18
			257	18
			258	18
			259	18
			260	19
			261	19
			262	19
			263	19
			264	20
			265	20
			266	20
			267	20
			268	21
			269	21
			270	21
			271	22
			272	22
			273	23
			274	23
			275	24
			276	24
			277	25
			278	26
			279	26
			280	27
			281	28
			282	29
			282	30
			283	30
			284	31
			285	32
			286	33
			286	34
			287	35
			288	36
			288	37
			289	38
			290	39
			290	40
			290	41
			291	41
			291	42
			291	43
			292	44
			292	45
			292	46
			293	47
			293	48
			293	49
			294	50
			294	51
			294	52
			295	53
			295	54
			295	55
			295	56
			296	57
			296	58
			297	59
			298	60
			298	61
			299	62
			300	63
			301	63
			302	64
			303	65
			304	66
			305	66
			306	67
			307	68
			308	69
			309	69
			310	70
			311	70
			312	70
			313	71
			314	72
			315	73
			316	74
			317	75
			318	76
			319	77
			320	78
			321	79
			322	80
			323	81
			324	82
			325	83
			326	84
			326	85
			327	86
			328	87
			329	88
			329	89
			330	90
			331	91
			332	92
			332	93
			333	94
			333	95
			334	96
			335	97
			335	98
			336	99
			336	100
			337	101
			337	102
			338	103
			338	104
			339	105
			339	106
			340	107
			340	108
			341	109
			341	110
		</anterior>
		<posterior type=matrix rownames=FALSE colnames=FALSE nrow=724 ncol=2 as.numeric=TRUE >
			181	110
			182	110
			183	110
			184	110
			185	111
			186	111
			187	111
			188	110
			189	110
			190	110
			191	110
			192	110
			193	110
			194	109
			195	109
			196	109
			197	108
			198	108
			199	107
			200	107
			201	106
			202	106
			203	105
			204	104
			205	104
			206	104
			206	103
			207	103
			208	102
			209	101
			210	101
			211	100
			212	100
			213	100
			214	100
			215	99
			216	99
			217	99
			218	99
			219	99
			220	99
			221	99
			222	99
			223	99
			224	99
			225	99
			226	99
			227	99
			228	99
			229	99
			230	99
			231	99
			232	100
			233	100
			234	100
			235	100
			236	100
			237	100
			238	100
			239	100
			240	100
			241	100
			242	100
			243	100
			244	100
			245	101
			246	101
			247	101
			248	101
			249	101
			250	101
			251	101
			252	101
			253	101
			254	101
			255	101
			256	101
			257	101
			258	100
			259	100
			260	100
			261	100
			262	100
			263	100
			264	100
			265	100
			266	99
			267	99
			268	99
			269	99
			270	99
			271	98
			272	98
			273	98
			274	98
			275	97
			276	97
			277	97
			278	96
			279	96
			280	96
			280	95
			281	95
			282	95
			283	94
			284	93
			285	93
			286	92
			287	92
			287	91
			288	91
			289	90
			290	89
			291	88
			291	87
			292	86
			293	85
			293	84
			294	83
			295	83
			296	82
			297	82
			298	82
			299	82
			300	82
			301	82
			302	83
			303	83
			304	83
			305	84
			306	85
			307	85
			308	86
			309	87
			310	87
			311	88
			312	89
			313	90
			314	91
			315	92
			316	93
			317	93
			317	94
			318	95
			319	96
			320	97
			321	98
			321	99
			322	99
			323	100
			324	101
			324	102
			325	103
			326	104
			327	105
			327	106
			328	107
			329	108
			330	109
			330	110
			331	111
			331	112
			332	113
			333	114
			333	115
			334	115
			334	116
			335	117
			335	118
			336	119
			337	120
			337	121
			338	122
			338	123
			339	124
			339	125
			340	126
			340	127
			340	128
			340	129
			340	130
			341	131
			341	132
			341	133
			341	134
			341	135
			342	136
			342	137
			342	138
			342	139
			342	140
			342	141
			343	142
			343	143
			343	144
			343	145
			343	146
			343	147
			343	148
			343	149
			344	150
			344	151
			344	152
			344	153
			344	154
			344	155
			344	156
			344	157
			344	158
			344	159
			344	160
			344	161
			344	162
			345	162
			345	163
			345	164
			345	165
			345	166
			345	167
			345	168
			345	169
			345	170
			345	171
			345	172
			345	173
			345	174
			345	175
			345	176
			345	177
			345	178
			345	179
			345	180
			345	181
			345	182
			345	183
			345	184
			345	185
			345	186
			345	187
			345	188
			345	189
			345	190
			345	191
			345	192
			344	193
			344	194
			344	195
			344	196
			344	197
			344	198
			344	199
			344	200
			344	201
			344	202
			344	203
			344	204
			344	205
			344	206
			344	207
			343	208
			343	209
			343	210
			343	211
			343	212
			343	213
			343	214
			343	215
			343	216
			343	217
			342	218
			342	219
			342	220
			342	221
			342	222
			342	223
			341	224
			341	225
			341	226
			341	227
			341	228
			340	229
			340	230
			340	231
			340	232
			339	233
			339	234
			339	235
			338	236
			338	237
			338	238
			337	239
			337	240
			337	241
			336	242
			336	243
			336	244
			335	245
			335	246
			335	247
			334	248
			334	249
			334	250
			334	251
			333	252
			333	253
			333	254
			332	254
			332	255
			332	256
			331	257
			331	258
			331	259
			331	260
			330	260
			330	261
			330	262
			329	263
			329	264
			329	265
			328	266
			328	267
			328	268
			327	269
			327	270
			327	271
			326	272
			325	273
			325	274
			325	275
			325	276
			324	276
			324	277
			324	278
			323	279
			323	280
			322	281
			322	282
			322	283
			321	284
			321	285
			321	286
			320	287
			320	288
			319	289
			319	290
			319	291
			318	291
			318	292
			318	293
			317	294
			317	295
			317	296
			316	297
			316	298
			316	299
			315	299
			315	300
			315	301
			314	302
			314	303
			314	304
			313	304
			313	305
			313	306
			312	307
			312	308
			311	309
			311	310
			310	311
			310	312
			309	313
			309	314
			309	315
			308	316
			308	317
			307	318
			307	319
			306	320
			306	321
			305	322
			304	323
			303	324
			303	325
			302	326
			302	327
			301	328
			300	329
			299	330
			299	331
			298	332
			298	333
			297	334
			297	335
			296	336
			295	336
			295	337
			294	338
			294	339
			293	340
			292	341
			292	342
			291	343
			290	344
			290	345
			289	346
			288	347
			288	348
			287	349
			287	350
			286	351
			285	352
			285	353
			284	354
			284	355
			283	355
			282	356
			282	357
			281	358
			281	359
			280	360
			280	361
			279	362
			278	363
			278	364
			277	364
			277	365
			276	366
			276	367
			275	368
			275	369
			274	370
			273	371
			272	372
			272	373
			271	374
			271	375
			270	376
			269	377
			269	378
			268	379
			268	380
			267	381
			267	382
			266	383
			267	382
			267	381
			268	380
			269	379
			270	378
			271	377
			271	376
			272	375
			273	374
			274	373
			274	372
			275	371
			276	370
			277	369
			278	368
			278	367
			279	366
			280	365
			280	364
			281	364
			281	363
			281	362
			282	362
			282	361
			283	360
			284	359
			284	358
			285	357
			286	356
			287	355
			287	354
			288	353
			289	352
			289	351
			290	350
			291	349
			291	348
			292	347
			292	346
			293	346
			293	345
			294	344
			294	343
			295	342
			296	341
			297	340
			297	339
			298	338
			298	337
			299	337
			299	336
			300	335
			300	334
			301	333
			302	332
			302	331
			303	330
			303	329
			304	328
			305	327
			305	326
			306	325
			307	324
			307	323
			308	322
			308	321
			309	320
			310	319
			310	318
			311	317
			311	316
			312	315
			313	314
			313	313
			314	312
			314	311
			315	310
			315	309
			315	308
			316	307
			316	306
			317	305
			317	304
			318	303
			318	302
			318	301
			319	301
			319	300
			320	299
			320	298
			320	297
			321	296
			321	295
			322	294
			322	293
			323	292
			323	291
			324	290
			324	289
			324	288
			325	287
			325	286
			325	285
			326	284
			326	283
			326	282
			327	282
			327	281
			327	280
			327	279
			328	278
			328	277
			329	276
			329	275
			329	274
			330	273
			330	272
			331	271
			331	270
			331	269
			332	268
			332	267
			332	266
			333	265
			333	264
			333	263
			334	262
			334	261
			334	260
			334	259
			335	258
			335	257
			336	256
			336	255
			336	254
			336	253
			337	252
			337	251
			337	250
			338	249
			338	248
			338	247
			339	246
			339	245
			339	244
			339	243
			340	242
			340	241
			340	240
			341	239
			341	238
			341	237
			342	236
			342	235
			342	234
			342	233
			343	232
			343	231
			343	230
			344	229
			344	228
			344	227
			344	226
			345	225
			345	224
			345	223
			345	222
			346	221
			346	220
			346	219
			347	218
			347	217
			347	216
			347	215
			348	214
			348	213
			348	212
			348	211
			348	210
			349	209
			349	208
			349	207
			349	206
			350	205
			350	204
			350	203
			350	202
			350	201
			350	200
			350	199
			351	198
			351	197
			351	196
			351	195
			351	194
			351	193
			351	192
			351	191
			351	190
			352	189
			352	188
			352	187
			352	186
			352	185
			352	184
			352	183
			352	182
			352	181
			352	180
			352	179
			352	178
			352	177
			352	176
			352	175
			352	174
			353	174
			353	173
			353	172
			353	171
			353	170
			353	169
			353	168
			353	167
			353	166
			353	165
			353	164
			352	163
			352	162
			352	161
			352	160
			352	159
			352	158
			352	157
			352	156
			352	155
			352	154
			352	153
			352	152
			352	151
			352	150
			351	149
			351	148
			351	147
			351	146
			351	145
			351	144
			351	143
			351	142
			350	141
			350	140
			350	139
			350	138
			350	137
			349	136
			349	135
			349	134
			349	133
			348	132
			348	131
			348	130
			348	129
			347	128
			347	127
			347	126
			347	125
			346	124
			346	123
			346	122
			345	121
			345	120
			345	119
			344	118
			344	117
			343	116
			343	115
			343	114
			342	113
			342	112
			341	111
			341	110
		</posterior>
	</curves.pixel>
	<curves.scaled type=list>
		<glabella type=matrix rownames=FALSE colnames=FALSE nrow=94 ncol=2 as.numeric=TRUE >
			4.71174603174603	-0.572698412698413
			4.73777777777778	-0.572698412698413
			4.76380952380952	-0.572698412698413
			4.78984126984127	-0.572698412698413
			4.81587301587302	-0.598730158730159
			4.84190476190476	-0.598730158730159
			4.86793650793651	-0.598730158730159
			4.89396825396825	-0.598730158730159
			4.92	-0.598730158730159
			4.94603174603175	-0.624761904761905
			4.97206349206349	-0.624761904761905
			4.99809523809524	-0.624761904761905
			5.02412698412698	-0.650793650793651
			5.05015873015873	-0.650793650793651
			5.07619047619048	-0.650793650793651
			5.10222222222222	-0.650793650793651
			5.12825396825397	-0.676825396825397
			5.15428571428571	-0.702857142857143
			5.18031746031746	-0.702857142857143
			5.20634920634921	-0.728888888888889
			5.23238095238095	-0.728888888888889
			5.2584126984127	-0.754920634920635
			5.28444444444444	-0.780952380952381
			5.31047619047619	-0.806984126984127
			5.33650793650794	-0.833015873015873
			5.36253968253968	-0.859047619047619
			5.36253968253968	-0.885079365079365
			5.38857142857143	-0.911111111111111
			5.38857142857143	-0.937142857142857
			5.38857142857143	-0.963174603174603
			5.41460317460317	-0.963174603174603
			5.41460317460317	-0.989206349206349
			5.41460317460317	-1.0152380952381
			5.44063492063492	-1.04126984126984
			5.44063492063492	-1.06730158730159
			5.44063492063492	-1.09333333333333
			5.44063492063492	-1.11936507936508
			5.44063492063492	-1.14539682539683
			5.44063492063492	-1.17142857142857
			5.46666666666667	-1.17142857142857
			5.46666666666667	-1.19746031746032
			5.46666666666667	-1.22349206349206
			5.46666666666667	-1.24952380952381
			5.46666666666667	-1.27555555555556
			5.46666666666667	-1.3015873015873
			5.46666666666667	-1.32761904761905
			5.46666666666667	-1.35365079365079
			5.46666666666667	-1.37968253968254
			5.46666666666667	-1.40571428571429
			5.46666666666667	-1.43174603174603
			5.46666666666667	-1.45777777777778
			5.46666666666667	-1.48380952380952
			5.46666666666667	-1.50984126984127
			5.46666666666667	-1.53587301587302
			5.46666666666667	-1.56190476190476
			5.46666666666667	-1.58793650793651
			5.46666666666667	-1.61396825396825
			5.46666666666667	-1.64
			5.46666666666667	-1.66603174603175
			5.46666666666667	-1.69206349206349
			5.46666666666667	-1.71809523809524
			5.46666666666667	-1.74412698412698
			5.46666666666667	-1.77015873015873
			5.46666666666667	-1.79619047619048
			5.46666666666667	-1.82222222222222
			5.46666666666667	-1.84825396825397
			5.46666666666667	-1.87428571428571
			5.46666666666667	-1.90031746031746
			5.46666666666667	-1.92634920634921
			5.46666666666667	-1.95238095238095
			5.46666666666667	-1.9784126984127
			5.46666666666667	-2.00444444444444
			5.46666666666667	-2.03047619047619
			5.46666666666667	-2.05650793650794
			5.46666666666667	-2.08253968253968
			5.46666666666667	-2.10857142857143
			5.46666666666667	-2.13460317460317
			5.46666666666667	-2.16063492063492
			5.46666666666667	-2.18666666666667
			5.46666666666667	-2.21269841269841
			5.49269841269841	-2.23873015873016
			5.49269841269841	-2.2647619047619
			5.49269841269841	-2.29079365079365
			5.49269841269841	-2.3168253968254
			5.49269841269841	-2.34285714285714
			5.51873015873016	-2.36888888888889
			5.51873015873016	-2.39492063492063
			5.51873015873016	-2.42095238095238
			5.51873015873016	-2.44698412698413
			5.51873015873016	-2.47301587301587
			5.51873015873016	-2.49904761904762
			5.51873015873016	-2.52507936507936
			5.49269841269841	-2.55111111111111
			5.49269841269841	-2.57714285714286
		</glabella>
		<suture type=matrix rownames=FALSE colnames=FALSE nrow=163 ncol=2 as.numeric=TRUE >
			4.71174603174603	-0.364444444444444
			4.73777777777778	-0.364444444444444
			4.76380952380952	-0.364444444444444
			4.78984126984127	-0.364444444444444
			4.81587301587302	-0.364444444444444
			4.84190476190476	-0.338412698412698
			4.86793650793651	-0.338412698412698
			4.89396825396825	-0.338412698412698
			4.92	-0.338412698412698
			4.94603174603175	-0.338412698412698
			4.97206349206349	-0.338412698412698
			4.99809523809524	-0.338412698412698
			5.02412698412698	-0.338412698412698
			5.05015873015873	-0.338412698412698
			5.07619047619048	-0.338412698412698
			5.10222222222222	-0.338412698412698
			5.12825396825397	-0.338412698412698
			5.15428571428571	-0.338412698412698
			5.18031746031746	-0.338412698412698
			5.20634920634921	-0.364444444444444
			5.23238095238095	-0.364444444444444
			5.2584126984127	-0.364444444444444
			5.28444444444444	-0.364444444444444
			5.31047619047619	-0.364444444444444
			5.33650793650794	-0.364444444444444
			5.36253968253968	-0.364444444444444
			5.38857142857143	-0.364444444444444
			5.41460317460317	-0.364444444444444
			5.44063492063492	-0.39047619047619
			5.46666666666667	-0.39047619047619
			5.49269841269841	-0.39047619047619
			5.51873015873016	-0.39047619047619
			5.5447619047619	-0.39047619047619
			5.57079365079365	-0.416507936507936
			5.5968253968254	-0.416507936507936
			5.62285714285714	-0.416507936507936
			5.64888888888889	-0.416507936507936
			5.67492063492063	-0.416507936507936
			5.67492063492063	-0.442539682539683
			5.70095238095238	-0.442539682539683
			5.72698412698413	-0.442539682539683
			5.72698412698413	-0.468571428571429
			5.75301587301587	-0.468571428571429
			5.77904761904762	-0.468571428571429
			5.80507936507937	-0.494603174603175
			5.83111111111111	-0.520634920634921
			5.85714285714286	-0.520634920634921
			5.8831746031746	-0.520634920634921
			5.8831746031746	-0.546666666666667
			5.90920634920635	-0.546666666666667
			5.93523809523809	-0.572698412698413
			5.96126984126984	-0.598730158730159
			5.98730158730159	-0.624761904761905
			6.01333333333333	-0.650793650793651
			6.03936507936508	-0.676825396825397
			6.06539682539683	-0.702857142857143
			6.09142857142857	-0.728888888888889
			6.09142857142857	-0.754920634920635
			6.11746031746032	-0.780952380952381
			6.11746031746032	-0.806984126984127
			6.14349206349206	-0.833015873015873
			6.14349206349206	-0.859047619047619
			6.16952380952381	-0.885079365079365
			6.16952380952381	-0.911111111111111
			6.19555555555556	-0.937142857142857
			6.19555555555556	-0.963174603174603
			6.19555555555556	-0.989206349206349
			6.19555555555556	-1.0152380952381
			6.2215873015873	-1.04126984126984
			6.2215873015873	-1.06730158730159
			6.2215873015873	-1.09333333333333
			6.2215873015873	-1.11936507936508
			6.2215873015873	-1.14539682539683
			6.24761904761905	-1.17142857142857
			6.24761904761905	-1.19746031746032
			6.24761904761905	-1.22349206349206
			6.24761904761905	-1.24952380952381
			6.24761904761905	-1.27555555555556
			6.24761904761905	-1.3015873015873
			6.24761904761905	-1.32761904761905
			6.24761904761905	-1.35365079365079
			6.24761904761905	-1.37968253968254
			6.24761904761905	-1.40571428571429
			6.24761904761905	-1.43174603174603
			6.27365079365079	-1.45777777777778
			6.29968253968254	-1.48380952380952
			6.32571428571429	-1.50984126984127
			6.35174603174603	-1.53587301587302
			6.37777777777778	-1.56190476190476
			6.37777777777778	-1.58793650793651
			6.40380952380952	-1.61396825396825
			6.40380952380952	-1.64
			6.40380952380952	-1.66603174603175
			6.42984126984127	-1.69206349206349
			6.42984126984127	-1.71809523809524
			6.42984126984127	-1.74412698412698
			6.42984126984127	-1.77015873015873
			6.42984126984127	-1.79619047619048
			6.42984126984127	-1.82222222222222
			6.42984126984127	-1.84825396825397
			6.40380952380952	-1.87428571428571
			6.40380952380952	-1.90031746031746
			6.37777777777778	-1.92634920634921
			6.37777777777778	-1.95238095238095
			6.35174603174603	-1.9784126984127
			6.35174603174603	-2.00444444444444
			6.32571428571429	-2.03047619047619
			6.29968253968254	-2.05650793650794
			6.29968253968254	-2.08253968253968
			6.27365079365079	-2.10857142857143
			6.24761904761905	-2.13460317460317
			6.2215873015873	-2.16063492063492
			6.19555555555556	-2.18666666666667
			6.2215873015873	-2.18666666666667
			6.24761904761905	-2.18666666666667
			6.27365079365079	-2.21269841269841
			6.29968253968254	-2.21269841269841
			6.32571428571429	-2.21269841269841
			6.35174603174603	-2.21269841269841
			6.37777777777778	-2.21269841269841
			6.40380952380952	-2.21269841269841
			6.42984126984127	-2.21269841269841
			6.45587301587302	-2.21269841269841
			6.48190476190476	-2.21269841269841
			6.50793650793651	-2.21269841269841
			6.53396825396825	-2.21269841269841
			6.56	-2.21269841269841
			6.58603174603175	-2.21269841269841
			6.61206349206349	-2.21269841269841
			6.63809523809524	-2.21269841269841
			6.66412698412698	-2.21269841269841
			6.69015873015873	-2.21269841269841
			6.71619047619048	-2.21269841269841
			6.74222222222222	-2.21269841269841
			6.76825396825397	-2.21269841269841
			6.79428571428571	-2.21269841269841
			6.82031746031746	-2.21269841269841
			6.84634920634921	-2.21269841269841
			6.87238095238095	-2.18666666666667
			6.8984126984127	-2.18666666666667
			6.92444444444444	-2.18666666666667
			6.95047619047619	-2.18666666666667
			6.97650793650794	-2.18666666666667
			7.00253968253968	-2.18666666666667
			7.02857142857143	-2.18666666666667
			7.05460317460317	-2.18666666666667
			7.08063492063492	-2.18666666666667
			7.10666666666667	-2.18666666666667
			7.13269841269841	-2.18666666666667
			7.15873015873016	-2.18666666666667
			7.1847619047619	-2.21269841269841
			7.21079365079365	-2.21269841269841
			7.2368253968254	-2.21269841269841
			7.26285714285714	-2.23873015873016
			7.28888888888889	-2.2647619047619
			7.31492063492064	-2.2647619047619
			7.34095238095238	-2.29079365079365
			7.34095238095238	-2.3168253968254
			7.36698412698413	-2.34285714285714
			7.36698412698413	-2.36888888888889
			7.36698412698413	-2.39492063492063
			7.36698412698413	-2.42095238095238
			7.36698412698413	-2.44698412698413
		</suture>
		<anterior type=matrix rownames=FALSE colnames=FALSE nrow=190 ncol=2 as.numeric=TRUE >
			4.71174603174603	-0.364444444444444
			4.73777777777778	-0.364444444444444
			4.76380952380952	-0.364444444444444
			4.78984126984127	-0.364444444444444
			4.81587301587302	-0.338412698412698
			4.84190476190476	-0.338412698412698
			4.86793650793651	-0.338412698412698
			4.89396825396825	-0.338412698412698
			4.92	-0.338412698412698
			4.94603174603175	-0.338412698412698
			4.97206349206349	-0.338412698412698
			4.99809523809524	-0.338412698412698
			5.02412698412698	-0.338412698412698
			5.05015873015873	-0.338412698412698
			5.07619047619048	-0.338412698412698
			5.10222222222222	-0.338412698412698
			5.12825396825397	-0.338412698412698
			5.15428571428571	-0.338412698412698
			5.18031746031746	-0.338412698412698
			5.20634920634921	-0.338412698412698
			5.23238095238095	-0.338412698412698
			5.2584126984127	-0.338412698412698
			5.28444444444444	-0.338412698412698
			5.31047619047619	-0.338412698412698
			5.33650793650794	-0.338412698412698
			5.36253968253968	-0.338412698412698
			5.38857142857143	-0.364444444444444
			5.41460317460317	-0.364444444444444
			5.44063492063492	-0.364444444444444
			5.46666666666667	-0.364444444444444
			5.49269841269841	-0.364444444444444
			5.51873015873016	-0.364444444444444
			5.5447619047619	-0.364444444444444
			5.57079365079365	-0.364444444444444
			5.5968253968254	-0.364444444444444
			5.62285714285714	-0.364444444444444
			5.64888888888889	-0.364444444444444
			5.67492063492063	-0.364444444444444
			5.70095238095238	-0.364444444444444
			5.72698412698413	-0.364444444444444
			5.75301587301587	-0.364444444444444
			5.77904761904762	-0.364444444444444
			5.80507936507937	-0.364444444444444
			5.83111111111111	-0.364444444444444
			5.85714285714286	-0.364444444444444
			5.8831746031746	-0.364444444444444
			5.90920634920635	-0.364444444444444
			5.93523809523809	-0.364444444444444
			5.96126984126984	-0.364444444444444
			5.98730158730159	-0.39047619047619
			6.01333333333333	-0.39047619047619
			6.03936507936508	-0.39047619047619
			6.06539682539683	-0.39047619047619
			6.09142857142857	-0.39047619047619
			6.11746031746032	-0.39047619047619
			6.14349206349206	-0.39047619047619
			6.16952380952381	-0.39047619047619
			6.19555555555556	-0.39047619047619
			6.2215873015873	-0.39047619047619
			6.24761904761905	-0.39047619047619
			6.27365079365079	-0.39047619047619
			6.29968253968254	-0.39047619047619
			6.32571428571429	-0.416507936507936
			6.35174603174603	-0.416507936507936
			6.37777777777778	-0.416507936507936
			6.40380952380952	-0.416507936507936
			6.42984126984127	-0.416507936507936
			6.45587301587302	-0.416507936507936
			6.48190476190476	-0.416507936507936
			6.50793650793651	-0.442539682539683
			6.53396825396825	-0.442539682539683
			6.56	-0.442539682539683
			6.58603174603175	-0.442539682539683
			6.61206349206349	-0.442539682539683
			6.63809523809524	-0.442539682539683
			6.66412698412698	-0.468571428571429
			6.69015873015873	-0.468571428571429
			6.71619047619048	-0.468571428571429
			6.74222222222222	-0.468571428571429
			6.76825396825397	-0.494603174603175
			6.79428571428571	-0.494603174603175
			6.82031746031746	-0.494603174603175
			6.84634920634921	-0.494603174603175
			6.87238095238095	-0.520634920634921
			6.8984126984127	-0.520634920634921
			6.92444444444444	-0.520634920634921
			6.95047619047619	-0.520634920634921
			6.97650793650794	-0.546666666666667
			7.00253968253968	-0.546666666666667
			7.02857142857143	-0.546666666666667
			7.05460317460317	-0.572698412698413
			7.08063492063492	-0.572698412698413
			7.10666666666667	-0.598730158730159
			7.13269841269841	-0.598730158730159
			7.15873015873016	-0.624761904761905
			7.1847619047619	-0.624761904761905
			7.21079365079365	-0.650793650793651
			7.2368253968254	-0.676825396825397
			7.26285714285714	-0.676825396825397
			7.28888888888889	-0.702857142857143
			7.31492063492064	-0.728888888888889
			7.34095238095238	-0.754920634920635
			7.34095238095238	-0.780952380952381
			7.36698412698413	-0.780952380952381
			7.39301587301587	-0.806984126984127
			7.41904761904762	-0.833015873015873
			7.44507936507936	-0.859047619047619
			7.44507936507936	-0.885079365079365
			7.47111111111111	-0.911111111111111
			7.49714285714286	-0.937142857142857
			7.49714285714286	-0.963174603174603
			7.5231746031746	-0.989206349206349
			7.54920634920635	-1.0152380952381
			7.54920634920635	-1.04126984126984
			7.54920634920635	-1.06730158730159
			7.5752380952381	-1.06730158730159
			7.5752380952381	-1.09333333333333
			7.5752380952381	-1.11936507936508
			7.60126984126984	-1.14539682539683
			7.60126984126984	-1.17142857142857
			7.60126984126984	-1.19746031746032
			7.62730158730159	-1.22349206349206
			7.62730158730159	-1.24952380952381
			7.62730158730159	-1.27555555555556
			7.65333333333333	-1.3015873015873
			7.65333333333333	-1.32761904761905
			7.65333333333333	-1.35365079365079
			7.67936507936508	-1.37968253968254
			7.67936507936508	-1.40571428571429
			7.67936507936508	-1.43174603174603
			7.67936507936508	-1.45777777777778
			7.70539682539683	-1.48380952380952
			7.70539682539683	-1.50984126984127
			7.73142857142857	-1.53587301587302
			7.75746031746032	-1.56190476190476
			7.75746031746032	-1.58793650793651
			7.78349206349206	-1.61396825396825
			7.80952380952381	-1.64
			7.83555555555556	-1.64
			7.8615873015873	-1.66603174603175
			7.88761904761905	-1.69206349206349
			7.91365079365079	-1.71809523809524
			7.93968253968254	-1.71809523809524
			7.96571428571429	-1.74412698412698
			7.99174603174603	-1.77015873015873
			8.01777777777778	-1.79619047619048
			8.04380952380952	-1.79619047619048
			8.06984126984127	-1.82222222222222
			8.09587301587302	-1.82222222222222
			8.12190476190476	-1.82222222222222
			8.14793650793651	-1.84825396825397
			8.17396825396825	-1.87428571428571
			8.2	-1.90031746031746
			8.22603174603175	-1.92634920634921
			8.25206349206349	-1.95238095238095
			8.27809523809524	-1.9784126984127
			8.30412698412698	-2.00444444444444
			8.33015873015873	-2.03047619047619
			8.35619047619048	-2.05650793650794
			8.38222222222222	-2.08253968253968
			8.40825396825397	-2.10857142857143
			8.43428571428571	-2.13460317460317
			8.46031746031746	-2.16063492063492
			8.48634920634921	-2.18666666666667
			8.48634920634921	-2.21269841269841
			8.51238095238095	-2.23873015873016
			8.5384126984127	-2.2647619047619
			8.56444444444444	-2.29079365079365
			8.56444444444444	-2.3168253968254
			8.59047619047619	-2.34285714285714
			8.61650793650794	-2.36888888888889
			8.64253968253968	-2.39492063492063
			8.64253968253968	-2.42095238095238
			8.66857142857143	-2.44698412698413
			8.66857142857143	-2.47301587301587
			8.69460317460317	-2.49904761904762
			8.72063492063492	-2.52507936507936
			8.72063492063492	-2.55111111111111
			8.74666666666667	-2.57714285714286
			8.74666666666667	-2.6031746031746
			8.77269841269841	-2.62920634920635
			8.77269841269841	-2.65523809523809
			8.79873015873016	-2.68126984126984
			8.79873015873016	-2.70730158730159
			8.82476190476191	-2.73333333333333
			8.82476190476191	-2.75936507936508
			8.85079365079365	-2.78539682539683
			8.85079365079365	-2.81142857142857
			8.8768253968254	-2.83746031746032
			8.8768253968254	-2.86349206349206
		</anterior>
		<posterior type=matrix rownames=FALSE colnames=FALSE nrow=724 ncol=2 as.numeric=TRUE >
			4.71174603174603	-2.86349206349206
			4.73777777777778	-2.86349206349206
			4.76380952380952	-2.86349206349206
			4.78984126984127	-2.86349206349206
			4.81587301587302	-2.88952380952381
			4.84190476190476	-2.88952380952381
			4.86793650793651	-2.88952380952381
			4.89396825396825	-2.86349206349206
			4.92	-2.86349206349206
			4.94603174603175	-2.86349206349206
			4.97206349206349	-2.86349206349206
			4.99809523809524	-2.86349206349206
			5.02412698412698	-2.86349206349206
			5.05015873015873	-2.83746031746032
			5.07619047619048	-2.83746031746032
			5.10222222222222	-2.83746031746032
			5.12825396825397	-2.81142857142857
			5.15428571428571	-2.81142857142857
			5.18031746031746	-2.78539682539683
			5.20634920634921	-2.78539682539683
			5.23238095238095	-2.75936507936508
			5.2584126984127	-2.75936507936508
			5.28444444444444	-2.73333333333333
			5.31047619047619	-2.70730158730159
			5.33650793650794	-2.70730158730159
			5.36253968253968	-2.70730158730159
			5.36253968253968	-2.68126984126984
			5.38857142857143	-2.68126984126984
			5.41460317460317	-2.65523809523809
			5.44063492063492	-2.62920634920635
			5.46666666666667	-2.62920634920635
			5.49269841269841	-2.6031746031746
			5.51873015873016	-2.6031746031746
			5.5447619047619	-2.6031746031746
			5.57079365079365	-2.6031746031746
			5.5968253968254	-2.57714285714286
			5.62285714285714	-2.57714285714286
			5.64888888888889	-2.57714285714286
			5.67492063492063	-2.57714285714286
			5.70095238095238	-2.57714285714286
			5.72698412698413	-2.57714285714286
			5.75301587301587	-2.57714285714286
			5.77904761904762	-2.57714285714286
			5.80507936507937	-2.57714285714286
			5.83111111111111	-2.57714285714286
			5.85714285714286	-2.57714285714286
			5.8831746031746	-2.57714285714286
			5.90920634920635	-2.57714285714286
			5.93523809523809	-2.57714285714286
			5.96126984126984	-2.57714285714286
			5.98730158730159	-2.57714285714286
			6.01333333333333	-2.57714285714286
			6.03936507936508	-2.6031746031746
			6.06539682539683	-2.6031746031746
			6.09142857142857	-2.6031746031746
			6.11746031746032	-2.6031746031746
			6.14349206349206	-2.6031746031746
			6.16952380952381	-2.6031746031746
			6.19555555555556	-2.6031746031746
			6.2215873015873	-2.6031746031746
			6.24761904761905	-2.6031746031746
			6.27365079365079	-2.6031746031746
			6.29968253968254	-2.6031746031746
			6.32571428571429	-2.6031746031746
			6.35174603174603	-2.6031746031746
			6.37777777777778	-2.62920634920635
			6.40380952380952	-2.62920634920635
			6.42984126984127	-2.62920634920635
			6.45587301587302	-2.62920634920635
			6.48190476190476	-2.62920634920635
			6.50793650793651	-2.62920634920635
			6.53396825396825	-2.62920634920635
			6.56	-2.62920634920635
			6.58603174603175	-2.62920634920635
			6.61206349206349	-2.62920634920635
			6.63809523809524	-2.62920634920635
			6.66412698412698	-2.62920634920635
			6.69015873015873	-2.62920634920635
			6.71619047619048	-2.6031746031746
			6.74222222222222	-2.6031746031746
			6.76825396825397	-2.6031746031746
			6.79428571428571	-2.6031746031746
			6.82031746031746	-2.6031746031746
			6.84634920634921	-2.6031746031746
			6.87238095238095	-2.6031746031746
			6.8984126984127	-2.6031746031746
			6.92444444444444	-2.57714285714286
			6.95047619047619	-2.57714285714286
			6.97650793650794	-2.57714285714286
			7.00253968253968	-2.57714285714286
			7.02857142857143	-2.57714285714286
			7.05460317460317	-2.55111111111111
			7.08063492063492	-2.55111111111111
			7.10666666666667	-2.55111111111111
			7.13269841269841	-2.55111111111111
			7.15873015873016	-2.52507936507936
			7.1847619047619	-2.52507936507936
			7.21079365079365	-2.52507936507936
			7.2368253968254	-2.49904761904762
			7.26285714285714	-2.49904761904762
			7.28888888888889	-2.49904761904762
			7.28888888888889	-2.47301587301587
			7.31492063492064	-2.47301587301587
			7.34095238095238	-2.47301587301587
			7.36698412698413	-2.44698412698413
			7.39301587301587	-2.42095238095238
			7.41904761904762	-2.42095238095238
			7.44507936507936	-2.39492063492063
			7.47111111111111	-2.39492063492063
			7.47111111111111	-2.36888888888889
			7.49714285714286	-2.36888888888889
			7.5231746031746	-2.34285714285714
			7.54920634920635	-2.3168253968254
			7.5752380952381	-2.29079365079365
			7.5752380952381	-2.2647619047619
			7.60126984126984	-2.23873015873016
			7.62730158730159	-2.21269841269841
			7.62730158730159	-2.18666666666667
			7.65333333333333	-2.16063492063492
			7.67936507936508	-2.16063492063492
			7.70539682539683	-2.13460317460317
			7.73142857142857	-2.13460317460317
			7.75746031746032	-2.13460317460317
			7.78349206349206	-2.13460317460317
			7.80952380952381	-2.13460317460317
			7.83555555555556	-2.13460317460317
			7.8615873015873	-2.16063492063492
			7.88761904761905	-2.16063492063492
			7.91365079365079	-2.16063492063492
			7.93968253968254	-2.18666666666667
			7.96571428571429	-2.21269841269841
			7.99174603174603	-2.21269841269841
			8.01777777777778	-2.23873015873016
			8.04380952380952	-2.2647619047619
			8.06984126984127	-2.2647619047619
			8.09587301587302	-2.29079365079365
			8.12190476190476	-2.3168253968254
			8.14793650793651	-2.34285714285714
			8.17396825396825	-2.36888888888889
			8.2	-2.39492063492063
			8.22603174603175	-2.42095238095238
			8.25206349206349	-2.42095238095238
			8.25206349206349	-2.44698412698413
			8.27809523809524	-2.47301587301587
			8.30412698412698	-2.49904761904762
			8.33015873015873	-2.52507936507936
			8.35619047619048	-2.55111111111111
			8.35619047619048	-2.57714285714286
			8.38222222222222	-2.57714285714286
			8.40825396825397	-2.6031746031746
			8.43428571428571	-2.62920634920635
			8.43428571428571	-2.65523809523809
			8.46031746031746	-2.68126984126984
			8.48634920634921	-2.70730158730159
			8.51238095238095	-2.73333333333333
			8.51238095238095	-2.75936507936508
			8.5384126984127	-2.78539682539683
			8.56444444444444	-2.81142857142857
			8.59047619047619	-2.83746031746032
			8.59047619047619	-2.86349206349206
			8.61650793650794	-2.88952380952381
			8.61650793650794	-2.91555555555556
			8.64253968253968	-2.9415873015873
			8.66857142857143	-2.96761904761905
			8.66857142857143	-2.99365079365079
			8.69460317460317	-2.99365079365079
			8.69460317460317	-3.01968253968254
			8.72063492063492	-3.04571428571429
			8.72063492063492	-3.07174603174603
			8.74666666666667	-3.09777777777778
			8.77269841269841	-3.12380952380952
			8.77269841269841	-3.14984126984127
			8.79873015873016	-3.17587301587302
			8.79873015873016	-3.20190476190476
			8.82476190476191	-3.22793650793651
			8.82476190476191	-3.25396825396825
			8.85079365079365	-3.28
			8.85079365079365	-3.30603174603175
			8.85079365079365	-3.33206349206349
			8.85079365079365	-3.35809523809524
			8.85079365079365	-3.38412698412698
			8.8768253968254	-3.41015873015873
			8.8768253968254	-3.43619047619048
			8.8768253968254	-3.46222222222222
			8.8768253968254	-3.48825396825397
			8.8768253968254	-3.51428571428571
			8.90285714285714	-3.54031746031746
			8.90285714285714	-3.56634920634921
			8.90285714285714	-3.59238095238095
			8.90285714285714	-3.6184126984127
			8.90285714285714	-3.64444444444444
			8.90285714285714	-3.67047619047619
			8.92888888888889	-3.69650793650794
			8.92888888888889	-3.72253968253968
			8.92888888888889	-3.74857142857143
			8.92888888888889	-3.77460317460317
			8.92888888888889	-3.80063492063492
			8.92888888888889	-3.82666666666667
			8.92888888888889	-3.85269841269841
			8.92888888888889	-3.87873015873016
			8.95492063492063	-3.9047619047619
			8.95492063492063	-3.93079365079365
			8.95492063492063	-3.9568253968254
			8.95492063492063	-3.98285714285714
			8.95492063492063	-4.00888888888889
			8.95492063492063	-4.03492063492063
			8.95492063492063	-4.06095238095238
			8.95492063492063	-4.08698412698413
			8.95492063492063	-4.11301587301587
			8.95492063492063	-4.13904761904762
			8.95492063492063	-4.16507936507936
			8.95492063492063	-4.19111111111111
			8.95492063492063	-4.21714285714286
			8.98095238095238	-4.21714285714286
			8.98095238095238	-4.2431746031746
			8.98095238095238	-4.26920634920635
			8.98095238095238	-4.2952380952381
			8.98095238095238	-4.32126984126984
			8.98095238095238	-4.34730158730159
			8.98095238095238	-4.37333333333333
			8.98095238095238	-4.39936507936508
			8.98095238095238	-4.42539682539683
			8.98095238095238	-4.45142857142857
			8.98095238095238	-4.47746031746032
			8.98095238095238	-4.50349206349206
			8.98095238095238	-4.52952380952381
			8.98095238095238	-4.55555555555556
			8.98095238095238	-4.5815873015873
			8.98095238095238	-4.60761904761905
			8.98095238095238	-4.63365079365079
			8.98095238095238	-4.65968253968254
			8.98095238095238	-4.68571428571429
			8.98095238095238	-4.71174603174603
			8.98095238095238	-4.73777777777778
			8.98095238095238	-4.76380952380952
			8.98095238095238	-4.78984126984127
			8.98095238095238	-4.81587301587302
			8.98095238095238	-4.84190476190476
			8.98095238095238	-4.86793650793651
			8.98095238095238	-4.89396825396825
			8.98095238095238	-4.92
			8.98095238095238	-4.94603174603175
			8.98095238095238	-4.97206349206349
			8.98095238095238	-4.99809523809524
			8.95492063492063	-5.02412698412698
			8.95492063492063	-5.05015873015873
			8.95492063492063	-5.07619047619048
			8.95492063492063	-5.10222222222222
			8.95492063492063	-5.12825396825397
			8.95492063492063	-5.15428571428571
			8.95492063492063	-5.18031746031746
			8.95492063492063	-5.20634920634921
			8.95492063492063	-5.23238095238095
			8.95492063492063	-5.2584126984127
			8.95492063492063	-5.28444444444444
			8.95492063492063	-5.31047619047619
			8.95492063492063	-5.33650793650794
			8.95492063492063	-5.36253968253968
			8.95492063492063	-5.38857142857143
			8.92888888888889	-5.41460317460317
			8.92888888888889	-5.44063492063492
			8.92888888888889	-5.46666666666667
			8.92888888888889	-5.49269841269841
			8.92888888888889	-5.51873015873016
			8.92888888888889	-5.5447619047619
			8.92888888888889	-5.57079365079365
			8.92888888888889	-5.5968253968254
			8.92888888888889	-5.62285714285714
			8.92888888888889	-5.64888888888889
			8.90285714285714	-5.67492063492063
			8.90285714285714	-5.70095238095238
			8.90285714285714	-5.72698412698413
			8.90285714285714	-5.75301587301587
			8.90285714285714	-5.77904761904762
			8.90285714285714	-5.80507936507937
			8.8768253968254	-5.83111111111111
			8.8768253968254	-5.85714285714286
			8.8768253968254	-5.8831746031746
			8.8768253968254	-5.90920634920635
			8.8768253968254	-5.93523809523809
			8.85079365079365	-5.96126984126984
			8.85079365079365	-5.98730158730159
			8.85079365079365	-6.01333333333333
			8.85079365079365	-6.03936507936508
			8.82476190476191	-6.06539682539683
			8.82476190476191	-6.09142857142857
			8.82476190476191	-6.11746031746032
			8.79873015873016	-6.14349206349206
			8.79873015873016	-6.16952380952381
			8.79873015873016	-6.19555555555556
			8.77269841269841	-6.2215873015873
			8.77269841269841	-6.24761904761905
			8.77269841269841	-6.27365079365079
			8.74666666666667	-6.29968253968254
			8.74666666666667	-6.32571428571429
			8.74666666666667	-6.35174603174603
			8.72063492063492	-6.37777777777778
			8.72063492063492	-6.40380952380952
			8.72063492063492	-6.42984126984127
			8.69460317460317	-6.45587301587302
			8.69460317460317	-6.48190476190476
			8.69460317460317	-6.50793650793651
			8.69460317460317	-6.53396825396825
			8.66857142857143	-6.56
			8.66857142857143	-6.58603174603175
			8.66857142857143	-6.61206349206349
			8.64253968253968	-6.61206349206349
			8.64253968253968	-6.63809523809524
			8.64253968253968	-6.66412698412698
			8.61650793650794	-6.69015873015873
			8.61650793650794	-6.71619047619048
			8.61650793650794	-6.74222222222222
			8.61650793650794	-6.76825396825397
			8.59047619047619	-6.76825396825397
			8.59047619047619	-6.79428571428571
			8.59047619047619	-6.82031746031746
			8.56444444444444	-6.84634920634921
			8.56444444444444	-6.87238095238095
			8.56444444444444	-6.8984126984127
			8.5384126984127	-6.92444444444444
			8.5384126984127	-6.95047619047619
			8.5384126984127	-6.97650793650794
			8.51238095238095	-7.00253968253968
			8.51238095238095	-7.02857142857143
			8.51238095238095	-7.05460317460317
			8.48634920634921	-7.08063492063492
			8.46031746031746	-7.10666666666667
			8.46031746031746	-7.13269841269841
			8.46031746031746	-7.15873015873016
			8.46031746031746	-7.1847619047619
			8.43428571428571	-7.1847619047619
			8.43428571428571	-7.21079365079365
			8.43428571428571	-7.2368253968254
			8.40825396825397	-7.26285714285714
			8.40825396825397	-7.28888888888889
			8.38222222222222	-7.31492063492064
			8.38222222222222	-7.34095238095238
			8.38222222222222	-7.36698412698413
			8.35619047619048	-7.39301587301587
			8.35619047619048	-7.41904761904762
			8.35619047619048	-7.44507936507936
			8.33015873015873	-7.47111111111111
			8.33015873015873	-7.49714285714286
			8.30412698412698	-7.5231746031746
			8.30412698412698	-7.54920634920635
			8.30412698412698	-7.5752380952381
			8.27809523809524	-7.5752380952381
			8.27809523809524	-7.60126984126984
			8.27809523809524	-7.62730158730159
			8.25206349206349	-7.65333333333333
			8.25206349206349	-7.67936507936508
			8.25206349206349	-7.70539682539683
			8.22603174603175	-7.73142857142857
			8.22603174603175	-7.75746031746032
			8.22603174603175	-7.78349206349206
			8.2	-7.78349206349206
			8.2	-7.80952380952381
			8.2	-7.83555555555556
			8.17396825396825	-7.8615873015873
			8.17396825396825	-7.88761904761905
			8.17396825396825	-7.91365079365079
			8.14793650793651	-7.91365079365079
			8.14793650793651	-7.93968253968254
			8.14793650793651	-7.96571428571429
			8.12190476190476	-7.99174603174603
			8.12190476190476	-8.01777777777778
			8.09587301587302	-8.04380952380952
			8.09587301587302	-8.06984126984127
			8.06984126984127	-8.09587301587302
			8.06984126984127	-8.12190476190476
			8.04380952380952	-8.14793650793651
			8.04380952380952	-8.17396825396825
			8.04380952380952	-8.2
			8.01777777777778	-8.22603174603175
			8.01777777777778	-8.25206349206349
			7.99174603174603	-8.27809523809524
			7.99174603174603	-8.30412698412698
			7.96571428571429	-8.33015873015873
			7.96571428571429	-8.35619047619048
			7.93968253968254	-8.38222222222222
			7.91365079365079	-8.40825396825397
			7.88761904761905	-8.43428571428571
			7.88761904761905	-8.46031746031746
			7.8615873015873	-8.48634920634921
			7.8615873015873	-8.51238095238095
			7.83555555555556	-8.5384126984127
			7.80952380952381	-8.56444444444444
			7.78349206349206	-8.59047619047619
			7.78349206349206	-8.61650793650794
			7.75746031746032	-8.64253968253968
			7.75746031746032	-8.66857142857143
			7.73142857142857	-8.69460317460317
			7.73142857142857	-8.72063492063492
			7.70539682539683	-8.74666666666667
			7.67936507936508	-8.74666666666667
			7.67936507936508	-8.77269841269841
			7.65333333333333	-8.79873015873016
			7.65333333333333	-8.82476190476191
			7.62730158730159	-8.85079365079365
			7.60126984126984	-8.8768253968254
			7.60126984126984	-8.90285714285714
			7.5752380952381	-8.92888888888889
			7.54920634920635	-8.95492063492063
			7.54920634920635	-8.98095238095238
			7.5231746031746	-9.00698412698413
			7.49714285714286	-9.03301587301587
			7.49714285714286	-9.05904761904762
			7.47111111111111	-9.08507936507936
			7.47111111111111	-9.11111111111111
			7.44507936507936	-9.13714285714286
			7.41904761904762	-9.1631746031746
			7.41904761904762	-9.18920634920635
			7.39301587301587	-9.21523809523809
			7.39301587301587	-9.24126984126984
			7.36698412698413	-9.24126984126984
			7.34095238095238	-9.26730158730159
			7.34095238095238	-9.29333333333333
			7.31492063492064	-9.31936507936508
			7.31492063492064	-9.34539682539683
			7.28888888888889	-9.37142857142857
			7.28888888888889	-9.39746031746032
			7.26285714285714	-9.42349206349206
			7.2368253968254	-9.44952380952381
			7.2368253968254	-9.47555555555556
			7.21079365079365	-9.47555555555556
			7.21079365079365	-9.5015873015873
			7.1847619047619	-9.52761904761905
			7.1847619047619	-9.55365079365079
			7.15873015873016	-9.57968253968254
			7.15873015873016	-9.60571428571428
			7.13269841269841	-9.63174603174603
			7.10666666666667	-9.65777777777778
			7.08063492063492	-9.68380952380952
			7.08063492063492	-9.70984126984127
			7.05460317460317	-9.73587301587301
			7.05460317460317	-9.76190476190476
			7.02857142857143	-9.78793650793651
			7.00253968253968	-9.81396825396825
			7.00253968253968	-9.84
			6.97650793650794	-9.86603174603175
			6.97650793650794	-9.89206349206349
			6.95047619047619	-9.91809523809524
			6.95047619047619	-9.94412698412698
			6.92444444444444	-9.97015873015873
			6.95047619047619	-9.94412698412698
			6.95047619047619	-9.91809523809524
			6.97650793650794	-9.89206349206349
			7.00253968253968	-9.86603174603175
			7.02857142857143	-9.84
			7.05460317460317	-9.81396825396825
			7.05460317460317	-9.78793650793651
			7.08063492063492	-9.76190476190476
			7.10666666666667	-9.73587301587301
			7.13269841269841	-9.70984126984127
			7.13269841269841	-9.68380952380952
			7.15873015873016	-9.65777777777778
			7.1847619047619	-9.63174603174603
			7.21079365079365	-9.60571428571428
			7.2368253968254	-9.57968253968254
			7.2368253968254	-9.55365079365079
			7.26285714285714	-9.52761904761905
			7.28888888888889	-9.5015873015873
			7.28888888888889	-9.47555555555556
			7.31492063492064	-9.47555555555556
			7.31492063492064	-9.44952380952381
			7.31492063492064	-9.42349206349206
			7.34095238095238	-9.42349206349206
			7.34095238095238	-9.39746031746032
			7.36698412698413	-9.37142857142857
			7.39301587301587	-9.34539682539683
			7.39301587301587	-9.31936507936508
			7.41904761904762	-9.29333333333333
			7.44507936507936	-9.26730158730159
			7.47111111111111	-9.24126984126984
			7.47111111111111	-9.21523809523809
			7.49714285714286	-9.18920634920635
			7.5231746031746	-9.1631746031746
			7.5231746031746	-9.13714285714286
			7.54920634920635	-9.11111111111111
			7.5752380952381	-9.08507936507936
			7.5752380952381	-9.05904761904762
			7.60126984126984	-9.03301587301587
			7.60126984126984	-9.00698412698413
			7.62730158730159	-9.00698412698413
			7.62730158730159	-8.98095238095238
			7.65333333333333	-8.95492063492063
			7.65333333333333	-8.92888888888889
			7.67936507936508	-8.90285714285714
			7.70539682539683	-8.8768253968254
			7.73142857142857	-8.85079365079365
			7.73142857142857	-8.82476190476191
			7.75746031746032	-8.79873015873016
			7.75746031746032	-8.77269841269841
			7.78349206349206	-8.77269841269841
			7.78349206349206	-8.74666666666667
			7.80952380952381	-8.72063492063492
			7.80952380952381	-8.69460317460317
			7.83555555555556	-8.66857142857143
			7.8615873015873	-8.64253968253968
			7.8615873015873	-8.61650793650794
			7.88761904761905	-8.59047619047619
			7.88761904761905	-8.56444444444444
			7.91365079365079	-8.5384126984127
			7.93968253968254	-8.51238095238095
			7.93968253968254	-8.48634920634921
			7.96571428571429	-8.46031746031746
			7.99174603174603	-8.43428571428571
			7.99174603174603	-8.40825396825397
			8.01777777777778	-8.38222222222222
			8.01777777777778	-8.35619047619048
			8.04380952380952	-8.33015873015873
			8.06984126984127	-8.30412698412698
			8.06984126984127	-8.27809523809524
			8.09587301587302	-8.25206349206349
			8.09587301587302	-8.22603174603175
			8.12190476190476	-8.2
			8.14793650793651	-8.17396825396825
			8.14793650793651	-8.14793650793651
			8.17396825396825	-8.12190476190476
			8.17396825396825	-8.09587301587302
			8.2	-8.06984126984127
			8.2	-8.04380952380952
			8.2	-8.01777777777778
			8.22603174603175	-7.99174603174603
			8.22603174603175	-7.96571428571429
			8.25206349206349	-7.93968253968254
			8.25206349206349	-7.91365079365079
			8.27809523809524	-7.88761904761905
			8.27809523809524	-7.8615873015873
			8.27809523809524	-7.83555555555556
			8.30412698412698	-7.83555555555556
			8.30412698412698	-7.80952380952381
			8.33015873015873	-7.78349206349206
			8.33015873015873	-7.75746031746032
			8.33015873015873	-7.73142857142857
			8.35619047619048	-7.70539682539683
			8.35619047619048	-7.67936507936508
			8.38222222222222	-7.65333333333333
			8.38222222222222	-7.62730158730159
			8.40825396825397	-7.60126984126984
			8.40825396825397	-7.5752380952381
			8.43428571428571	-7.54920634920635
			8.43428571428571	-7.5231746031746
			8.43428571428571	-7.49714285714286
			8.46031746031746	-7.47111111111111
			8.46031746031746	-7.44507936507936
			8.46031746031746	-7.41904761904762
			8.48634920634921	-7.39301587301587
			8.48634920634921	-7.36698412698413
			8.48634920634921	-7.34095238095238
			8.51238095238095	-7.34095238095238
			8.51238095238095	-7.31492063492064
			8.51238095238095	-7.28888888888889
			8.51238095238095	-7.26285714285714
			8.5384126984127	-7.2368253968254
			8.5384126984127	-7.21079365079365
			8.56444444444444	-7.1847619047619
			8.56444444444444	-7.15873015873016
			8.56444444444444	-7.13269841269841
			8.59047619047619	-7.10666666666667
			8.59047619047619	-7.08063492063492
			8.61650793650794	-7.05460317460317
			8.61650793650794	-7.02857142857143
			8.61650793650794	-7.00253968253968
			8.64253968253968	-6.97650793650794
			8.64253968253968	-6.95047619047619
			8.64253968253968	-6.92444444444444
			8.66857142857143	-6.8984126984127
			8.66857142857143	-6.87238095238095
			8.66857142857143	-6.84634920634921
			8.69460317460317	-6.82031746031746
			8.69460317460317	-6.79428571428571
			8.69460317460317	-6.76825396825397
			8.69460317460317	-6.74222222222222
			8.72063492063492	-6.71619047619048
			8.72063492063492	-6.69015873015873
			8.74666666666667	-6.66412698412698
			8.74666666666667	-6.63809523809524
			8.74666666666667	-6.61206349206349
			8.74666666666667	-6.58603174603175
			8.77269841269841	-6.56
			8.77269841269841	-6.53396825396825
			8.77269841269841	-6.50793650793651
			8.79873015873016	-6.48190476190476
			8.79873015873016	-6.45587301587302
			8.79873015873016	-6.42984126984127
			8.82476190476191	-6.40380952380952
			8.82476190476191	-6.37777777777778
			8.82476190476191	-6.35174603174603
			8.82476190476191	-6.32571428571429
			8.85079365079365	-6.29968253968254
			8.85079365079365	-6.27365079365079
			8.85079365079365	-6.24761904761905
			8.8768253968254	-6.2215873015873
			8.8768253968254	-6.19555555555556
			8.8768253968254	-6.16952380952381
			8.90285714285714	-6.14349206349206
			8.90285714285714	-6.11746031746032
			8.90285714285714	-6.09142857142857
			8.90285714285714	-6.06539682539683
			8.92888888888889	-6.03936507936508
			8.92888888888889	-6.01333333333333
			8.92888888888889	-5.98730158730159
			8.95492063492063	-5.96126984126984
			8.95492063492063	-5.93523809523809
			8.95492063492063	-5.90920634920635
			8.95492063492063	-5.8831746031746
			8.98095238095238	-5.85714285714286
			8.98095238095238	-5.83111111111111
			8.98095238095238	-5.80507936507937
			8.98095238095238	-5.77904761904762
			9.00698412698413	-5.75301587301587
			9.00698412698413	-5.72698412698413
			9.00698412698413	-5.70095238095238
			9.03301587301587	-5.67492063492063
			9.03301587301587	-5.64888888888889
			9.03301587301587	-5.62285714285714
			9.03301587301587	-5.5968253968254
			9.05904761904762	-5.57079365079365
			9.05904761904762	-5.5447619047619
			9.05904761904762	-5.51873015873016
			9.05904761904762	-5.49269841269841
			9.05904761904762	-5.46666666666667
			9.08507936507936	-5.44063492063492
			9.08507936507936	-5.41460317460317
			9.08507936507936	-5.38857142857143
			9.08507936507936	-5.36253968253968
			9.11111111111111	-5.33650793650794
			9.11111111111111	-5.31047619047619
			9.11111111111111	-5.28444444444444
			9.11111111111111	-5.2584126984127
			9.11111111111111	-5.23238095238095
			9.11111111111111	-5.20634920634921
			9.11111111111111	-5.18031746031746
			9.13714285714286	-5.15428571428571
			9.13714285714286	-5.12825396825397
			9.13714285714286	-5.10222222222222
			9.13714285714286	-5.07619047619048
			9.13714285714286	-5.05015873015873
			9.13714285714286	-5.02412698412698
			9.13714285714286	-4.99809523809524
			9.13714285714286	-4.97206349206349
			9.13714285714286	-4.94603174603175
			9.1631746031746	-4.92
			9.1631746031746	-4.89396825396825
			9.1631746031746	-4.86793650793651
			9.1631746031746	-4.84190476190476
			9.1631746031746	-4.81587301587302
			9.1631746031746	-4.78984126984127
			9.1631746031746	-4.76380952380952
			9.1631746031746	-4.73777777777778
			9.1631746031746	-4.71174603174603
			9.1631746031746	-4.68571428571429
			9.1631746031746	-4.65968253968254
			9.1631746031746	-4.63365079365079
			9.1631746031746	-4.60761904761905
			9.1631746031746	-4.5815873015873
			9.1631746031746	-4.55555555555556
			9.1631746031746	-4.52952380952381
			9.18920634920635	-4.52952380952381
			9.18920634920635	-4.50349206349206
			9.18920634920635	-4.47746031746032
			9.18920634920635	-4.45142857142857
			9.18920634920635	-4.42539682539683
			9.18920634920635	-4.39936507936508
			9.18920634920635	-4.37333333333333
			9.18920634920635	-4.34730158730159
			9.18920634920635	-4.32126984126984
			9.18920634920635	-4.2952380952381
			9.18920634920635	-4.26920634920635
			9.1631746031746	-4.2431746031746
			9.1631746031746	-4.21714285714286
			9.1631746031746	-4.19111111111111
			9.1631746031746	-4.16507936507936
			9.1631746031746	-4.13904761904762
			9.1631746031746	-4.11301587301587
			9.1631746031746	-4.08698412698413
			9.1631746031746	-4.06095238095238
			9.1631746031746	-4.03492063492063
			9.1631746031746	-4.00888888888889
			9.1631746031746	-3.98285714285714
			9.1631746031746	-3.9568253968254
			9.1631746031746	-3.93079365079365
			9.1631746031746	-3.9047619047619
			9.13714285714286	-3.87873015873016
			9.13714285714286	-3.85269841269841
			9.13714285714286	-3.82666666666667
			9.13714285714286	-3.80063492063492
			9.13714285714286	-3.77460317460317
			9.13714285714286	-3.74857142857143
			9.13714285714286	-3.72253968253968
			9.13714285714286	-3.69650793650794
			9.11111111111111	-3.67047619047619
			9.11111111111111	-3.64444444444444
			9.11111111111111	-3.6184126984127
			9.11111111111111	-3.59238095238095
			9.11111111111111	-3.56634920634921
			9.08507936507936	-3.54031746031746
			9.08507936507936	-3.51428571428571
			9.08507936507936	-3.48825396825397
			9.08507936507936	-3.46222222222222
			9.05904761904762	-3.43619047619048
			9.05904761904762	-3.41015873015873
			9.05904761904762	-3.38412698412698
			9.05904761904762	-3.35809523809524
			9.03301587301587	-3.33206349206349
			9.03301587301587	-3.30603174603175
			9.03301587301587	-3.28
			9.03301587301587	-3.25396825396825
			9.00698412698413	-3.22793650793651
			9.00698412698413	-3.20190476190476
			9.00698412698413	-3.17587301587302
			8.98095238095238	-3.14984126984127
			8.98095238095238	-3.12380952380952
			8.98095238095238	-3.09777777777778
			8.95492063492063	-3.07174603174603
			8.95492063492063	-3.04571428571429
			8.92888888888889	-3.01968253968254
			8.92888888888889	-2.99365079365079
			8.92888888888889	-2.96761904761905
			8.90285714285714	-2.9415873015873
			8.90285714285714	-2.91555555555556
			8.8768253968254	-2.88952380952381
			8.8768253968254	-2.86349206349206
		</posterior>
	</curves.scaled>
	<ruler.points type=matrix rownames=TRUE colnames=FALSE nrow=2 ncol=2 as.numeric=TRUE >
		Ruler point 1	28	449
		Ruler point 2	91	449
	</ruler.points>
</shapes>

