<shapes type=list>
	<ruler.pixel type=vector names=FALSE length=1 as.numeric=TRUE >146</ruler.pixel>
	<ruler.interval type=vector names=FALSE length=1 as.numeric=TRUE >10</ruler.interval>
	<scaling.units type=vector names=FALSE length=1 as.numeric=FALSE >mm</scaling.units>
	<scaling type=vector names=FALSE length=1 as.numeric=TRUE >0.0684931506849315</scaling>
	<landmarks.pixel type=matrix rownames=TRUE colnames=FALSE nrow=16 ncol=2 as.numeric=TRUE >
		LM1	947	268
		LM2	947	289
		LM3	947	354
		LM4	947	367
		LM5	975	334
		LM6	975	350
		LM7	976	357
		LM8	995	296
		LM9	1006	329
		LM10	947	268
		LM11	1037	360
		LM12	1042	372
		LM13	947	268
		LM14	1017	308
		LM15	1064	367
		LM16	1072	410
	</landmarks.pixel>
	<landmarks.scaled type=matrix rownames=TRUE colnames=FALSE nrow=16 ncol=2 as.numeric=TRUE >
		LM1	64.8630136986301	-18.3561643835616
		LM2	64.8630136986301	-19.7945205479452
		LM3	64.8630136986301	-24.2465753424658
		LM4	64.8630136986301	-25.1369863013699
		LM5	66.7808219178082	-22.8767123287671
		LM6	66.7808219178082	-23.972602739726
		LM7	66.8493150684931	-24.4520547945205
		LM8	68.1506849315068	-20.2739726027397
		LM9	68.9041095890411	-22.5342465753425
		LM10	64.8630136986301	-18.3561643835616
		LM11	71.027397260274	-24.6575342465753
		LM12	71.3698630136986	-25.4794520547945
		LM13	64.8630136986301	-18.3561643835616
		LM14	69.6575342465753	-21.0958904109589
		LM15	72.8767123287671	-25.1369863013699
		LM16	73.4246575342466	-28.0821917808219
	</landmarks.scaled>
	<curves.control type=list>
		<glabella type=matrix rownames=FALSE colnames=FALSE nrow=3 ncol=2 as.numeric=TRUE >
			947	289
			979	288
			976	357
		</glabella>
		<suture type=matrix rownames=FALSE colnames=FALSE nrow=9 ncol=2 as.numeric=TRUE >
			947	268
			964	268
			972	271
			986	270
			995	296
			1023	307
			1006	330
			1030	338
			1042	372
		</suture>
		<anterior type=matrix rownames=FALSE colnames=FALSE nrow=7 ncol=2 as.numeric=TRUE >
			947	268
			964	268
			972	271
			992	271
			1008	277
			1060	297
			1064	367
		</anterior>
		<posterior type=matrix rownames=FALSE colnames=FALSE nrow=13 ncol=2 as.numeric=TRUE >
			947	367
			957	368
			976	358
			984	360
			1012	363
			1027	366
			1042	373
			1051	369
			1056	366
			1062	379
			1073	412
			1071	390
			1064	367
		</posterior>
	</curves.control>
	<curves.pixel type=list>
		<glabella type=matrix rownames=FALSE colnames=FALSE nrow=80 ncol=2 as.numeric=TRUE >
			947	289
			948	289
			949	289
			950	289
			951	289
			952	289
			953	290
			954	290
			955	290
			956	290
			957	291
			958	291
			959	292
			960	292
			961	293
			962	294
			963	295
			964	296
			965	296
			966	297
			966	298
			967	299
			967	300
			968	301
			969	302
			969	303
			970	304
			970	305
			970	306
			971	307
			971	308
			972	309
			972	310
			972	311
			973	312
			973	313
			973	314
			973	315
			974	316
			974	317
			974	318
			974	319
			974	320
			975	321
			975	322
			975	323
			975	324
			975	325
			975	326
			975	327
			975	328
			976	329
			976	330
			976	331
			976	332
			976	333
			976	334
			976	335
			976	336
			976	337
			976	338
			976	339
			976	340
			976	341
			976	342
			976	343
			976	344
			976	345
			976	346
			976	347
			976	348
			976	349
			976	350
			976	351
			976	352
			976	353
			976	354
			976	355
			976	356
			976	357
		</glabella>
		<suture type=matrix rownames=FALSE colnames=FALSE nrow=151 ncol=2 as.numeric=TRUE >
			947	268
			948	268
			949	268
			950	268
			951	268
			952	268
			953	268
			954	268
			955	268
			956	268
			957	268
			958	268
			959	268
			960	269
			961	269
			962	269
			963	269
			964	269
			965	269
			966	269
			967	270
			968	270
			969	270
			970	270
			971	271
			972	271
			973	271
			974	271
			975	271
			976	271
			977	272
			978	272
			979	272
			980	273
			981	273
			982	274
			983	275
			984	276
			985	277
			986	278
			987	279
			987	280
			988	280
			988	281
			989	282
			989	283
			990	284
			990	285
			991	286
			991	287
			992	288
			992	289
			993	290
			993	291
			994	292
			994	293
			994	294
			995	295
			995	296
			996	296
			997	297
			998	297
			999	298
			1000	298
			1001	299
			1002	300
			1003	300
			1004	301
			1005	301
			1006	302
			1007	303
			1008	304
			1009	305
			1010	306
			1010	307
			1011	308
			1011	309
			1012	310
			1012	311
			1012	312
			1012	313
			1012	314
			1012	315
			1012	316
			1012	317
			1012	318
			1012	319
			1011	320
			1011	321
			1011	322
			1010	323
			1010	324
			1009	325
			1009	326
			1008	327
			1007	328
			1007	329
			1006	330
			1007	330
			1008	331
			1009	331
			1010	331
			1010	332
			1011	332
			1012	332
			1012	333
			1013	333
			1014	333
			1014	334
			1015	334
			1016	335
			1017	336
			1018	336
			1019	337
			1020	338
			1021	339
			1022	340
			1023	341
			1024	341
			1025	342
			1026	343
			1026	344
			1027	345
			1028	345
			1029	346
			1029	347
			1030	348
			1031	349
			1031	350
			1032	351
			1033	352
			1033	353
			1034	354
			1035	355
			1035	356
			1036	357
			1036	358
			1037	359
			1037	360
			1037	361
			1038	362
			1038	363
			1039	364
			1039	365
			1040	366
			1040	367
			1040	368
			1041	369
			1041	370
			1042	371
			1042	372
		</suture>
		<anterior type=matrix rownames=FALSE colnames=FALSE nrow=165 ncol=2 as.numeric=TRUE >
			947	268
			948	268
			949	268
			950	268
			951	268
			952	268
			953	268
			954	268
			955	268
			956	268
			957	268
			958	268
			959	268
			960	269
			961	269
			962	269
			963	269
			964	269
			965	269
			966	269
			967	270
			968	270
			969	270
			970	270
			971	271
			972	271
			973	271
			974	271
			975	271
			976	271
			977	271
			978	271
			979	271
			980	271
			981	271
			982	271
			983	272
			984	272
			985	272
			986	272
			987	272
			988	272
			989	272
			990	272
			991	272
			992	273
			993	273
			994	273
			995	273
			996	274
			997	274
			998	274
			999	274
			1000	275
			1001	275
			1002	275
			1003	275
			1004	276
			1005	276
			1006	276
			1007	277
			1008	277
			1009	278
			1010	278
			1011	278
			1012	279
			1013	279
			1014	280
			1015	280
			1016	281
			1017	281
			1018	281
			1019	282
			1020	282
			1021	283
			1022	284
			1023	285
			1024	285
			1025	286
			1026	287
			1027	287
			1028	288
			1029	289
			1030	289
			1031	290
			1032	291
			1033	292
			1034	292
			1035	293
			1035	294
			1036	295
			1037	296
			1038	297
			1039	297
			1040	298
			1040	299
			1041	300
			1042	301
			1043	302
			1043	303
			1044	304
			1045	305
			1045	306
			1046	307
			1047	308
			1048	309
			1048	310
			1049	311
			1049	312
			1050	313
			1051	314
			1051	315
			1052	316
			1052	317
			1053	318
			1053	319
			1054	320
			1054	321
			1054	322
			1055	323
			1055	324
			1056	325
			1056	326
			1056	327
			1057	328
			1057	329
			1057	330
			1058	330
			1058	331
			1058	332
			1058	333
			1059	334
			1059	335
			1059	336
			1060	337
			1060	338
			1060	339
			1060	340
			1060	341
			1061	342
			1061	343
			1061	344
			1061	345
			1062	346
			1062	347
			1062	348
			1062	349
			1062	350
			1062	351
			1063	352
			1063	353
			1063	354
			1063	355
			1063	356
			1063	357
			1063	358
			1063	359
			1063	360
			1064	361
			1064	362
			1064	363
			1064	364
			1064	365
			1064	366
			1064	367
		</anterior>
		<posterior type=matrix rownames=FALSE colnames=FALSE nrow=198 ncol=2 as.numeric=TRUE >
			947	367
			948	367
			949	367
			950	367
			951	367
			952	367
			953	367
			954	367
			955	366
			956	366
			957	366
			958	366
			959	365
			960	365
			961	365
			962	364
			963	364
			964	364
			965	363
			966	363
			967	362
			968	362
			969	361
			970	361
			971	361
			972	360
			973	359
			974	359
			975	359
			976	358
			977	358
			978	358
			979	359
			980	359
			981	359
			982	359
			983	359
			984	360
			985	360
			986	360
			987	360
			988	360
			989	360
			990	360
			991	361
			992	361
			993	361
			994	361
			995	361
			996	361
			997	361
			998	361
			999	362
			1000	362
			1001	362
			1002	362
			1003	362
			1004	362
			1005	362
			1006	362
			1007	362
			1008	363
			1009	363
			1010	363
			1011	363
			1012	363
			1013	363
			1014	363
			1015	364
			1016	364
			1017	364
			1018	364
			1019	365
			1020	365
			1021	365
			1022	365
			1023	366
			1024	366
			1025	366
			1026	367
			1027	367
			1028	367
			1029	368
			1030	368
			1031	368
			1032	369
			1033	369
			1034	370
			1035	370
			1036	370
			1037	371
			1038	371
			1039	372
			1040	372
			1041	372
			1042	373
			1043	373
			1044	372
			1045	372
			1046	371
			1047	371
			1048	370
			1049	370
			1050	369
			1051	369
			1052	368
			1053	368
			1054	367
			1055	366
			1056	367
			1057	368
			1057	369
			1058	370
			1058	371
			1059	372
			1059	373
			1059	374
			1060	375
			1060	376
			1061	377
			1061	378
			1061	379
			1062	380
			1062	381
			1062	382
			1063	383
			1063	384
			1064	385
			1064	386
			1064	387
			1065	388
			1065	389
			1065	390
			1066	391
			1066	392
			1066	393
			1067	394
			1067	395
			1068	396
			1068	397
			1068	398
			1069	399
			1069	400
			1069	401
			1070	402
			1070	403
			1070	404
			1071	405
			1071	406
			1071	407
			1072	408
			1072	409
			1072	410
			1073	411
			1073	410
			1073	409
			1073	408
			1072	407
			1072	406
			1072	405
			1072	404
			1072	403
			1072	402
			1072	401
			1072	400
			1071	399
			1071	398
			1071	397
			1071	396
			1071	395
			1071	394
			1070	393
			1070	392
			1070	391
			1070	390
			1070	389
			1069	388
			1069	387
			1069	386
			1069	385
			1069	384
			1068	383
			1068	382
			1068	381
			1068	380
			1067	379
			1067	378
			1067	377
			1066	376
			1066	375
			1066	374
			1066	373
			1065	372
			1065	371
			1065	370
			1064	369
			1064	368
			1064	367
		</posterior>
	</curves.pixel>
	<curves.scaled type=list>
		<glabella type=matrix rownames=FALSE colnames=FALSE nrow=80 ncol=2 as.numeric=TRUE >
			64.8630136986301	-19.7945205479452
			64.9315068493151	-19.7945205479452
			65	-19.7945205479452
			65.0684931506849	-19.7945205479452
			65.1369863013699	-19.7945205479452
			65.2054794520548	-19.7945205479452
			65.2739726027397	-19.8630136986301
			65.3424657534246	-19.8630136986301
			65.4109589041096	-19.8630136986301
			65.4794520547945	-19.8630136986301
			65.5479452054795	-19.9315068493151
			65.6164383561644	-19.9315068493151
			65.6849315068493	-20
			65.7534246575342	-20
			65.8219178082192	-20.0684931506849
			65.8904109589041	-20.1369863013699
			65.958904109589	-20.2054794520548
			66.027397260274	-20.2739726027397
			66.0958904109589	-20.2739726027397
			66.1643835616438	-20.3424657534247
			66.1643835616438	-20.4109589041096
			66.2328767123288	-20.4794520547945
			66.2328767123288	-20.5479452054795
			66.3013698630137	-20.6164383561644
			66.3698630136986	-20.6849315068493
			66.3698630136986	-20.7534246575342
			66.4383561643836	-20.8219178082192
			66.4383561643836	-20.8904109589041
			66.4383561643836	-20.958904109589
			66.5068493150685	-21.027397260274
			66.5068493150685	-21.0958904109589
			66.5753424657534	-21.1643835616438
			66.5753424657534	-21.2328767123288
			66.5753424657534	-21.3013698630137
			66.6438356164384	-21.3698630136986
			66.6438356164384	-21.4383561643836
			66.6438356164384	-21.5068493150685
			66.6438356164384	-21.5753424657534
			66.7123287671233	-21.6438356164384
			66.7123287671233	-21.7123287671233
			66.7123287671233	-21.7808219178082
			66.7123287671233	-21.8493150684931
			66.7123287671233	-21.9178082191781
			66.7808219178082	-21.986301369863
			66.7808219178082	-22.0547945205479
			66.7808219178082	-22.1232876712329
			66.7808219178082	-22.1917808219178
			66.7808219178082	-22.2602739726027
			66.7808219178082	-22.3287671232877
			66.7808219178082	-22.3972602739726
			66.7808219178082	-22.4657534246575
			66.8493150684931	-22.5342465753425
			66.8493150684931	-22.6027397260274
			66.8493150684931	-22.6712328767123
			66.8493150684931	-22.7397260273973
			66.8493150684931	-22.8082191780822
			66.8493150684931	-22.8767123287671
			66.8493150684931	-22.9452054794521
			66.8493150684931	-23.013698630137
			66.8493150684931	-23.0821917808219
			66.8493150684931	-23.1506849315068
			66.8493150684931	-23.2191780821918
			66.8493150684931	-23.2876712328767
			66.8493150684931	-23.3561643835616
			66.8493150684931	-23.4246575342466
			66.8493150684931	-23.4931506849315
			66.8493150684931	-23.5616438356164
			66.8493150684931	-23.6301369863014
			66.8493150684931	-23.6986301369863
			66.8493150684931	-23.7671232876712
			66.8493150684931	-23.8356164383562
			66.8493150684931	-23.9041095890411
			66.8493150684931	-23.972602739726
			66.8493150684931	-24.041095890411
			66.8493150684931	-24.1095890410959
			66.8493150684931	-24.1780821917808
			66.8493150684931	-24.2465753424658
			66.8493150684931	-24.3150684931507
			66.8493150684931	-24.3835616438356
			66.8493150684931	-24.4520547945205
		</glabella>
		<suture type=matrix rownames=FALSE colnames=FALSE nrow=151 ncol=2 as.numeric=TRUE >
			64.8630136986301	-18.3561643835616
			64.9315068493151	-18.3561643835616
			65	-18.3561643835616
			65.0684931506849	-18.3561643835616
			65.1369863013699	-18.3561643835616
			65.2054794520548	-18.3561643835616
			65.2739726027397	-18.3561643835616
			65.3424657534246	-18.3561643835616
			65.4109589041096	-18.3561643835616
			65.4794520547945	-18.3561643835616
			65.5479452054795	-18.3561643835616
			65.6164383561644	-18.3561643835616
			65.6849315068493	-18.3561643835616
			65.7534246575342	-18.4246575342466
			65.8219178082192	-18.4246575342466
			65.8904109589041	-18.4246575342466
			65.958904109589	-18.4246575342466
			66.027397260274	-18.4246575342466
			66.0958904109589	-18.4246575342466
			66.1643835616438	-18.4246575342466
			66.2328767123288	-18.4931506849315
			66.3013698630137	-18.4931506849315
			66.3698630136986	-18.4931506849315
			66.4383561643836	-18.4931506849315
			66.5068493150685	-18.5616438356164
			66.5753424657534	-18.5616438356164
			66.6438356164384	-18.5616438356164
			66.7123287671233	-18.5616438356164
			66.7808219178082	-18.5616438356164
			66.8493150684931	-18.5616438356164
			66.9178082191781	-18.6301369863014
			66.986301369863	-18.6301369863014
			67.0547945205479	-18.6301369863014
			67.1232876712329	-18.6986301369863
			67.1917808219178	-18.6986301369863
			67.2602739726027	-18.7671232876712
			67.3287671232877	-18.8356164383562
			67.3972602739726	-18.9041095890411
			67.4657534246575	-18.972602739726
			67.5342465753425	-19.041095890411
			67.6027397260274	-19.1095890410959
			67.6027397260274	-19.1780821917808
			67.6712328767123	-19.1780821917808
			67.6712328767123	-19.2465753424658
			67.7397260273973	-19.3150684931507
			67.7397260273973	-19.3835616438356
			67.8082191780822	-19.4520547945205
			67.8082191780822	-19.5205479452055
			67.8767123287671	-19.5890410958904
			67.8767123287671	-19.6575342465753
			67.9452054794521	-19.7260273972603
			67.9452054794521	-19.7945205479452
			68.013698630137	-19.8630136986301
			68.013698630137	-19.9315068493151
			68.0821917808219	-20
			68.0821917808219	-20.0684931506849
			68.0821917808219	-20.1369863013699
			68.1506849315068	-20.2054794520548
			68.1506849315068	-20.2739726027397
			68.2191780821918	-20.2739726027397
			68.2876712328767	-20.3424657534247
			68.3561643835616	-20.3424657534247
			68.4246575342466	-20.4109589041096
			68.4931506849315	-20.4109589041096
			68.5616438356164	-20.4794520547945
			68.6301369863014	-20.5479452054795
			68.6986301369863	-20.5479452054795
			68.7671232876712	-20.6164383561644
			68.8356164383562	-20.6164383561644
			68.9041095890411	-20.6849315068493
			68.972602739726	-20.7534246575342
			69.041095890411	-20.8219178082192
			69.1095890410959	-20.8904109589041
			69.1780821917808	-20.958904109589
			69.1780821917808	-21.027397260274
			69.2465753424657	-21.0958904109589
			69.2465753424657	-21.1643835616438
			69.3150684931507	-21.2328767123288
			69.3150684931507	-21.3013698630137
			69.3150684931507	-21.3698630136986
			69.3150684931507	-21.4383561643836
			69.3150684931507	-21.5068493150685
			69.3150684931507	-21.5753424657534
			69.3150684931507	-21.6438356164384
			69.3150684931507	-21.7123287671233
			69.3150684931507	-21.7808219178082
			69.3150684931507	-21.8493150684931
			69.2465753424657	-21.9178082191781
			69.2465753424657	-21.986301369863
			69.2465753424657	-22.0547945205479
			69.1780821917808	-22.1232876712329
			69.1780821917808	-22.1917808219178
			69.1095890410959	-22.2602739726027
			69.1095890410959	-22.3287671232877
			69.041095890411	-22.3972602739726
			68.972602739726	-22.4657534246575
			68.972602739726	-22.5342465753425
			68.9041095890411	-22.6027397260274
			68.972602739726	-22.6027397260274
			69.041095890411	-22.6712328767123
			69.1095890410959	-22.6712328767123
			69.1780821917808	-22.6712328767123
			69.1780821917808	-22.7397260273973
			69.2465753424657	-22.7397260273973
			69.3150684931507	-22.7397260273973
			69.3150684931507	-22.8082191780822
			69.3835616438356	-22.8082191780822
			69.4520547945205	-22.8082191780822
			69.4520547945205	-22.8767123287671
			69.5205479452055	-22.8767123287671
			69.5890410958904	-22.9452054794521
			69.6575342465753	-23.013698630137
			69.7260273972603	-23.013698630137
			69.7945205479452	-23.0821917808219
			69.8630136986301	-23.1506849315068
			69.9315068493151	-23.2191780821918
			70	-23.2876712328767
			70.0684931506849	-23.3561643835616
			70.1369863013699	-23.3561643835616
			70.2054794520548	-23.4246575342466
			70.2739726027397	-23.4931506849315
			70.2739726027397	-23.5616438356164
			70.3424657534246	-23.6301369863014
			70.4109589041096	-23.6301369863014
			70.4794520547945	-23.6986301369863
			70.4794520547945	-23.7671232876712
			70.5479452054795	-23.8356164383562
			70.6164383561644	-23.9041095890411
			70.6164383561644	-23.972602739726
			70.6849315068493	-24.041095890411
			70.7534246575342	-24.1095890410959
			70.7534246575342	-24.1780821917808
			70.8219178082192	-24.2465753424658
			70.8904109589041	-24.3150684931507
			70.8904109589041	-24.3835616438356
			70.958904109589	-24.4520547945205
			70.958904109589	-24.5205479452055
			71.027397260274	-24.5890410958904
			71.027397260274	-24.6575342465753
			71.027397260274	-24.7260273972603
			71.0958904109589	-24.7945205479452
			71.0958904109589	-24.8630136986301
			71.1643835616438	-24.9315068493151
			71.1643835616438	-25
			71.2328767123288	-25.0684931506849
			71.2328767123288	-25.1369863013699
			71.2328767123288	-25.2054794520548
			71.3013698630137	-25.2739726027397
			71.3013698630137	-25.3424657534247
			71.3698630136986	-25.4109589041096
			71.3698630136986	-25.4794520547945
		</suture>
		<anterior type=matrix rownames=FALSE colnames=FALSE nrow=165 ncol=2 as.numeric=TRUE >
			64.8630136986301	-18.3561643835616
			64.9315068493151	-18.3561643835616
			65	-18.3561643835616
			65.0684931506849	-18.3561643835616
			65.1369863013699	-18.3561643835616
			65.2054794520548	-18.3561643835616
			65.2739726027397	-18.3561643835616
			65.3424657534246	-18.3561643835616
			65.4109589041096	-18.3561643835616
			65.4794520547945	-18.3561643835616
			65.5479452054795	-18.3561643835616
			65.6164383561644	-18.3561643835616
			65.6849315068493	-18.3561643835616
			65.7534246575342	-18.4246575342466
			65.8219178082192	-18.4246575342466
			65.8904109589041	-18.4246575342466
			65.958904109589	-18.4246575342466
			66.027397260274	-18.4246575342466
			66.0958904109589	-18.4246575342466
			66.1643835616438	-18.4246575342466
			66.2328767123288	-18.4931506849315
			66.3013698630137	-18.4931506849315
			66.3698630136986	-18.4931506849315
			66.4383561643836	-18.4931506849315
			66.5068493150685	-18.5616438356164
			66.5753424657534	-18.5616438356164
			66.6438356164384	-18.5616438356164
			66.7123287671233	-18.5616438356164
			66.7808219178082	-18.5616438356164
			66.8493150684931	-18.5616438356164
			66.9178082191781	-18.5616438356164
			66.986301369863	-18.5616438356164
			67.0547945205479	-18.5616438356164
			67.1232876712329	-18.5616438356164
			67.1917808219178	-18.5616438356164
			67.2602739726027	-18.5616438356164
			67.3287671232877	-18.6301369863014
			67.3972602739726	-18.6301369863014
			67.4657534246575	-18.6301369863014
			67.5342465753425	-18.6301369863014
			67.6027397260274	-18.6301369863014
			67.6712328767123	-18.6301369863014
			67.7397260273973	-18.6301369863014
			67.8082191780822	-18.6301369863014
			67.8767123287671	-18.6301369863014
			67.9452054794521	-18.6986301369863
			68.013698630137	-18.6986301369863
			68.0821917808219	-18.6986301369863
			68.1506849315068	-18.6986301369863
			68.2191780821918	-18.7671232876712
			68.2876712328767	-18.7671232876712
			68.3561643835616	-18.7671232876712
			68.4246575342466	-18.7671232876712
			68.4931506849315	-18.8356164383562
			68.5616438356164	-18.8356164383562
			68.6301369863014	-18.8356164383562
			68.6986301369863	-18.8356164383562
			68.7671232876712	-18.9041095890411
			68.8356164383562	-18.9041095890411
			68.9041095890411	-18.9041095890411
			68.972602739726	-18.972602739726
			69.041095890411	-18.972602739726
			69.1095890410959	-19.041095890411
			69.1780821917808	-19.041095890411
			69.2465753424657	-19.041095890411
			69.3150684931507	-19.1095890410959
			69.3835616438356	-19.1095890410959
			69.4520547945205	-19.1780821917808
			69.5205479452055	-19.1780821917808
			69.5890410958904	-19.2465753424658
			69.6575342465753	-19.2465753424658
			69.7260273972603	-19.2465753424658
			69.7945205479452	-19.3150684931507
			69.8630136986301	-19.3150684931507
			69.9315068493151	-19.3835616438356
			70	-19.4520547945205
			70.0684931506849	-19.5205479452055
			70.1369863013699	-19.5205479452055
			70.2054794520548	-19.5890410958904
			70.2739726027397	-19.6575342465753
			70.3424657534246	-19.6575342465753
			70.4109589041096	-19.7260273972603
			70.4794520547945	-19.7945205479452
			70.5479452054795	-19.7945205479452
			70.6164383561644	-19.8630136986301
			70.6849315068493	-19.9315068493151
			70.7534246575342	-20
			70.8219178082192	-20
			70.8904109589041	-20.0684931506849
			70.8904109589041	-20.1369863013699
			70.958904109589	-20.2054794520548
			71.027397260274	-20.2739726027397
			71.0958904109589	-20.3424657534247
			71.1643835616438	-20.3424657534247
			71.2328767123288	-20.4109589041096
			71.2328767123288	-20.4794520547945
			71.3013698630137	-20.5479452054795
			71.3698630136986	-20.6164383561644
			71.4383561643836	-20.6849315068493
			71.4383561643836	-20.7534246575342
			71.5068493150685	-20.8219178082192
			71.5753424657534	-20.8904109589041
			71.5753424657534	-20.958904109589
			71.6438356164384	-21.027397260274
			71.7123287671233	-21.0958904109589
			71.7808219178082	-21.1643835616438
			71.7808219178082	-21.2328767123288
			71.8493150684931	-21.3013698630137
			71.8493150684931	-21.3698630136986
			71.9178082191781	-21.4383561643836
			71.986301369863	-21.5068493150685
			71.986301369863	-21.5753424657534
			72.0547945205479	-21.6438356164384
			72.0547945205479	-21.7123287671233
			72.1232876712329	-21.7808219178082
			72.1232876712329	-21.8493150684931
			72.1917808219178	-21.9178082191781
			72.1917808219178	-21.986301369863
			72.1917808219178	-22.0547945205479
			72.2602739726027	-22.1232876712329
			72.2602739726027	-22.1917808219178
			72.3287671232877	-22.2602739726027
			72.3287671232877	-22.3287671232877
			72.3287671232877	-22.3972602739726
			72.3972602739726	-22.4657534246575
			72.3972602739726	-22.5342465753425
			72.3972602739726	-22.6027397260274
			72.4657534246575	-22.6027397260274
			72.4657534246575	-22.6712328767123
			72.4657534246575	-22.7397260273973
			72.4657534246575	-22.8082191780822
			72.5342465753425	-22.8767123287671
			72.5342465753425	-22.9452054794521
			72.5342465753425	-23.013698630137
			72.6027397260274	-23.0821917808219
			72.6027397260274	-23.1506849315068
			72.6027397260274	-23.2191780821918
			72.6027397260274	-23.2876712328767
			72.6027397260274	-23.3561643835616
			72.6712328767123	-23.4246575342466
			72.6712328767123	-23.4931506849315
			72.6712328767123	-23.5616438356164
			72.6712328767123	-23.6301369863014
			72.7397260273973	-23.6986301369863
			72.7397260273973	-23.7671232876712
			72.7397260273973	-23.8356164383562
			72.7397260273973	-23.9041095890411
			72.7397260273973	-23.972602739726
			72.7397260273973	-24.041095890411
			72.8082191780822	-24.1095890410959
			72.8082191780822	-24.1780821917808
			72.8082191780822	-24.2465753424658
			72.8082191780822	-24.3150684931507
			72.8082191780822	-24.3835616438356
			72.8082191780822	-24.4520547945205
			72.8082191780822	-24.5205479452055
			72.8082191780822	-24.5890410958904
			72.8082191780822	-24.6575342465753
			72.8767123287671	-24.7260273972603
			72.8767123287671	-24.7945205479452
			72.8767123287671	-24.8630136986301
			72.8767123287671	-24.9315068493151
			72.8767123287671	-25
			72.8767123287671	-25.0684931506849
			72.8767123287671	-25.1369863013699
		</anterior>
		<posterior type=matrix rownames=FALSE colnames=FALSE nrow=198 ncol=2 as.numeric=TRUE >
			64.8630136986301	-25.1369863013699
			64.9315068493151	-25.1369863013699
			65	-25.1369863013699
			65.0684931506849	-25.1369863013699
			65.1369863013699	-25.1369863013699
			65.2054794520548	-25.1369863013699
			65.2739726027397	-25.1369863013699
			65.3424657534246	-25.1369863013699
			65.4109589041096	-25.0684931506849
			65.4794520547945	-25.0684931506849
			65.5479452054795	-25.0684931506849
			65.6164383561644	-25.0684931506849
			65.6849315068493	-25
			65.7534246575342	-25
			65.8219178082192	-25
			65.8904109589041	-24.9315068493151
			65.958904109589	-24.9315068493151
			66.027397260274	-24.9315068493151
			66.0958904109589	-24.8630136986301
			66.1643835616438	-24.8630136986301
			66.2328767123288	-24.7945205479452
			66.3013698630137	-24.7945205479452
			66.3698630136986	-24.7260273972603
			66.4383561643836	-24.7260273972603
			66.5068493150685	-24.7260273972603
			66.5753424657534	-24.6575342465753
			66.6438356164384	-24.5890410958904
			66.7123287671233	-24.5890410958904
			66.7808219178082	-24.5890410958904
			66.8493150684931	-24.5205479452055
			66.9178082191781	-24.5205479452055
			66.986301369863	-24.5205479452055
			67.0547945205479	-24.5890410958904
			67.1232876712329	-24.5890410958904
			67.1917808219178	-24.5890410958904
			67.2602739726027	-24.5890410958904
			67.3287671232877	-24.5890410958904
			67.3972602739726	-24.6575342465753
			67.4657534246575	-24.6575342465753
			67.5342465753425	-24.6575342465753
			67.6027397260274	-24.6575342465753
			67.6712328767123	-24.6575342465753
			67.7397260273973	-24.6575342465753
			67.8082191780822	-24.6575342465753
			67.8767123287671	-24.7260273972603
			67.9452054794521	-24.7260273972603
			68.013698630137	-24.7260273972603
			68.0821917808219	-24.7260273972603
			68.1506849315068	-24.7260273972603
			68.2191780821918	-24.7260273972603
			68.2876712328767	-24.7260273972603
			68.3561643835616	-24.7260273972603
			68.4246575342466	-24.7945205479452
			68.4931506849315	-24.7945205479452
			68.5616438356164	-24.7945205479452
			68.6301369863014	-24.7945205479452
			68.6986301369863	-24.7945205479452
			68.7671232876712	-24.7945205479452
			68.8356164383562	-24.7945205479452
			68.9041095890411	-24.7945205479452
			68.972602739726	-24.7945205479452
			69.041095890411	-24.8630136986301
			69.1095890410959	-24.8630136986301
			69.1780821917808	-24.8630136986301
			69.2465753424657	-24.8630136986301
			69.3150684931507	-24.8630136986301
			69.3835616438356	-24.8630136986301
			69.4520547945205	-24.8630136986301
			69.5205479452055	-24.9315068493151
			69.5890410958904	-24.9315068493151
			69.6575342465753	-24.9315068493151
			69.7260273972603	-24.9315068493151
			69.7945205479452	-25
			69.8630136986301	-25
			69.9315068493151	-25
			70	-25
			70.0684931506849	-25.0684931506849
			70.1369863013699	-25.0684931506849
			70.2054794520548	-25.0684931506849
			70.2739726027397	-25.1369863013699
			70.3424657534246	-25.1369863013699
			70.4109589041096	-25.1369863013699
			70.4794520547945	-25.2054794520548
			70.5479452054795	-25.2054794520548
			70.6164383561644	-25.2054794520548
			70.6849315068493	-25.2739726027397
			70.7534246575342	-25.2739726027397
			70.8219178082192	-25.3424657534247
			70.8904109589041	-25.3424657534247
			70.958904109589	-25.3424657534247
			71.027397260274	-25.4109589041096
			71.0958904109589	-25.4109589041096
			71.1643835616438	-25.4794520547945
			71.2328767123288	-25.4794520547945
			71.3013698630137	-25.4794520547945
			71.3698630136986	-25.5479452054795
			71.4383561643836	-25.5479452054795
			71.5068493150685	-25.4794520547945
			71.5753424657534	-25.4794520547945
			71.6438356164384	-25.4109589041096
			71.7123287671233	-25.4109589041096
			71.7808219178082	-25.3424657534247
			71.8493150684931	-25.3424657534247
			71.9178082191781	-25.2739726027397
			71.986301369863	-25.2739726027397
			72.0547945205479	-25.2054794520548
			72.1232876712329	-25.2054794520548
			72.1917808219178	-25.1369863013699
			72.2602739726027	-25.0684931506849
			72.3287671232877	-25.1369863013699
			72.3972602739726	-25.2054794520548
			72.3972602739726	-25.2739726027397
			72.4657534246575	-25.3424657534247
			72.4657534246575	-25.4109589041096
			72.5342465753425	-25.4794520547945
			72.5342465753425	-25.5479452054795
			72.5342465753425	-25.6164383561644
			72.6027397260274	-25.6849315068493
			72.6027397260274	-25.7534246575342
			72.6712328767123	-25.8219178082192
			72.6712328767123	-25.8904109589041
			72.6712328767123	-25.958904109589
			72.7397260273973	-26.027397260274
			72.7397260273973	-26.0958904109589
			72.7397260273973	-26.1643835616438
			72.8082191780822	-26.2328767123288
			72.8082191780822	-26.3013698630137
			72.8767123287671	-26.3698630136986
			72.8767123287671	-26.4383561643836
			72.8767123287671	-26.5068493150685
			72.9452054794521	-26.5753424657534
			72.9452054794521	-26.6438356164384
			72.9452054794521	-26.7123287671233
			73.013698630137	-26.7808219178082
			73.013698630137	-26.8493150684931
			73.013698630137	-26.9178082191781
			73.0821917808219	-26.986301369863
			73.0821917808219	-27.0547945205479
			73.1506849315068	-27.1232876712329
			73.1506849315068	-27.1917808219178
			73.1506849315068	-27.2602739726027
			73.2191780821918	-27.3287671232877
			73.2191780821918	-27.3972602739726
			73.2191780821918	-27.4657534246575
			73.2876712328767	-27.5342465753425
			73.2876712328767	-27.6027397260274
			73.2876712328767	-27.6712328767123
			73.3561643835616	-27.7397260273973
			73.3561643835616	-27.8082191780822
			73.3561643835616	-27.8767123287671
			73.4246575342466	-27.9452054794521
			73.4246575342466	-28.013698630137
			73.4246575342466	-28.0821917808219
			73.4931506849315	-28.1506849315068
			73.4931506849315	-28.0821917808219
			73.4931506849315	-28.013698630137
			73.4931506849315	-27.9452054794521
			73.4246575342466	-27.8767123287671
			73.4246575342466	-27.8082191780822
			73.4246575342466	-27.7397260273973
			73.4246575342466	-27.6712328767123
			73.4246575342466	-27.6027397260274
			73.4246575342466	-27.5342465753425
			73.4246575342466	-27.4657534246575
			73.4246575342466	-27.3972602739726
			73.3561643835616	-27.3287671232877
			73.3561643835616	-27.2602739726027
			73.3561643835616	-27.1917808219178
			73.3561643835616	-27.1232876712329
			73.3561643835616	-27.0547945205479
			73.3561643835616	-26.986301369863
			73.2876712328767	-26.9178082191781
			73.2876712328767	-26.8493150684931
			73.2876712328767	-26.7808219178082
			73.2876712328767	-26.7123287671233
			73.2876712328767	-26.6438356164384
			73.2191780821918	-26.5753424657534
			73.2191780821918	-26.5068493150685
			73.2191780821918	-26.4383561643836
			73.2191780821918	-26.3698630136986
			73.2191780821918	-26.3013698630137
			73.1506849315068	-26.2328767123288
			73.1506849315068	-26.1643835616438
			73.1506849315068	-26.0958904109589
			73.1506849315068	-26.027397260274
			73.0821917808219	-25.958904109589
			73.0821917808219	-25.8904109589041
			73.0821917808219	-25.8219178082192
			73.013698630137	-25.7534246575342
			73.013698630137	-25.6849315068493
			73.013698630137	-25.6164383561644
			73.013698630137	-25.5479452054795
			72.9452054794521	-25.4794520547945
			72.9452054794521	-25.4109589041096
			72.9452054794521	-25.3424657534247
			72.8767123287671	-25.2739726027397
			72.8767123287671	-25.2054794520548
			72.8767123287671	-25.1369863013699
		</posterior>
	</curves.scaled>
	<ruler.points type=matrix rownames=TRUE colnames=FALSE nrow=2 ncol=2 as.numeric=TRUE >
		Ruler point 1	717	588
		Ruler point 2	863	588
	</ruler.points>
</shapes>

