<shapes type=list>
	<ruler.pixel type=vector names=FALSE length=1 as.numeric=TRUE >146</ruler.pixel>
	<ruler.interval type=vector names=FALSE length=1 as.numeric=TRUE >10.33</ruler.interval>
	<scaling type=vector names=FALSE length=1 as.numeric=TRUE >0.0707534246575342</scaling>
	<landmarks.pixel type=matrix rownames=TRUE colnames=FALSE nrow=16 ncol=2 as.numeric=TRUE >
		LM1	201	15
		LM2	201	40
		LM3	201	161
		LM4	201	182
		LM5	265	111
		LM6	259	168
		LM7	256	176
		LM8	274	78
		LM9	295	134
		LM10	201	21
		LM11	333	167
		LM12	339	175
		LM13	201	15
		LM14	303	107
		LM15	380	182
		LM16	343	563
	</landmarks.pixel>
	<landmarks.scaled type=matrix rownames=TRUE colnames=FALSE nrow=16 ncol=2 as.numeric=TRUE >
		LM1	14.2214383561644	-1.06130136986301
		LM2	14.2214383561644	-2.83013698630137
		LM3	14.2214383561644	-11.391301369863
		LM4	14.2214383561644	-12.8771232876712
		LM5	18.7496575342466	-7.8536301369863
		LM6	18.3251369863014	-11.8865753424658
		LM7	18.1128767123288	-12.452602739726
		LM8	19.3864383561644	-5.51876712328767
		LM9	20.8722602739726	-9.48095890410959
		LM10	14.2214383561644	-1.48582191780822
		LM11	23.5608904109589	-11.8158219178082
		LM12	23.9854109589041	-12.3818493150685
		LM13	14.2214383561644	-1.06130136986301
		LM14	21.4382876712329	-7.57061643835616
		LM15	26.886301369863	-12.8771232876712
		LM16	24.2684246575342	-39.8341780821918
	</landmarks.scaled>
	<curves.control type=list>
		<glabella type=matrix rownames=FALSE colnames=FALSE nrow=5 ncol=2 as.numeric=TRUE >
			201	40
			217	40
			239	47
			280	74
			256	176
		</glabella>
		<suture type=matrix rownames=FALSE colnames=FALSE nrow=11 ncol=2 as.numeric=TRUE >
			201	21
			227	21
			261	34
			282	40
			278	59
			276	69
			273	79
			320	106
			295	135
			329	161
			339	175
		</suture>
		<anterior type=matrix rownames=FALSE colnames=FALSE nrow=5 ncol=2 as.numeric=TRUE >
			201	15
			241	15
			289	43
			365	96
			380	182
		</anterior>
		<posterior type=matrix rownames=FALSE colnames=FALSE nrow=19 ncol=2 as.numeric=TRUE >
			201	182
			221	183
			256	176
			270	173
			300	181
			334	178
			342	173
			355	161
			359	152
			368	168
			377	204
			394	297
			384	388
			378	470
			342	564
			354	551
			380	460
			409	289
			380	182
		</posterior>
	</curves.control>
	<curves.pixel type=list>
		<glabella type=matrix rownames=FALSE colnames=FALSE nrow=170 ncol=2 as.numeric=TRUE >
			201	40
			202	40
			203	40
			204	40
			205	40
			206	40
			207	40
			208	40
			209	40
			210	40
			211	41
			212	41
			213	41
			214	41
			215	41
			216	41
			217	41
			218	42
			219	42
			220	42
			221	42
			222	42
			223	43
			224	43
			225	43
			226	43
			227	44
			228	44
			229	44
			230	44
			231	45
			232	45
			233	45
			234	45
			235	46
			236	46
			237	46
			238	47
			239	47
			240	48
			241	49
			242	49
			243	50
			244	51
			245	52
			246	53
			247	54
			248	55
			249	56
			250	57
			251	58
			252	59
			252	60
			253	61
			254	62
			254	63
			255	64
			255	65
			256	66
			256	67
			257	68
			257	69
			258	70
			258	71
			259	72
			259	73
			259	74
			260	75
			260	76
			260	77
			261	78
			261	79
			261	80
			261	81
			262	81
			262	82
			262	83
			262	84
			262	85
			263	86
			263	87
			263	88
			263	89
			263	90
			264	91
			264	92
			264	93
			264	94
			264	95
			264	96
			264	97
			264	98
			264	99
			264	100
			265	101
			265	102
			265	103
			265	104
			265	105
			265	106
			265	107
			265	108
			265	109
			265	110
			265	111
			265	112
			265	113
			265	114
			265	115
			265	116
			265	117
			265	118
			265	119
			265	120
			265	121
			265	122
			264	123
			264	124
			264	125
			264	126
			264	127
			264	128
			264	129
			264	130
			264	131
			264	132
			264	133
			264	134
			263	135
			263	136
			263	137
			263	138
			263	139
			263	140
			263	141
			263	142
			262	143
			262	144
			262	145
			262	146
			262	147
			262	148
			261	149
			261	150
			261	151
			261	152
			261	153
			261	154
			260	155
			260	156
			260	157
			260	158
			260	159
			259	160
			259	161
			259	162
			259	163
			259	164
			258	165
			258	166
			258	167
			258	168
			258	169
			257	170
			257	171
			257	172
			257	173
			256	174
			256	175
			256	176
		</glabella>
		<suture type=matrix rownames=FALSE colnames=FALSE nrow=233 ncol=2 as.numeric=TRUE >
			201	21
			202	21
			203	21
			204	21
			205	21
			206	21
			207	21
			208	21
			209	21
			210	21
			211	21
			212	22
			213	22
			214	22
			215	22
			216	22
			217	22
			218	22
			219	22
			220	23
			221	23
			222	23
			223	23
			224	23
			225	23
			226	24
			227	24
			228	24
			229	24
			230	24
			231	25
			232	25
			233	25
			234	25
			235	26
			236	26
			237	26
			238	26
			239	27
			240	27
			241	27
			242	28
			243	28
			244	28
			245	28
			246	29
			247	29
			248	29
			249	30
			250	30
			251	30
			252	31
			253	31
			254	31
			255	32
			256	32
			257	32
			258	33
			259	33
			260	33
			261	34
			262	34
			263	35
			264	35
			265	35
			266	36
			267	36
			268	37
			269	37
			270	38
			271	39
			272	40
			273	40
			274	41
			275	42
			275	43
			276	44
			277	45
			277	46
			278	47
			278	48
			278	49
			278	50
			279	51
			279	52
			279	53
			279	54
			279	55
			279	56
			278	56
			278	57
			278	58
			278	59
			278	60
			278	61
			277	62
			277	63
			277	64
			277	65
			276	66
			276	67
			276	68
			276	69
			276	70
			275	70
			275	71
			275	72
			275	73
			274	74
			274	75
			274	76
			274	77
			273	78
			273	79
			274	80
			275	80
			276	81
			277	81
			278	82
			279	82
			279	83
			280	83
			281	84
			282	85
			283	85
			283	86
			284	86
			285	87
			286	87
			286	88
			287	88
			288	89
			289	90
			290	91
			291	92
			292	93
			293	94
			294	94
			294	95
			295	96
			296	96
			296	97
			297	98
			298	99
			299	100
			299	101
			300	102
			300	103
			301	104
			301	105
			302	105
			302	106
			302	107
			302	108
			303	108
			303	109
			303	110
			303	111
			303	112
			304	112
			304	113
			304	114
			304	115
			304	116
			304	117
			303	118
			303	119
			303	120
			303	121
			303	122
			302	123
			302	124
			302	125
			301	126
			301	127
			300	128
			300	129
			299	130
			298	131
			298	132
			297	133
			296	134
			295	135
			296	135
			297	136
			298	137
			299	138
			300	139
			301	140
			302	141
			303	141
			304	142
			305	143
			306	144
			307	145
			308	145
			309	146
			310	147
			311	148
			312	148
			313	149
			314	150
			315	151
			316	151
			316	152
			317	153
			318	154
			319	154
			320	155
			321	156
			322	157
			323	158
			324	159
			325	160
			326	160
			326	161
			327	162
			328	163
			329	163
			329	164
			330	165
			331	166
			332	166
			332	167
			333	168
			334	169
			335	170
			336	171
			336	172
			337	172
			338	173
			338	174
			339	175
		</suture>
		<anterior type=matrix rownames=FALSE colnames=FALSE nrow=247 ncol=2 as.numeric=TRUE >
			201	15
			202	15
			203	15
			204	15
			205	15
			206	15
			207	15
			208	15
			209	15
			210	15
			211	15
			212	16
			213	16
			214	16
			215	16
			216	16
			217	16
			218	16
			219	16
			220	16
			220	17
			221	17
			222	17
			223	17
			224	17
			225	17
			226	18
			227	18
			228	18
			229	18
			230	18
			231	19
			232	19
			233	19
			234	19
			235	20
			236	20
			237	20
			238	20
			239	21
			240	21
			241	21
			242	22
			243	22
			244	22
			245	23
			246	23
			247	23
			248	24
			249	24
			250	24
			251	25
			252	25
			253	25
			254	26
			255	26
			256	27
			257	27
			258	28
			259	28
			260	28
			261	29
			262	29
			263	30
			264	30
			265	31
			266	31
			267	32
			268	32
			269	33
			270	33
			271	33
			271	34
			272	34
			273	34
			274	35
			275	35
			276	36
			277	36
			278	37
			279	37
			279	38
			280	38
			281	39
			282	39
			283	39
			283	40
			284	40
			285	41
			286	41
			286	42
			287	42
			288	42
			289	43
			290	44
			291	45
			292	45
			293	46
			294	46
			295	47
			296	48
			297	49
			298	50
			299	50
			300	51
			301	52
			302	52
			302	53
			303	54
			304	54
			305	55
			306	56
			307	57
			308	58
			309	59
			310	59
			311	60
			312	61
			313	62
			314	63
			315	64
			316	64
			317	65
			317	66
			318	67
			319	68
			320	69
			321	69
			322	70
			323	71
			324	72
			324	73
			325	74
			326	75
			327	75
			328	76
			329	77
			329	78
			330	79
			331	80
			332	81
			333	82
			333	83
			334	83
			335	84
			336	85
			336	86
			337	87
			338	88
			339	89
			339	90
			340	91
			341	92
			342	93
			342	94
			343	95
			344	96
			345	97
			346	98
			346	99
			347	99
			347	100
			347	101
			348	102
			349	103
			350	104
			350	105
			351	106
			351	107
			352	108
			353	109
			354	110
			354	111
			355	112
			355	113
			356	114
			356	115
			357	116
			357	117
			358	118
			359	119
			359	120
			359	121
			360	121
			360	122
			361	123
			361	124
			362	125
			362	126
			363	127
			363	128
			364	129
			364	130
			364	131
			365	132
			365	133
			366	134
			366	135
			367	136
			367	137
			367	138
			368	139
			368	140
			368	141
			369	142
			369	143
			370	143
			370	144
			370	145
			371	146
			371	147
			371	148
			372	149
			372	150
			372	151
			373	152
			373	153
			373	154
			374	155
			374	156
			374	157
			374	158
			375	159
			375	160
			375	161
			375	162
			376	162
			376	163
			376	164
			376	165
			377	166
			377	167
			377	168
			377	169
			378	170
			378	171
			378	172
			378	173
			379	174
			379	175
			379	176
			379	177
			379	178
			380	179
			380	180
			380	181
			380	182
		</anterior>
		<posterior type=matrix rownames=FALSE colnames=FALSE nrow=975 ncol=2 as.numeric=TRUE >
			201	182
			202	182
			203	182
			204	182
			205	182
			206	182
			207	182
			208	182
			209	182
			210	182
			211	182
			212	182
			213	182
			214	182
			215	182
			216	182
			217	182
			218	182
			219	182
			220	182
			220	181
			221	181
			222	181
			223	181
			224	181
			225	181
			226	181
			227	181
			228	181
			229	181
			230	180
			231	180
			232	180
			233	180
			234	180
			235	180
			236	180
			237	179
			238	179
			239	179
			240	179
			241	179
			242	179
			243	178
			244	178
			245	178
			246	178
			247	178
			248	178
			249	177
			250	177
			251	177
			252	177
			253	177
			254	176
			255	176
			256	176
			257	176
			258	176
			259	175
			260	175
			261	175
			262	175
			263	175
			264	175
			265	175
			266	175
			267	175
			268	175
			269	175
			270	175
			271	175
			272	176
			273	176
			274	176
			275	176
			276	176
			277	176
			278	176
			279	176
			280	177
			281	177
			282	177
			283	177
			284	177
			285	177
			286	178
			287	178
			288	178
			289	178
			290	179
			291	179
			292	179
			293	179
			294	180
			295	180
			296	180
			297	180
			298	181
			299	181
			300	181
			301	181
			302	181
			303	181
			304	181
			305	181
			306	180
			307	180
			308	180
			309	180
			310	180
			311	180
			312	180
			313	180
			314	179
			315	179
			316	179
			317	179
			318	179
			319	179
			320	179
			321	179
			322	178
			323	178
			324	178
			325	178
			326	178
			327	178
			328	177
			329	177
			330	177
			331	177
			332	177
			333	176
			334	176
			335	176
			336	176
			336	175
			337	175
			338	175
			339	174
			340	174
			341	173
			342	173
			343	172
			344	171
			345	170
			346	170
			346	169
			347	168
			348	168
			348	167
			349	166
			350	165
			351	164
			352	163
			353	162
			354	161
			354	160
			355	159
			356	158
			356	157
			357	156
			357	155
			358	154
			359	153
			360	153
			360	154
			360	155
			361	155
			361	156
			361	157
			362	158
			363	159
			363	160
			363	161
			364	162
			364	163
			365	164
			365	165
			365	166
			366	167
			366	168
			367	169
			367	170
			367	171
			368	172
			368	173
			368	174
			369	175
			369	176
			369	177
			370	178
			370	179
			370	180
			370	181
			371	181
			371	182
			371	183
			372	184
			372	185
			372	186
			373	187
			373	188
			373	189
			373	190
			374	191
			374	192
			374	193
			374	194
			375	195
			375	196
			375	197
			376	198
			376	199
			376	200
			376	201
			377	202
			377	203
			377	204
			377	205
			377	206
			378	207
			378	208
			378	209
			378	210
			378	211
			378	212
			379	213
			379	214
			379	215
			379	216
			379	217
			379	218
			380	219
			380	220
			380	221
			380	222
			380	223
			380	224
			381	225
			381	226
			381	227
			381	228
			381	229
			381	230
			381	231
			382	232
			382	233
			382	234
			382	235
			382	236
			382	237
			382	238
			382	239
			383	240
			383	241
			383	242
			383	243
			383	244
			383	245
			383	246
			383	247
			384	248
			384	249
			384	250
			384	251
			384	252
			384	253
			384	254
			384	255
			384	256
			384	257
			385	258
			385	259
			385	260
			385	261
			385	262
			385	263
			385	264
			385	265
			385	266
			385	267
			386	268
			386	269
			386	270
			386	271
			386	272
			386	273
			386	274
			386	275
			386	276
			386	277
			386	278
			386	279
			386	280
			386	281
			387	282
			387	283
			387	284
			387	285
			387	286
			387	287
			387	288
			387	289
			387	290
			387	291
			387	292
			387	293
			387	294
			387	295
			387	296
			387	297
			387	298
			387	299
			387	300
			387	301
			387	302
			387	303
			387	304
			388	305
			388	306
			388	307
			388	308
			388	309
			388	310
			388	311
			388	312
			388	313
			388	314
			388	315
			388	316
			388	317
			388	318
			388	319
			388	320
			388	321
			388	322
			388	323
			388	324
			388	325
			388	326
			388	327
			388	328
			388	329
			388	330
			388	331
			388	332
			388	333
			388	334
			388	335
			388	336
			387	336
			387	337
			387	338
			387	339
			387	340
			387	341
			387	342
			387	343
			387	344
			387	345
			387	346
			387	347
			387	348
			387	349
			387	350
			387	351
			387	352
			387	353
			387	354
			387	355
			387	356
			387	357
			387	358
			386	359
			386	360
			386	361
			386	362
			386	363
			386	364
			386	365
			386	366
			386	367
			386	368
			386	369
			386	370
			386	371
			386	372
			385	373
			385	374
			385	375
			385	376
			385	377
			385	378
			385	379
			385	380
			385	381
			385	382
			384	383
			384	384
			384	385
			384	386
			384	387
			384	388
			384	389
			384	390
			384	391
			384	392
			384	393
			384	394
			383	395
			383	396
			383	397
			383	398
			383	399
			383	400
			383	401
			383	402
			383	403
			383	404
			382	405
			382	406
			382	407
			382	408
			382	409
			382	410
			382	411
			382	412
			382	413
			381	414
			381	415
			381	416
			381	417
			381	418
			381	419
			381	420
			380	421
			380	422
			380	423
			380	424
			380	425
			380	426
			380	427
			379	428
			379	429
			379	430
			379	431
			379	432
			379	433
			378	434
			378	435
			378	436
			378	437
			378	438
			378	439
			377	440
			377	441
			377	442
			377	443
			377	444
			376	445
			376	446
			376	447
			376	448
			376	449
			375	450
			375	451
			375	452
			375	453
			375	454
			375	455
			374	455
			374	456
			374	457
			374	458
			374	459
			373	460
			373	461
			373	462
			373	463
			373	464
			372	464
			372	465
			372	466
			372	467
			372	468
			371	469
			371	470
			371	471
			371	472
			371	473
			370	473
			370	474
			370	475
			370	476
			370	477
			369	478
			369	479
			369	480
			369	481
			368	482
			368	483
			368	484
			367	485
			367	486
			367	487
			367	488
			366	489
			366	490
			366	491
			366	492
			365	493
			365	494
			365	495
			365	496
			364	497
			364	498
			364	499
			363	500
			363	501
			363	502
			363	503
			362	504
			362	505
			362	506
			361	507
			361	508
			361	509
			361	510
			360	511
			360	512
			360	513
			359	514
			359	515
			359	516
			358	517
			358	518
			358	519
			357	520
			357	521
			357	522
			356	523
			356	524
			356	525
			355	526
			355	527
			355	528
			354	529
			354	530
			354	531
			353	532
			353	533
			353	534
			352	535
			352	536
			352	537
			351	538
			351	539
			351	540
			350	541
			350	542
			350	543
			349	544
			349	545
			349	546
			348	547
			348	548
			347	549
			347	550
			347	551
			346	552
			346	553
			346	554
			345	555
			345	556
			345	557
			344	558
			344	559
			343	560
			343	561
			343	562
			343	563
			342	563
			342	564
			343	563
			344	562
			344	561
			345	560
			345	559
			346	558
			346	557
			347	556
			348	555
			348	554
			349	553
			349	552
			350	551
			350	550
			350	549
			351	548
			352	547
			352	546
			352	545
			353	544
			353	543
			354	542
			354	541
			354	540
			355	539
			355	538
			355	537
			356	536
			356	535
			357	534
			357	533
			357	532
			358	531
			358	530
			358	529
			359	528
			359	527
			359	526
			360	525
			360	524
			360	523
			361	522
			361	521
			361	520
			362	519
			362	518
			362	517
			363	516
			363	515
			364	514
			364	513
			364	512
			365	511
			365	510
			365	509
			366	508
			366	507
			366	506
			366	505
			367	504
			367	503
			367	502
			368	501
			368	500
			368	499
			369	498
			369	497
			369	496
			370	495
			370	494
			370	493
			371	492
			371	491
			371	490
			371	489
			372	488
			372	487
			372	486
			373	485
			373	484
			373	483
			374	482
			374	481
			374	480
			375	479
			375	478
			375	477
			376	476
			376	475
			376	474
			376	473
			377	472
			377	471
			377	470
			377	469
			378	469
			378	468
			378	467
			378	466
			378	465
			379	465
			379	464
			379	463
			379	462
			380	461
			380	460
			380	459
			380	458
			381	457
			381	456
			381	455
			381	454
			381	453
			381	452
			381	451
			382	450
			382	449
			382	448
			382	447
			382	446
			382	445
			383	444
			383	443
			383	442
			383	441
			383	440
			383	439
			383	438
			384	438
			384	437
			384	436
			384	435
			384	434
			384	433
			384	432
			385	431
			385	430
			385	429
			385	428
			385	427
			385	426
			385	425
			386	424
			386	423
			386	422
			386	421
			386	420
			386	419
			386	418
			386	417
			387	416
			387	415
			387	414
			387	413
			387	412
			387	411
			387	410
			388	409
			388	408
			388	407
			388	406
			388	405
			388	404
			388	403
			388	402
			388	401
			389	401
			389	400
			389	399
			389	398
			389	397
			389	396
			389	395
			389	394
			389	393
			390	392
			390	391
			390	390
			390	389
			390	388
			390	387
			390	386
			390	385
			390	384
			390	383
			391	382
			391	381
			391	380
			391	379
			391	378
			391	377
			391	376
			391	375
			391	374
			391	373
			391	372
			392	371
			392	370
			392	369
			392	368
			392	367
			392	366
			392	365
			392	364
			392	363
			392	362
			392	361
			392	360
			392	359
			393	358
			393	357
			393	356
			393	355
			393	354
			393	353
			393	352
			393	351
			393	350
			393	349
			393	348
			393	347
			393	346
			393	345
			393	344
			393	343
			394	343
			394	342
			394	341
			394	340
			394	339
			394	338
			394	337
			394	336
			394	335
			394	334
			394	333
			394	332
			394	331
			394	330
			394	329
			394	328
			394	327
			394	326
			394	325
			394	324
			394	323
			394	322
			394	321
			394	320
			394	319
			394	318
			394	317
			394	316
			394	315
			394	314
			394	313
			394	312
			394	311
			394	310
			394	309
			394	308
			394	307
			394	306
			394	305
			394	304
			394	303
			394	302
			394	301
			394	300
			394	299
			394	298
			394	297
			394	296
			394	295
			394	294
			394	293
			394	292
			394	291
			394	290
			394	289
			394	288
			394	287
			394	286
			394	285
			394	284
			394	283
			394	282
			394	281
			394	280
			394	279
			394	278
			394	277
			394	276
			394	275
			394	274
			394	273
			394	272
			394	271
			394	270
			393	269
			393	268
			393	267
			393	266
			393	265
			393	264
			393	263
			393	262
			393	261
			393	260
			393	259
			393	258
			393	257
			393	256
			392	255
			392	254
			392	253
			392	252
			392	251
			392	250
			392	249
			392	248
			392	247
			392	246
			391	245
			391	244
			391	243
			391	242
			391	241
			391	240
			391	239
			391	238
			391	237
			390	236
			390	235
			390	234
			390	233
			390	232
			390	231
			390	230
			390	229
			389	228
			389	227
			389	226
			389	225
			389	224
			389	223
			388	222
			388	221
			388	220
			388	219
			388	218
			388	217
			387	216
			387	215
			387	214
			387	213
			387	212
			387	211
			386	210
			386	209
			386	208
			386	207
			386	206
			385	205
			385	204
			385	203
			385	202
			385	201
			384	201
			384	200
			384	199
			384	198
			384	197
			383	196
			383	195
			383	194
			383	193
			383	192
			382	192
			382	191
			382	190
			382	189
			382	188
			381	187
			381	186
			381	185
			381	184
			380	184
			380	183
			380	182
		</posterior>
	</curves.pixel>
	<curves.scaled type=list>
		<glabella type=matrix rownames=FALSE colnames=FALSE nrow=170 ncol=2 as.numeric=TRUE >
			14.2214383561644	-2.83013698630137
			14.2921917808219	-2.83013698630137
			14.3629452054795	-2.83013698630137
			14.433698630137	-2.83013698630137
			14.5044520547945	-2.83013698630137
			14.5752054794521	-2.83013698630137
			14.6459589041096	-2.83013698630137
			14.7167123287671	-2.83013698630137
			14.7874657534247	-2.83013698630137
			14.8582191780822	-2.83013698630137
			14.9289726027397	-2.9008904109589
			14.9997260273973	-2.9008904109589
			15.0704794520548	-2.9008904109589
			15.1412328767123	-2.9008904109589
			15.2119863013699	-2.9008904109589
			15.2827397260274	-2.9008904109589
			15.3534931506849	-2.9008904109589
			15.4242465753425	-2.97164383561644
			15.495	-2.97164383561644
			15.5657534246575	-2.97164383561644
			15.6365068493151	-2.97164383561644
			15.7072602739726	-2.97164383561644
			15.7780136986301	-3.04239726027397
			15.8487671232877	-3.04239726027397
			15.9195205479452	-3.04239726027397
			15.9902739726027	-3.04239726027397
			16.0610273972603	-3.11315068493151
			16.1317808219178	-3.11315068493151
			16.2025342465753	-3.11315068493151
			16.2732876712329	-3.11315068493151
			16.3440410958904	-3.18390410958904
			16.4147945205479	-3.18390410958904
			16.4855479452055	-3.18390410958904
			16.556301369863	-3.18390410958904
			16.6270547945205	-3.25465753424658
			16.6978082191781	-3.25465753424658
			16.7685616438356	-3.25465753424658
			16.8393150684931	-3.32541095890411
			16.9100684931507	-3.32541095890411
			16.9808219178082	-3.39616438356164
			17.0515753424658	-3.46691780821918
			17.1223287671233	-3.46691780821918
			17.1930821917808	-3.53767123287671
			17.2638356164384	-3.60842465753425
			17.3345890410959	-3.67917808219178
			17.4053424657534	-3.74993150684932
			17.476095890411	-3.82068493150685
			17.5468493150685	-3.89143835616438
			17.617602739726	-3.96219178082192
			17.6883561643836	-4.03294520547945
			17.7591095890411	-4.10369863013699
			17.8298630136986	-4.17445205479452
			17.8298630136986	-4.24520547945205
			17.9006164383562	-4.31595890410959
			17.9713698630137	-4.38671232876712
			17.9713698630137	-4.45746575342466
			18.0421232876712	-4.52821917808219
			18.0421232876712	-4.59897260273973
			18.1128767123288	-4.66972602739726
			18.1128767123288	-4.74047945205479
			18.1836301369863	-4.81123287671233
			18.1836301369863	-4.88198630136986
			18.2543835616438	-4.9527397260274
			18.2543835616438	-5.02349315068493
			18.3251369863014	-5.09424657534247
			18.3251369863014	-5.165
			18.3251369863014	-5.23575342465753
			18.3958904109589	-5.30650684931507
			18.3958904109589	-5.3772602739726
			18.3958904109589	-5.44801369863014
			18.4666438356164	-5.51876712328767
			18.4666438356164	-5.58952054794521
			18.4666438356164	-5.66027397260274
			18.4666438356164	-5.73102739726027
			18.537397260274	-5.73102739726027
			18.537397260274	-5.80178082191781
			18.537397260274	-5.87253424657534
			18.537397260274	-5.94328767123288
			18.537397260274	-6.01404109589041
			18.6081506849315	-6.08479452054794
			18.6081506849315	-6.15554794520548
			18.6081506849315	-6.22630136986301
			18.6081506849315	-6.29705479452055
			18.6081506849315	-6.36780821917808
			18.678904109589	-6.43856164383562
			18.678904109589	-6.50931506849315
			18.678904109589	-6.58006849315068
			18.678904109589	-6.65082191780822
			18.678904109589	-6.72157534246575
			18.678904109589	-6.79232876712329
			18.678904109589	-6.86308219178082
			18.678904109589	-6.93383561643836
			18.678904109589	-7.00458904109589
			18.678904109589	-7.07534246575342
			18.7496575342466	-7.14609589041096
			18.7496575342466	-7.21684931506849
			18.7496575342466	-7.28760273972603
			18.7496575342466	-7.35835616438356
			18.7496575342466	-7.4291095890411
			18.7496575342466	-7.49986301369863
			18.7496575342466	-7.57061643835616
			18.7496575342466	-7.6413698630137
			18.7496575342466	-7.71212328767123
			18.7496575342466	-7.78287671232877
			18.7496575342466	-7.8536301369863
			18.7496575342466	-7.92438356164384
			18.7496575342466	-7.99513698630137
			18.7496575342466	-8.0658904109589
			18.7496575342466	-8.13664383561644
			18.7496575342466	-8.20739726027397
			18.7496575342466	-8.27815068493151
			18.7496575342466	-8.34890410958904
			18.7496575342466	-8.41965753424657
			18.7496575342466	-8.49041095890411
			18.7496575342466	-8.56116438356164
			18.7496575342466	-8.63191780821918
			18.678904109589	-8.70267123287671
			18.678904109589	-8.77342465753425
			18.678904109589	-8.84417808219178
			18.678904109589	-8.91493150684932
			18.678904109589	-8.98568493150685
			18.678904109589	-9.05643835616438
			18.678904109589	-9.12719178082192
			18.678904109589	-9.19794520547945
			18.678904109589	-9.26869863013699
			18.678904109589	-9.33945205479452
			18.678904109589	-9.41020547945205
			18.678904109589	-9.48095890410959
			18.6081506849315	-9.55171232876712
			18.6081506849315	-9.62246575342466
			18.6081506849315	-9.69321917808219
			18.6081506849315	-9.76397260273973
			18.6081506849315	-9.83472602739726
			18.6081506849315	-9.9054794520548
			18.6081506849315	-9.97623287671233
			18.6081506849315	-10.0469863013699
			18.537397260274	-10.1177397260274
			18.537397260274	-10.1884931506849
			18.537397260274	-10.2592465753425
			18.537397260274	-10.33
			18.537397260274	-10.4007534246575
			18.537397260274	-10.4715068493151
			18.4666438356164	-10.5422602739726
			18.4666438356164	-10.6130136986301
			18.4666438356164	-10.6837671232877
			18.4666438356164	-10.7545205479452
			18.4666438356164	-10.8252739726027
			18.4666438356164	-10.8960273972603
			18.3958904109589	-10.9667808219178
			18.3958904109589	-11.0375342465753
			18.3958904109589	-11.1082876712329
			18.3958904109589	-11.1790410958904
			18.3958904109589	-11.2497945205479
			18.3251369863014	-11.3205479452055
			18.3251369863014	-11.391301369863
			18.3251369863014	-11.4620547945205
			18.3251369863014	-11.5328082191781
			18.3251369863014	-11.6035616438356
			18.2543835616438	-11.6743150684932
			18.2543835616438	-11.7450684931507
			18.2543835616438	-11.8158219178082
			18.2543835616438	-11.8865753424658
			18.2543835616438	-11.9573287671233
			18.1836301369863	-12.0280821917808
			18.1836301369863	-12.0988356164384
			18.1836301369863	-12.1695890410959
			18.1836301369863	-12.2403424657534
			18.1128767123288	-12.311095890411
			18.1128767123288	-12.3818493150685
			18.1128767123288	-12.452602739726
		</glabella>
		<suture type=matrix rownames=FALSE colnames=FALSE nrow=233 ncol=2 as.numeric=TRUE >
			14.2214383561644	-1.48582191780822
			14.2921917808219	-1.48582191780822
			14.3629452054795	-1.48582191780822
			14.433698630137	-1.48582191780822
			14.5044520547945	-1.48582191780822
			14.5752054794521	-1.48582191780822
			14.6459589041096	-1.48582191780822
			14.7167123287671	-1.48582191780822
			14.7874657534247	-1.48582191780822
			14.8582191780822	-1.48582191780822
			14.9289726027397	-1.48582191780822
			14.9997260273973	-1.55657534246575
			15.0704794520548	-1.55657534246575
			15.1412328767123	-1.55657534246575
			15.2119863013699	-1.55657534246575
			15.2827397260274	-1.55657534246575
			15.3534931506849	-1.55657534246575
			15.4242465753425	-1.55657534246575
			15.495	-1.55657534246575
			15.5657534246575	-1.62732876712329
			15.6365068493151	-1.62732876712329
			15.7072602739726	-1.62732876712329
			15.7780136986301	-1.62732876712329
			15.8487671232877	-1.62732876712329
			15.9195205479452	-1.62732876712329
			15.9902739726027	-1.69808219178082
			16.0610273972603	-1.69808219178082
			16.1317808219178	-1.69808219178082
			16.2025342465753	-1.69808219178082
			16.2732876712329	-1.69808219178082
			16.3440410958904	-1.76883561643836
			16.4147945205479	-1.76883561643836
			16.4855479452055	-1.76883561643836
			16.556301369863	-1.76883561643836
			16.6270547945205	-1.83958904109589
			16.6978082191781	-1.83958904109589
			16.7685616438356	-1.83958904109589
			16.8393150684931	-1.83958904109589
			16.9100684931507	-1.91034246575342
			16.9808219178082	-1.91034246575342
			17.0515753424658	-1.91034246575342
			17.1223287671233	-1.98109589041096
			17.1930821917808	-1.98109589041096
			17.2638356164384	-1.98109589041096
			17.3345890410959	-1.98109589041096
			17.4053424657534	-2.05184931506849
			17.476095890411	-2.05184931506849
			17.5468493150685	-2.05184931506849
			17.617602739726	-2.12260273972603
			17.6883561643836	-2.12260273972603
			17.7591095890411	-2.12260273972603
			17.8298630136986	-2.19335616438356
			17.9006164383562	-2.19335616438356
			17.9713698630137	-2.19335616438356
			18.0421232876712	-2.2641095890411
			18.1128767123288	-2.2641095890411
			18.1836301369863	-2.2641095890411
			18.2543835616438	-2.33486301369863
			18.3251369863014	-2.33486301369863
			18.3958904109589	-2.33486301369863
			18.4666438356164	-2.40561643835616
			18.537397260274	-2.40561643835616
			18.6081506849315	-2.4763698630137
			18.678904109589	-2.4763698630137
			18.7496575342466	-2.4763698630137
			18.8204109589041	-2.54712328767123
			18.8911643835616	-2.54712328767123
			18.9619178082192	-2.61787671232877
			19.0326712328767	-2.61787671232877
			19.1034246575342	-2.6886301369863
			19.1741780821918	-2.75938356164384
			19.2449315068493	-2.83013698630137
			19.3156849315068	-2.83013698630137
			19.3864383561644	-2.9008904109589
			19.4571917808219	-2.97164383561644
			19.4571917808219	-3.04239726027397
			19.5279452054795	-3.11315068493151
			19.598698630137	-3.18390410958904
			19.598698630137	-3.25465753424658
			19.6694520547945	-3.32541095890411
			19.6694520547945	-3.39616438356164
			19.6694520547945	-3.46691780821918
			19.6694520547945	-3.53767123287671
			19.7402054794521	-3.60842465753425
			19.7402054794521	-3.67917808219178
			19.7402054794521	-3.74993150684932
			19.7402054794521	-3.82068493150685
			19.7402054794521	-3.89143835616438
			19.7402054794521	-3.96219178082192
			19.6694520547945	-3.96219178082192
			19.6694520547945	-4.03294520547945
			19.6694520547945	-4.10369863013699
			19.6694520547945	-4.17445205479452
			19.6694520547945	-4.24520547945205
			19.6694520547945	-4.31595890410959
			19.598698630137	-4.38671232876712
			19.598698630137	-4.45746575342466
			19.598698630137	-4.52821917808219
			19.598698630137	-4.59897260273973
			19.5279452054795	-4.66972602739726
			19.5279452054795	-4.74047945205479
			19.5279452054795	-4.81123287671233
			19.5279452054795	-4.88198630136986
			19.5279452054795	-4.9527397260274
			19.4571917808219	-4.9527397260274
			19.4571917808219	-5.02349315068493
			19.4571917808219	-5.09424657534247
			19.4571917808219	-5.165
			19.3864383561644	-5.23575342465753
			19.3864383561644	-5.30650684931507
			19.3864383561644	-5.3772602739726
			19.3864383561644	-5.44801369863014
			19.3156849315068	-5.51876712328767
			19.3156849315068	-5.58952054794521
			19.3864383561644	-5.66027397260274
			19.4571917808219	-5.66027397260274
			19.5279452054795	-5.73102739726027
			19.598698630137	-5.73102739726027
			19.6694520547945	-5.80178082191781
			19.7402054794521	-5.80178082191781
			19.7402054794521	-5.87253424657534
			19.8109589041096	-5.87253424657534
			19.8817123287671	-5.94328767123288
			19.9524657534247	-6.01404109589041
			20.0232191780822	-6.01404109589041
			20.0232191780822	-6.08479452054794
			20.0939726027397	-6.08479452054794
			20.1647260273973	-6.15554794520548
			20.2354794520548	-6.15554794520548
			20.2354794520548	-6.22630136986301
			20.3062328767123	-6.22630136986301
			20.3769863013699	-6.29705479452055
			20.4477397260274	-6.36780821917808
			20.5184931506849	-6.43856164383562
			20.5892465753425	-6.50931506849315
			20.66	-6.58006849315068
			20.7307534246575	-6.65082191780822
			20.8015068493151	-6.65082191780822
			20.8015068493151	-6.72157534246575
			20.8722602739726	-6.79232876712329
			20.9430136986301	-6.79232876712329
			20.9430136986301	-6.86308219178082
			21.0137671232877	-6.93383561643836
			21.0845205479452	-7.00458904109589
			21.1552739726027	-7.07534246575342
			21.1552739726027	-7.14609589041096
			21.2260273972603	-7.21684931506849
			21.2260273972603	-7.28760273972603
			21.2967808219178	-7.35835616438356
			21.2967808219178	-7.4291095890411
			21.3675342465753	-7.4291095890411
			21.3675342465753	-7.49986301369863
			21.3675342465753	-7.57061643835616
			21.3675342465753	-7.6413698630137
			21.4382876712329	-7.6413698630137
			21.4382876712329	-7.71212328767123
			21.4382876712329	-7.78287671232877
			21.4382876712329	-7.8536301369863
			21.4382876712329	-7.92438356164384
			21.5090410958904	-7.92438356164384
			21.5090410958904	-7.99513698630137
			21.5090410958904	-8.0658904109589
			21.5090410958904	-8.13664383561644
			21.5090410958904	-8.20739726027397
			21.5090410958904	-8.27815068493151
			21.4382876712329	-8.34890410958904
			21.4382876712329	-8.41965753424657
			21.4382876712329	-8.49041095890411
			21.4382876712329	-8.56116438356164
			21.4382876712329	-8.63191780821918
			21.3675342465753	-8.70267123287671
			21.3675342465753	-8.77342465753425
			21.3675342465753	-8.84417808219178
			21.2967808219178	-8.91493150684932
			21.2967808219178	-8.98568493150685
			21.2260273972603	-9.05643835616438
			21.2260273972603	-9.12719178082192
			21.1552739726027	-9.19794520547945
			21.0845205479452	-9.26869863013699
			21.0845205479452	-9.33945205479452
			21.0137671232877	-9.41020547945205
			20.9430136986301	-9.48095890410959
			20.8722602739726	-9.55171232876712
			20.9430136986301	-9.55171232876712
			21.0137671232877	-9.62246575342466
			21.0845205479452	-9.69321917808219
			21.1552739726027	-9.76397260273973
			21.2260273972603	-9.83472602739726
			21.2967808219178	-9.9054794520548
			21.3675342465753	-9.97623287671233
			21.4382876712329	-9.97623287671233
			21.5090410958904	-10.0469863013699
			21.5797945205479	-10.1177397260274
			21.6505479452055	-10.1884931506849
			21.721301369863	-10.2592465753425
			21.7920547945205	-10.2592465753425
			21.8628082191781	-10.33
			21.9335616438356	-10.4007534246575
			22.0043150684931	-10.4715068493151
			22.0750684931507	-10.4715068493151
			22.1458219178082	-10.5422602739726
			22.2165753424658	-10.6130136986301
			22.2873287671233	-10.6837671232877
			22.3580821917808	-10.6837671232877
			22.3580821917808	-10.7545205479452
			22.4288356164384	-10.8252739726027
			22.4995890410959	-10.8960273972603
			22.5703424657534	-10.8960273972603
			22.641095890411	-10.9667808219178
			22.7118493150685	-11.0375342465753
			22.782602739726	-11.1082876712329
			22.8533561643836	-11.1790410958904
			22.9241095890411	-11.2497945205479
			22.9948630136986	-11.3205479452055
			23.0656164383562	-11.3205479452055
			23.0656164383562	-11.391301369863
			23.1363698630137	-11.4620547945205
			23.2071232876712	-11.5328082191781
			23.2778767123288	-11.5328082191781
			23.2778767123288	-11.6035616438356
			23.3486301369863	-11.6743150684932
			23.4193835616438	-11.7450684931507
			23.4901369863014	-11.7450684931507
			23.4901369863014	-11.8158219178082
			23.5608904109589	-11.8865753424658
			23.6316438356164	-11.9573287671233
			23.702397260274	-12.0280821917808
			23.7731506849315	-12.0988356164384
			23.7731506849315	-12.1695890410959
			23.843904109589	-12.1695890410959
			23.9146575342466	-12.2403424657534
			23.9146575342466	-12.311095890411
			23.9854109589041	-12.3818493150685
		</suture>
		<anterior type=matrix rownames=FALSE colnames=FALSE nrow=247 ncol=2 as.numeric=TRUE >
			14.2214383561644	-1.06130136986301
			14.2921917808219	-1.06130136986301
			14.3629452054795	-1.06130136986301
			14.433698630137	-1.06130136986301
			14.5044520547945	-1.06130136986301
			14.5752054794521	-1.06130136986301
			14.6459589041096	-1.06130136986301
			14.7167123287671	-1.06130136986301
			14.7874657534247	-1.06130136986301
			14.8582191780822	-1.06130136986301
			14.9289726027397	-1.06130136986301
			14.9997260273973	-1.13205479452055
			15.0704794520548	-1.13205479452055
			15.1412328767123	-1.13205479452055
			15.2119863013699	-1.13205479452055
			15.2827397260274	-1.13205479452055
			15.3534931506849	-1.13205479452055
			15.4242465753425	-1.13205479452055
			15.495	-1.13205479452055
			15.5657534246575	-1.13205479452055
			15.5657534246575	-1.20280821917808
			15.6365068493151	-1.20280821917808
			15.7072602739726	-1.20280821917808
			15.7780136986301	-1.20280821917808
			15.8487671232877	-1.20280821917808
			15.9195205479452	-1.20280821917808
			15.9902739726027	-1.27356164383562
			16.0610273972603	-1.27356164383562
			16.1317808219178	-1.27356164383562
			16.2025342465753	-1.27356164383562
			16.2732876712329	-1.27356164383562
			16.3440410958904	-1.34431506849315
			16.4147945205479	-1.34431506849315
			16.4855479452055	-1.34431506849315
			16.556301369863	-1.34431506849315
			16.6270547945205	-1.41506849315068
			16.6978082191781	-1.41506849315068
			16.7685616438356	-1.41506849315068
			16.8393150684931	-1.41506849315068
			16.9100684931507	-1.48582191780822
			16.9808219178082	-1.48582191780822
			17.0515753424658	-1.48582191780822
			17.1223287671233	-1.55657534246575
			17.1930821917808	-1.55657534246575
			17.2638356164384	-1.55657534246575
			17.3345890410959	-1.62732876712329
			17.4053424657534	-1.62732876712329
			17.476095890411	-1.62732876712329
			17.5468493150685	-1.69808219178082
			17.617602739726	-1.69808219178082
			17.6883561643836	-1.69808219178082
			17.7591095890411	-1.76883561643836
			17.8298630136986	-1.76883561643836
			17.9006164383562	-1.76883561643836
			17.9713698630137	-1.83958904109589
			18.0421232876712	-1.83958904109589
			18.1128767123288	-1.91034246575342
			18.1836301369863	-1.91034246575342
			18.2543835616438	-1.98109589041096
			18.3251369863014	-1.98109589041096
			18.3958904109589	-1.98109589041096
			18.4666438356164	-2.05184931506849
			18.537397260274	-2.05184931506849
			18.6081506849315	-2.12260273972603
			18.678904109589	-2.12260273972603
			18.7496575342466	-2.19335616438356
			18.8204109589041	-2.19335616438356
			18.8911643835616	-2.2641095890411
			18.9619178082192	-2.2641095890411
			19.0326712328767	-2.33486301369863
			19.1034246575342	-2.33486301369863
			19.1741780821918	-2.33486301369863
			19.1741780821918	-2.40561643835616
			19.2449315068493	-2.40561643835616
			19.3156849315068	-2.40561643835616
			19.3864383561644	-2.4763698630137
			19.4571917808219	-2.4763698630137
			19.5279452054795	-2.54712328767123
			19.598698630137	-2.54712328767123
			19.6694520547945	-2.61787671232877
			19.7402054794521	-2.61787671232877
			19.7402054794521	-2.6886301369863
			19.8109589041096	-2.6886301369863
			19.8817123287671	-2.75938356164384
			19.9524657534247	-2.75938356164384
			20.0232191780822	-2.75938356164384
			20.0232191780822	-2.83013698630137
			20.0939726027397	-2.83013698630137
			20.1647260273973	-2.9008904109589
			20.2354794520548	-2.9008904109589
			20.2354794520548	-2.97164383561644
			20.3062328767123	-2.97164383561644
			20.3769863013699	-2.97164383561644
			20.4477397260274	-3.04239726027397
			20.5184931506849	-3.11315068493151
			20.5892465753425	-3.18390410958904
			20.66	-3.18390410958904
			20.7307534246575	-3.25465753424658
			20.8015068493151	-3.25465753424658
			20.8722602739726	-3.32541095890411
			20.9430136986301	-3.39616438356164
			21.0137671232877	-3.46691780821918
			21.0845205479452	-3.53767123287671
			21.1552739726027	-3.53767123287671
			21.2260273972603	-3.60842465753425
			21.2967808219178	-3.67917808219178
			21.3675342465753	-3.67917808219178
			21.3675342465753	-3.74993150684932
			21.4382876712329	-3.82068493150685
			21.5090410958904	-3.82068493150685
			21.5797945205479	-3.89143835616438
			21.6505479452055	-3.96219178082192
			21.721301369863	-4.03294520547945
			21.7920547945205	-4.10369863013699
			21.8628082191781	-4.17445205479452
			21.9335616438356	-4.17445205479452
			22.0043150684931	-4.24520547945205
			22.0750684931507	-4.31595890410959
			22.1458219178082	-4.38671232876712
			22.2165753424658	-4.45746575342466
			22.2873287671233	-4.52821917808219
			22.3580821917808	-4.52821917808219
			22.4288356164384	-4.59897260273973
			22.4288356164384	-4.66972602739726
			22.4995890410959	-4.74047945205479
			22.5703424657534	-4.81123287671233
			22.641095890411	-4.88198630136986
			22.7118493150685	-4.88198630136986
			22.782602739726	-4.9527397260274
			22.8533561643836	-5.02349315068493
			22.9241095890411	-5.09424657534247
			22.9241095890411	-5.165
			22.9948630136986	-5.23575342465753
			23.0656164383562	-5.30650684931507
			23.1363698630137	-5.30650684931507
			23.2071232876712	-5.3772602739726
			23.2778767123288	-5.44801369863014
			23.2778767123288	-5.51876712328767
			23.3486301369863	-5.58952054794521
			23.4193835616438	-5.66027397260274
			23.4901369863014	-5.73102739726027
			23.5608904109589	-5.80178082191781
			23.5608904109589	-5.87253424657534
			23.6316438356164	-5.87253424657534
			23.702397260274	-5.94328767123288
			23.7731506849315	-6.01404109589041
			23.7731506849315	-6.08479452054794
			23.843904109589	-6.15554794520548
			23.9146575342466	-6.22630136986301
			23.9854109589041	-6.29705479452055
			23.9854109589041	-6.36780821917808
			24.0561643835616	-6.43856164383562
			24.1269178082192	-6.50931506849315
			24.1976712328767	-6.58006849315068
			24.1976712328767	-6.65082191780822
			24.2684246575342	-6.72157534246575
			24.3391780821918	-6.79232876712329
			24.4099315068493	-6.86308219178082
			24.4806849315068	-6.93383561643836
			24.4806849315068	-7.00458904109589
			24.5514383561644	-7.00458904109589
			24.5514383561644	-7.07534246575342
			24.5514383561644	-7.14609589041096
			24.6221917808219	-7.21684931506849
			24.6929452054795	-7.28760273972603
			24.763698630137	-7.35835616438356
			24.763698630137	-7.4291095890411
			24.8344520547945	-7.49986301369863
			24.8344520547945	-7.57061643835616
			24.9052054794521	-7.6413698630137
			24.9759589041096	-7.71212328767123
			25.0467123287671	-7.78287671232877
			25.0467123287671	-7.8536301369863
			25.1174657534247	-7.92438356164384
			25.1174657534247	-7.99513698630137
			25.1882191780822	-8.0658904109589
			25.1882191780822	-8.13664383561644
			25.2589726027397	-8.20739726027397
			25.2589726027397	-8.27815068493151
			25.3297260273973	-8.34890410958904
			25.4004794520548	-8.41965753424657
			25.4004794520548	-8.49041095890411
			25.4004794520548	-8.56116438356164
			25.4712328767123	-8.56116438356164
			25.4712328767123	-8.63191780821918
			25.5419863013699	-8.70267123287671
			25.5419863013699	-8.77342465753425
			25.6127397260274	-8.84417808219178
			25.6127397260274	-8.91493150684932
			25.6834931506849	-8.98568493150685
			25.6834931506849	-9.05643835616438
			25.7542465753425	-9.12719178082192
			25.7542465753425	-9.19794520547945
			25.7542465753425	-9.26869863013699
			25.825	-9.33945205479452
			25.825	-9.41020547945205
			25.8957534246575	-9.48095890410959
			25.8957534246575	-9.55171232876712
			25.9665068493151	-9.62246575342466
			25.9665068493151	-9.69321917808219
			25.9665068493151	-9.76397260273973
			26.0372602739726	-9.83472602739726
			26.0372602739726	-9.9054794520548
			26.0372602739726	-9.97623287671233
			26.1080136986301	-10.0469863013699
			26.1080136986301	-10.1177397260274
			26.1787671232877	-10.1177397260274
			26.1787671232877	-10.1884931506849
			26.1787671232877	-10.2592465753425
			26.2495205479452	-10.33
			26.2495205479452	-10.4007534246575
			26.2495205479452	-10.4715068493151
			26.3202739726027	-10.5422602739726
			26.3202739726027	-10.6130136986301
			26.3202739726027	-10.6837671232877
			26.3910273972603	-10.7545205479452
			26.3910273972603	-10.8252739726027
			26.3910273972603	-10.8960273972603
			26.4617808219178	-10.9667808219178
			26.4617808219178	-11.0375342465753
			26.4617808219178	-11.1082876712329
			26.4617808219178	-11.1790410958904
			26.5325342465753	-11.2497945205479
			26.5325342465753	-11.3205479452055
			26.5325342465753	-11.391301369863
			26.5325342465753	-11.4620547945205
			26.6032876712329	-11.4620547945205
			26.6032876712329	-11.5328082191781
			26.6032876712329	-11.6035616438356
			26.6032876712329	-11.6743150684932
			26.6740410958904	-11.7450684931507
			26.6740410958904	-11.8158219178082
			26.6740410958904	-11.8865753424658
			26.6740410958904	-11.9573287671233
			26.7447945205479	-12.0280821917808
			26.7447945205479	-12.0988356164384
			26.7447945205479	-12.1695890410959
			26.7447945205479	-12.2403424657534
			26.8155479452055	-12.311095890411
			26.8155479452055	-12.3818493150685
			26.8155479452055	-12.452602739726
			26.8155479452055	-12.5233561643836
			26.8155479452055	-12.5941095890411
			26.886301369863	-12.6648630136986
			26.886301369863	-12.7356164383562
			26.886301369863	-12.8063698630137
			26.886301369863	-12.8771232876712
		</anterior>
		<posterior type=matrix rownames=FALSE colnames=FALSE nrow=975 ncol=2 as.numeric=TRUE >
			14.2214383561644	-12.8771232876712
			14.2921917808219	-12.8771232876712
			14.3629452054795	-12.8771232876712
			14.433698630137	-12.8771232876712
			14.5044520547945	-12.8771232876712
			14.5752054794521	-12.8771232876712
			14.6459589041096	-12.8771232876712
			14.7167123287671	-12.8771232876712
			14.7874657534247	-12.8771232876712
			14.8582191780822	-12.8771232876712
			14.9289726027397	-12.8771232876712
			14.9997260273973	-12.8771232876712
			15.0704794520548	-12.8771232876712
			15.1412328767123	-12.8771232876712
			15.2119863013699	-12.8771232876712
			15.2827397260274	-12.8771232876712
			15.3534931506849	-12.8771232876712
			15.4242465753425	-12.8771232876712
			15.495	-12.8771232876712
			15.5657534246575	-12.8771232876712
			15.5657534246575	-12.8063698630137
			15.6365068493151	-12.8063698630137
			15.7072602739726	-12.8063698630137
			15.7780136986301	-12.8063698630137
			15.8487671232877	-12.8063698630137
			15.9195205479452	-12.8063698630137
			15.9902739726027	-12.8063698630137
			16.0610273972603	-12.8063698630137
			16.1317808219178	-12.8063698630137
			16.2025342465753	-12.8063698630137
			16.2732876712329	-12.7356164383562
			16.3440410958904	-12.7356164383562
			16.4147945205479	-12.7356164383562
			16.4855479452055	-12.7356164383562
			16.556301369863	-12.7356164383562
			16.6270547945205	-12.7356164383562
			16.6978082191781	-12.7356164383562
			16.7685616438356	-12.6648630136986
			16.8393150684931	-12.6648630136986
			16.9100684931507	-12.6648630136986
			16.9808219178082	-12.6648630136986
			17.0515753424658	-12.6648630136986
			17.1223287671233	-12.6648630136986
			17.1930821917808	-12.5941095890411
			17.2638356164384	-12.5941095890411
			17.3345890410959	-12.5941095890411
			17.4053424657534	-12.5941095890411
			17.476095890411	-12.5941095890411
			17.5468493150685	-12.5941095890411
			17.617602739726	-12.5233561643836
			17.6883561643836	-12.5233561643836
			17.7591095890411	-12.5233561643836
			17.8298630136986	-12.5233561643836
			17.9006164383562	-12.5233561643836
			17.9713698630137	-12.452602739726
			18.0421232876712	-12.452602739726
			18.1128767123288	-12.452602739726
			18.1836301369863	-12.452602739726
			18.2543835616438	-12.452602739726
			18.3251369863014	-12.3818493150685
			18.3958904109589	-12.3818493150685
			18.4666438356164	-12.3818493150685
			18.537397260274	-12.3818493150685
			18.6081506849315	-12.3818493150685
			18.678904109589	-12.3818493150685
			18.7496575342466	-12.3818493150685
			18.8204109589041	-12.3818493150685
			18.8911643835616	-12.3818493150685
			18.9619178082192	-12.3818493150685
			19.0326712328767	-12.3818493150685
			19.1034246575342	-12.3818493150685
			19.1741780821918	-12.3818493150685
			19.2449315068493	-12.452602739726
			19.3156849315068	-12.452602739726
			19.3864383561644	-12.452602739726
			19.4571917808219	-12.452602739726
			19.5279452054795	-12.452602739726
			19.598698630137	-12.452602739726
			19.6694520547945	-12.452602739726
			19.7402054794521	-12.452602739726
			19.8109589041096	-12.5233561643836
			19.8817123287671	-12.5233561643836
			19.9524657534247	-12.5233561643836
			20.0232191780822	-12.5233561643836
			20.0939726027397	-12.5233561643836
			20.1647260273973	-12.5233561643836
			20.2354794520548	-12.5941095890411
			20.3062328767123	-12.5941095890411
			20.3769863013699	-12.5941095890411
			20.4477397260274	-12.5941095890411
			20.5184931506849	-12.6648630136986
			20.5892465753425	-12.6648630136986
			20.66	-12.6648630136986
			20.7307534246575	-12.6648630136986
			20.8015068493151	-12.7356164383562
			20.8722602739726	-12.7356164383562
			20.9430136986301	-12.7356164383562
			21.0137671232877	-12.7356164383562
			21.0845205479452	-12.8063698630137
			21.1552739726027	-12.8063698630137
			21.2260273972603	-12.8063698630137
			21.2967808219178	-12.8063698630137
			21.3675342465753	-12.8063698630137
			21.4382876712329	-12.8063698630137
			21.5090410958904	-12.8063698630137
			21.5797945205479	-12.8063698630137
			21.6505479452055	-12.7356164383562
			21.721301369863	-12.7356164383562
			21.7920547945205	-12.7356164383562
			21.8628082191781	-12.7356164383562
			21.9335616438356	-12.7356164383562
			22.0043150684931	-12.7356164383562
			22.0750684931507	-12.7356164383562
			22.1458219178082	-12.7356164383562
			22.2165753424658	-12.6648630136986
			22.2873287671233	-12.6648630136986
			22.3580821917808	-12.6648630136986
			22.4288356164384	-12.6648630136986
			22.4995890410959	-12.6648630136986
			22.5703424657534	-12.6648630136986
			22.641095890411	-12.6648630136986
			22.7118493150685	-12.6648630136986
			22.782602739726	-12.5941095890411
			22.8533561643836	-12.5941095890411
			22.9241095890411	-12.5941095890411
			22.9948630136986	-12.5941095890411
			23.0656164383562	-12.5941095890411
			23.1363698630137	-12.5941095890411
			23.2071232876712	-12.5233561643836
			23.2778767123288	-12.5233561643836
			23.3486301369863	-12.5233561643836
			23.4193835616438	-12.5233561643836
			23.4901369863014	-12.5233561643836
			23.5608904109589	-12.452602739726
			23.6316438356164	-12.452602739726
			23.702397260274	-12.452602739726
			23.7731506849315	-12.452602739726
			23.7731506849315	-12.3818493150685
			23.843904109589	-12.3818493150685
			23.9146575342466	-12.3818493150685
			23.9854109589041	-12.311095890411
			24.0561643835616	-12.311095890411
			24.1269178082192	-12.2403424657534
			24.1976712328767	-12.2403424657534
			24.2684246575342	-12.1695890410959
			24.3391780821918	-12.0988356164384
			24.4099315068493	-12.0280821917808
			24.4806849315068	-12.0280821917808
			24.4806849315068	-11.9573287671233
			24.5514383561644	-11.8865753424658
			24.6221917808219	-11.8865753424658
			24.6221917808219	-11.8158219178082
			24.6929452054795	-11.7450684931507
			24.763698630137	-11.6743150684932
			24.8344520547945	-11.6035616438356
			24.9052054794521	-11.5328082191781
			24.9759589041096	-11.4620547945205
			25.0467123287671	-11.391301369863
			25.0467123287671	-11.3205479452055
			25.1174657534247	-11.2497945205479
			25.1882191780822	-11.1790410958904
			25.1882191780822	-11.1082876712329
			25.2589726027397	-11.0375342465753
			25.2589726027397	-10.9667808219178
			25.3297260273973	-10.8960273972603
			25.4004794520548	-10.8252739726027
			25.4712328767123	-10.8252739726027
			25.4712328767123	-10.8960273972603
			25.4712328767123	-10.9667808219178
			25.5419863013699	-10.9667808219178
			25.5419863013699	-11.0375342465753
			25.5419863013699	-11.1082876712329
			25.6127397260274	-11.1790410958904
			25.6834931506849	-11.2497945205479
			25.6834931506849	-11.3205479452055
			25.6834931506849	-11.391301369863
			25.7542465753425	-11.4620547945205
			25.7542465753425	-11.5328082191781
			25.825	-11.6035616438356
			25.825	-11.6743150684932
			25.825	-11.7450684931507
			25.8957534246575	-11.8158219178082
			25.8957534246575	-11.8865753424658
			25.9665068493151	-11.9573287671233
			25.9665068493151	-12.0280821917808
			25.9665068493151	-12.0988356164384
			26.0372602739726	-12.1695890410959
			26.0372602739726	-12.2403424657534
			26.0372602739726	-12.311095890411
			26.1080136986301	-12.3818493150685
			26.1080136986301	-12.452602739726
			26.1080136986301	-12.5233561643836
			26.1787671232877	-12.5941095890411
			26.1787671232877	-12.6648630136986
			26.1787671232877	-12.7356164383562
			26.1787671232877	-12.8063698630137
			26.2495205479452	-12.8063698630137
			26.2495205479452	-12.8771232876712
			26.2495205479452	-12.9478767123288
			26.3202739726027	-13.0186301369863
			26.3202739726027	-13.0893835616438
			26.3202739726027	-13.1601369863014
			26.3910273972603	-13.2308904109589
			26.3910273972603	-13.3016438356164
			26.3910273972603	-13.372397260274
			26.3910273972603	-13.4431506849315
			26.4617808219178	-13.513904109589
			26.4617808219178	-13.5846575342466
			26.4617808219178	-13.6554109589041
			26.4617808219178	-13.7261643835616
			26.5325342465753	-13.7969178082192
			26.5325342465753	-13.8676712328767
			26.5325342465753	-13.9384246575342
			26.6032876712329	-14.0091780821918
			26.6032876712329	-14.0799315068493
			26.6032876712329	-14.1506849315068
			26.6032876712329	-14.2214383561644
			26.6740410958904	-14.2921917808219
			26.6740410958904	-14.3629452054795
			26.6740410958904	-14.433698630137
			26.6740410958904	-14.5044520547945
			26.6740410958904	-14.5752054794521
			26.7447945205479	-14.6459589041096
			26.7447945205479	-14.7167123287671
			26.7447945205479	-14.7874657534247
			26.7447945205479	-14.8582191780822
			26.7447945205479	-14.9289726027397
			26.7447945205479	-14.9997260273973
			26.8155479452055	-15.0704794520548
			26.8155479452055	-15.1412328767123
			26.8155479452055	-15.2119863013699
			26.8155479452055	-15.2827397260274
			26.8155479452055	-15.3534931506849
			26.8155479452055	-15.4242465753425
			26.886301369863	-15.495
			26.886301369863	-15.5657534246575
			26.886301369863	-15.6365068493151
			26.886301369863	-15.7072602739726
			26.886301369863	-15.7780136986301
			26.886301369863	-15.8487671232877
			26.9570547945205	-15.9195205479452
			26.9570547945205	-15.9902739726027
			26.9570547945205	-16.0610273972603
			26.9570547945205	-16.1317808219178
			26.9570547945205	-16.2025342465753
			26.9570547945205	-16.2732876712329
			26.9570547945205	-16.3440410958904
			27.0278082191781	-16.4147945205479
			27.0278082191781	-16.4855479452055
			27.0278082191781	-16.556301369863
			27.0278082191781	-16.6270547945205
			27.0278082191781	-16.6978082191781
			27.0278082191781	-16.7685616438356
			27.0278082191781	-16.8393150684931
			27.0278082191781	-16.9100684931507
			27.0985616438356	-16.9808219178082
			27.0985616438356	-17.0515753424658
			27.0985616438356	-17.1223287671233
			27.0985616438356	-17.1930821917808
			27.0985616438356	-17.2638356164384
			27.0985616438356	-17.3345890410959
			27.0985616438356	-17.4053424657534
			27.0985616438356	-17.476095890411
			27.1693150684931	-17.5468493150685
			27.1693150684931	-17.617602739726
			27.1693150684931	-17.6883561643836
			27.1693150684931	-17.7591095890411
			27.1693150684931	-17.8298630136986
			27.1693150684931	-17.9006164383562
			27.1693150684931	-17.9713698630137
			27.1693150684931	-18.0421232876712
			27.1693150684931	-18.1128767123288
			27.1693150684931	-18.1836301369863
			27.2400684931507	-18.2543835616438
			27.2400684931507	-18.3251369863014
			27.2400684931507	-18.3958904109589
			27.2400684931507	-18.4666438356164
			27.2400684931507	-18.537397260274
			27.2400684931507	-18.6081506849315
			27.2400684931507	-18.678904109589
			27.2400684931507	-18.7496575342466
			27.2400684931507	-18.8204109589041
			27.2400684931507	-18.8911643835616
			27.3108219178082	-18.9619178082192
			27.3108219178082	-19.0326712328767
			27.3108219178082	-19.1034246575342
			27.3108219178082	-19.1741780821918
			27.3108219178082	-19.2449315068493
			27.3108219178082	-19.3156849315068
			27.3108219178082	-19.3864383561644
			27.3108219178082	-19.4571917808219
			27.3108219178082	-19.5279452054795
			27.3108219178082	-19.598698630137
			27.3108219178082	-19.6694520547945
			27.3108219178082	-19.7402054794521
			27.3108219178082	-19.8109589041096
			27.3108219178082	-19.8817123287671
			27.3815753424658	-19.9524657534247
			27.3815753424658	-20.0232191780822
			27.3815753424658	-20.0939726027397
			27.3815753424658	-20.1647260273973
			27.3815753424658	-20.2354794520548
			27.3815753424658	-20.3062328767123
			27.3815753424658	-20.3769863013699
			27.3815753424658	-20.4477397260274
			27.3815753424658	-20.5184931506849
			27.3815753424658	-20.5892465753425
			27.3815753424658	-20.66
			27.3815753424658	-20.7307534246575
			27.3815753424658	-20.8015068493151
			27.3815753424658	-20.8722602739726
			27.3815753424658	-20.9430136986301
			27.3815753424658	-21.0137671232877
			27.3815753424658	-21.0845205479452
			27.3815753424658	-21.1552739726027
			27.3815753424658	-21.2260273972603
			27.3815753424658	-21.2967808219178
			27.3815753424658	-21.3675342465753
			27.3815753424658	-21.4382876712329
			27.3815753424658	-21.5090410958904
			27.4523287671233	-21.5797945205479
			27.4523287671233	-21.6505479452055
			27.4523287671233	-21.721301369863
			27.4523287671233	-21.7920547945205
			27.4523287671233	-21.8628082191781
			27.4523287671233	-21.9335616438356
			27.4523287671233	-22.0043150684931
			27.4523287671233	-22.0750684931507
			27.4523287671233	-22.1458219178082
			27.4523287671233	-22.2165753424658
			27.4523287671233	-22.2873287671233
			27.4523287671233	-22.3580821917808
			27.4523287671233	-22.4288356164384
			27.4523287671233	-22.4995890410959
			27.4523287671233	-22.5703424657534
			27.4523287671233	-22.641095890411
			27.4523287671233	-22.7118493150685
			27.4523287671233	-22.782602739726
			27.4523287671233	-22.8533561643836
			27.4523287671233	-22.9241095890411
			27.4523287671233	-22.9948630136986
			27.4523287671233	-23.0656164383562
			27.4523287671233	-23.1363698630137
			27.4523287671233	-23.2071232876712
			27.4523287671233	-23.2778767123288
			27.4523287671233	-23.3486301369863
			27.4523287671233	-23.4193835616438
			27.4523287671233	-23.4901369863014
			27.4523287671233	-23.5608904109589
			27.4523287671233	-23.6316438356164
			27.4523287671233	-23.702397260274
			27.4523287671233	-23.7731506849315
			27.3815753424658	-23.7731506849315
			27.3815753424658	-23.843904109589
			27.3815753424658	-23.9146575342466
			27.3815753424658	-23.9854109589041
			27.3815753424658	-24.0561643835616
			27.3815753424658	-24.1269178082192
			27.3815753424658	-24.1976712328767
			27.3815753424658	-24.2684246575342
			27.3815753424658	-24.3391780821918
			27.3815753424658	-24.4099315068493
			27.3815753424658	-24.4806849315068
			27.3815753424658	-24.5514383561644
			27.3815753424658	-24.6221917808219
			27.3815753424658	-24.6929452054795
			27.3815753424658	-24.763698630137
			27.3815753424658	-24.8344520547945
			27.3815753424658	-24.9052054794521
			27.3815753424658	-24.9759589041096
			27.3815753424658	-25.0467123287671
			27.3815753424658	-25.1174657534247
			27.3815753424658	-25.1882191780822
			27.3815753424658	-25.2589726027397
			27.3815753424658	-25.3297260273973
			27.3108219178082	-25.4004794520548
			27.3108219178082	-25.4712328767123
			27.3108219178082	-25.5419863013699
			27.3108219178082	-25.6127397260274
			27.3108219178082	-25.6834931506849
			27.3108219178082	-25.7542465753425
			27.3108219178082	-25.825
			27.3108219178082	-25.8957534246575
			27.3108219178082	-25.9665068493151
			27.3108219178082	-26.0372602739726
			27.3108219178082	-26.1080136986301
			27.3108219178082	-26.1787671232877
			27.3108219178082	-26.2495205479452
			27.3108219178082	-26.3202739726027
			27.2400684931507	-26.3910273972603
			27.2400684931507	-26.4617808219178
			27.2400684931507	-26.5325342465753
			27.2400684931507	-26.6032876712329
			27.2400684931507	-26.6740410958904
			27.2400684931507	-26.7447945205479
			27.2400684931507	-26.8155479452055
			27.2400684931507	-26.886301369863
			27.2400684931507	-26.9570547945205
			27.2400684931507	-27.0278082191781
			27.1693150684931	-27.0985616438356
			27.1693150684931	-27.1693150684931
			27.1693150684931	-27.2400684931507
			27.1693150684931	-27.3108219178082
			27.1693150684931	-27.3815753424658
			27.1693150684931	-27.4523287671233
			27.1693150684931	-27.5230821917808
			27.1693150684931	-27.5938356164384
			27.1693150684931	-27.6645890410959
			27.1693150684931	-27.7353424657534
			27.1693150684931	-27.806095890411
			27.1693150684931	-27.8768493150685
			27.0985616438356	-27.947602739726
			27.0985616438356	-28.0183561643836
			27.0985616438356	-28.0891095890411
			27.0985616438356	-28.1598630136986
			27.0985616438356	-28.2306164383562
			27.0985616438356	-28.3013698630137
			27.0985616438356	-28.3721232876712
			27.0985616438356	-28.4428767123288
			27.0985616438356	-28.5136301369863
			27.0985616438356	-28.5843835616438
			27.0278082191781	-28.6551369863014
			27.0278082191781	-28.7258904109589
			27.0278082191781	-28.7966438356164
			27.0278082191781	-28.867397260274
			27.0278082191781	-28.9381506849315
			27.0278082191781	-29.008904109589
			27.0278082191781	-29.0796575342466
			27.0278082191781	-29.1504109589041
			27.0278082191781	-29.2211643835616
			26.9570547945205	-29.2919178082192
			26.9570547945205	-29.3626712328767
			26.9570547945205	-29.4334246575342
			26.9570547945205	-29.5041780821918
			26.9570547945205	-29.5749315068493
			26.9570547945205	-29.6456849315068
			26.9570547945205	-29.7164383561644
			26.886301369863	-29.7871917808219
			26.886301369863	-29.8579452054795
			26.886301369863	-29.928698630137
			26.886301369863	-29.9994520547945
			26.886301369863	-30.0702054794521
			26.886301369863	-30.1409589041096
			26.886301369863	-30.2117123287671
			26.8155479452055	-30.2824657534247
			26.8155479452055	-30.3532191780822
			26.8155479452055	-30.4239726027397
			26.8155479452055	-30.4947260273973
			26.8155479452055	-30.5654794520548
			26.8155479452055	-30.6362328767123
			26.7447945205479	-30.7069863013699
			26.7447945205479	-30.7777397260274
			26.7447945205479	-30.8484931506849
			26.7447945205479	-30.9192465753425
			26.7447945205479	-30.99
			26.7447945205479	-31.0607534246575
			26.6740410958904	-31.1315068493151
			26.6740410958904	-31.2022602739726
			26.6740410958904	-31.2730136986301
			26.6740410958904	-31.3437671232877
			26.6740410958904	-31.4145205479452
			26.6032876712329	-31.4852739726027
			26.6032876712329	-31.5560273972603
			26.6032876712329	-31.6267808219178
			26.6032876712329	-31.6975342465753
			26.6032876712329	-31.7682876712329
			26.5325342465753	-31.8390410958904
			26.5325342465753	-31.9097945205479
			26.5325342465753	-31.9805479452055
			26.5325342465753	-32.051301369863
			26.5325342465753	-32.1220547945205
			26.5325342465753	-32.1928082191781
			26.4617808219178	-32.1928082191781
			26.4617808219178	-32.2635616438356
			26.4617808219178	-32.3343150684931
			26.4617808219178	-32.4050684931507
			26.4617808219178	-32.4758219178082
			26.3910273972603	-32.5465753424658
			26.3910273972603	-32.6173287671233
			26.3910273972603	-32.6880821917808
			26.3910273972603	-32.7588356164384
			26.3910273972603	-32.8295890410959
			26.3202739726027	-32.8295890410959
			26.3202739726027	-32.9003424657534
			26.3202739726027	-32.971095890411
			26.3202739726027	-33.0418493150685
			26.3202739726027	-33.112602739726
			26.2495205479452	-33.1833561643836
			26.2495205479452	-33.2541095890411
			26.2495205479452	-33.3248630136986
			26.2495205479452	-33.3956164383562
			26.2495205479452	-33.4663698630137
			26.1787671232877	-33.4663698630137
			26.1787671232877	-33.5371232876712
			26.1787671232877	-33.6078767123288
			26.1787671232877	-33.6786301369863
			26.1787671232877	-33.7493835616438
			26.1080136986301	-33.8201369863014
			26.1080136986301	-33.8908904109589
			26.1080136986301	-33.9616438356164
			26.1080136986301	-34.032397260274
			26.0372602739726	-34.1031506849315
			26.0372602739726	-34.173904109589
			26.0372602739726	-34.2446575342466
			25.9665068493151	-34.3154109589041
			25.9665068493151	-34.3861643835616
			25.9665068493151	-34.4569178082192
			25.9665068493151	-34.5276712328767
			25.8957534246575	-34.5984246575342
			25.8957534246575	-34.6691780821918
			25.8957534246575	-34.7399315068493
			25.8957534246575	-34.8106849315068
			25.825	-34.8814383561644
			25.825	-34.9521917808219
			25.825	-35.0229452054795
			25.825	-35.093698630137
			25.7542465753425	-35.1644520547945
			25.7542465753425	-35.2352054794521
			25.7542465753425	-35.3059589041096
			25.6834931506849	-35.3767123287671
			25.6834931506849	-35.4474657534247
			25.6834931506849	-35.5182191780822
			25.6834931506849	-35.5889726027397
			25.6127397260274	-35.6597260273973
			25.6127397260274	-35.7304794520548
			25.6127397260274	-35.8012328767123
			25.5419863013699	-35.8719863013699
			25.5419863013699	-35.9427397260274
			25.5419863013699	-36.0134931506849
			25.5419863013699	-36.0842465753425
			25.4712328767123	-36.155
			25.4712328767123	-36.2257534246575
			25.4712328767123	-36.2965068493151
			25.4004794520548	-36.3672602739726
			25.4004794520548	-36.4380136986301
			25.4004794520548	-36.5087671232877
			25.3297260273973	-36.5795205479452
			25.3297260273973	-36.6502739726027
			25.3297260273973	-36.7210273972603
			25.2589726027397	-36.7917808219178
			25.2589726027397	-36.8625342465753
			25.2589726027397	-36.9332876712329
			25.1882191780822	-37.0040410958904
			25.1882191780822	-37.0747945205479
			25.1882191780822	-37.1455479452055
			25.1174657534247	-37.216301369863
			25.1174657534247	-37.2870547945206
			25.1174657534247	-37.3578082191781
			25.0467123287671	-37.4285616438356
			25.0467123287671	-37.4993150684931
			25.0467123287671	-37.5700684931507
			24.9759589041096	-37.6408219178082
			24.9759589041096	-37.7115753424657
			24.9759589041096	-37.7823287671233
			24.9052054794521	-37.8530821917808
			24.9052054794521	-37.9238356164384
			24.9052054794521	-37.9945890410959
			24.8344520547945	-38.0653424657534
			24.8344520547945	-38.136095890411
			24.8344520547945	-38.2068493150685
			24.763698630137	-38.277602739726
			24.763698630137	-38.3483561643836
			24.763698630137	-38.4191095890411
			24.6929452054795	-38.4898630136986
			24.6929452054795	-38.5606164383562
			24.6929452054795	-38.6313698630137
			24.6221917808219	-38.7021232876712
			24.6221917808219	-38.7728767123288
			24.5514383561644	-38.8436301369863
			24.5514383561644	-38.9143835616438
			24.5514383561644	-38.9851369863014
			24.4806849315068	-39.0558904109589
			24.4806849315068	-39.1266438356164
			24.4806849315068	-39.197397260274
			24.4099315068493	-39.2681506849315
			24.4099315068493	-39.338904109589
			24.4099315068493	-39.4096575342466
			24.3391780821918	-39.4804109589041
			24.3391780821918	-39.5511643835616
			24.2684246575342	-39.6219178082192
			24.2684246575342	-39.6926712328767
			24.2684246575342	-39.7634246575342
			24.2684246575342	-39.8341780821918
			24.1976712328767	-39.8341780821918
			24.1976712328767	-39.9049315068493
			24.2684246575342	-39.8341780821918
			24.3391780821918	-39.7634246575342
			24.3391780821918	-39.6926712328767
			24.4099315068493	-39.6219178082192
			24.4099315068493	-39.5511643835616
			24.4806849315068	-39.4804109589041
			24.4806849315068	-39.4096575342466
			24.5514383561644	-39.338904109589
			24.6221917808219	-39.2681506849315
			24.6221917808219	-39.197397260274
			24.6929452054795	-39.1266438356164
			24.6929452054795	-39.0558904109589
			24.763698630137	-38.9851369863014
			24.763698630137	-38.9143835616438
			24.763698630137	-38.8436301369863
			24.8344520547945	-38.7728767123288
			24.9052054794521	-38.7021232876712
			24.9052054794521	-38.6313698630137
			24.9052054794521	-38.5606164383562
			24.9759589041096	-38.4898630136986
			24.9759589041096	-38.4191095890411
			25.0467123287671	-38.3483561643836
			25.0467123287671	-38.277602739726
			25.0467123287671	-38.2068493150685
			25.1174657534247	-38.136095890411
			25.1174657534247	-38.0653424657534
			25.1174657534247	-37.9945890410959
			25.1882191780822	-37.9238356164384
			25.1882191780822	-37.8530821917808
			25.2589726027397	-37.7823287671233
			25.2589726027397	-37.7115753424657
			25.2589726027397	-37.6408219178082
			25.3297260273973	-37.5700684931507
			25.3297260273973	-37.4993150684931
			25.3297260273973	-37.4285616438356
			25.4004794520548	-37.3578082191781
			25.4004794520548	-37.2870547945206
			25.4004794520548	-37.216301369863
			25.4712328767123	-37.1455479452055
			25.4712328767123	-37.0747945205479
			25.4712328767123	-37.0040410958904
			25.5419863013699	-36.9332876712329
			25.5419863013699	-36.8625342465753
			25.5419863013699	-36.7917808219178
			25.6127397260274	-36.7210273972603
			25.6127397260274	-36.6502739726027
			25.6127397260274	-36.5795205479452
			25.6834931506849	-36.5087671232877
			25.6834931506849	-36.4380136986301
			25.7542465753425	-36.3672602739726
			25.7542465753425	-36.2965068493151
			25.7542465753425	-36.2257534246575
			25.825	-36.155
			25.825	-36.0842465753425
			25.825	-36.0134931506849
			25.8957534246575	-35.9427397260274
			25.8957534246575	-35.8719863013699
			25.8957534246575	-35.8012328767123
			25.8957534246575	-35.7304794520548
			25.9665068493151	-35.6597260273973
			25.9665068493151	-35.5889726027397
			25.9665068493151	-35.5182191780822
			26.0372602739726	-35.4474657534247
			26.0372602739726	-35.3767123287671
			26.0372602739726	-35.3059589041096
			26.1080136986301	-35.2352054794521
			26.1080136986301	-35.1644520547945
			26.1080136986301	-35.093698630137
			26.1787671232877	-35.0229452054795
			26.1787671232877	-34.9521917808219
			26.1787671232877	-34.8814383561644
			26.2495205479452	-34.8106849315068
			26.2495205479452	-34.7399315068493
			26.2495205479452	-34.6691780821918
			26.2495205479452	-34.5984246575342
			26.3202739726027	-34.5276712328767
			26.3202739726027	-34.4569178082192
			26.3202739726027	-34.3861643835616
			26.3910273972603	-34.3154109589041
			26.3910273972603	-34.2446575342466
			26.3910273972603	-34.173904109589
			26.4617808219178	-34.1031506849315
			26.4617808219178	-34.032397260274
			26.4617808219178	-33.9616438356164
			26.5325342465753	-33.8908904109589
			26.5325342465753	-33.8201369863014
			26.5325342465753	-33.7493835616438
			26.6032876712329	-33.6786301369863
			26.6032876712329	-33.6078767123288
			26.6032876712329	-33.5371232876712
			26.6032876712329	-33.4663698630137
			26.6740410958904	-33.3956164383562
			26.6740410958904	-33.3248630136986
			26.6740410958904	-33.2541095890411
			26.6740410958904	-33.1833561643836
			26.7447945205479	-33.1833561643836
			26.7447945205479	-33.112602739726
			26.7447945205479	-33.0418493150685
			26.7447945205479	-32.971095890411
			26.7447945205479	-32.9003424657534
			26.8155479452055	-32.9003424657534
			26.8155479452055	-32.8295890410959
			26.8155479452055	-32.7588356164384
			26.8155479452055	-32.6880821917808
			26.886301369863	-32.6173287671233
			26.886301369863	-32.5465753424658
			26.886301369863	-32.4758219178082
			26.886301369863	-32.4050684931507
			26.9570547945205	-32.3343150684931
			26.9570547945205	-32.2635616438356
			26.9570547945205	-32.1928082191781
			26.9570547945205	-32.1220547945205
			26.9570547945205	-32.051301369863
			26.9570547945205	-31.9805479452055
			26.9570547945205	-31.9097945205479
			27.0278082191781	-31.8390410958904
			27.0278082191781	-31.7682876712329
			27.0278082191781	-31.6975342465753
			27.0278082191781	-31.6267808219178
			27.0278082191781	-31.5560273972603
			27.0278082191781	-31.4852739726027
			27.0985616438356	-31.4145205479452
			27.0985616438356	-31.3437671232877
			27.0985616438356	-31.2730136986301
			27.0985616438356	-31.2022602739726
			27.0985616438356	-31.1315068493151
			27.0985616438356	-31.0607534246575
			27.0985616438356	-30.99
			27.1693150684931	-30.99
			27.1693150684931	-30.9192465753425
			27.1693150684931	-30.8484931506849
			27.1693150684931	-30.7777397260274
			27.1693150684931	-30.7069863013699
			27.1693150684931	-30.6362328767123
			27.1693150684931	-30.5654794520548
			27.2400684931507	-30.4947260273973
			27.2400684931507	-30.4239726027397
			27.2400684931507	-30.3532191780822
			27.2400684931507	-30.2824657534247
			27.2400684931507	-30.2117123287671
			27.2400684931507	-30.1409589041096
			27.2400684931507	-30.0702054794521
			27.3108219178082	-29.9994520547945
			27.3108219178082	-29.928698630137
			27.3108219178082	-29.8579452054795
			27.3108219178082	-29.7871917808219
			27.3108219178082	-29.7164383561644
			27.3108219178082	-29.6456849315068
			27.3108219178082	-29.5749315068493
			27.3108219178082	-29.5041780821918
			27.3815753424658	-29.4334246575342
			27.3815753424658	-29.3626712328767
			27.3815753424658	-29.2919178082192
			27.3815753424658	-29.2211643835616
			27.3815753424658	-29.1504109589041
			27.3815753424658	-29.0796575342466
			27.3815753424658	-29.008904109589
			27.4523287671233	-28.9381506849315
			27.4523287671233	-28.867397260274
			27.4523287671233	-28.7966438356164
			27.4523287671233	-28.7258904109589
			27.4523287671233	-28.6551369863014
			27.4523287671233	-28.5843835616438
			27.4523287671233	-28.5136301369863
			27.4523287671233	-28.4428767123288
			27.4523287671233	-28.3721232876712
			27.5230821917808	-28.3721232876712
			27.5230821917808	-28.3013698630137
			27.5230821917808	-28.2306164383562
			27.5230821917808	-28.1598630136986
			27.5230821917808	-28.0891095890411
			27.5230821917808	-28.0183561643836
			27.5230821917808	-27.947602739726
			27.5230821917808	-27.8768493150685
			27.5230821917808	-27.806095890411
			27.5938356164384	-27.7353424657534
			27.5938356164384	-27.6645890410959
			27.5938356164384	-27.5938356164384
			27.5938356164384	-27.5230821917808
			27.5938356164384	-27.4523287671233
			27.5938356164384	-27.3815753424658
			27.5938356164384	-27.3108219178082
			27.5938356164384	-27.2400684931507
			27.5938356164384	-27.1693150684931
			27.5938356164384	-27.0985616438356
			27.6645890410959	-27.0278082191781
			27.6645890410959	-26.9570547945205
			27.6645890410959	-26.886301369863
			27.6645890410959	-26.8155479452055
			27.6645890410959	-26.7447945205479
			27.6645890410959	-26.6740410958904
			27.6645890410959	-26.6032876712329
			27.6645890410959	-26.5325342465753
			27.6645890410959	-26.4617808219178
			27.6645890410959	-26.3910273972603
			27.6645890410959	-26.3202739726027
			27.7353424657534	-26.2495205479452
			27.7353424657534	-26.1787671232877
			27.7353424657534	-26.1080136986301
			27.7353424657534	-26.0372602739726
			27.7353424657534	-25.9665068493151
			27.7353424657534	-25.8957534246575
			27.7353424657534	-25.825
			27.7353424657534	-25.7542465753425
			27.7353424657534	-25.6834931506849
			27.7353424657534	-25.6127397260274
			27.7353424657534	-25.5419863013699
			27.7353424657534	-25.4712328767123
			27.7353424657534	-25.4004794520548
			27.806095890411	-25.3297260273973
			27.806095890411	-25.2589726027397
			27.806095890411	-25.1882191780822
			27.806095890411	-25.1174657534247
			27.806095890411	-25.0467123287671
			27.806095890411	-24.9759589041096
			27.806095890411	-24.9052054794521
			27.806095890411	-24.8344520547945
			27.806095890411	-24.763698630137
			27.806095890411	-24.6929452054795
			27.806095890411	-24.6221917808219
			27.806095890411	-24.5514383561644
			27.806095890411	-24.4806849315068
			27.806095890411	-24.4099315068493
			27.806095890411	-24.3391780821918
			27.806095890411	-24.2684246575342
			27.8768493150685	-24.2684246575342
			27.8768493150685	-24.1976712328767
			27.8768493150685	-24.1269178082192
			27.8768493150685	-24.0561643835616
			27.8768493150685	-23.9854109589041
			27.8768493150685	-23.9146575342466
			27.8768493150685	-23.843904109589
			27.8768493150685	-23.7731506849315
			27.8768493150685	-23.702397260274
			27.8768493150685	-23.6316438356164
			27.8768493150685	-23.5608904109589
			27.8768493150685	-23.4901369863014
			27.8768493150685	-23.4193835616438
			27.8768493150685	-23.3486301369863
			27.8768493150685	-23.2778767123288
			27.8768493150685	-23.2071232876712
			27.8768493150685	-23.1363698630137
			27.8768493150685	-23.0656164383562
			27.8768493150685	-22.9948630136986
			27.8768493150685	-22.9241095890411
			27.8768493150685	-22.8533561643836
			27.8768493150685	-22.782602739726
			27.8768493150685	-22.7118493150685
			27.8768493150685	-22.641095890411
			27.8768493150685	-22.5703424657534
			27.8768493150685	-22.4995890410959
			27.8768493150685	-22.4288356164384
			27.8768493150685	-22.3580821917808
			27.8768493150685	-22.2873287671233
			27.8768493150685	-22.2165753424658
			27.8768493150685	-22.1458219178082
			27.8768493150685	-22.0750684931507
			27.8768493150685	-22.0043150684931
			27.8768493150685	-21.9335616438356
			27.8768493150685	-21.8628082191781
			27.8768493150685	-21.7920547945205
			27.8768493150685	-21.721301369863
			27.8768493150685	-21.6505479452055
			27.8768493150685	-21.5797945205479
			27.8768493150685	-21.5090410958904
			27.8768493150685	-21.4382876712329
			27.8768493150685	-21.3675342465753
			27.8768493150685	-21.2967808219178
			27.8768493150685	-21.2260273972603
			27.8768493150685	-21.1552739726027
			27.8768493150685	-21.0845205479452
			27.8768493150685	-21.0137671232877
			27.8768493150685	-20.9430136986301
			27.8768493150685	-20.8722602739726
			27.8768493150685	-20.8015068493151
			27.8768493150685	-20.7307534246575
			27.8768493150685	-20.66
			27.8768493150685	-20.5892465753425
			27.8768493150685	-20.5184931506849
			27.8768493150685	-20.4477397260274
			27.8768493150685	-20.3769863013699
			27.8768493150685	-20.3062328767123
			27.8768493150685	-20.2354794520548
			27.8768493150685	-20.1647260273973
			27.8768493150685	-20.0939726027397
			27.8768493150685	-20.0232191780822
			27.8768493150685	-19.9524657534247
			27.8768493150685	-19.8817123287671
			27.8768493150685	-19.8109589041096
			27.8768493150685	-19.7402054794521
			27.8768493150685	-19.6694520547945
			27.8768493150685	-19.598698630137
			27.8768493150685	-19.5279452054795
			27.8768493150685	-19.4571917808219
			27.8768493150685	-19.3864383561644
			27.8768493150685	-19.3156849315068
			27.8768493150685	-19.2449315068493
			27.8768493150685	-19.1741780821918
			27.8768493150685	-19.1034246575342
			27.806095890411	-19.0326712328767
			27.806095890411	-18.9619178082192
			27.806095890411	-18.8911643835616
			27.806095890411	-18.8204109589041
			27.806095890411	-18.7496575342466
			27.806095890411	-18.678904109589
			27.806095890411	-18.6081506849315
			27.806095890411	-18.537397260274
			27.806095890411	-18.4666438356164
			27.806095890411	-18.3958904109589
			27.806095890411	-18.3251369863014
			27.806095890411	-18.2543835616438
			27.806095890411	-18.1836301369863
			27.806095890411	-18.1128767123288
			27.7353424657534	-18.0421232876712
			27.7353424657534	-17.9713698630137
			27.7353424657534	-17.9006164383562
			27.7353424657534	-17.8298630136986
			27.7353424657534	-17.7591095890411
			27.7353424657534	-17.6883561643836
			27.7353424657534	-17.617602739726
			27.7353424657534	-17.5468493150685
			27.7353424657534	-17.476095890411
			27.7353424657534	-17.4053424657534
			27.6645890410959	-17.3345890410959
			27.6645890410959	-17.2638356164384
			27.6645890410959	-17.1930821917808
			27.6645890410959	-17.1223287671233
			27.6645890410959	-17.0515753424658
			27.6645890410959	-16.9808219178082
			27.6645890410959	-16.9100684931507
			27.6645890410959	-16.8393150684931
			27.6645890410959	-16.7685616438356
			27.5938356164384	-16.6978082191781
			27.5938356164384	-16.6270547945205
			27.5938356164384	-16.556301369863
			27.5938356164384	-16.4855479452055
			27.5938356164384	-16.4147945205479
			27.5938356164384	-16.3440410958904
			27.5938356164384	-16.2732876712329
			27.5938356164384	-16.2025342465753
			27.5230821917808	-16.1317808219178
			27.5230821917808	-16.0610273972603
			27.5230821917808	-15.9902739726027
			27.5230821917808	-15.9195205479452
			27.5230821917808	-15.8487671232877
			27.5230821917808	-15.7780136986301
			27.4523287671233	-15.7072602739726
			27.4523287671233	-15.6365068493151
			27.4523287671233	-15.5657534246575
			27.4523287671233	-15.495
			27.4523287671233	-15.4242465753425
			27.4523287671233	-15.3534931506849
			27.3815753424658	-15.2827397260274
			27.3815753424658	-15.2119863013699
			27.3815753424658	-15.1412328767123
			27.3815753424658	-15.0704794520548
			27.3815753424658	-14.9997260273973
			27.3815753424658	-14.9289726027397
			27.3108219178082	-14.8582191780822
			27.3108219178082	-14.7874657534247
			27.3108219178082	-14.7167123287671
			27.3108219178082	-14.6459589041096
			27.3108219178082	-14.5752054794521
			27.2400684931507	-14.5044520547945
			27.2400684931507	-14.433698630137
			27.2400684931507	-14.3629452054795
			27.2400684931507	-14.2921917808219
			27.2400684931507	-14.2214383561644
			27.1693150684931	-14.2214383561644
			27.1693150684931	-14.1506849315068
			27.1693150684931	-14.0799315068493
			27.1693150684931	-14.0091780821918
			27.1693150684931	-13.9384246575342
			27.0985616438356	-13.8676712328767
			27.0985616438356	-13.7969178082192
			27.0985616438356	-13.7261643835616
			27.0985616438356	-13.6554109589041
			27.0985616438356	-13.5846575342466
			27.0278082191781	-13.5846575342466
			27.0278082191781	-13.513904109589
			27.0278082191781	-13.4431506849315
			27.0278082191781	-13.372397260274
			27.0278082191781	-13.3016438356164
			26.9570547945205	-13.2308904109589
			26.9570547945205	-13.1601369863014
			26.9570547945205	-13.0893835616438
			26.9570547945205	-13.0186301369863
			26.886301369863	-13.0186301369863
			26.886301369863	-12.9478767123288
			26.886301369863	-12.8771232876712
		</posterior>
	</curves.scaled>
	<ruler.points type=matrix rownames=TRUE colnames=FALSE nrow=2 ncol=2 as.numeric=TRUE >
		Ruler point 1	285	641
		Ruler point 2	431	641
	</ruler.points>
</shapes>

