<shapes type=list>
	<ruler.pixel type=vector names=FALSE length=1 as.numeric=TRUE >112</ruler.pixel>
	<ruler.interval type=vector names=FALSE length=1 as.numeric=TRUE >1</ruler.interval>
	<scaling.units type=vector names=FALSE length=1 as.numeric=FALSE >cm</scaling.units>
	<scaling type=vector names=FALSE length=1 as.numeric=TRUE >0.00892857142857143</scaling>
	<landmarks.pixel type=matrix rownames=TRUE colnames=FALSE nrow=16 ncol=2 as.numeric=TRUE >
		LM1	121	36
		LM2	121	40
		LM3	121	136
		LM4	120	150
		LM5	163	82
		LM6	143	136
		LM7	149	152
		LM8	174	101
		LM9	180	123
		LM10	121	40
		LM11	198	131
		LM12	206	136
		LM13	121	36
		LM14	186	114
		LM15	213	150
		LM16	210	160
	</landmarks.pixel>
	<landmarks.scaled type=matrix rownames=TRUE colnames=FALSE nrow=16 ncol=2 as.numeric=TRUE >
		LM1	1.08035714285714	-0.321428571428571
		LM2	1.08035714285714	-0.357142857142857
		LM3	1.08035714285714	-1.21428571428571
		LM4	1.07142857142857	-1.33928571428571
		LM5	1.45535714285714	-0.732142857142857
		LM6	1.27678571428571	-1.21428571428571
		LM7	1.33035714285714	-1.35714285714286
		LM8	1.55357142857143	-0.901785714285714
		LM9	1.60714285714286	-1.09821428571429
		LM10	1.08035714285714	-0.357142857142857
		LM11	1.76785714285714	-1.16964285714286
		LM12	1.83928571428571	-1.21428571428571
		LM13	1.08035714285714	-0.321428571428571
		LM14	1.66071428571429	-1.01785714285714
		LM15	1.90178571428571	-1.33928571428571
		LM16	1.875	-1.42857142857143
	</landmarks.scaled>
	<curves.control type=list>
		<glabella type=matrix rownames=FALSE colnames=FALSE nrow=15 ncol=2 as.numeric=TRUE >
			121	40
			132	43
			144	48
			157	59
			161	71
			167	79
			158	93
			149	112
			144	126
			142	133
			141	137
			149	138
			150	145
			150	148
			149	152
		</glabella>
		<suture type=matrix rownames=FALSE colnames=FALSE nrow=13 ncol=2 as.numeric=TRUE >
			121	40
			132	43
			144	48
			157	59
			161	71
			167	79
			169	87
			177	101
			170	109
			167	121
			188	126
			193	128
			206	136
		</suture>
		<anterior type=matrix rownames=FALSE colnames=FALSE nrow=7 ncol=2 as.numeric=TRUE >
			121	36
			143	42
			157	53
			175	74
			195	109
			204	124
			213	150
		</anterior>
		<posterior type=matrix rownames=FALSE colnames=FALSE nrow=11 ncol=2 as.numeric=TRUE >
			120	150
			130	150
			146	152
			149	155
			155	152
			163	152
			183	154
			194	159
			201	162
			215	163
			213	150
		</posterior>
	</curves.control>
	<curves.pixel type=list>
		<glabella type=matrix rownames=FALSE colnames=FALSE nrow=137 ncol=2 as.numeric=TRUE >
			121	40
			122	40
			123	41
			124	41
			125	41
			126	42
			127	42
			128	42
			129	42
			129	43
			130	43
			131	43
			132	43
			133	44
			134	44
			135	45
			136	45
			137	45
			138	45
			138	46
			139	46
			140	46
			141	47
			142	47
			143	48
			144	48
			145	49
			146	50
			147	51
			148	52
			149	53
			150	54
			151	55
			152	56
			153	57
			154	58
			154	59
			155	60
			156	61
			156	62
			157	63
			158	63
			158	64
			159	65
			159	66
			160	67
			160	68
			160	69
			161	70
			161	71
			162	72
			162	73
			163	74
			163	75
			163	76
			163	77
			163	78
			163	79
			163	80
			163	81
			163	82
			163	83
			162	84
			162	85
			162	86
			161	87
			161	88
			160	89
			160	90
			159	91
			159	92
			158	93
			158	94
			157	95
			157	96
			156	97
			156	98
			155	99
			155	100
			154	101
			154	102
			153	103
			153	104
			153	105
			152	106
			152	107
			151	107
			151	108
			151	109
			150	110
			150	111
			150	112
			149	113
			149	114
			148	115
			148	116
			147	117
			147	118
			147	119
			146	120
			146	121
			145	122
			145	123
			145	124
			144	125
			144	126
			144	127
			144	128
			143	128
			143	129
			143	130
			143	131
			142	131
			142	132
			142	133
			142	134
			141	135
			141	136
			142	137
			143	137
			144	138
			145	138
			146	138
			147	139
			148	140
			149	141
			149	142
			150	143
			150	144
			150	145
			150	146
			150	147
			150	148
			150	149
			149	150
			149	151
			149	152
		</glabella>
		<suture type=matrix rownames=FALSE colnames=FALSE nrow=136 ncol=2 as.numeric=TRUE >
			121	40
			122	40
			123	41
			124	41
			125	41
			126	41
			127	42
			128	42
			129	43
			130	43
			131	43
			132	43
			133	44
			134	44
			135	44
			136	45
			137	45
			138	46
			139	46
			140	46
			141	47
			142	47
			143	48
			144	48
			145	49
			146	50
			147	51
			148	52
			149	53
			150	54
			151	54
			151	55
			152	56
			153	57
			154	58
			155	59
			155	60
			156	61
			157	62
			157	63
			158	64
			158	65
			159	66
			160	67
			160	68
			160	69
			161	70
			161	71
			162	72
			162	73
			163	74
			164	75
			165	76
			165	77
			166	78
			166	79
			166	80
			167	81
			167	82
			168	82
			168	83
			168	84
			168	85
			169	86
			169	87
			170	88
			170	89
			171	90
			171	91
			171	92
			172	92
			172	93
			172	94
			172	95
			173	96
			173	97
			173	98
			173	99
			173	100
			173	101
			173	102
			173	103
			173	104
			172	105
			172	106
			172	107
			171	107
			171	108
			170	109
			170	110
			170	111
			170	112
			170	113
			170	114
			170	115
			171	116
			171	117
			172	118
			172	119
			173	120
			174	120
			175	121
			176	122
			177	122
			178	123
			179	123
			180	123
			180	124
			181	124
			182	124
			183	125
			184	125
			185	125
			186	126
			187	126
			188	126
			189	126
			189	127
			190	127
			191	127
			192	128
			193	129
			194	129
			195	130
			196	130
			197	130
			197	131
			198	131
			199	132
			200	132
			201	133
			202	133
			203	134
			204	135
			205	135
			206	136
		</suture>
		<anterior type=matrix rownames=FALSE colnames=FALSE nrow=139 ncol=2 as.numeric=TRUE >
			121	36
			122	36
			123	36
			124	37
			125	37
			126	38
			127	38
			128	38
			129	38
			130	39
			131	39
			132	40
			133	40
			134	40
			135	41
			136	41
			137	41
			137	42
			138	42
			139	42
			140	43
			141	43
			142	44
			143	44
			144	45
			145	45
			146	46
			147	46
			148	47
			149	48
			150	48
			151	49
			152	49
			153	50
			154	51
			155	52
			156	52
			157	53
			158	54
			159	55
			159	56
			160	57
			161	58
			162	59
			162	60
			163	61
			164	61
			165	62
			165	63
			166	64
			167	65
			168	66
			168	67
			169	68
			169	69
			170	69
			170	70
			171	71
			172	72
			173	73
			173	74
			174	75
			174	76
			175	76
			175	77
			176	78
			176	79
			177	80
			178	81
			179	82
			179	83
			180	84
			181	85
			181	86
			182	87
			182	88
			183	89
			184	90
			185	91
			185	92
			186	93
			186	94
			187	95
			187	96
			188	97
			189	98
			189	99
			190	100
			190	101
			191	102
			192	103
			192	104
			193	105
			194	106
			194	107
			194	108
			195	109
			196	110
			196	111
			197	112
			198	113
			198	114
			198	115
			199	116
			200	117
			200	118
			200	119
			201	120
			201	121
			202	122
			202	123
			203	124
			203	125
			204	126
			204	127
			205	128
			205	129
			205	130
			206	130
			206	131
			206	132
			207	133
			207	134
			207	135
			208	136
			208	137
			209	138
			209	139
			209	140
			210	141
			210	142
			211	143
			211	144
			211	145
			212	146
			212	147
			212	148
			213	149
			213	150
		</anterior>
		<posterior type=matrix rownames=FALSE colnames=FALSE nrow=101 ncol=2 as.numeric=TRUE >
			120	150
			121	150
			122	150
			123	150
			124	150
			125	150
			126	150
			127	150
			128	150
			129	150
			130	150
			131	150
			132	151
			133	151
			134	151
			135	151
			136	151
			137	151
			138	151
			139	151
			140	151
			141	151
			142	152
			143	152
			144	152
			145	152
			146	152
			147	153
			148	153
			149	153
			150	153
			151	153
			152	153
			153	153
			154	152
			155	152
			156	152
			157	152
			158	152
			159	152
			160	152
			161	152
			162	152
			163	152
			164	152
			165	152
			166	152
			167	153
			168	153
			169	153
			170	153
			171	153
			172	153
			173	153
			174	153
			175	153
			176	153
			177	153
			178	154
			179	154
			180	154
			181	154
			182	154
			183	154
			184	154
			185	155
			186	155
			187	156
			188	156
			189	157
			190	157
			191	158
			192	158
			193	159
			194	159
			195	159
			196	160
			197	160
			198	161
			199	161
			200	162
			201	162
			202	162
			203	162
			204	162
			205	162
			206	162
			207	162
			208	161
			209	161
			210	160
			211	159
			212	158
			213	157
			213	156
			213	155
			213	154
			213	153
			213	152
			213	151
			213	150
		</posterior>
	</curves.pixel>
	<curves.scaled type=list>
		<glabella type=matrix rownames=FALSE colnames=FALSE nrow=137 ncol=2 as.numeric=TRUE >
			1.08035714285714	-0.357142857142857
			1.08928571428571	-0.357142857142857
			1.09821428571429	-0.366071428571429
			1.10714285714286	-0.366071428571429
			1.11607142857143	-0.366071428571429
			1.125	-0.375
			1.13392857142857	-0.375
			1.14285714285714	-0.375
			1.15178571428571	-0.375
			1.15178571428571	-0.383928571428571
			1.16071428571429	-0.383928571428571
			1.16964285714286	-0.383928571428571
			1.17857142857143	-0.383928571428571
			1.1875	-0.392857142857143
			1.19642857142857	-0.392857142857143
			1.20535714285714	-0.401785714285714
			1.21428571428571	-0.401785714285714
			1.22321428571429	-0.401785714285714
			1.23214285714286	-0.401785714285714
			1.23214285714286	-0.410714285714286
			1.24107142857143	-0.410714285714286
			1.25	-0.410714285714286
			1.25892857142857	-0.419642857142857
			1.26785714285714	-0.419642857142857
			1.27678571428571	-0.428571428571429
			1.28571428571429	-0.428571428571429
			1.29464285714286	-0.4375
			1.30357142857143	-0.446428571428571
			1.3125	-0.455357142857143
			1.32142857142857	-0.464285714285714
			1.33035714285714	-0.473214285714286
			1.33928571428571	-0.482142857142857
			1.34821428571429	-0.491071428571429
			1.35714285714286	-0.5
			1.36607142857143	-0.508928571428571
			1.375	-0.517857142857143
			1.375	-0.526785714285714
			1.38392857142857	-0.535714285714286
			1.39285714285714	-0.544642857142857
			1.39285714285714	-0.553571428571428
			1.40178571428571	-0.5625
			1.41071428571429	-0.5625
			1.41071428571429	-0.571428571428571
			1.41964285714286	-0.580357142857143
			1.41964285714286	-0.589285714285714
			1.42857142857143	-0.598214285714286
			1.42857142857143	-0.607142857142857
			1.42857142857143	-0.616071428571428
			1.4375	-0.625
			1.4375	-0.633928571428571
			1.44642857142857	-0.642857142857143
			1.44642857142857	-0.651785714285714
			1.45535714285714	-0.660714285714286
			1.45535714285714	-0.669642857142857
			1.45535714285714	-0.678571428571428
			1.45535714285714	-0.6875
			1.45535714285714	-0.696428571428571
			1.45535714285714	-0.705357142857143
			1.45535714285714	-0.714285714285714
			1.45535714285714	-0.723214285714286
			1.45535714285714	-0.732142857142857
			1.45535714285714	-0.741071428571428
			1.44642857142857	-0.75
			1.44642857142857	-0.758928571428571
			1.44642857142857	-0.767857142857143
			1.4375	-0.776785714285714
			1.4375	-0.785714285714286
			1.42857142857143	-0.794642857142857
			1.42857142857143	-0.803571428571428
			1.41964285714286	-0.8125
			1.41964285714286	-0.821428571428571
			1.41071428571429	-0.830357142857143
			1.41071428571429	-0.839285714285714
			1.40178571428571	-0.848214285714286
			1.40178571428571	-0.857142857142857
			1.39285714285714	-0.866071428571428
			1.39285714285714	-0.875
			1.38392857142857	-0.883928571428571
			1.38392857142857	-0.892857142857143
			1.375	-0.901785714285714
			1.375	-0.910714285714286
			1.36607142857143	-0.919642857142857
			1.36607142857143	-0.928571428571428
			1.36607142857143	-0.9375
			1.35714285714286	-0.946428571428571
			1.35714285714286	-0.955357142857143
			1.34821428571429	-0.955357142857143
			1.34821428571429	-0.964285714285714
			1.34821428571429	-0.973214285714286
			1.33928571428571	-0.982142857142857
			1.33928571428571	-0.991071428571428
			1.33928571428571	-1
			1.33035714285714	-1.00892857142857
			1.33035714285714	-1.01785714285714
			1.32142857142857	-1.02678571428571
			1.32142857142857	-1.03571428571429
			1.3125	-1.04464285714286
			1.3125	-1.05357142857143
			1.3125	-1.0625
			1.30357142857143	-1.07142857142857
			1.30357142857143	-1.08035714285714
			1.29464285714286	-1.08928571428571
			1.29464285714286	-1.09821428571429
			1.29464285714286	-1.10714285714286
			1.28571428571429	-1.11607142857143
			1.28571428571429	-1.125
			1.28571428571429	-1.13392857142857
			1.28571428571429	-1.14285714285714
			1.27678571428571	-1.14285714285714
			1.27678571428571	-1.15178571428571
			1.27678571428571	-1.16071428571429
			1.27678571428571	-1.16964285714286
			1.26785714285714	-1.16964285714286
			1.26785714285714	-1.17857142857143
			1.26785714285714	-1.1875
			1.26785714285714	-1.19642857142857
			1.25892857142857	-1.20535714285714
			1.25892857142857	-1.21428571428571
			1.26785714285714	-1.22321428571429
			1.27678571428571	-1.22321428571429
			1.28571428571429	-1.23214285714286
			1.29464285714286	-1.23214285714286
			1.30357142857143	-1.23214285714286
			1.3125	-1.24107142857143
			1.32142857142857	-1.25
			1.33035714285714	-1.25892857142857
			1.33035714285714	-1.26785714285714
			1.33928571428571	-1.27678571428571
			1.33928571428571	-1.28571428571429
			1.33928571428571	-1.29464285714286
			1.33928571428571	-1.30357142857143
			1.33928571428571	-1.3125
			1.33928571428571	-1.32142857142857
			1.33928571428571	-1.33035714285714
			1.33035714285714	-1.33928571428571
			1.33035714285714	-1.34821428571429
			1.33035714285714	-1.35714285714286
		</glabella>
		<suture type=matrix rownames=FALSE colnames=FALSE nrow=136 ncol=2 as.numeric=TRUE >
			1.08035714285714	-0.357142857142857
			1.08928571428571	-0.357142857142857
			1.09821428571429	-0.366071428571429
			1.10714285714286	-0.366071428571429
			1.11607142857143	-0.366071428571429
			1.125	-0.366071428571429
			1.13392857142857	-0.375
			1.14285714285714	-0.375
			1.15178571428571	-0.383928571428571
			1.16071428571429	-0.383928571428571
			1.16964285714286	-0.383928571428571
			1.17857142857143	-0.383928571428571
			1.1875	-0.392857142857143
			1.19642857142857	-0.392857142857143
			1.20535714285714	-0.392857142857143
			1.21428571428571	-0.401785714285714
			1.22321428571429	-0.401785714285714
			1.23214285714286	-0.410714285714286
			1.24107142857143	-0.410714285714286
			1.25	-0.410714285714286
			1.25892857142857	-0.419642857142857
			1.26785714285714	-0.419642857142857
			1.27678571428571	-0.428571428571429
			1.28571428571429	-0.428571428571429
			1.29464285714286	-0.4375
			1.30357142857143	-0.446428571428571
			1.3125	-0.455357142857143
			1.32142857142857	-0.464285714285714
			1.33035714285714	-0.473214285714286
			1.33928571428571	-0.482142857142857
			1.34821428571429	-0.482142857142857
			1.34821428571429	-0.491071428571429
			1.35714285714286	-0.5
			1.36607142857143	-0.508928571428571
			1.375	-0.517857142857143
			1.38392857142857	-0.526785714285714
			1.38392857142857	-0.535714285714286
			1.39285714285714	-0.544642857142857
			1.40178571428571	-0.553571428571428
			1.40178571428571	-0.5625
			1.41071428571429	-0.571428571428571
			1.41071428571429	-0.580357142857143
			1.41964285714286	-0.589285714285714
			1.42857142857143	-0.598214285714286
			1.42857142857143	-0.607142857142857
			1.42857142857143	-0.616071428571428
			1.4375	-0.625
			1.4375	-0.633928571428571
			1.44642857142857	-0.642857142857143
			1.44642857142857	-0.651785714285714
			1.45535714285714	-0.660714285714286
			1.46428571428571	-0.669642857142857
			1.47321428571429	-0.678571428571428
			1.47321428571429	-0.6875
			1.48214285714286	-0.696428571428571
			1.48214285714286	-0.705357142857143
			1.48214285714286	-0.714285714285714
			1.49107142857143	-0.723214285714286
			1.49107142857143	-0.732142857142857
			1.5	-0.732142857142857
			1.5	-0.741071428571428
			1.5	-0.75
			1.5	-0.758928571428571
			1.50892857142857	-0.767857142857143
			1.50892857142857	-0.776785714285714
			1.51785714285714	-0.785714285714286
			1.51785714285714	-0.794642857142857
			1.52678571428571	-0.803571428571428
			1.52678571428571	-0.8125
			1.52678571428571	-0.821428571428571
			1.53571428571429	-0.821428571428571
			1.53571428571429	-0.830357142857143
			1.53571428571429	-0.839285714285714
			1.53571428571429	-0.848214285714286
			1.54464285714286	-0.857142857142857
			1.54464285714286	-0.866071428571428
			1.54464285714286	-0.875
			1.54464285714286	-0.883928571428571
			1.54464285714286	-0.892857142857143
			1.54464285714286	-0.901785714285714
			1.54464285714286	-0.910714285714286
			1.54464285714286	-0.919642857142857
			1.54464285714286	-0.928571428571428
			1.53571428571429	-0.9375
			1.53571428571429	-0.946428571428571
			1.53571428571429	-0.955357142857143
			1.52678571428571	-0.955357142857143
			1.52678571428571	-0.964285714285714
			1.51785714285714	-0.973214285714286
			1.51785714285714	-0.982142857142857
			1.51785714285714	-0.991071428571428
			1.51785714285714	-1
			1.51785714285714	-1.00892857142857
			1.51785714285714	-1.01785714285714
			1.51785714285714	-1.02678571428571
			1.52678571428571	-1.03571428571429
			1.52678571428571	-1.04464285714286
			1.53571428571429	-1.05357142857143
			1.53571428571429	-1.0625
			1.54464285714286	-1.07142857142857
			1.55357142857143	-1.07142857142857
			1.5625	-1.08035714285714
			1.57142857142857	-1.08928571428571
			1.58035714285714	-1.08928571428571
			1.58928571428571	-1.09821428571429
			1.59821428571429	-1.09821428571429
			1.60714285714286	-1.09821428571429
			1.60714285714286	-1.10714285714286
			1.61607142857143	-1.10714285714286
			1.625	-1.10714285714286
			1.63392857142857	-1.11607142857143
			1.64285714285714	-1.11607142857143
			1.65178571428571	-1.11607142857143
			1.66071428571429	-1.125
			1.66964285714286	-1.125
			1.67857142857143	-1.125
			1.6875	-1.125
			1.6875	-1.13392857142857
			1.69642857142857	-1.13392857142857
			1.70535714285714	-1.13392857142857
			1.71428571428571	-1.14285714285714
			1.72321428571429	-1.15178571428571
			1.73214285714286	-1.15178571428571
			1.74107142857143	-1.16071428571429
			1.75	-1.16071428571429
			1.75892857142857	-1.16071428571429
			1.75892857142857	-1.16964285714286
			1.76785714285714	-1.16964285714286
			1.77678571428571	-1.17857142857143
			1.78571428571429	-1.17857142857143
			1.79464285714286	-1.1875
			1.80357142857143	-1.1875
			1.8125	-1.19642857142857
			1.82142857142857	-1.20535714285714
			1.83035714285714	-1.20535714285714
			1.83928571428571	-1.21428571428571
		</suture>
		<anterior type=matrix rownames=FALSE colnames=FALSE nrow=139 ncol=2 as.numeric=TRUE >
			1.08035714285714	-0.321428571428571
			1.08928571428571	-0.321428571428571
			1.09821428571429	-0.321428571428571
			1.10714285714286	-0.330357142857143
			1.11607142857143	-0.330357142857143
			1.125	-0.339285714285714
			1.13392857142857	-0.339285714285714
			1.14285714285714	-0.339285714285714
			1.15178571428571	-0.339285714285714
			1.16071428571429	-0.348214285714286
			1.16964285714286	-0.348214285714286
			1.17857142857143	-0.357142857142857
			1.1875	-0.357142857142857
			1.19642857142857	-0.357142857142857
			1.20535714285714	-0.366071428571429
			1.21428571428571	-0.366071428571429
			1.22321428571429	-0.366071428571429
			1.22321428571429	-0.375
			1.23214285714286	-0.375
			1.24107142857143	-0.375
			1.25	-0.383928571428571
			1.25892857142857	-0.383928571428571
			1.26785714285714	-0.392857142857143
			1.27678571428571	-0.392857142857143
			1.28571428571429	-0.401785714285714
			1.29464285714286	-0.401785714285714
			1.30357142857143	-0.410714285714286
			1.3125	-0.410714285714286
			1.32142857142857	-0.419642857142857
			1.33035714285714	-0.428571428571429
			1.33928571428571	-0.428571428571429
			1.34821428571429	-0.4375
			1.35714285714286	-0.4375
			1.36607142857143	-0.446428571428571
			1.375	-0.455357142857143
			1.38392857142857	-0.464285714285714
			1.39285714285714	-0.464285714285714
			1.40178571428571	-0.473214285714286
			1.41071428571429	-0.482142857142857
			1.41964285714286	-0.491071428571429
			1.41964285714286	-0.5
			1.42857142857143	-0.508928571428571
			1.4375	-0.517857142857143
			1.44642857142857	-0.526785714285714
			1.44642857142857	-0.535714285714286
			1.45535714285714	-0.544642857142857
			1.46428571428571	-0.544642857142857
			1.47321428571429	-0.553571428571428
			1.47321428571429	-0.5625
			1.48214285714286	-0.571428571428571
			1.49107142857143	-0.580357142857143
			1.5	-0.589285714285714
			1.5	-0.598214285714286
			1.50892857142857	-0.607142857142857
			1.50892857142857	-0.616071428571428
			1.51785714285714	-0.616071428571428
			1.51785714285714	-0.625
			1.52678571428571	-0.633928571428571
			1.53571428571429	-0.642857142857143
			1.54464285714286	-0.651785714285714
			1.54464285714286	-0.660714285714286
			1.55357142857143	-0.669642857142857
			1.55357142857143	-0.678571428571428
			1.5625	-0.678571428571428
			1.5625	-0.6875
			1.57142857142857	-0.696428571428571
			1.57142857142857	-0.705357142857143
			1.58035714285714	-0.714285714285714
			1.58928571428571	-0.723214285714286
			1.59821428571429	-0.732142857142857
			1.59821428571429	-0.741071428571428
			1.60714285714286	-0.75
			1.61607142857143	-0.758928571428571
			1.61607142857143	-0.767857142857143
			1.625	-0.776785714285714
			1.625	-0.785714285714286
			1.63392857142857	-0.794642857142857
			1.64285714285714	-0.803571428571428
			1.65178571428571	-0.8125
			1.65178571428571	-0.821428571428571
			1.66071428571429	-0.830357142857143
			1.66071428571429	-0.839285714285714
			1.66964285714286	-0.848214285714286
			1.66964285714286	-0.857142857142857
			1.67857142857143	-0.866071428571428
			1.6875	-0.875
			1.6875	-0.883928571428571
			1.69642857142857	-0.892857142857143
			1.69642857142857	-0.901785714285714
			1.70535714285714	-0.910714285714286
			1.71428571428571	-0.919642857142857
			1.71428571428571	-0.928571428571428
			1.72321428571429	-0.9375
			1.73214285714286	-0.946428571428571
			1.73214285714286	-0.955357142857143
			1.73214285714286	-0.964285714285714
			1.74107142857143	-0.973214285714286
			1.75	-0.982142857142857
			1.75	-0.991071428571428
			1.75892857142857	-1
			1.76785714285714	-1.00892857142857
			1.76785714285714	-1.01785714285714
			1.76785714285714	-1.02678571428571
			1.77678571428571	-1.03571428571429
			1.78571428571429	-1.04464285714286
			1.78571428571429	-1.05357142857143
			1.78571428571429	-1.0625
			1.79464285714286	-1.07142857142857
			1.79464285714286	-1.08035714285714
			1.80357142857143	-1.08928571428571
			1.80357142857143	-1.09821428571429
			1.8125	-1.10714285714286
			1.8125	-1.11607142857143
			1.82142857142857	-1.125
			1.82142857142857	-1.13392857142857
			1.83035714285714	-1.14285714285714
			1.83035714285714	-1.15178571428571
			1.83035714285714	-1.16071428571429
			1.83928571428571	-1.16071428571429
			1.83928571428571	-1.16964285714286
			1.83928571428571	-1.17857142857143
			1.84821428571429	-1.1875
			1.84821428571429	-1.19642857142857
			1.84821428571429	-1.20535714285714
			1.85714285714286	-1.21428571428571
			1.85714285714286	-1.22321428571429
			1.86607142857143	-1.23214285714286
			1.86607142857143	-1.24107142857143
			1.86607142857143	-1.25
			1.875	-1.25892857142857
			1.875	-1.26785714285714
			1.88392857142857	-1.27678571428571
			1.88392857142857	-1.28571428571429
			1.88392857142857	-1.29464285714286
			1.89285714285714	-1.30357142857143
			1.89285714285714	-1.3125
			1.89285714285714	-1.32142857142857
			1.90178571428571	-1.33035714285714
			1.90178571428571	-1.33928571428571
		</anterior>
		<posterior type=matrix rownames=FALSE colnames=FALSE nrow=101 ncol=2 as.numeric=TRUE >
			1.07142857142857	-1.33928571428571
			1.08035714285714	-1.33928571428571
			1.08928571428571	-1.33928571428571
			1.09821428571429	-1.33928571428571
			1.10714285714286	-1.33928571428571
			1.11607142857143	-1.33928571428571
			1.125	-1.33928571428571
			1.13392857142857	-1.33928571428571
			1.14285714285714	-1.33928571428571
			1.15178571428571	-1.33928571428571
			1.16071428571429	-1.33928571428571
			1.16964285714286	-1.33928571428571
			1.17857142857143	-1.34821428571429
			1.1875	-1.34821428571429
			1.19642857142857	-1.34821428571429
			1.20535714285714	-1.34821428571429
			1.21428571428571	-1.34821428571429
			1.22321428571429	-1.34821428571429
			1.23214285714286	-1.34821428571429
			1.24107142857143	-1.34821428571429
			1.25	-1.34821428571429
			1.25892857142857	-1.34821428571429
			1.26785714285714	-1.35714285714286
			1.27678571428571	-1.35714285714286
			1.28571428571429	-1.35714285714286
			1.29464285714286	-1.35714285714286
			1.30357142857143	-1.35714285714286
			1.3125	-1.36607142857143
			1.32142857142857	-1.36607142857143
			1.33035714285714	-1.36607142857143
			1.33928571428571	-1.36607142857143
			1.34821428571429	-1.36607142857143
			1.35714285714286	-1.36607142857143
			1.36607142857143	-1.36607142857143
			1.375	-1.35714285714286
			1.38392857142857	-1.35714285714286
			1.39285714285714	-1.35714285714286
			1.40178571428571	-1.35714285714286
			1.41071428571429	-1.35714285714286
			1.41964285714286	-1.35714285714286
			1.42857142857143	-1.35714285714286
			1.4375	-1.35714285714286
			1.44642857142857	-1.35714285714286
			1.45535714285714	-1.35714285714286
			1.46428571428571	-1.35714285714286
			1.47321428571429	-1.35714285714286
			1.48214285714286	-1.35714285714286
			1.49107142857143	-1.36607142857143
			1.5	-1.36607142857143
			1.50892857142857	-1.36607142857143
			1.51785714285714	-1.36607142857143
			1.52678571428571	-1.36607142857143
			1.53571428571429	-1.36607142857143
			1.54464285714286	-1.36607142857143
			1.55357142857143	-1.36607142857143
			1.5625	-1.36607142857143
			1.57142857142857	-1.36607142857143
			1.58035714285714	-1.36607142857143
			1.58928571428571	-1.375
			1.59821428571429	-1.375
			1.60714285714286	-1.375
			1.61607142857143	-1.375
			1.625	-1.375
			1.63392857142857	-1.375
			1.64285714285714	-1.375
			1.65178571428571	-1.38392857142857
			1.66071428571429	-1.38392857142857
			1.66964285714286	-1.39285714285714
			1.67857142857143	-1.39285714285714
			1.6875	-1.40178571428571
			1.69642857142857	-1.40178571428571
			1.70535714285714	-1.41071428571429
			1.71428571428571	-1.41071428571429
			1.72321428571429	-1.41964285714286
			1.73214285714286	-1.41964285714286
			1.74107142857143	-1.41964285714286
			1.75	-1.42857142857143
			1.75892857142857	-1.42857142857143
			1.76785714285714	-1.4375
			1.77678571428571	-1.4375
			1.78571428571429	-1.44642857142857
			1.79464285714286	-1.44642857142857
			1.80357142857143	-1.44642857142857
			1.8125	-1.44642857142857
			1.82142857142857	-1.44642857142857
			1.83035714285714	-1.44642857142857
			1.83928571428571	-1.44642857142857
			1.84821428571429	-1.44642857142857
			1.85714285714286	-1.4375
			1.86607142857143	-1.4375
			1.875	-1.42857142857143
			1.88392857142857	-1.41964285714286
			1.89285714285714	-1.41071428571429
			1.90178571428571	-1.40178571428571
			1.90178571428571	-1.39285714285714
			1.90178571428571	-1.38392857142857
			1.90178571428571	-1.375
			1.90178571428571	-1.36607142857143
			1.90178571428571	-1.35714285714286
			1.90178571428571	-1.34821428571429
			1.90178571428571	-1.33928571428571
		</posterior>
	</curves.scaled>
	<ruler.points type=matrix rownames=TRUE colnames=FALSE nrow=2 ncol=2 as.numeric=TRUE >
		Ruler point 1	66	214
		Ruler point 2	178	214
	</ruler.points>
</shapes>

