<shapes type=list>
	<ruler.pixel type=vector names=FALSE length=1 as.numeric=TRUE >178</ruler.pixel>
	<ruler.interval type=vector names=FALSE length=1 as.numeric=TRUE >1</ruler.interval>
	<scaling.units type=vector names=FALSE length=1 as.numeric=FALSE >cm</scaling.units>
	<scaling type=vector names=FALSE length=1 as.numeric=TRUE >0.00561797752808989</scaling>
	<landmarks.pixel type=matrix rownames=TRUE colnames=FALSE nrow=16 ncol=2 as.numeric=TRUE >
		LM1	135	8
		LM2	134	14
		LM3	127	96
		LM4	126	109
		LM5	171	53
		LM6	162	104
		LM7	160	120
		LM8	192	62
		LM9	202	81
		LM10	134	12
		LM11	230	125
		LM12	240	132
		LM13	135	8
		LM14	206	76
		LM15	231	109
		LM16	246	195
	</landmarks.pixel>
	<landmarks.scaled type=matrix rownames=TRUE colnames=FALSE nrow=16 ncol=2 as.numeric=TRUE >
		LM1	0.758426966292135	-0.0449438202247191
		LM2	0.752808988764045	-0.0786516853932584
		LM3	0.713483146067416	-0.539325842696629
		LM4	0.707865168539326	-0.612359550561798
		LM5	0.960674157303371	-0.297752808988764
		LM6	0.910112359550562	-0.584269662921348
		LM7	0.898876404494382	-0.674157303370786
		LM8	1.07865168539326	-0.348314606741573
		LM9	1.13483146067416	-0.455056179775281
		LM10	0.752808988764045	-0.0674157303370786
		LM11	1.29213483146067	-0.702247191011236
		LM12	1.34831460674157	-0.741573033707865
		LM13	0.758426966292135	-0.0449438202247191
		LM14	1.15730337078652	-0.426966292134831
		LM15	1.29775280898876	-0.612359550561798
		LM16	1.38202247191011	-1.09550561797753
	</landmarks.scaled>
	<curves.control type=list>
		<glabella type=matrix rownames=FALSE colnames=FALSE nrow=17 ncol=2 as.numeric=TRUE >
			134	14
			150	13
			162	24
			175	45
			170	59
			165	61
			163	62
			166	71
			158	74
			155	78
			155	83
			153	87
			157	98
			166	106
			163	114
			163	118
			160	120
		</glabella>
		<suture type=matrix rownames=FALSE colnames=FALSE nrow=15 ncol=2 as.numeric=TRUE >
			134	12
			168	12
			178	36
			181	45
			184	54
			185	62
			192	62
			186	73
			201	81
			202	90
			214	94
			221	104
			230	125
			235	129
			240	132
		</suture>
		<anterior type=matrix rownames=FALSE colnames=FALSE nrow=5 ncol=2 as.numeric=TRUE >
			135	8
			172	10
			184	38
			203	44
			231	109
		</anterior>
		<posterior type=matrix rownames=FALSE colnames=FALSE nrow=15 ncol=2 as.numeric=TRUE >
			126	109
			136	109
			151	117
			157	120
			170	123
			186	124
			191	125
			204	133
			212	142
			224	156
			233	168
			239	183
			246	196
			251	167
			231	109
		</posterior>
	</curves.control>
	<curves.pixel type=list>
		<glabella type=matrix rownames=FALSE colnames=FALSE nrow=134 ncol=2 as.numeric=TRUE >
			134	14
			135	14
			136	14
			137	14
			138	14
			139	14
			140	14
			141	14
			142	14
			143	15
			144	15
			145	15
			146	15
			147	15
			148	16
			149	16
			150	16
			151	17
			152	17
			153	18
			154	18
			155	19
			156	19
			157	20
			158	20
			158	21
			159	22
			160	22
			161	23
			162	24
			163	25
			163	26
			164	27
			164	28
			165	29
			165	30
			166	31
			167	32
			167	33
			167	34
			168	35
			168	36
			169	37
			169	38
			169	39
			170	40
			170	41
			170	42
			171	43
			171	44
			171	45
			171	46
			171	47
			171	48
			171	49
			171	50
			171	51
			171	52
			171	53
			171	54
			171	55
			171	56
			171	57
			170	57
			170	58
			170	59
			169	59
			168	60
			167	60
			166	60
			166	61
			165	61
			164	61
			163	62
			163	63
			164	64
			164	65
			164	66
			164	67
			164	68
			163	69
			163	70
			162	71
			161	72
			160	73
			159	74
			158	75
			157	75
			157	76
			156	77
			156	78
			156	79
			155	80
			155	81
			155	82
			155	83
			155	84
			154	85
			154	86
			154	87
			154	88
			155	89
			155	90
			155	91
			155	92
			155	93
			156	94
			156	95
			156	96
			156	97
			157	97
			157	98
			158	99
			159	100
			160	101
			161	102
			162	103
			162	104
			162	105
			163	106
			163	107
			164	108
			164	109
			164	110
			164	111
			164	112
			163	113
			163	114
			163	115
			163	116
			162	117
			162	118
			161	119
			160	120
		</glabella>
		<suture type=matrix rownames=FALSE colnames=FALSE nrow=164 ncol=2 as.numeric=TRUE >
			134	12
			135	12
			136	12
			137	12
			138	12
			139	12
			140	12
			141	12
			142	12
			143	13
			144	13
			145	13
			146	13
			147	13
			148	13
			149	13
			150	14
			151	14
			152	14
			153	14
			154	15
			155	15
			156	15
			157	16
			158	16
			159	17
			160	17
			161	17
			161	18
			162	18
			163	19
			164	19
			165	20
			166	21
			167	21
			168	22
			168	23
			169	23
			170	24
			171	25
			172	26
			173	27
			174	28
			174	29
			175	30
			176	31
			176	32
			177	33
			177	34
			177	35
			178	35
			178	36
			178	37
			179	38
			179	39
			179	40
			180	41
			180	42
			180	43
			181	44
			181	45
			181	46
			182	47
			182	48
			182	49
			183	50
			183	51
			183	52
			184	53
			184	54
			184	55
			184	56
			185	57
			185	58
			186	59
			186	60
			187	61
			188	61
			189	62
			190	62
			191	62
			192	63
			191	64
			191	65
			190	66
			190	67
			190	68
			190	69
			190	70
			191	71
			191	72
			191	73
			192	73
			192	74
			193	75
			194	76
			195	77
			196	78
			197	78
			198	79
			199	80
			200	81
			201	81
			201	82
			201	83
			202	84
			202	85
			203	86
			203	87
			204	88
			205	89
			206	90
			207	91
			208	91
			209	92
			210	93
			211	93
			212	93
			213	94
			214	94
			214	95
			215	95
			216	96
			216	97
			217	98
			217	99
			218	100
			219	101
			219	102
			220	103
			220	104
			220	105
			221	106
			222	107
			222	108
			223	109
			223	110
			223	111
			224	112
			224	113
			225	114
			225	115
			226	116
			226	117
			227	118
			227	119
			228	120
			228	121
			229	122
			229	123
			230	124
			230	125
			231	125
			231	126
			232	127
			233	127
			233	128
			234	128
			235	129
			236	129
			237	130
			238	131
			239	131
			240	132
		</suture>
		<anterior type=matrix rownames=FALSE colnames=FALSE nrow=137 ncol=2 as.numeric=TRUE >
			135	8
			136	8
			137	8
			138	8
			139	8
			140	8
			141	8
			142	9
			143	9
			144	9
			145	9
			146	9
			147	10
			148	10
			149	10
			150	10
			151	10
			152	11
			153	11
			154	11
			155	11
			155	12
			156	12
			157	12
			158	13
			159	13
			160	14
			161	14
			162	14
			162	15
			163	15
			164	15
			165	16
			166	17
			167	18
			168	18
			169	19
			170	19
			170	20
			171	20
			172	21
			173	22
			174	23
			175	24
			176	25
			177	26
			177	27
			178	28
			179	29
			180	30
			180	31
			181	32
			181	33
			182	34
			182	35
			183	36
			184	37
			184	38
			185	38
			186	39
			187	39
			188	40
			189	41
			190	41
			191	42
			192	43
			193	44
			194	45
			195	46
			196	47
			197	48
			198	49
			199	50
			200	51
			200	52
			201	53
			202	54
			202	55
			203	55
			204	56
			204	57
			205	58
			206	59
			206	60
			207	61
			207	62
			208	63
			209	64
			209	65
			210	66
			210	67
			211	68
			211	69
			212	69
			212	70
			213	71
			213	72
			214	73
			214	74
			215	75
			215	76
			216	77
			217	78
			217	79
			218	80
			218	81
			219	82
			219	83
			219	84
			220	84
			220	85
			220	86
			221	86
			221	87
			221	88
			222	88
			222	89
			222	90
			223	91
			223	92
			224	93
			224	94
			225	95
			225	96
			226	97
			226	98
			226	99
			227	100
			227	101
			228	102
			229	103
			229	104
			229	105
			230	106
			230	107
			230	108
			231	109
		</anterior>
		<posterior type=matrix rownames=FALSE colnames=FALSE nrow=237 ncol=2 as.numeric=TRUE >
			126	109
			127	109
			128	109
			129	109
			130	109
			131	110
			132	110
			133	110
			134	110
			135	110
			136	111
			137	111
			138	111
			139	112
			140	112
			141	112
			142	113
			143	113
			144	113
			144	114
			145	114
			146	114
			147	115
			148	115
			149	116
			150	117
			151	117
			152	117
			153	118
			154	118
			155	119
			156	119
			157	119
			158	120
			159	120
			160	120
			161	121
			162	121
			163	121
			164	122
			165	122
			166	122
			167	122
			168	123
			169	123
			170	123
			171	123
			172	123
			173	123
			174	123
			175	123
			176	123
			177	124
			178	124
			179	124
			180	124
			181	124
			182	124
			183	124
			184	124
			185	124
			186	124
			187	124
			188	125
			189	125
			190	125
			191	125
			192	126
			193	126
			194	127
			195	128
			196	128
			196	129
			197	129
			198	130
			199	130
			199	131
			200	131
			201	132
			202	133
			203	134
			204	134
			205	135
			206	136
			207	137
			208	138
			209	139
			210	139
			210	140
			211	141
			212	142
			213	143
			214	144
			215	145
			215	146
			216	147
			217	148
			218	149
			219	150
			219	151
			220	152
			221	152
			221	153
			222	154
			223	155
			224	156
			224	157
			225	158
			226	158
			226	159
			227	160
			227	161
			228	162
			229	162
			229	163
			230	164
			231	165
			231	166
			232	166
			232	167
			233	168
			233	169
			234	170
			234	171
			235	172
			235	173
			235	174
			236	175
			236	176
			237	177
			237	178
			237	179
			238	179
			238	180
			239	181
			239	182
			240	183
			240	184
			240	185
			241	186
			241	187
			242	188
			242	189
			243	189
			243	190
			243	191
			244	192
			244	193
			245	194
			245	195
			246	195
			246	194
			246	193
			247	192
			247	191
			247	190
			247	189
			247	188
			247	187
			247	186
			247	185
			247	184
			247	183
			247	182
			247	181
			247	180
			247	179
			247	178
			247	177
			247	176
			247	175
			247	174
			247	173
			246	172
			246	171
			246	170
			246	169
			246	168
			246	167
			246	166
			246	165
			245	164
			245	163
			245	162
			245	161
			245	160
			245	159
			244	158
			244	157
			244	156
			244	155
			244	154
			243	153
			243	152
			243	151
			243	150
			243	149
			242	148
			242	147
			242	146
			242	145
			241	144
			241	143
			241	142
			241	141
			240	140
			240	139
			240	138
			240	137
			239	136
			239	135
			239	134
			239	133
			238	132
			238	131
			238	130
			237	129
			237	128
			237	127
			237	126
			236	125
			236	124
			236	123
			235	122
			235	121
			235	120
			234	119
			234	118
			234	117
			233	116
			233	115
			233	114
			232	113
			232	112
			232	111
			231	110
			231	109
		</posterior>
	</curves.pixel>
	<curves.scaled type=list>
		<glabella type=matrix rownames=FALSE colnames=FALSE nrow=134 ncol=2 as.numeric=TRUE >
			0.752808988764045	-0.0786516853932584
			0.758426966292135	-0.0786516853932584
			0.764044943820225	-0.0786516853932584
			0.769662921348315	-0.0786516853932584
			0.775280898876405	-0.0786516853932584
			0.780898876404494	-0.0786516853932584
			0.786516853932584	-0.0786516853932584
			0.792134831460674	-0.0786516853932584
			0.797752808988764	-0.0786516853932584
			0.803370786516854	-0.0842696629213483
			0.808988764044944	-0.0842696629213483
			0.814606741573034	-0.0842696629213483
			0.820224719101124	-0.0842696629213483
			0.825842696629214	-0.0842696629213483
			0.831460674157303	-0.0898876404494382
			0.837078651685393	-0.0898876404494382
			0.842696629213483	-0.0898876404494382
			0.848314606741573	-0.0955056179775281
			0.853932584269663	-0.0955056179775281
			0.859550561797753	-0.101123595505618
			0.865168539325843	-0.101123595505618
			0.870786516853933	-0.106741573033708
			0.876404494382022	-0.106741573033708
			0.882022471910112	-0.112359550561798
			0.887640449438202	-0.112359550561798
			0.887640449438202	-0.117977528089888
			0.893258426966292	-0.123595505617978
			0.898876404494382	-0.123595505617978
			0.904494382022472	-0.129213483146067
			0.910112359550562	-0.134831460674157
			0.915730337078652	-0.140449438202247
			0.915730337078652	-0.146067415730337
			0.921348314606742	-0.151685393258427
			0.921348314606742	-0.157303370786517
			0.926966292134831	-0.162921348314607
			0.926966292134831	-0.168539325842697
			0.932584269662921	-0.174157303370786
			0.938202247191011	-0.179775280898876
			0.938202247191011	-0.185393258426966
			0.938202247191011	-0.191011235955056
			0.943820224719101	-0.196629213483146
			0.943820224719101	-0.202247191011236
			0.949438202247191	-0.207865168539326
			0.949438202247191	-0.213483146067416
			0.949438202247191	-0.219101123595506
			0.955056179775281	-0.224719101123595
			0.955056179775281	-0.230337078651685
			0.955056179775281	-0.235955056179775
			0.960674157303371	-0.241573033707865
			0.960674157303371	-0.247191011235955
			0.960674157303371	-0.252808988764045
			0.960674157303371	-0.258426966292135
			0.960674157303371	-0.264044943820225
			0.960674157303371	-0.269662921348315
			0.960674157303371	-0.275280898876405
			0.960674157303371	-0.280898876404494
			0.960674157303371	-0.286516853932584
			0.960674157303371	-0.292134831460674
			0.960674157303371	-0.297752808988764
			0.960674157303371	-0.303370786516854
			0.960674157303371	-0.308988764044944
			0.960674157303371	-0.314606741573034
			0.960674157303371	-0.320224719101124
			0.955056179775281	-0.320224719101124
			0.955056179775281	-0.325842696629214
			0.955056179775281	-0.331460674157303
			0.949438202247191	-0.331460674157303
			0.943820224719101	-0.337078651685393
			0.938202247191011	-0.337078651685393
			0.932584269662921	-0.337078651685393
			0.932584269662921	-0.342696629213483
			0.926966292134831	-0.342696629213483
			0.921348314606742	-0.342696629213483
			0.915730337078652	-0.348314606741573
			0.915730337078652	-0.353932584269663
			0.921348314606742	-0.359550561797753
			0.921348314606742	-0.365168539325843
			0.921348314606742	-0.370786516853933
			0.921348314606742	-0.376404494382022
			0.921348314606742	-0.382022471910112
			0.915730337078652	-0.387640449438202
			0.915730337078652	-0.393258426966292
			0.910112359550562	-0.398876404494382
			0.904494382022472	-0.404494382022472
			0.898876404494382	-0.410112359550562
			0.893258426966292	-0.415730337078652
			0.887640449438202	-0.421348314606742
			0.882022471910112	-0.421348314606742
			0.882022471910112	-0.426966292134831
			0.876404494382022	-0.432584269662921
			0.876404494382022	-0.438202247191011
			0.876404494382022	-0.443820224719101
			0.870786516853933	-0.449438202247191
			0.870786516853933	-0.455056179775281
			0.870786516853933	-0.460674157303371
			0.870786516853933	-0.466292134831461
			0.870786516853933	-0.471910112359551
			0.865168539325843	-0.47752808988764
			0.865168539325843	-0.48314606741573
			0.865168539325843	-0.48876404494382
			0.865168539325843	-0.49438202247191
			0.870786516853933	-0.5
			0.870786516853933	-0.50561797752809
			0.870786516853933	-0.51123595505618
			0.870786516853933	-0.51685393258427
			0.870786516853933	-0.522471910112359
			0.876404494382022	-0.528089887640449
			0.876404494382022	-0.533707865168539
			0.876404494382022	-0.539325842696629
			0.876404494382022	-0.544943820224719
			0.882022471910112	-0.544943820224719
			0.882022471910112	-0.550561797752809
			0.887640449438202	-0.556179775280899
			0.893258426966292	-0.561797752808989
			0.898876404494382	-0.567415730337079
			0.904494382022472	-0.573033707865168
			0.910112359550562	-0.578651685393258
			0.910112359550562	-0.584269662921348
			0.910112359550562	-0.589887640449438
			0.915730337078652	-0.595505617977528
			0.915730337078652	-0.601123595505618
			0.921348314606742	-0.606741573033708
			0.921348314606742	-0.612359550561798
			0.921348314606742	-0.617977528089888
			0.921348314606742	-0.623595505617977
			0.921348314606742	-0.629213483146067
			0.915730337078652	-0.634831460674157
			0.915730337078652	-0.640449438202247
			0.915730337078652	-0.646067415730337
			0.915730337078652	-0.651685393258427
			0.910112359550562	-0.657303370786517
			0.910112359550562	-0.662921348314607
			0.904494382022472	-0.668539325842697
			0.898876404494382	-0.674157303370786
		</glabella>
		<suture type=matrix rownames=FALSE colnames=FALSE nrow=164 ncol=2 as.numeric=TRUE >
			0.752808988764045	-0.0674157303370786
			0.758426966292135	-0.0674157303370786
			0.764044943820225	-0.0674157303370786
			0.769662921348315	-0.0674157303370786
			0.775280898876405	-0.0674157303370786
			0.780898876404494	-0.0674157303370786
			0.786516853932584	-0.0674157303370786
			0.792134831460674	-0.0674157303370786
			0.797752808988764	-0.0674157303370786
			0.803370786516854	-0.0730337078651685
			0.808988764044944	-0.0730337078651685
			0.814606741573034	-0.0730337078651685
			0.820224719101124	-0.0730337078651685
			0.825842696629214	-0.0730337078651685
			0.831460674157303	-0.0730337078651685
			0.837078651685393	-0.0730337078651685
			0.842696629213483	-0.0786516853932584
			0.848314606741573	-0.0786516853932584
			0.853932584269663	-0.0786516853932584
			0.859550561797753	-0.0786516853932584
			0.865168539325843	-0.0842696629213483
			0.870786516853933	-0.0842696629213483
			0.876404494382022	-0.0842696629213483
			0.882022471910112	-0.0898876404494382
			0.887640449438202	-0.0898876404494382
			0.893258426966292	-0.0955056179775281
			0.898876404494382	-0.0955056179775281
			0.904494382022472	-0.0955056179775281
			0.904494382022472	-0.101123595505618
			0.910112359550562	-0.101123595505618
			0.915730337078652	-0.106741573033708
			0.921348314606742	-0.106741573033708
			0.926966292134831	-0.112359550561798
			0.932584269662921	-0.117977528089888
			0.938202247191011	-0.117977528089888
			0.943820224719101	-0.123595505617978
			0.943820224719101	-0.129213483146067
			0.949438202247191	-0.129213483146067
			0.955056179775281	-0.134831460674157
			0.960674157303371	-0.140449438202247
			0.966292134831461	-0.146067415730337
			0.97191011235955	-0.151685393258427
			0.97752808988764	-0.157303370786517
			0.97752808988764	-0.162921348314607
			0.98314606741573	-0.168539325842697
			0.98876404494382	-0.174157303370786
			0.98876404494382	-0.179775280898876
			0.99438202247191	-0.185393258426966
			0.99438202247191	-0.191011235955056
			0.99438202247191	-0.196629213483146
			1	-0.196629213483146
			1	-0.202247191011236
			1	-0.207865168539326
			1.00561797752809	-0.213483146067416
			1.00561797752809	-0.219101123595506
			1.00561797752809	-0.224719101123595
			1.01123595505618	-0.230337078651685
			1.01123595505618	-0.235955056179775
			1.01123595505618	-0.241573033707865
			1.01685393258427	-0.247191011235955
			1.01685393258427	-0.252808988764045
			1.01685393258427	-0.258426966292135
			1.02247191011236	-0.264044943820225
			1.02247191011236	-0.269662921348315
			1.02247191011236	-0.275280898876405
			1.02808988764045	-0.280898876404494
			1.02808988764045	-0.286516853932584
			1.02808988764045	-0.292134831460674
			1.03370786516854	-0.297752808988764
			1.03370786516854	-0.303370786516854
			1.03370786516854	-0.308988764044944
			1.03370786516854	-0.314606741573034
			1.03932584269663	-0.320224719101124
			1.03932584269663	-0.325842696629214
			1.04494382022472	-0.331460674157303
			1.04494382022472	-0.337078651685393
			1.05056179775281	-0.342696629213483
			1.0561797752809	-0.342696629213483
			1.06179775280899	-0.348314606741573
			1.06741573033708	-0.348314606741573
			1.07303370786517	-0.348314606741573
			1.07865168539326	-0.353932584269663
			1.07303370786517	-0.359550561797753
			1.07303370786517	-0.365168539325843
			1.06741573033708	-0.370786516853933
			1.06741573033708	-0.376404494382022
			1.06741573033708	-0.382022471910112
			1.06741573033708	-0.387640449438202
			1.06741573033708	-0.393258426966292
			1.07303370786517	-0.398876404494382
			1.07303370786517	-0.404494382022472
			1.07303370786517	-0.410112359550562
			1.07865168539326	-0.410112359550562
			1.07865168539326	-0.415730337078652
			1.08426966292135	-0.421348314606742
			1.08988764044944	-0.426966292134831
			1.09550561797753	-0.432584269662921
			1.10112359550562	-0.438202247191011
			1.10674157303371	-0.438202247191011
			1.1123595505618	-0.443820224719101
			1.11797752808989	-0.449438202247191
			1.12359550561798	-0.455056179775281
			1.12921348314607	-0.455056179775281
			1.12921348314607	-0.460674157303371
			1.12921348314607	-0.466292134831461
			1.13483146067416	-0.471910112359551
			1.13483146067416	-0.47752808988764
			1.14044943820225	-0.48314606741573
			1.14044943820225	-0.48876404494382
			1.14606741573034	-0.49438202247191
			1.15168539325843	-0.5
			1.15730337078652	-0.50561797752809
			1.16292134831461	-0.51123595505618
			1.1685393258427	-0.51123595505618
			1.17415730337079	-0.51685393258427
			1.17977528089888	-0.522471910112359
			1.18539325842697	-0.522471910112359
			1.19101123595506	-0.522471910112359
			1.19662921348315	-0.528089887640449
			1.20224719101124	-0.528089887640449
			1.20224719101124	-0.533707865168539
			1.20786516853933	-0.533707865168539
			1.21348314606742	-0.539325842696629
			1.21348314606742	-0.544943820224719
			1.21910112359551	-0.550561797752809
			1.21910112359551	-0.556179775280899
			1.2247191011236	-0.561797752808989
			1.23033707865169	-0.567415730337079
			1.23033707865169	-0.573033707865168
			1.23595505617978	-0.578651685393258
			1.23595505617978	-0.584269662921348
			1.23595505617978	-0.589887640449438
			1.24157303370787	-0.595505617977528
			1.24719101123595	-0.601123595505618
			1.24719101123595	-0.606741573033708
			1.25280898876405	-0.612359550561798
			1.25280898876405	-0.617977528089888
			1.25280898876405	-0.623595505617977
			1.25842696629213	-0.629213483146067
			1.25842696629213	-0.634831460674157
			1.26404494382022	-0.640449438202247
			1.26404494382022	-0.646067415730337
			1.26966292134831	-0.651685393258427
			1.26966292134831	-0.657303370786517
			1.2752808988764	-0.662921348314607
			1.2752808988764	-0.668539325842697
			1.28089887640449	-0.674157303370786
			1.28089887640449	-0.679775280898876
			1.28651685393258	-0.685393258426966
			1.28651685393258	-0.691011235955056
			1.29213483146067	-0.696629213483146
			1.29213483146067	-0.702247191011236
			1.29775280898876	-0.702247191011236
			1.29775280898876	-0.707865168539326
			1.30337078651685	-0.713483146067416
			1.30898876404494	-0.713483146067416
			1.30898876404494	-0.719101123595506
			1.31460674157303	-0.719101123595506
			1.32022471910112	-0.724719101123595
			1.32584269662921	-0.724719101123595
			1.3314606741573	-0.730337078651685
			1.33707865168539	-0.735955056179775
			1.34269662921348	-0.735955056179775
			1.34831460674157	-0.741573033707865
		</suture>
		<anterior type=matrix rownames=FALSE colnames=FALSE nrow=137 ncol=2 as.numeric=TRUE >
			0.758426966292135	-0.0449438202247191
			0.764044943820225	-0.0449438202247191
			0.769662921348315	-0.0449438202247191
			0.775280898876405	-0.0449438202247191
			0.780898876404494	-0.0449438202247191
			0.786516853932584	-0.0449438202247191
			0.792134831460674	-0.0449438202247191
			0.797752808988764	-0.050561797752809
			0.803370786516854	-0.050561797752809
			0.808988764044944	-0.050561797752809
			0.814606741573034	-0.050561797752809
			0.820224719101124	-0.050561797752809
			0.825842696629214	-0.0561797752808989
			0.831460674157303	-0.0561797752808989
			0.837078651685393	-0.0561797752808989
			0.842696629213483	-0.0561797752808989
			0.848314606741573	-0.0561797752808989
			0.853932584269663	-0.0617977528089888
			0.859550561797753	-0.0617977528089888
			0.865168539325843	-0.0617977528089888
			0.870786516853933	-0.0617977528089888
			0.870786516853933	-0.0674157303370786
			0.876404494382022	-0.0674157303370786
			0.882022471910112	-0.0674157303370786
			0.887640449438202	-0.0730337078651685
			0.893258426966292	-0.0730337078651685
			0.898876404494382	-0.0786516853932584
			0.904494382022472	-0.0786516853932584
			0.910112359550562	-0.0786516853932584
			0.910112359550562	-0.0842696629213483
			0.915730337078652	-0.0842696629213483
			0.921348314606742	-0.0842696629213483
			0.926966292134831	-0.0898876404494382
			0.932584269662921	-0.0955056179775281
			0.938202247191011	-0.101123595505618
			0.943820224719101	-0.101123595505618
			0.949438202247191	-0.106741573033708
			0.955056179775281	-0.106741573033708
			0.955056179775281	-0.112359550561798
			0.960674157303371	-0.112359550561798
			0.966292134831461	-0.117977528089888
			0.97191011235955	-0.123595505617978
			0.97752808988764	-0.129213483146067
			0.98314606741573	-0.134831460674157
			0.98876404494382	-0.140449438202247
			0.99438202247191	-0.146067415730337
			0.99438202247191	-0.151685393258427
			1	-0.157303370786517
			1.00561797752809	-0.162921348314607
			1.01123595505618	-0.168539325842697
			1.01123595505618	-0.174157303370786
			1.01685393258427	-0.179775280898876
			1.01685393258427	-0.185393258426966
			1.02247191011236	-0.191011235955056
			1.02247191011236	-0.196629213483146
			1.02808988764045	-0.202247191011236
			1.03370786516854	-0.207865168539326
			1.03370786516854	-0.213483146067416
			1.03932584269663	-0.213483146067416
			1.04494382022472	-0.219101123595506
			1.05056179775281	-0.219101123595506
			1.0561797752809	-0.224719101123595
			1.06179775280899	-0.230337078651685
			1.06741573033708	-0.230337078651685
			1.07303370786517	-0.235955056179775
			1.07865168539326	-0.241573033707865
			1.08426966292135	-0.247191011235955
			1.08988764044944	-0.252808988764045
			1.09550561797753	-0.258426966292135
			1.10112359550562	-0.264044943820225
			1.10674157303371	-0.269662921348315
			1.1123595505618	-0.275280898876405
			1.11797752808989	-0.280898876404494
			1.12359550561798	-0.286516853932584
			1.12359550561798	-0.292134831460674
			1.12921348314607	-0.297752808988764
			1.13483146067416	-0.303370786516854
			1.13483146067416	-0.308988764044944
			1.14044943820225	-0.308988764044944
			1.14606741573034	-0.314606741573034
			1.14606741573034	-0.320224719101124
			1.15168539325843	-0.325842696629214
			1.15730337078652	-0.331460674157303
			1.15730337078652	-0.337078651685393
			1.16292134831461	-0.342696629213483
			1.16292134831461	-0.348314606741573
			1.1685393258427	-0.353932584269663
			1.17415730337079	-0.359550561797753
			1.17415730337079	-0.365168539325843
			1.17977528089888	-0.370786516853933
			1.17977528089888	-0.376404494382022
			1.18539325842697	-0.382022471910112
			1.18539325842697	-0.387640449438202
			1.19101123595506	-0.387640449438202
			1.19101123595506	-0.393258426966292
			1.19662921348315	-0.398876404494382
			1.19662921348315	-0.404494382022472
			1.20224719101124	-0.410112359550562
			1.20224719101124	-0.415730337078652
			1.20786516853933	-0.421348314606742
			1.20786516853933	-0.426966292134831
			1.21348314606742	-0.432584269662921
			1.21910112359551	-0.438202247191011
			1.21910112359551	-0.443820224719101
			1.2247191011236	-0.449438202247191
			1.2247191011236	-0.455056179775281
			1.23033707865169	-0.460674157303371
			1.23033707865169	-0.466292134831461
			1.23033707865169	-0.471910112359551
			1.23595505617978	-0.471910112359551
			1.23595505617978	-0.47752808988764
			1.23595505617978	-0.48314606741573
			1.24157303370787	-0.48314606741573
			1.24157303370787	-0.48876404494382
			1.24157303370787	-0.49438202247191
			1.24719101123595	-0.49438202247191
			1.24719101123595	-0.5
			1.24719101123595	-0.50561797752809
			1.25280898876405	-0.51123595505618
			1.25280898876405	-0.51685393258427
			1.25842696629213	-0.522471910112359
			1.25842696629213	-0.528089887640449
			1.26404494382022	-0.533707865168539
			1.26404494382022	-0.539325842696629
			1.26966292134831	-0.544943820224719
			1.26966292134831	-0.550561797752809
			1.26966292134831	-0.556179775280899
			1.2752808988764	-0.561797752808989
			1.2752808988764	-0.567415730337079
			1.28089887640449	-0.573033707865168
			1.28651685393258	-0.578651685393258
			1.28651685393258	-0.584269662921348
			1.28651685393258	-0.589887640449438
			1.29213483146067	-0.595505617977528
			1.29213483146067	-0.601123595505618
			1.29213483146067	-0.606741573033708
			1.29775280898876	-0.612359550561798
		</anterior>
		<posterior type=matrix rownames=FALSE colnames=FALSE nrow=237 ncol=2 as.numeric=TRUE >
			0.707865168539326	-0.612359550561798
			0.713483146067416	-0.612359550561798
			0.719101123595506	-0.612359550561798
			0.724719101123595	-0.612359550561798
			0.730337078651685	-0.612359550561798
			0.735955056179775	-0.617977528089888
			0.741573033707865	-0.617977528089888
			0.747191011235955	-0.617977528089888
			0.752808988764045	-0.617977528089888
			0.758426966292135	-0.617977528089888
			0.764044943820225	-0.623595505617977
			0.769662921348315	-0.623595505617977
			0.775280898876405	-0.623595505617977
			0.780898876404494	-0.629213483146067
			0.786516853932584	-0.629213483146067
			0.792134831460674	-0.629213483146067
			0.797752808988764	-0.634831460674157
			0.803370786516854	-0.634831460674157
			0.808988764044944	-0.634831460674157
			0.808988764044944	-0.640449438202247
			0.814606741573034	-0.640449438202247
			0.820224719101124	-0.640449438202247
			0.825842696629214	-0.646067415730337
			0.831460674157303	-0.646067415730337
			0.837078651685393	-0.651685393258427
			0.842696629213483	-0.657303370786517
			0.848314606741573	-0.657303370786517
			0.853932584269663	-0.657303370786517
			0.859550561797753	-0.662921348314607
			0.865168539325843	-0.662921348314607
			0.870786516853933	-0.668539325842697
			0.876404494382022	-0.668539325842697
			0.882022471910112	-0.668539325842697
			0.887640449438202	-0.674157303370786
			0.893258426966292	-0.674157303370786
			0.898876404494382	-0.674157303370786
			0.904494382022472	-0.679775280898876
			0.910112359550562	-0.679775280898876
			0.915730337078652	-0.679775280898876
			0.921348314606742	-0.685393258426966
			0.926966292134831	-0.685393258426966
			0.932584269662921	-0.685393258426966
			0.938202247191011	-0.685393258426966
			0.943820224719101	-0.691011235955056
			0.949438202247191	-0.691011235955056
			0.955056179775281	-0.691011235955056
			0.960674157303371	-0.691011235955056
			0.966292134831461	-0.691011235955056
			0.97191011235955	-0.691011235955056
			0.97752808988764	-0.691011235955056
			0.98314606741573	-0.691011235955056
			0.98876404494382	-0.691011235955056
			0.99438202247191	-0.696629213483146
			1	-0.696629213483146
			1.00561797752809	-0.696629213483146
			1.01123595505618	-0.696629213483146
			1.01685393258427	-0.696629213483146
			1.02247191011236	-0.696629213483146
			1.02808988764045	-0.696629213483146
			1.03370786516854	-0.696629213483146
			1.03932584269663	-0.696629213483146
			1.04494382022472	-0.696629213483146
			1.05056179775281	-0.696629213483146
			1.0561797752809	-0.702247191011236
			1.06179775280899	-0.702247191011236
			1.06741573033708	-0.702247191011236
			1.07303370786517	-0.702247191011236
			1.07865168539326	-0.707865168539326
			1.08426966292135	-0.707865168539326
			1.08988764044944	-0.713483146067416
			1.09550561797753	-0.719101123595506
			1.10112359550562	-0.719101123595506
			1.10112359550562	-0.724719101123595
			1.10674157303371	-0.724719101123595
			1.1123595505618	-0.730337078651685
			1.11797752808989	-0.730337078651685
			1.11797752808989	-0.735955056179775
			1.12359550561798	-0.735955056179775
			1.12921348314607	-0.741573033707865
			1.13483146067416	-0.747191011235955
			1.14044943820225	-0.752808988764045
			1.14606741573034	-0.752808988764045
			1.15168539325843	-0.758426966292135
			1.15730337078652	-0.764044943820225
			1.16292134831461	-0.769662921348315
			1.1685393258427	-0.775280898876405
			1.17415730337079	-0.780898876404494
			1.17977528089888	-0.780898876404494
			1.17977528089888	-0.786516853932584
			1.18539325842697	-0.792134831460674
			1.19101123595506	-0.797752808988764
			1.19662921348315	-0.803370786516854
			1.20224719101124	-0.808988764044944
			1.20786516853933	-0.814606741573034
			1.20786516853933	-0.820224719101124
			1.21348314606742	-0.825842696629214
			1.21910112359551	-0.831460674157303
			1.2247191011236	-0.837078651685393
			1.23033707865169	-0.842696629213483
			1.23033707865169	-0.848314606741573
			1.23595505617978	-0.853932584269663
			1.24157303370787	-0.853932584269663
			1.24157303370787	-0.859550561797753
			1.24719101123595	-0.865168539325843
			1.25280898876405	-0.870786516853933
			1.25842696629213	-0.876404494382022
			1.25842696629213	-0.882022471910112
			1.26404494382022	-0.887640449438202
			1.26966292134831	-0.887640449438202
			1.26966292134831	-0.893258426966292
			1.2752808988764	-0.898876404494382
			1.2752808988764	-0.904494382022472
			1.28089887640449	-0.910112359550562
			1.28651685393258	-0.910112359550562
			1.28651685393258	-0.915730337078652
			1.29213483146067	-0.921348314606742
			1.29775280898876	-0.926966292134831
			1.29775280898876	-0.932584269662921
			1.30337078651685	-0.932584269662921
			1.30337078651685	-0.938202247191011
			1.30898876404494	-0.943820224719101
			1.30898876404494	-0.949438202247191
			1.31460674157303	-0.955056179775281
			1.31460674157303	-0.960674157303371
			1.32022471910112	-0.966292134831461
			1.32022471910112	-0.97191011235955
			1.32022471910112	-0.97752808988764
			1.32584269662921	-0.98314606741573
			1.32584269662921	-0.98876404494382
			1.3314606741573	-0.99438202247191
			1.3314606741573	-1
			1.3314606741573	-1.00561797752809
			1.33707865168539	-1.00561797752809
			1.33707865168539	-1.01123595505618
			1.34269662921348	-1.01685393258427
			1.34269662921348	-1.02247191011236
			1.34831460674157	-1.02808988764045
			1.34831460674157	-1.03370786516854
			1.34831460674157	-1.03932584269663
			1.35393258426966	-1.04494382022472
			1.35393258426966	-1.05056179775281
			1.35955056179775	-1.0561797752809
			1.35955056179775	-1.06179775280899
			1.36516853932584	-1.06179775280899
			1.36516853932584	-1.06741573033708
			1.36516853932584	-1.07303370786517
			1.37078651685393	-1.07865168539326
			1.37078651685393	-1.08426966292135
			1.37640449438202	-1.08988764044944
			1.37640449438202	-1.09550561797753
			1.38202247191011	-1.09550561797753
			1.38202247191011	-1.08988764044944
			1.38202247191011	-1.08426966292135
			1.3876404494382	-1.07865168539326
			1.3876404494382	-1.07303370786517
			1.3876404494382	-1.06741573033708
			1.3876404494382	-1.06179775280899
			1.3876404494382	-1.0561797752809
			1.3876404494382	-1.05056179775281
			1.3876404494382	-1.04494382022472
			1.3876404494382	-1.03932584269663
			1.3876404494382	-1.03370786516854
			1.3876404494382	-1.02808988764045
			1.3876404494382	-1.02247191011236
			1.3876404494382	-1.01685393258427
			1.3876404494382	-1.01123595505618
			1.3876404494382	-1.00561797752809
			1.3876404494382	-1
			1.3876404494382	-0.99438202247191
			1.3876404494382	-0.98876404494382
			1.3876404494382	-0.98314606741573
			1.3876404494382	-0.97752808988764
			1.3876404494382	-0.97191011235955
			1.38202247191011	-0.966292134831461
			1.38202247191011	-0.960674157303371
			1.38202247191011	-0.955056179775281
			1.38202247191011	-0.949438202247191
			1.38202247191011	-0.943820224719101
			1.38202247191011	-0.938202247191011
			1.38202247191011	-0.932584269662921
			1.38202247191011	-0.926966292134831
			1.37640449438202	-0.921348314606742
			1.37640449438202	-0.915730337078652
			1.37640449438202	-0.910112359550562
			1.37640449438202	-0.904494382022472
			1.37640449438202	-0.898876404494382
			1.37640449438202	-0.893258426966292
			1.37078651685393	-0.887640449438202
			1.37078651685393	-0.882022471910112
			1.37078651685393	-0.876404494382022
			1.37078651685393	-0.870786516853933
			1.37078651685393	-0.865168539325843
			1.36516853932584	-0.859550561797753
			1.36516853932584	-0.853932584269663
			1.36516853932584	-0.848314606741573
			1.36516853932584	-0.842696629213483
			1.36516853932584	-0.837078651685393
			1.35955056179775	-0.831460674157303
			1.35955056179775	-0.825842696629214
			1.35955056179775	-0.820224719101124
			1.35955056179775	-0.814606741573034
			1.35393258426966	-0.808988764044944
			1.35393258426966	-0.803370786516854
			1.35393258426966	-0.797752808988764
			1.35393258426966	-0.792134831460674
			1.34831460674157	-0.786516853932584
			1.34831460674157	-0.780898876404494
			1.34831460674157	-0.775280898876405
			1.34831460674157	-0.769662921348315
			1.34269662921348	-0.764044943820225
			1.34269662921348	-0.758426966292135
			1.34269662921348	-0.752808988764045
			1.34269662921348	-0.747191011235955
			1.33707865168539	-0.741573033707865
			1.33707865168539	-0.735955056179775
			1.33707865168539	-0.730337078651685
			1.3314606741573	-0.724719101123595
			1.3314606741573	-0.719101123595506
			1.3314606741573	-0.713483146067416
			1.3314606741573	-0.707865168539326
			1.32584269662921	-0.702247191011236
			1.32584269662921	-0.696629213483146
			1.32584269662921	-0.691011235955056
			1.32022471910112	-0.685393258426966
			1.32022471910112	-0.679775280898876
			1.32022471910112	-0.674157303370786
			1.31460674157303	-0.668539325842697
			1.31460674157303	-0.662921348314607
			1.31460674157303	-0.657303370786517
			1.30898876404494	-0.651685393258427
			1.30898876404494	-0.646067415730337
			1.30898876404494	-0.640449438202247
			1.30337078651685	-0.634831460674157
			1.30337078651685	-0.629213483146067
			1.30337078651685	-0.623595505617977
			1.29775280898876	-0.617977528089888
			1.29775280898876	-0.612359550561798
		</posterior>
	</curves.scaled>
	<ruler.points type=matrix rownames=TRUE colnames=FALSE nrow=2 ncol=2 as.numeric=TRUE >
		Ruler point 1	38	197
		Ruler point 2	216	197
	</ruler.points>
</shapes>

