<shapes type=list>
	<ruler.pixel type=vector names=FALSE length=1 as.numeric=TRUE >196</ruler.pixel>
	<ruler.interval type=vector names=FALSE length=1 as.numeric=TRUE >1</ruler.interval>
	<scaling.units type=vector names=FALSE length=1 as.numeric=FALSE >cm</scaling.units>
	<scaling type=vector names=FALSE length=1 as.numeric=TRUE >0.00510204081632653</scaling>
	<landmarks.pixel type=matrix rownames=TRUE colnames=FALSE nrow=16 ncol=2 as.numeric=TRUE >
		LM1	219	29
		LM2	213	60
		LM3	208	181
		LM4	210	207
		LM5	289	158
		LM6	276	175
		LM7	264	200
		LM8	326	94
		LM9	328	129
		LM10	219	29
		LM11	406	149
		LM12	417	172
		LM13	219	29
		LM14	345	112
		LM15	417	172
		LM16	417	172
	</landmarks.pixel>
	<landmarks.scaled type=matrix rownames=TRUE colnames=FALSE nrow=16 ncol=2 as.numeric=TRUE >
		LM1	1.11734693877551	-0.147959183673469
		LM2	1.08673469387755	-0.306122448979592
		LM3	1.06122448979592	-0.923469387755102
		LM4	1.07142857142857	-1.05612244897959
		LM5	1.47448979591837	-0.806122448979592
		LM6	1.40816326530612	-0.892857142857143
		LM7	1.3469387755102	-1.02040816326531
		LM8	1.66326530612245	-0.479591836734694
		LM9	1.6734693877551	-0.658163265306122
		LM10	1.11734693877551	-0.147959183673469
		LM11	2.07142857142857	-0.760204081632653
		LM12	2.12755102040816	-0.877551020408163
		LM13	1.11734693877551	-0.147959183673469
		LM14	1.76020408163265	-0.571428571428571
		LM15	2.12755102040816	-0.877551020408163
		LM16	2.12755102040816	-0.877551020408163
	</landmarks.scaled>
	<curves.control type=list>
		<glabella type=matrix rownames=FALSE colnames=FALSE nrow=17 ncol=2 as.numeric=TRUE >
			213	60
			235	61
			251	68
			256	78
			254	91
			261	103
			249	110
			259	111
			265	120
			263	127
			285	141
			299	162
			276	176
			279	185
			269	192
			266	196
			264	200
		</glabella>
		<suture type=matrix rownames=FALSE colnames=FALSE nrow=17 ncol=2 as.numeric=TRUE >
			219	29
			233	30
			261	28
			288	23
			299	41
			292	58
			301	62
			302	89
			326	93
			343	100
			341	118
			336	123
			327	130
			371	116
			390	137
			406	140
			417	172
		</suture>
		<anterior type=matrix rownames=FALSE colnames=FALSE nrow=13 ncol=2 as.numeric=TRUE >
			219	29
			233	30
			261	28
			286	22
			329	39
			368	49
			378	65
			396	85
			404	99
			416	116
			425	132
			435	171
			417	172
		</anterior>
		<posterior type=matrix rownames=FALSE colnames=FALSE nrow=13 ncol=2 as.numeric=TRUE >
			210	207
			230	208
			244	205
			256	203
			264	200
			271	191
			281	187
			294	182
			331	182
			347	184
			368	184
			401	191
			417	172
		</posterior>
	</curves.control>
	<curves.pixel type=list>
		<glabella type=matrix rownames=FALSE colnames=FALSE nrow=195 ncol=2 as.numeric=TRUE >
			213	60
			214	60
			215	60
			216	60
			217	60
			218	60
			219	60
			220	60
			221	61
			222	61
			223	61
			224	61
			225	61
			226	61
			227	61
			228	61
			229	62
			230	62
			231	62
			232	62
			233	62
			234	63
			235	63
			236	63
			237	63
			238	63
			238	64
			239	64
			240	64
			241	64
			242	65
			243	65
			244	65
			245	66
			246	66
			247	66
			248	67
			249	67
			250	68
			251	68
			251	69
			252	69
			252	70
			252	71
			253	72
			253	73
			253	74
			254	75
			254	76
			254	77
			254	78
			254	79
			254	80
			254	81
			255	82
			255	83
			255	84
			255	85
			255	86
			254	87
			254	88
			254	89
			254	90
			254	91
			255	92
			255	93
			256	94
			256	95
			256	96
			256	97
			257	98
			257	99
			257	100
			256	101
			256	102
			256	103
			255	104
			255	105
			254	106
			253	107
			252	108
			251	109
			250	109
			249	110
			250	110
			251	110
			252	111
			253	111
			254	111
			255	111
			255	112
			256	112
			257	112
			258	113
			259	114
			260	115
			261	115
			262	116
			263	117
			263	118
			264	118
			265	119
			265	120
			265	121
			265	122
			265	123
			266	124
			266	125
			267	126
			268	127
			268	128
			269	129
			270	130
			271	131
			272	132
			273	132
			274	133
			274	134
			275	134
			276	135
			277	136
			278	136
			279	137
			280	138
			281	138
			282	139
			283	140
			284	141
			285	141
			286	142
			286	143
			287	143
			287	144
			287	145
			288	145
			288	146
			288	147
			289	148
			289	149
			289	150
			290	151
			290	152
			290	153
			290	154
			290	155
			290	156
			290	157
			290	158
			290	159
			290	160
			289	161
			289	162
			289	163
			288	164
			288	165
			287	166
			287	167
			286	168
			285	169
			284	169
			283	170
			283	171
			282	172
			281	173
			280	173
			279	174
			278	175
			277	175
			276	176
			276	177
			277	178
			277	179
			277	180
			277	181
			276	182
			276	183
			276	184
			275	185
			275	186
			274	187
			274	188
			273	189
			272	190
			271	190
			270	191
			269	192
			268	193
			268	194
			267	195
			266	196
			266	197
			265	198
			265	199
			264	199
			264	200
		</glabella>
		<suture type=matrix rownames=FALSE colnames=FALSE nrow=299 ncol=2 as.numeric=TRUE >
			219	29
			220	29
			221	29
			222	29
			223	29
			224	29
			225	29
			226	29
			227	29
			228	29
			229	29
			230	29
			231	29
			232	29
			233	29
			234	29
			235	29
			236	29
			237	29
			238	29
			239	29
			240	29
			241	29
			242	29
			243	29
			244	29
			245	29
			246	29
			247	29
			248	29
			249	29
			250	29
			251	29
			252	29
			253	29
			254	28
			255	28
			256	28
			257	28
			258	28
			259	28
			260	28
			261	28
			262	28
			263	28
			264	28
			265	27
			266	27
			267	27
			268	27
			269	27
			270	27
			271	27
			272	27
			273	27
			274	27
			275	27
			276	27
			277	27
			278	27
			279	28
			280	28
			281	28
			282	28
			283	29
			284	29
			285	29
			286	29
			286	30
			287	30
			288	30
			288	31
			289	31
			290	31
			290	32
			291	32
			292	33
			293	34
			294	35
			295	36
			296	37
			297	38
			298	39
			299	40
			299	41
			299	42
			298	43
			298	44
			298	45
			297	46
			297	47
			297	48
			296	49
			296	50
			296	51
			296	52
			296	53
			296	54
			296	55
			296	56
			296	57
			297	58
			297	59
			298	60
			299	61
			300	62
			301	62
			301	63
			301	64
			301	65
			301	66
			301	67
			302	68
			302	69
			302	70
			302	71
			302	72
			303	73
			303	74
			303	75
			304	76
			304	77
			305	78
			305	79
			306	80
			306	81
			307	82
			307	83
			308	83
			309	84
			309	85
			310	86
			311	86
			311	87
			312	88
			313	88
			314	89
			315	89
			316	90
			317	90
			318	91
			319	91
			320	91
			321	92
			322	92
			323	92
			324	93
			325	93
			326	93
			327	94
			328	94
			329	94
			330	95
			331	96
			332	97
			333	97
			334	98
			335	98
			335	99
			336	100
			337	100
			337	101
			338	102
			339	103
			339	104
			339	105
			340	106
			340	107
			340	108
			341	109
			341	110
			341	111
			341	112
			341	113
			341	114
			341	115
			341	116
			341	117
			341	118
			340	119
			339	120
			338	121
			337	122
			336	123
			335	123
			334	124
			333	125
			332	126
			331	127
			330	127
			329	128
			328	129
			327	130
			328	130
			329	129
			330	129
			331	129
			332	128
			333	128
			334	128
			335	128
			336	127
			337	127
			338	127
			339	127
			340	126
			341	126
			342	126
			343	126
			344	126
			345	126
			346	125
			347	125
			348	125
			349	125
			350	125
			351	125
			352	125
			353	125
			354	125
			355	124
			356	124
			357	124
			358	124
			359	124
			360	124
			361	124
			362	124
			363	125
			364	125
			365	125
			366	125
			367	125
			368	125
			369	125
			370	126
			371	126
			372	126
			373	126
			374	127
			375	127
			376	127
			377	128
			378	128
			379	129
			380	129
			381	130
			382	131
			383	131
			384	132
			385	133
			386	133
			387	134
			388	135
			389	136
			390	136
			390	137
			391	137
			392	137
			392	138
			393	138
			394	138
			395	139
			396	139
			397	140
			398	141
			399	141
			400	142
			401	143
			402	144
			403	145
			404	146
			404	147
			405	148
			406	149
			407	150
			408	151
			408	152
			409	153
			409	154
			409	155
			410	155
			410	156
			411	157
			411	158
			412	159
			412	160
			413	161
			413	162
			413	163
			414	164
			414	165
			415	166
			415	167
			416	168
			416	169
			416	170
			417	171
			417	172
		</suture>
		<anterior type=matrix rownames=FALSE colnames=FALSE nrow=285 ncol=2 as.numeric=TRUE >
			219	29
			220	29
			221	29
			222	29
			223	29
			224	29
			225	29
			226	29
			227	29
			228	29
			229	29
			230	29
			231	29
			232	29
			233	29
			234	29
			235	29
			236	29
			237	29
			238	29
			239	29
			240	29
			241	29
			242	29
			243	29
			244	29
			245	29
			246	29
			247	29
			248	29
			249	29
			250	29
			251	29
			252	29
			253	29
			254	28
			255	28
			256	28
			257	28
			258	28
			259	28
			260	28
			261	28
			262	28
			263	28
			263	27
			264	27
			265	27
			266	27
			267	27
			268	27
			269	27
			270	27
			271	27
			272	26
			273	26
			274	26
			275	26
			276	26
			277	26
			278	26
			279	27
			280	27
			281	27
			282	27
			283	27
			284	27
			285	27
			286	27
			287	27
			288	27
			289	28
			290	28
			291	28
			292	28
			293	28
			294	28
			295	29
			296	29
			297	29
			298	29
			299	29
			300	30
			301	30
			302	30
			303	30
			304	31
			305	31
			306	31
			307	32
			308	32
			309	32
			310	32
			311	33
			312	33
			313	33
			314	34
			315	34
			316	34
			317	35
			318	35
			319	35
			320	35
			320	36
			321	36
			322	36
			323	37
			324	37
			325	38
			326	38
			327	38
			328	39
			329	39
			330	39
			331	40
			332	40
			333	40
			334	40
			335	41
			336	41
			337	41
			338	42
			339	42
			340	42
			341	43
			342	43
			343	43
			344	43
			345	44
			346	44
			347	44
			348	45
			349	45
			350	46
			351	46
			352	47
			353	47
			354	47
			355	48
			356	48
			357	49
			358	49
			359	49
			360	50
			361	51
			362	51
			363	52
			364	52
			365	53
			366	53
			367	54
			367	55
			368	55
			369	56
			370	56
			371	57
			372	58
			373	59
			374	60
			375	61
			376	62
			376	63
			377	63
			377	64
			378	65
			379	66
			380	67
			380	68
			381	69
			382	70
			383	71
			384	72
			385	72
			385	73
			386	74
			387	75
			388	76
			388	77
			389	78
			390	79
			390	80
			391	80
			392	81
			392	82
			393	83
			394	84
			394	85
			395	85
			395	86
			396	87
			397	88
			397	89
			398	89
			398	90
			399	91
			399	92
			400	92
			400	93
			401	94
			401	95
			402	95
			402	96
			403	97
			403	98
			404	99
			405	100
			406	101
			406	102
			407	103
			408	104
			408	105
			409	106
			410	107
			410	108
			411	109
			412	110
			412	111
			413	112
			414	113
			414	114
			415	115
			415	116
			416	117
			417	118
			417	119
			418	120
			418	121
			419	122
			420	123
			420	124
			421	125
			421	126
			422	126
			422	127
			423	128
			423	129
			424	130
			425	131
			425	132
			425	133
			426	134
			426	135
			426	136
			426	137
			426	138
			427	139
			427	140
			427	141
			427	142
			427	143
			428	144
			428	145
			428	146
			428	147
			428	148
			428	149
			428	150
			428	151
			428	152
			429	152
			429	153
			429	154
			429	155
			429	156
			429	157
			428	158
			428	159
			428	160
			428	161
			428	162
			428	163
			427	164
			427	165
			426	166
			426	167
			425	168
			424	169
			424	170
			423	170
			422	171
			421	171
			420	172
			419	172
			418	172
			417	172
		</anterior>
		<posterior type=matrix rownames=FALSE colnames=FALSE nrow=214 ncol=2 as.numeric=TRUE >
			210	207
			211	207
			212	207
			213	207
			214	207
			215	207
			216	207
			217	207
			218	207
			219	207
			220	207
			221	207
			222	207
			223	207
			224	207
			225	207
			226	207
			227	207
			228	207
			229	207
			230	207
			231	207
			232	207
			233	207
			234	207
			235	206
			236	206
			237	206
			238	206
			239	206
			240	206
			241	206
			242	205
			243	205
			244	205
			245	205
			246	205
			247	205
			247	204
			248	204
			249	204
			250	204
			251	204
			252	203
			253	203
			254	203
			255	203
			256	203
			257	202
			258	202
			259	202
			260	201
			261	201
			262	201
			263	201
			263	200
			264	200
			265	199
			266	198
			266	197
			267	196
			268	196
			269	195
			269	194
			270	194
			271	193
			272	192
			273	192
			274	191
			274	190
			275	190
			276	189
			277	189
			278	188
			279	188
			280	187
			281	187
			282	187
			283	186
			284	186
			285	186
			286	185
			287	185
			288	185
			289	185
			290	185
			291	184
			292	184
			293	184
			294	184
			295	184
			296	184
			297	184
			298	183
			299	183
			300	183
			301	183
			302	183
			303	183
			304	183
			305	183
			306	183
			307	183
			308	183
			309	183
			310	182
			311	182
			312	182
			313	182
			314	182
			315	182
			316	182
			317	182
			318	182
			319	182
			320	182
			321	182
			322	182
			323	182
			324	182
			325	182
			326	182
			327	182
			328	182
			329	182
			330	182
			331	182
			332	182
			333	182
			334	182
			335	182
			336	183
			337	183
			338	183
			339	183
			340	183
			341	183
			342	183
			343	183
			344	183
			345	183
			346	183
			347	183
			348	183
			349	184
			350	184
			351	184
			352	184
			353	184
			354	184
			355	184
			356	184
			357	184
			358	184
			359	184
			360	184
			361	184
			362	184
			363	184
			364	184
			365	184
			366	184
			367	184
			368	184
			369	184
			370	184
			371	185
			372	185
			373	185
			374	185
			375	185
			376	185
			377	185
			378	186
			379	186
			380	186
			381	186
			382	186
			383	186
			384	186
			385	186
			386	186
			387	186
			388	186
			389	186
			390	186
			391	185
			392	185
			393	185
			394	185
			395	185
			396	185
			397	184
			398	184
			399	184
			400	184
			401	183
			402	183
			403	183
			403	182
			404	182
			405	181
			406	181
			407	181
			408	180
			409	179
			410	179
			411	178
			412	177
			413	176
			414	175
			415	174
			416	173
			417	172
		</posterior>
	</curves.pixel>
	<curves.scaled type=list>
		<glabella type=matrix rownames=FALSE colnames=FALSE nrow=195 ncol=2 as.numeric=TRUE >
			1.08673469387755	-0.306122448979592
			1.09183673469388	-0.306122448979592
			1.0969387755102	-0.306122448979592
			1.10204081632653	-0.306122448979592
			1.10714285714286	-0.306122448979592
			1.11224489795918	-0.306122448979592
			1.11734693877551	-0.306122448979592
			1.12244897959184	-0.306122448979592
			1.12755102040816	-0.311224489795918
			1.13265306122449	-0.311224489795918
			1.13775510204082	-0.311224489795918
			1.14285714285714	-0.311224489795918
			1.14795918367347	-0.311224489795918
			1.1530612244898	-0.311224489795918
			1.15816326530612	-0.311224489795918
			1.16326530612245	-0.311224489795918
			1.16836734693878	-0.316326530612245
			1.1734693877551	-0.316326530612245
			1.17857142857143	-0.316326530612245
			1.18367346938776	-0.316326530612245
			1.18877551020408	-0.316326530612245
			1.19387755102041	-0.321428571428571
			1.19897959183673	-0.321428571428571
			1.20408163265306	-0.321428571428571
			1.20918367346939	-0.321428571428571
			1.21428571428571	-0.321428571428571
			1.21428571428571	-0.326530612244898
			1.21938775510204	-0.326530612244898
			1.22448979591837	-0.326530612244898
			1.22959183673469	-0.326530612244898
			1.23469387755102	-0.331632653061224
			1.23979591836735	-0.331632653061224
			1.24489795918367	-0.331632653061224
			1.25	-0.336734693877551
			1.25510204081633	-0.336734693877551
			1.26020408163265	-0.336734693877551
			1.26530612244898	-0.341836734693878
			1.27040816326531	-0.341836734693878
			1.27551020408163	-0.346938775510204
			1.28061224489796	-0.346938775510204
			1.28061224489796	-0.352040816326531
			1.28571428571429	-0.352040816326531
			1.28571428571429	-0.357142857142857
			1.28571428571429	-0.362244897959184
			1.29081632653061	-0.36734693877551
			1.29081632653061	-0.372448979591837
			1.29081632653061	-0.377551020408163
			1.29591836734694	-0.38265306122449
			1.29591836734694	-0.387755102040816
			1.29591836734694	-0.392857142857143
			1.29591836734694	-0.397959183673469
			1.29591836734694	-0.403061224489796
			1.29591836734694	-0.408163265306122
			1.29591836734694	-0.413265306122449
			1.30102040816327	-0.418367346938775
			1.30102040816327	-0.423469387755102
			1.30102040816327	-0.428571428571429
			1.30102040816327	-0.433673469387755
			1.30102040816327	-0.438775510204082
			1.29591836734694	-0.443877551020408
			1.29591836734694	-0.448979591836735
			1.29591836734694	-0.454081632653061
			1.29591836734694	-0.459183673469388
			1.29591836734694	-0.464285714285714
			1.30102040816327	-0.469387755102041
			1.30102040816327	-0.474489795918367
			1.30612244897959	-0.479591836734694
			1.30612244897959	-0.48469387755102
			1.30612244897959	-0.489795918367347
			1.30612244897959	-0.494897959183673
			1.31122448979592	-0.5
			1.31122448979592	-0.505102040816326
			1.31122448979592	-0.510204081632653
			1.30612244897959	-0.51530612244898
			1.30612244897959	-0.520408163265306
			1.30612244897959	-0.525510204081633
			1.30102040816327	-0.530612244897959
			1.30102040816327	-0.535714285714286
			1.29591836734694	-0.540816326530612
			1.29081632653061	-0.545918367346939
			1.28571428571429	-0.551020408163265
			1.28061224489796	-0.556122448979592
			1.27551020408163	-0.556122448979592
			1.27040816326531	-0.561224489795918
			1.27551020408163	-0.561224489795918
			1.28061224489796	-0.561224489795918
			1.28571428571429	-0.566326530612245
			1.29081632653061	-0.566326530612245
			1.29591836734694	-0.566326530612245
			1.30102040816327	-0.566326530612245
			1.30102040816327	-0.571428571428571
			1.30612244897959	-0.571428571428571
			1.31122448979592	-0.571428571428571
			1.31632653061224	-0.576530612244898
			1.32142857142857	-0.581632653061224
			1.3265306122449	-0.586734693877551
			1.33163265306122	-0.586734693877551
			1.33673469387755	-0.591836734693878
			1.34183673469388	-0.596938775510204
			1.34183673469388	-0.602040816326531
			1.3469387755102	-0.602040816326531
			1.35204081632653	-0.607142857142857
			1.35204081632653	-0.612244897959184
			1.35204081632653	-0.61734693877551
			1.35204081632653	-0.622448979591837
			1.35204081632653	-0.627551020408163
			1.35714285714286	-0.63265306122449
			1.35714285714286	-0.637755102040816
			1.36224489795918	-0.642857142857143
			1.36734693877551	-0.647959183673469
			1.36734693877551	-0.653061224489796
			1.37244897959184	-0.658163265306122
			1.37755102040816	-0.663265306122449
			1.38265306122449	-0.668367346938775
			1.38775510204082	-0.673469387755102
			1.39285714285714	-0.673469387755102
			1.39795918367347	-0.678571428571428
			1.39795918367347	-0.683673469387755
			1.4030612244898	-0.683673469387755
			1.40816326530612	-0.688775510204082
			1.41326530612245	-0.693877551020408
			1.41836734693878	-0.693877551020408
			1.4234693877551	-0.698979591836735
			1.42857142857143	-0.704081632653061
			1.43367346938776	-0.704081632653061
			1.43877551020408	-0.709183673469388
			1.44387755102041	-0.714285714285714
			1.44897959183673	-0.719387755102041
			1.45408163265306	-0.719387755102041
			1.45918367346939	-0.724489795918367
			1.45918367346939	-0.729591836734694
			1.46428571428571	-0.729591836734694
			1.46428571428571	-0.73469387755102
			1.46428571428571	-0.739795918367347
			1.46938775510204	-0.739795918367347
			1.46938775510204	-0.744897959183673
			1.46938775510204	-0.75
			1.47448979591837	-0.755102040816326
			1.47448979591837	-0.760204081632653
			1.47448979591837	-0.76530612244898
			1.47959183673469	-0.770408163265306
			1.47959183673469	-0.775510204081633
			1.47959183673469	-0.780612244897959
			1.47959183673469	-0.785714285714286
			1.47959183673469	-0.790816326530612
			1.47959183673469	-0.795918367346939
			1.47959183673469	-0.801020408163265
			1.47959183673469	-0.806122448979592
			1.47959183673469	-0.811224489795918
			1.47959183673469	-0.816326530612245
			1.47448979591837	-0.821428571428571
			1.47448979591837	-0.826530612244898
			1.47448979591837	-0.831632653061224
			1.46938775510204	-0.836734693877551
			1.46938775510204	-0.841836734693877
			1.46428571428571	-0.846938775510204
			1.46428571428571	-0.852040816326531
			1.45918367346939	-0.857142857142857
			1.45408163265306	-0.862244897959184
			1.44897959183673	-0.862244897959184
			1.44387755102041	-0.86734693877551
			1.44387755102041	-0.872448979591837
			1.43877551020408	-0.877551020408163
			1.43367346938776	-0.88265306122449
			1.42857142857143	-0.88265306122449
			1.4234693877551	-0.887755102040816
			1.41836734693878	-0.892857142857143
			1.41326530612245	-0.892857142857143
			1.40816326530612	-0.897959183673469
			1.40816326530612	-0.903061224489796
			1.41326530612245	-0.908163265306122
			1.41326530612245	-0.913265306122449
			1.41326530612245	-0.918367346938775
			1.41326530612245	-0.923469387755102
			1.40816326530612	-0.928571428571428
			1.40816326530612	-0.933673469387755
			1.40816326530612	-0.938775510204082
			1.4030612244898	-0.943877551020408
			1.4030612244898	-0.948979591836735
			1.39795918367347	-0.954081632653061
			1.39795918367347	-0.959183673469388
			1.39285714285714	-0.964285714285714
			1.38775510204082	-0.969387755102041
			1.38265306122449	-0.969387755102041
			1.37755102040816	-0.974489795918367
			1.37244897959184	-0.979591836734694
			1.36734693877551	-0.98469387755102
			1.36734693877551	-0.989795918367347
			1.36224489795918	-0.994897959183673
			1.35714285714286	-1
			1.35714285714286	-1.00510204081633
			1.35204081632653	-1.01020408163265
			1.35204081632653	-1.01530612244898
			1.3469387755102	-1.01530612244898
			1.3469387755102	-1.02040816326531
		</glabella>
		<suture type=matrix rownames=FALSE colnames=FALSE nrow=299 ncol=2 as.numeric=TRUE >
			1.11734693877551	-0.147959183673469
			1.12244897959184	-0.147959183673469
			1.12755102040816	-0.147959183673469
			1.13265306122449	-0.147959183673469
			1.13775510204082	-0.147959183673469
			1.14285714285714	-0.147959183673469
			1.14795918367347	-0.147959183673469
			1.1530612244898	-0.147959183673469
			1.15816326530612	-0.147959183673469
			1.16326530612245	-0.147959183673469
			1.16836734693878	-0.147959183673469
			1.1734693877551	-0.147959183673469
			1.17857142857143	-0.147959183673469
			1.18367346938776	-0.147959183673469
			1.18877551020408	-0.147959183673469
			1.19387755102041	-0.147959183673469
			1.19897959183673	-0.147959183673469
			1.20408163265306	-0.147959183673469
			1.20918367346939	-0.147959183673469
			1.21428571428571	-0.147959183673469
			1.21938775510204	-0.147959183673469
			1.22448979591837	-0.147959183673469
			1.22959183673469	-0.147959183673469
			1.23469387755102	-0.147959183673469
			1.23979591836735	-0.147959183673469
			1.24489795918367	-0.147959183673469
			1.25	-0.147959183673469
			1.25510204081633	-0.147959183673469
			1.26020408163265	-0.147959183673469
			1.26530612244898	-0.147959183673469
			1.27040816326531	-0.147959183673469
			1.27551020408163	-0.147959183673469
			1.28061224489796	-0.147959183673469
			1.28571428571429	-0.147959183673469
			1.29081632653061	-0.147959183673469
			1.29591836734694	-0.142857142857143
			1.30102040816327	-0.142857142857143
			1.30612244897959	-0.142857142857143
			1.31122448979592	-0.142857142857143
			1.31632653061224	-0.142857142857143
			1.32142857142857	-0.142857142857143
			1.3265306122449	-0.142857142857143
			1.33163265306122	-0.142857142857143
			1.33673469387755	-0.142857142857143
			1.34183673469388	-0.142857142857143
			1.3469387755102	-0.142857142857143
			1.35204081632653	-0.137755102040816
			1.35714285714286	-0.137755102040816
			1.36224489795918	-0.137755102040816
			1.36734693877551	-0.137755102040816
			1.37244897959184	-0.137755102040816
			1.37755102040816	-0.137755102040816
			1.38265306122449	-0.137755102040816
			1.38775510204082	-0.137755102040816
			1.39285714285714	-0.137755102040816
			1.39795918367347	-0.137755102040816
			1.4030612244898	-0.137755102040816
			1.40816326530612	-0.137755102040816
			1.41326530612245	-0.137755102040816
			1.41836734693878	-0.137755102040816
			1.4234693877551	-0.142857142857143
			1.42857142857143	-0.142857142857143
			1.43367346938776	-0.142857142857143
			1.43877551020408	-0.142857142857143
			1.44387755102041	-0.147959183673469
			1.44897959183673	-0.147959183673469
			1.45408163265306	-0.147959183673469
			1.45918367346939	-0.147959183673469
			1.45918367346939	-0.153061224489796
			1.46428571428571	-0.153061224489796
			1.46938775510204	-0.153061224489796
			1.46938775510204	-0.158163265306122
			1.47448979591837	-0.158163265306122
			1.47959183673469	-0.158163265306122
			1.47959183673469	-0.163265306122449
			1.48469387755102	-0.163265306122449
			1.48979591836735	-0.168367346938776
			1.49489795918367	-0.173469387755102
			1.5	-0.178571428571429
			1.50510204081633	-0.183673469387755
			1.51020408163265	-0.188775510204082
			1.51530612244898	-0.193877551020408
			1.52040816326531	-0.198979591836735
			1.52551020408163	-0.204081632653061
			1.52551020408163	-0.209183673469388
			1.52551020408163	-0.214285714285714
			1.52040816326531	-0.219387755102041
			1.52040816326531	-0.224489795918367
			1.52040816326531	-0.229591836734694
			1.51530612244898	-0.23469387755102
			1.51530612244898	-0.239795918367347
			1.51530612244898	-0.244897959183673
			1.51020408163265	-0.25
			1.51020408163265	-0.255102040816327
			1.51020408163265	-0.260204081632653
			1.51020408163265	-0.26530612244898
			1.51020408163265	-0.270408163265306
			1.51020408163265	-0.275510204081633
			1.51020408163265	-0.280612244897959
			1.51020408163265	-0.285714285714286
			1.51020408163265	-0.290816326530612
			1.51530612244898	-0.295918367346939
			1.51530612244898	-0.301020408163265
			1.52040816326531	-0.306122448979592
			1.52551020408163	-0.311224489795918
			1.53061224489796	-0.316326530612245
			1.53571428571429	-0.316326530612245
			1.53571428571429	-0.321428571428571
			1.53571428571429	-0.326530612244898
			1.53571428571429	-0.331632653061224
			1.53571428571429	-0.336734693877551
			1.53571428571429	-0.341836734693878
			1.54081632653061	-0.346938775510204
			1.54081632653061	-0.352040816326531
			1.54081632653061	-0.357142857142857
			1.54081632653061	-0.362244897959184
			1.54081632653061	-0.36734693877551
			1.54591836734694	-0.372448979591837
			1.54591836734694	-0.377551020408163
			1.54591836734694	-0.38265306122449
			1.55102040816327	-0.387755102040816
			1.55102040816327	-0.392857142857143
			1.55612244897959	-0.397959183673469
			1.55612244897959	-0.403061224489796
			1.56122448979592	-0.408163265306122
			1.56122448979592	-0.413265306122449
			1.56632653061224	-0.418367346938775
			1.56632653061224	-0.423469387755102
			1.57142857142857	-0.423469387755102
			1.5765306122449	-0.428571428571429
			1.5765306122449	-0.433673469387755
			1.58163265306122	-0.438775510204082
			1.58673469387755	-0.438775510204082
			1.58673469387755	-0.443877551020408
			1.59183673469388	-0.448979591836735
			1.5969387755102	-0.448979591836735
			1.60204081632653	-0.454081632653061
			1.60714285714286	-0.454081632653061
			1.61224489795918	-0.459183673469388
			1.61734693877551	-0.459183673469388
			1.62244897959184	-0.464285714285714
			1.62755102040816	-0.464285714285714
			1.63265306122449	-0.464285714285714
			1.63775510204082	-0.469387755102041
			1.64285714285714	-0.469387755102041
			1.64795918367347	-0.469387755102041
			1.6530612244898	-0.474489795918367
			1.65816326530612	-0.474489795918367
			1.66326530612245	-0.474489795918367
			1.66836734693878	-0.479591836734694
			1.6734693877551	-0.479591836734694
			1.67857142857143	-0.479591836734694
			1.68367346938775	-0.48469387755102
			1.68877551020408	-0.489795918367347
			1.69387755102041	-0.494897959183673
			1.69897959183673	-0.494897959183673
			1.70408163265306	-0.5
			1.70918367346939	-0.5
			1.70918367346939	-0.505102040816326
			1.71428571428571	-0.510204081632653
			1.71938775510204	-0.510204081632653
			1.71938775510204	-0.51530612244898
			1.72448979591837	-0.520408163265306
			1.72959183673469	-0.525510204081633
			1.72959183673469	-0.530612244897959
			1.72959183673469	-0.535714285714286
			1.73469387755102	-0.540816326530612
			1.73469387755102	-0.545918367346939
			1.73469387755102	-0.551020408163265
			1.73979591836735	-0.556122448979592
			1.73979591836735	-0.561224489795918
			1.73979591836735	-0.566326530612245
			1.73979591836735	-0.571428571428571
			1.73979591836735	-0.576530612244898
			1.73979591836735	-0.581632653061224
			1.73979591836735	-0.586734693877551
			1.73979591836735	-0.591836734693878
			1.73979591836735	-0.596938775510204
			1.73979591836735	-0.602040816326531
			1.73469387755102	-0.607142857142857
			1.72959183673469	-0.612244897959184
			1.72448979591837	-0.61734693877551
			1.71938775510204	-0.622448979591837
			1.71428571428571	-0.627551020408163
			1.70918367346939	-0.627551020408163
			1.70408163265306	-0.63265306122449
			1.69897959183673	-0.637755102040816
			1.69387755102041	-0.642857142857143
			1.68877551020408	-0.647959183673469
			1.68367346938775	-0.647959183673469
			1.67857142857143	-0.653061224489796
			1.6734693877551	-0.658163265306122
			1.66836734693878	-0.663265306122449
			1.6734693877551	-0.663265306122449
			1.67857142857143	-0.658163265306122
			1.68367346938775	-0.658163265306122
			1.68877551020408	-0.658163265306122
			1.69387755102041	-0.653061224489796
			1.69897959183673	-0.653061224489796
			1.70408163265306	-0.653061224489796
			1.70918367346939	-0.653061224489796
			1.71428571428571	-0.647959183673469
			1.71938775510204	-0.647959183673469
			1.72448979591837	-0.647959183673469
			1.72959183673469	-0.647959183673469
			1.73469387755102	-0.642857142857143
			1.73979591836735	-0.642857142857143
			1.74489795918367	-0.642857142857143
			1.75	-0.642857142857143
			1.75510204081633	-0.642857142857143
			1.76020408163265	-0.642857142857143
			1.76530612244898	-0.637755102040816
			1.77040816326531	-0.637755102040816
			1.77551020408163	-0.637755102040816
			1.78061224489796	-0.637755102040816
			1.78571428571429	-0.637755102040816
			1.79081632653061	-0.637755102040816
			1.79591836734694	-0.637755102040816
			1.80102040816327	-0.637755102040816
			1.80612244897959	-0.637755102040816
			1.81122448979592	-0.63265306122449
			1.81632653061224	-0.63265306122449
			1.82142857142857	-0.63265306122449
			1.8265306122449	-0.63265306122449
			1.83163265306122	-0.63265306122449
			1.83673469387755	-0.63265306122449
			1.84183673469388	-0.63265306122449
			1.8469387755102	-0.63265306122449
			1.85204081632653	-0.637755102040816
			1.85714285714286	-0.637755102040816
			1.86224489795918	-0.637755102040816
			1.86734693877551	-0.637755102040816
			1.87244897959184	-0.637755102040816
			1.87755102040816	-0.637755102040816
			1.88265306122449	-0.637755102040816
			1.88775510204082	-0.642857142857143
			1.89285714285714	-0.642857142857143
			1.89795918367347	-0.642857142857143
			1.9030612244898	-0.642857142857143
			1.90816326530612	-0.647959183673469
			1.91326530612245	-0.647959183673469
			1.91836734693878	-0.647959183673469
			1.9234693877551	-0.653061224489796
			1.92857142857143	-0.653061224489796
			1.93367346938775	-0.658163265306122
			1.93877551020408	-0.658163265306122
			1.94387755102041	-0.663265306122449
			1.94897959183673	-0.668367346938775
			1.95408163265306	-0.668367346938775
			1.95918367346939	-0.673469387755102
			1.96428571428571	-0.678571428571428
			1.96938775510204	-0.678571428571428
			1.97448979591837	-0.683673469387755
			1.97959183673469	-0.688775510204082
			1.98469387755102	-0.693877551020408
			1.98979591836735	-0.693877551020408
			1.98979591836735	-0.698979591836735
			1.99489795918367	-0.698979591836735
			2	-0.698979591836735
			2	-0.704081632653061
			2.00510204081633	-0.704081632653061
			2.01020408163265	-0.704081632653061
			2.01530612244898	-0.709183673469388
			2.02040816326531	-0.709183673469388
			2.02551020408163	-0.714285714285714
			2.03061224489796	-0.719387755102041
			2.03571428571429	-0.719387755102041
			2.04081632653061	-0.724489795918367
			2.04591836734694	-0.729591836734694
			2.05102040816327	-0.73469387755102
			2.05612244897959	-0.739795918367347
			2.06122448979592	-0.744897959183673
			2.06122448979592	-0.75
			2.06632653061224	-0.755102040816326
			2.07142857142857	-0.760204081632653
			2.0765306122449	-0.76530612244898
			2.08163265306122	-0.770408163265306
			2.08163265306122	-0.775510204081633
			2.08673469387755	-0.780612244897959
			2.08673469387755	-0.785714285714286
			2.08673469387755	-0.790816326530612
			2.09183673469388	-0.790816326530612
			2.09183673469388	-0.795918367346939
			2.0969387755102	-0.801020408163265
			2.0969387755102	-0.806122448979592
			2.10204081632653	-0.811224489795918
			2.10204081632653	-0.816326530612245
			2.10714285714286	-0.821428571428571
			2.10714285714286	-0.826530612244898
			2.10714285714286	-0.831632653061224
			2.11224489795918	-0.836734693877551
			2.11224489795918	-0.841836734693877
			2.11734693877551	-0.846938775510204
			2.11734693877551	-0.852040816326531
			2.12244897959184	-0.857142857142857
			2.12244897959184	-0.862244897959184
			2.12244897959184	-0.86734693877551
			2.12755102040816	-0.872448979591837
			2.12755102040816	-0.877551020408163
		</suture>
		<anterior type=matrix rownames=FALSE colnames=FALSE nrow=285 ncol=2 as.numeric=TRUE >
			1.11734693877551	-0.147959183673469
			1.12244897959184	-0.147959183673469
			1.12755102040816	-0.147959183673469
			1.13265306122449	-0.147959183673469
			1.13775510204082	-0.147959183673469
			1.14285714285714	-0.147959183673469
			1.14795918367347	-0.147959183673469
			1.1530612244898	-0.147959183673469
			1.15816326530612	-0.147959183673469
			1.16326530612245	-0.147959183673469
			1.16836734693878	-0.147959183673469
			1.1734693877551	-0.147959183673469
			1.17857142857143	-0.147959183673469
			1.18367346938776	-0.147959183673469
			1.18877551020408	-0.147959183673469
			1.19387755102041	-0.147959183673469
			1.19897959183673	-0.147959183673469
			1.20408163265306	-0.147959183673469
			1.20918367346939	-0.147959183673469
			1.21428571428571	-0.147959183673469
			1.21938775510204	-0.147959183673469
			1.22448979591837	-0.147959183673469
			1.22959183673469	-0.147959183673469
			1.23469387755102	-0.147959183673469
			1.23979591836735	-0.147959183673469
			1.24489795918367	-0.147959183673469
			1.25	-0.147959183673469
			1.25510204081633	-0.147959183673469
			1.26020408163265	-0.147959183673469
			1.26530612244898	-0.147959183673469
			1.27040816326531	-0.147959183673469
			1.27551020408163	-0.147959183673469
			1.28061224489796	-0.147959183673469
			1.28571428571429	-0.147959183673469
			1.29081632653061	-0.147959183673469
			1.29591836734694	-0.142857142857143
			1.30102040816327	-0.142857142857143
			1.30612244897959	-0.142857142857143
			1.31122448979592	-0.142857142857143
			1.31632653061224	-0.142857142857143
			1.32142857142857	-0.142857142857143
			1.3265306122449	-0.142857142857143
			1.33163265306122	-0.142857142857143
			1.33673469387755	-0.142857142857143
			1.34183673469388	-0.142857142857143
			1.34183673469388	-0.137755102040816
			1.3469387755102	-0.137755102040816
			1.35204081632653	-0.137755102040816
			1.35714285714286	-0.137755102040816
			1.36224489795918	-0.137755102040816
			1.36734693877551	-0.137755102040816
			1.37244897959184	-0.137755102040816
			1.37755102040816	-0.137755102040816
			1.38265306122449	-0.137755102040816
			1.38775510204082	-0.13265306122449
			1.39285714285714	-0.13265306122449
			1.39795918367347	-0.13265306122449
			1.4030612244898	-0.13265306122449
			1.40816326530612	-0.13265306122449
			1.41326530612245	-0.13265306122449
			1.41836734693878	-0.13265306122449
			1.4234693877551	-0.137755102040816
			1.42857142857143	-0.137755102040816
			1.43367346938776	-0.137755102040816
			1.43877551020408	-0.137755102040816
			1.44387755102041	-0.137755102040816
			1.44897959183673	-0.137755102040816
			1.45408163265306	-0.137755102040816
			1.45918367346939	-0.137755102040816
			1.46428571428571	-0.137755102040816
			1.46938775510204	-0.137755102040816
			1.47448979591837	-0.142857142857143
			1.47959183673469	-0.142857142857143
			1.48469387755102	-0.142857142857143
			1.48979591836735	-0.142857142857143
			1.49489795918367	-0.142857142857143
			1.5	-0.142857142857143
			1.50510204081633	-0.147959183673469
			1.51020408163265	-0.147959183673469
			1.51530612244898	-0.147959183673469
			1.52040816326531	-0.147959183673469
			1.52551020408163	-0.147959183673469
			1.53061224489796	-0.153061224489796
			1.53571428571429	-0.153061224489796
			1.54081632653061	-0.153061224489796
			1.54591836734694	-0.153061224489796
			1.55102040816327	-0.158163265306122
			1.55612244897959	-0.158163265306122
			1.56122448979592	-0.158163265306122
			1.56632653061224	-0.163265306122449
			1.57142857142857	-0.163265306122449
			1.5765306122449	-0.163265306122449
			1.58163265306122	-0.163265306122449
			1.58673469387755	-0.168367346938776
			1.59183673469388	-0.168367346938776
			1.5969387755102	-0.168367346938776
			1.60204081632653	-0.173469387755102
			1.60714285714286	-0.173469387755102
			1.61224489795918	-0.173469387755102
			1.61734693877551	-0.178571428571429
			1.62244897959184	-0.178571428571429
			1.62755102040816	-0.178571428571429
			1.63265306122449	-0.178571428571429
			1.63265306122449	-0.183673469387755
			1.63775510204082	-0.183673469387755
			1.64285714285714	-0.183673469387755
			1.64795918367347	-0.188775510204082
			1.6530612244898	-0.188775510204082
			1.65816326530612	-0.193877551020408
			1.66326530612245	-0.193877551020408
			1.66836734693878	-0.193877551020408
			1.6734693877551	-0.198979591836735
			1.67857142857143	-0.198979591836735
			1.68367346938775	-0.198979591836735
			1.68877551020408	-0.204081632653061
			1.69387755102041	-0.204081632653061
			1.69897959183673	-0.204081632653061
			1.70408163265306	-0.204081632653061
			1.70918367346939	-0.209183673469388
			1.71428571428571	-0.209183673469388
			1.71938775510204	-0.209183673469388
			1.72448979591837	-0.214285714285714
			1.72959183673469	-0.214285714285714
			1.73469387755102	-0.214285714285714
			1.73979591836735	-0.219387755102041
			1.74489795918367	-0.219387755102041
			1.75	-0.219387755102041
			1.75510204081633	-0.219387755102041
			1.76020408163265	-0.224489795918367
			1.76530612244898	-0.224489795918367
			1.77040816326531	-0.224489795918367
			1.77551020408163	-0.229591836734694
			1.78061224489796	-0.229591836734694
			1.78571428571429	-0.23469387755102
			1.79081632653061	-0.23469387755102
			1.79591836734694	-0.239795918367347
			1.80102040816327	-0.239795918367347
			1.80612244897959	-0.239795918367347
			1.81122448979592	-0.244897959183673
			1.81632653061224	-0.244897959183673
			1.82142857142857	-0.25
			1.8265306122449	-0.25
			1.83163265306122	-0.25
			1.83673469387755	-0.255102040816327
			1.84183673469388	-0.260204081632653
			1.8469387755102	-0.260204081632653
			1.85204081632653	-0.26530612244898
			1.85714285714286	-0.26530612244898
			1.86224489795918	-0.270408163265306
			1.86734693877551	-0.270408163265306
			1.87244897959184	-0.275510204081633
			1.87244897959184	-0.280612244897959
			1.87755102040816	-0.280612244897959
			1.88265306122449	-0.285714285714286
			1.88775510204082	-0.285714285714286
			1.89285714285714	-0.290816326530612
			1.89795918367347	-0.295918367346939
			1.9030612244898	-0.301020408163265
			1.90816326530612	-0.306122448979592
			1.91326530612245	-0.311224489795918
			1.91836734693878	-0.316326530612245
			1.91836734693878	-0.321428571428571
			1.9234693877551	-0.321428571428571
			1.9234693877551	-0.326530612244898
			1.92857142857143	-0.331632653061224
			1.93367346938775	-0.336734693877551
			1.93877551020408	-0.341836734693878
			1.93877551020408	-0.346938775510204
			1.94387755102041	-0.352040816326531
			1.94897959183673	-0.357142857142857
			1.95408163265306	-0.362244897959184
			1.95918367346939	-0.36734693877551
			1.96428571428571	-0.36734693877551
			1.96428571428571	-0.372448979591837
			1.96938775510204	-0.377551020408163
			1.97448979591837	-0.38265306122449
			1.97959183673469	-0.387755102040816
			1.97959183673469	-0.392857142857143
			1.98469387755102	-0.397959183673469
			1.98979591836735	-0.403061224489796
			1.98979591836735	-0.408163265306122
			1.99489795918367	-0.408163265306122
			2	-0.413265306122449
			2	-0.418367346938775
			2.00510204081633	-0.423469387755102
			2.01020408163265	-0.428571428571429
			2.01020408163265	-0.433673469387755
			2.01530612244898	-0.433673469387755
			2.01530612244898	-0.438775510204082
			2.02040816326531	-0.443877551020408
			2.02551020408163	-0.448979591836735
			2.02551020408163	-0.454081632653061
			2.03061224489796	-0.454081632653061
			2.03061224489796	-0.459183673469388
			2.03571428571429	-0.464285714285714
			2.03571428571429	-0.469387755102041
			2.04081632653061	-0.469387755102041
			2.04081632653061	-0.474489795918367
			2.04591836734694	-0.479591836734694
			2.04591836734694	-0.48469387755102
			2.05102040816327	-0.48469387755102
			2.05102040816327	-0.489795918367347
			2.05612244897959	-0.494897959183673
			2.05612244897959	-0.5
			2.06122448979592	-0.505102040816326
			2.06632653061224	-0.510204081632653
			2.07142857142857	-0.51530612244898
			2.07142857142857	-0.520408163265306
			2.0765306122449	-0.525510204081633
			2.08163265306122	-0.530612244897959
			2.08163265306122	-0.535714285714286
			2.08673469387755	-0.540816326530612
			2.09183673469388	-0.545918367346939
			2.09183673469388	-0.551020408163265
			2.0969387755102	-0.556122448979592
			2.10204081632653	-0.561224489795918
			2.10204081632653	-0.566326530612245
			2.10714285714286	-0.571428571428571
			2.11224489795918	-0.576530612244898
			2.11224489795918	-0.581632653061224
			2.11734693877551	-0.586734693877551
			2.11734693877551	-0.591836734693878
			2.12244897959184	-0.596938775510204
			2.12755102040816	-0.602040816326531
			2.12755102040816	-0.607142857142857
			2.13265306122449	-0.612244897959184
			2.13265306122449	-0.61734693877551
			2.13775510204082	-0.622448979591837
			2.14285714285714	-0.627551020408163
			2.14285714285714	-0.63265306122449
			2.14795918367347	-0.637755102040816
			2.14795918367347	-0.642857142857143
			2.1530612244898	-0.642857142857143
			2.1530612244898	-0.647959183673469
			2.15816326530612	-0.653061224489796
			2.15816326530612	-0.658163265306122
			2.16326530612245	-0.663265306122449
			2.16836734693878	-0.668367346938775
			2.16836734693878	-0.673469387755102
			2.16836734693878	-0.678571428571428
			2.1734693877551	-0.683673469387755
			2.1734693877551	-0.688775510204082
			2.1734693877551	-0.693877551020408
			2.1734693877551	-0.698979591836735
			2.1734693877551	-0.704081632653061
			2.17857142857143	-0.709183673469388
			2.17857142857143	-0.714285714285714
			2.17857142857143	-0.719387755102041
			2.17857142857143	-0.724489795918367
			2.17857142857143	-0.729591836734694
			2.18367346938776	-0.73469387755102
			2.18367346938776	-0.739795918367347
			2.18367346938776	-0.744897959183673
			2.18367346938776	-0.75
			2.18367346938776	-0.755102040816326
			2.18367346938776	-0.760204081632653
			2.18367346938776	-0.76530612244898
			2.18367346938776	-0.770408163265306
			2.18367346938776	-0.775510204081633
			2.18877551020408	-0.775510204081633
			2.18877551020408	-0.780612244897959
			2.18877551020408	-0.785714285714286
			2.18877551020408	-0.790816326530612
			2.18877551020408	-0.795918367346939
			2.18877551020408	-0.801020408163265
			2.18367346938776	-0.806122448979592
			2.18367346938776	-0.811224489795918
			2.18367346938776	-0.816326530612245
			2.18367346938776	-0.821428571428571
			2.18367346938776	-0.826530612244898
			2.18367346938776	-0.831632653061224
			2.17857142857143	-0.836734693877551
			2.17857142857143	-0.841836734693877
			2.1734693877551	-0.846938775510204
			2.1734693877551	-0.852040816326531
			2.16836734693878	-0.857142857142857
			2.16326530612245	-0.862244897959184
			2.16326530612245	-0.86734693877551
			2.15816326530612	-0.86734693877551
			2.1530612244898	-0.872448979591837
			2.14795918367347	-0.872448979591837
			2.14285714285714	-0.877551020408163
			2.13775510204082	-0.877551020408163
			2.13265306122449	-0.877551020408163
			2.12755102040816	-0.877551020408163
		</anterior>
		<posterior type=matrix rownames=FALSE colnames=FALSE nrow=214 ncol=2 as.numeric=TRUE >
			1.07142857142857	-1.05612244897959
			1.0765306122449	-1.05612244897959
			1.08163265306122	-1.05612244897959
			1.08673469387755	-1.05612244897959
			1.09183673469388	-1.05612244897959
			1.0969387755102	-1.05612244897959
			1.10204081632653	-1.05612244897959
			1.10714285714286	-1.05612244897959
			1.11224489795918	-1.05612244897959
			1.11734693877551	-1.05612244897959
			1.12244897959184	-1.05612244897959
			1.12755102040816	-1.05612244897959
			1.13265306122449	-1.05612244897959
			1.13775510204082	-1.05612244897959
			1.14285714285714	-1.05612244897959
			1.14795918367347	-1.05612244897959
			1.1530612244898	-1.05612244897959
			1.15816326530612	-1.05612244897959
			1.16326530612245	-1.05612244897959
			1.16836734693878	-1.05612244897959
			1.1734693877551	-1.05612244897959
			1.17857142857143	-1.05612244897959
			1.18367346938776	-1.05612244897959
			1.18877551020408	-1.05612244897959
			1.19387755102041	-1.05612244897959
			1.19897959183673	-1.05102040816327
			1.20408163265306	-1.05102040816327
			1.20918367346939	-1.05102040816327
			1.21428571428571	-1.05102040816327
			1.21938775510204	-1.05102040816327
			1.22448979591837	-1.05102040816327
			1.22959183673469	-1.05102040816327
			1.23469387755102	-1.04591836734694
			1.23979591836735	-1.04591836734694
			1.24489795918367	-1.04591836734694
			1.25	-1.04591836734694
			1.25510204081633	-1.04591836734694
			1.26020408163265	-1.04591836734694
			1.26020408163265	-1.04081632653061
			1.26530612244898	-1.04081632653061
			1.27040816326531	-1.04081632653061
			1.27551020408163	-1.04081632653061
			1.28061224489796	-1.04081632653061
			1.28571428571429	-1.03571428571429
			1.29081632653061	-1.03571428571429
			1.29591836734694	-1.03571428571429
			1.30102040816327	-1.03571428571429
			1.30612244897959	-1.03571428571429
			1.31122448979592	-1.03061224489796
			1.31632653061224	-1.03061224489796
			1.32142857142857	-1.03061224489796
			1.3265306122449	-1.02551020408163
			1.33163265306122	-1.02551020408163
			1.33673469387755	-1.02551020408163
			1.34183673469388	-1.02551020408163
			1.34183673469388	-1.02040816326531
			1.3469387755102	-1.02040816326531
			1.35204081632653	-1.01530612244898
			1.35714285714286	-1.01020408163265
			1.35714285714286	-1.00510204081633
			1.36224489795918	-1
			1.36734693877551	-1
			1.37244897959184	-0.994897959183673
			1.37244897959184	-0.989795918367347
			1.37755102040816	-0.989795918367347
			1.38265306122449	-0.98469387755102
			1.38775510204082	-0.979591836734694
			1.39285714285714	-0.979591836734694
			1.39795918367347	-0.974489795918367
			1.39795918367347	-0.969387755102041
			1.4030612244898	-0.969387755102041
			1.40816326530612	-0.964285714285714
			1.41326530612245	-0.964285714285714
			1.41836734693878	-0.959183673469388
			1.4234693877551	-0.959183673469388
			1.42857142857143	-0.954081632653061
			1.43367346938776	-0.954081632653061
			1.43877551020408	-0.954081632653061
			1.44387755102041	-0.948979591836735
			1.44897959183673	-0.948979591836735
			1.45408163265306	-0.948979591836735
			1.45918367346939	-0.943877551020408
			1.46428571428571	-0.943877551020408
			1.46938775510204	-0.943877551020408
			1.47448979591837	-0.943877551020408
			1.47959183673469	-0.943877551020408
			1.48469387755102	-0.938775510204082
			1.48979591836735	-0.938775510204082
			1.49489795918367	-0.938775510204082
			1.5	-0.938775510204082
			1.50510204081633	-0.938775510204082
			1.51020408163265	-0.938775510204082
			1.51530612244898	-0.938775510204082
			1.52040816326531	-0.933673469387755
			1.52551020408163	-0.933673469387755
			1.53061224489796	-0.933673469387755
			1.53571428571429	-0.933673469387755
			1.54081632653061	-0.933673469387755
			1.54591836734694	-0.933673469387755
			1.55102040816327	-0.933673469387755
			1.55612244897959	-0.933673469387755
			1.56122448979592	-0.933673469387755
			1.56632653061224	-0.933673469387755
			1.57142857142857	-0.933673469387755
			1.5765306122449	-0.933673469387755
			1.58163265306122	-0.928571428571428
			1.58673469387755	-0.928571428571428
			1.59183673469388	-0.928571428571428
			1.5969387755102	-0.928571428571428
			1.60204081632653	-0.928571428571428
			1.60714285714286	-0.928571428571428
			1.61224489795918	-0.928571428571428
			1.61734693877551	-0.928571428571428
			1.62244897959184	-0.928571428571428
			1.62755102040816	-0.928571428571428
			1.63265306122449	-0.928571428571428
			1.63775510204082	-0.928571428571428
			1.64285714285714	-0.928571428571428
			1.64795918367347	-0.928571428571428
			1.6530612244898	-0.928571428571428
			1.65816326530612	-0.928571428571428
			1.66326530612245	-0.928571428571428
			1.66836734693878	-0.928571428571428
			1.6734693877551	-0.928571428571428
			1.67857142857143	-0.928571428571428
			1.68367346938775	-0.928571428571428
			1.68877551020408	-0.928571428571428
			1.69387755102041	-0.928571428571428
			1.69897959183673	-0.928571428571428
			1.70408163265306	-0.928571428571428
			1.70918367346939	-0.928571428571428
			1.71428571428571	-0.933673469387755
			1.71938775510204	-0.933673469387755
			1.72448979591837	-0.933673469387755
			1.72959183673469	-0.933673469387755
			1.73469387755102	-0.933673469387755
			1.73979591836735	-0.933673469387755
			1.74489795918367	-0.933673469387755
			1.75	-0.933673469387755
			1.75510204081633	-0.933673469387755
			1.76020408163265	-0.933673469387755
			1.76530612244898	-0.933673469387755
			1.77040816326531	-0.933673469387755
			1.77551020408163	-0.933673469387755
			1.78061224489796	-0.938775510204082
			1.78571428571429	-0.938775510204082
			1.79081632653061	-0.938775510204082
			1.79591836734694	-0.938775510204082
			1.80102040816327	-0.938775510204082
			1.80612244897959	-0.938775510204082
			1.81122448979592	-0.938775510204082
			1.81632653061224	-0.938775510204082
			1.82142857142857	-0.938775510204082
			1.8265306122449	-0.938775510204082
			1.83163265306122	-0.938775510204082
			1.83673469387755	-0.938775510204082
			1.84183673469388	-0.938775510204082
			1.8469387755102	-0.938775510204082
			1.85204081632653	-0.938775510204082
			1.85714285714286	-0.938775510204082
			1.86224489795918	-0.938775510204082
			1.86734693877551	-0.938775510204082
			1.87244897959184	-0.938775510204082
			1.87755102040816	-0.938775510204082
			1.88265306122449	-0.938775510204082
			1.88775510204082	-0.938775510204082
			1.89285714285714	-0.943877551020408
			1.89795918367347	-0.943877551020408
			1.9030612244898	-0.943877551020408
			1.90816326530612	-0.943877551020408
			1.91326530612245	-0.943877551020408
			1.91836734693878	-0.943877551020408
			1.9234693877551	-0.943877551020408
			1.92857142857143	-0.948979591836735
			1.93367346938775	-0.948979591836735
			1.93877551020408	-0.948979591836735
			1.94387755102041	-0.948979591836735
			1.94897959183673	-0.948979591836735
			1.95408163265306	-0.948979591836735
			1.95918367346939	-0.948979591836735
			1.96428571428571	-0.948979591836735
			1.96938775510204	-0.948979591836735
			1.97448979591837	-0.948979591836735
			1.97959183673469	-0.948979591836735
			1.98469387755102	-0.948979591836735
			1.98979591836735	-0.948979591836735
			1.99489795918367	-0.943877551020408
			2	-0.943877551020408
			2.00510204081633	-0.943877551020408
			2.01020408163265	-0.943877551020408
			2.01530612244898	-0.943877551020408
			2.02040816326531	-0.943877551020408
			2.02551020408163	-0.938775510204082
			2.03061224489796	-0.938775510204082
			2.03571428571429	-0.938775510204082
			2.04081632653061	-0.938775510204082
			2.04591836734694	-0.933673469387755
			2.05102040816327	-0.933673469387755
			2.05612244897959	-0.933673469387755
			2.05612244897959	-0.928571428571428
			2.06122448979592	-0.928571428571428
			2.06632653061224	-0.923469387755102
			2.07142857142857	-0.923469387755102
			2.0765306122449	-0.923469387755102
			2.08163265306122	-0.918367346938775
			2.08673469387755	-0.913265306122449
			2.09183673469388	-0.913265306122449
			2.0969387755102	-0.908163265306122
			2.10204081632653	-0.903061224489796
			2.10714285714286	-0.897959183673469
			2.11224489795918	-0.892857142857143
			2.11734693877551	-0.887755102040816
			2.12244897959184	-0.88265306122449
			2.12755102040816	-0.877551020408163
		</posterior>
	</curves.scaled>
	<ruler.points type=matrix rownames=TRUE colnames=FALSE nrow=2 ncol=2 as.numeric=TRUE >
		Ruler point 1	97	568
		Ruler point 2	293	568
	</ruler.points>
</shapes>

