<shapes type=list>
	<ruler.pixel type=vector names=FALSE length=1 as.numeric=TRUE >80</ruler.pixel>
	<ruler.interval type=vector names=FALSE length=1 as.numeric=TRUE >3.4</ruler.interval>
	<scaling.units type=vector names=FALSE length=1 as.numeric=FALSE >mm</scaling.units>
	<scaling type=vector names=FALSE length=1 as.numeric=TRUE >0.0425</scaling>
	<landmarks.pixel type=matrix rownames=TRUE colnames=FALSE nrow=16 ncol=2 as.numeric=TRUE >
		LM1	441	196
		LM2	441	210
		LM3	441	295
		LM4	441	312
		LM5	479	280
		LM6	478	291
		LM7	478	297
		LM8	485	224
		LM9	492	240
		LM10	441	196
		LM11	517	288
		LM12	520	300
		LM13	441	196
		LM14	496	229
		LM15	562	312
		LM16	569	333
	</landmarks.pixel>
	<landmarks.scaled type=matrix rownames=TRUE colnames=FALSE nrow=16 ncol=2 as.numeric=TRUE >
		LM1	18.7425	-8.33
		LM2	18.7425	-8.925
		LM3	18.7425	-12.5375
		LM4	18.7425	-13.26
		LM5	20.3575	-11.9
		LM6	20.315	-12.3675
		LM7	20.315	-12.6225
		LM8	20.6125	-9.52
		LM9	20.91	-10.2
		LM10	18.7425	-8.33
		LM11	21.9725	-12.24
		LM12	22.1	-12.75
		LM13	18.7425	-8.33
		LM14	21.08	-9.7325
		LM15	23.885	-13.26
		LM16	24.1825	-14.1525
	</landmarks.scaled>
	<curves.control type=list>
		<glabella type=matrix rownames=FALSE colnames=FALSE nrow=3 ncol=2 as.numeric=TRUE >
			441	210
			486	208
			478	297
		</glabella>
		<suture type=matrix rownames=FALSE colnames=FALSE nrow=13 ncol=2 as.numeric=TRUE >
			441	196
			467	195
			474	204
			478	208
			484	223
			503	227
			492	240
			491	246
			496	253
			505	268
			512	278
			518	288
			520	300
		</suture>
		<anterior type=matrix rownames=FALSE colnames=FALSE nrow=9 ncol=2 as.numeric=TRUE >
			441	196
			467	195
			514	210
			535	222
			541	228
			556	241
			553	284
			554	303
			562	312
		</anterior>
		<posterior type=matrix rownames=FALSE colnames=FALSE nrow=15 ncol=2 as.numeric=TRUE >
			441	312
			452	312
			471	307
			476	303
			479	297
			481	300
			508	300
			535	299
			541	301
			552	308
			561	321
			564	327
			568	333
			572	336
			562	312
		</posterior>
	</curves.control>
	<curves.pixel type=list>
		<glabella type=matrix rownames=FALSE colnames=FALSE nrow=105 ncol=2 as.numeric=TRUE >
			441	210
			442	210
			443	210
			444	210
			445	210
			446	210
			447	210
			448	210
			449	210
			450	211
			451	211
			452	211
			453	211
			454	212
			455	212
			456	212
			457	213
			458	213
			459	214
			460	214
			461	215
			462	216
			463	217
			464	218
			465	219
			466	220
			467	220
			467	221
			468	222
			469	223
			469	224
			470	225
			470	226
			471	227
			471	228
			472	229
			472	230
			473	231
			473	232
			474	233
			474	234
			474	235
			475	236
			475	237
			475	238
			476	239
			476	240
			476	241
			476	242
			477	243
			477	244
			477	245
			477	246
			477	247
			477	248
			478	249
			478	250
			478	251
			478	252
			478	253
			478	254
			478	255
			478	256
			479	257
			479	258
			479	259
			479	260
			479	261
			479	262
			479	263
			479	264
			479	265
			479	266
			479	267
			479	268
			479	269
			479	270
			479	271
			479	272
			479	273
			479	274
			479	275
			479	276
			479	277
			479	278
			479	279
			479	280
			479	281
			479	282
			479	283
			479	284
			479	285
			479	286
			479	287
			479	288
			479	289
			479	290
			479	291
			478	291
			478	292
			478	293
			478	294
			478	295
			478	296
			478	297
		</glabella>
		<suture type=matrix rownames=FALSE colnames=FALSE nrow=142 ncol=2 as.numeric=TRUE >
			441	196
			442	196
			443	196
			444	196
			445	196
			446	196
			447	196
			448	196
			449	196
			450	196
			451	196
			452	196
			453	196
			454	196
			455	196
			456	196
			457	196
			457	197
			458	197
			459	197
			460	197
			461	197
			462	198
			463	198
			464	198
			465	198
			466	198
			466	199
			467	199
			468	199
			468	200
			469	200
			470	201
			471	201
			472	202
			473	203
			474	204
			475	205
			476	206
			476	207
			477	208
			478	209
			478	210
			479	211
			479	212
			480	213
			480	214
			480	215
			481	216
			481	217
			482	217
			482	218
			482	219
			483	220
			483	221
			484	222
			485	223
			486	223
			487	224
			488	224
			489	225
			490	225
			491	225
			492	226
			493	226
			493	227
			494	227
			495	228
			495	229
			496	230
			496	231
			496	232
			496	233
			496	234
			495	235
			495	236
			494	237
			494	238
			493	239
			492	240
			492	241
			492	242
			492	243
			492	244
			492	245
			492	246
			493	247
			493	248
			493	249
			494	250
			495	251
			495	252
			496	253
			497	254
			497	255
			498	256
			498	257
			499	258
			500	259
			500	260
			501	261
			501	262
			502	263
			502	264
			503	264
			504	265
			504	266
			505	267
			505	268
			506	268
			506	269
			507	270
			507	271
			508	272
			509	273
			510	274
			510	275
			511	276
			511	277
			512	278
			513	279
			513	280
			514	281
			514	282
			515	283
			515	284
			516	285
			516	286
			516	287
			517	288
			517	289
			518	290
			518	291
			518	292
			519	293
			519	294
			519	295
			519	296
			519	297
			520	298
			520	299
			520	300
		</suture>
		<anterior type=matrix rownames=FALSE colnames=FALSE nrow=193 ncol=2 as.numeric=TRUE >
			441	196
			442	196
			443	196
			444	196
			445	196
			446	196
			447	196
			448	196
			449	196
			450	196
			451	196
			452	196
			453	196
			454	196
			455	196
			456	197
			457	197
			458	197
			459	197
			460	197
			461	197
			462	197
			463	197
			463	198
			464	198
			465	198
			466	198
			467	198
			468	198
			469	198
			470	199
			471	199
			472	199
			473	199
			474	199
			475	200
			476	200
			477	200
			478	200
			479	200
			480	201
			481	201
			482	201
			483	201
			484	201
			484	202
			485	202
			486	202
			487	202
			488	203
			489	203
			490	203
			491	203
			492	203
			493	204
			494	204
			495	204
			496	205
			497	205
			498	205
			499	206
			500	206
			501	206
			502	206
			503	207
			504	207
			505	207
			506	208
			507	208
			508	208
			509	209
			510	209
			511	209
			512	209
			513	210
			514	210
			515	210
			515	211
			516	211
			517	212
			518	212
			519	213
			520	214
			521	214
			522	215
			523	215
			524	216
			525	216
			526	217
			527	218
			528	218
			528	219
			529	219
			530	220
			531	220
			531	221
			532	221
			533	222
			534	222
			534	223
			535	223
			536	224
			537	225
			538	225
			539	226
			540	227
			541	228
			542	229
			543	230
			544	231
			545	232
			545	233
			546	234
			546	235
			547	235
			547	236
			548	237
			548	238
			548	239
			549	240
			549	241
			550	242
			550	243
			550	244
			551	245
			551	246
			551	247
			551	248
			552	249
			552	250
			552	251
			552	252
			552	253
			552	254
			553	255
			553	256
			553	257
			553	258
			553	259
			553	260
			553	261
			553	262
			553	263
			553	264
			553	265
			553	266
			553	267
			553	268
			553	269
			553	270
			553	271
			553	272
			553	273
			553	274
			553	275
			553	276
			553	277
			553	278
			553	279
			553	280
			553	281
			553	282
			553	283
			553	284
			553	285
			553	286
			553	287
			553	288
			553	289
			554	290
			554	291
			554	292
			554	293
			554	294
			554	295
			555	296
			555	297
			555	298
			555	299
			555	300
			556	300
			556	301
			556	302
			557	303
			557	304
			557	305
			558	306
			559	307
			559	308
			560	309
			561	310
			561	311
			562	312
		</anterior>
		<posterior type=matrix rownames=FALSE colnames=FALSE nrow=163 ncol=2 as.numeric=TRUE >
			441	312
			442	312
			443	312
			444	312
			445	312
			446	312
			447	312
			448	312
			449	311
			450	311
			451	311
			452	311
			453	311
			454	311
			455	311
			456	310
			457	310
			458	310
			459	310
			460	310
			461	309
			462	309
			463	309
			464	309
			465	309
			466	308
			467	308
			468	308
			469	307
			470	307
			471	307
			472	306
			473	305
			474	304
			475	303
			476	302
			477	301
			478	300
			478	299
			478	298
			479	297
			480	298
			481	298
			482	298
			483	299
			484	299
			485	299
			486	299
			487	299
			488	299
			489	299
			490	299
			491	300
			492	300
			493	300
			494	300
			495	300
			496	300
			497	300
			498	300
			499	300
			500	300
			501	300
			502	300
			503	300
			504	300
			505	300
			506	300
			507	300
			508	300
			509	300
			510	300
			511	300
			512	300
			513	300
			514	300
			515	300
			516	300
			517	300
			518	300
			519	300
			520	300
			521	300
			522	300
			523	300
			524	300
			525	300
			526	300
			527	300
			528	300
			529	300
			530	300
			531	300
			532	300
			533	300
			534	300
			535	300
			536	300
			537	300
			538	300
			539	301
			540	301
			541	301
			542	302
			543	302
			544	303
			545	303
			545	304
			546	305
			547	305
			548	306
			549	307
			549	308
			550	308
			551	309
			552	310
			553	311
			554	312
			555	313
			556	314
			557	315
			557	316
			558	317
			559	318
			560	319
			560	320
			561	321
			561	322
			562	322
			562	323
			563	324
			563	325
			564	326
			564	327
			565	328
			566	329
			566	330
			567	331
			567	332
			568	333
			569	333
			569	332
			569	331
			569	330
			568	329
			568	328
			568	327
			567	326
			567	325
			567	324
			566	323
			566	322
			566	321
			565	320
			565	319
			564	318
			564	317
			564	316
			563	316
			563	315
			563	314
			562	313
			562	312
		</posterior>
	</curves.pixel>
	<curves.scaled type=list>
		<glabella type=matrix rownames=FALSE colnames=FALSE nrow=105 ncol=2 as.numeric=TRUE >
			18.7425	-8.925
			18.785	-8.925
			18.8275	-8.925
			18.87	-8.925
			18.9125	-8.925
			18.955	-8.925
			18.9975	-8.925
			19.04	-8.925
			19.0825	-8.925
			19.125	-8.9675
			19.1675	-8.9675
			19.21	-8.9675
			19.2525	-8.9675
			19.295	-9.01
			19.3375	-9.01
			19.38	-9.01
			19.4225	-9.0525
			19.465	-9.0525
			19.5075	-9.095
			19.55	-9.095
			19.5925	-9.1375
			19.635	-9.18
			19.6775	-9.2225
			19.72	-9.265
			19.7625	-9.3075
			19.805	-9.35
			19.8475	-9.35
			19.8475	-9.3925
			19.89	-9.435
			19.9325	-9.4775
			19.9325	-9.52
			19.975	-9.5625
			19.975	-9.605
			20.0175	-9.6475
			20.0175	-9.69
			20.06	-9.7325
			20.06	-9.775
			20.1025	-9.8175
			20.1025	-9.86
			20.145	-9.9025
			20.145	-9.945
			20.145	-9.9875
			20.1875	-10.03
			20.1875	-10.0725
			20.1875	-10.115
			20.23	-10.1575
			20.23	-10.2
			20.23	-10.2425
			20.23	-10.285
			20.2725	-10.3275
			20.2725	-10.37
			20.2725	-10.4125
			20.2725	-10.455
			20.2725	-10.4975
			20.2725	-10.54
			20.315	-10.5825
			20.315	-10.625
			20.315	-10.6675
			20.315	-10.71
			20.315	-10.7525
			20.315	-10.795
			20.315	-10.8375
			20.315	-10.88
			20.3575	-10.9225
			20.3575	-10.965
			20.3575	-11.0075
			20.3575	-11.05
			20.3575	-11.0925
			20.3575	-11.135
			20.3575	-11.1775
			20.3575	-11.22
			20.3575	-11.2625
			20.3575	-11.305
			20.3575	-11.3475
			20.3575	-11.39
			20.3575	-11.4325
			20.3575	-11.475
			20.3575	-11.5175
			20.3575	-11.56
			20.3575	-11.6025
			20.3575	-11.645
			20.3575	-11.6875
			20.3575	-11.73
			20.3575	-11.7725
			20.3575	-11.815
			20.3575	-11.8575
			20.3575	-11.9
			20.3575	-11.9425
			20.3575	-11.985
			20.3575	-12.0275
			20.3575	-12.07
			20.3575	-12.1125
			20.3575	-12.155
			20.3575	-12.1975
			20.3575	-12.24
			20.3575	-12.2825
			20.3575	-12.325
			20.3575	-12.3675
			20.315	-12.3675
			20.315	-12.41
			20.315	-12.4525
			20.315	-12.495
			20.315	-12.5375
			20.315	-12.58
			20.315	-12.6225
		</glabella>
		<suture type=matrix rownames=FALSE colnames=FALSE nrow=142 ncol=2 as.numeric=TRUE >
			18.7425	-8.33
			18.785	-8.33
			18.8275	-8.33
			18.87	-8.33
			18.9125	-8.33
			18.955	-8.33
			18.9975	-8.33
			19.04	-8.33
			19.0825	-8.33
			19.125	-8.33
			19.1675	-8.33
			19.21	-8.33
			19.2525	-8.33
			19.295	-8.33
			19.3375	-8.33
			19.38	-8.33
			19.4225	-8.33
			19.4225	-8.3725
			19.465	-8.3725
			19.5075	-8.3725
			19.55	-8.3725
			19.5925	-8.3725
			19.635	-8.415
			19.6775	-8.415
			19.72	-8.415
			19.7625	-8.415
			19.805	-8.415
			19.805	-8.4575
			19.8475	-8.4575
			19.89	-8.4575
			19.89	-8.5
			19.9325	-8.5
			19.975	-8.5425
			20.0175	-8.5425
			20.06	-8.585
			20.1025	-8.6275
			20.145	-8.67
			20.1875	-8.7125
			20.23	-8.755
			20.23	-8.7975
			20.2725	-8.84
			20.315	-8.8825
			20.315	-8.925
			20.3575	-8.9675
			20.3575	-9.01
			20.4	-9.0525
			20.4	-9.095
			20.4	-9.1375
			20.4425	-9.18
			20.4425	-9.2225
			20.485	-9.2225
			20.485	-9.265
			20.485	-9.3075
			20.5275	-9.35
			20.5275	-9.3925
			20.57	-9.435
			20.6125	-9.4775
			20.655	-9.4775
			20.6975	-9.52
			20.74	-9.52
			20.7825	-9.5625
			20.825	-9.5625
			20.8675	-9.5625
			20.91	-9.605
			20.9525	-9.605
			20.9525	-9.6475
			20.995	-9.6475
			21.0375	-9.69
			21.0375	-9.7325
			21.08	-9.775
			21.08	-9.8175
			21.08	-9.86
			21.08	-9.9025
			21.08	-9.945
			21.0375	-9.9875
			21.0375	-10.03
			20.995	-10.0725
			20.995	-10.115
			20.9525	-10.1575
			20.91	-10.2
			20.91	-10.2425
			20.91	-10.285
			20.91	-10.3275
			20.91	-10.37
			20.91	-10.4125
			20.91	-10.455
			20.9525	-10.4975
			20.9525	-10.54
			20.9525	-10.5825
			20.995	-10.625
			21.0375	-10.6675
			21.0375	-10.71
			21.08	-10.7525
			21.1225	-10.795
			21.1225	-10.8375
			21.165	-10.88
			21.165	-10.9225
			21.2075	-10.965
			21.25	-11.0075
			21.25	-11.05
			21.2925	-11.0925
			21.2925	-11.135
			21.335	-11.1775
			21.335	-11.22
			21.3775	-11.22
			21.42	-11.2625
			21.42	-11.305
			21.4625	-11.3475
			21.4625	-11.39
			21.505	-11.39
			21.505	-11.4325
			21.5475	-11.475
			21.5475	-11.5175
			21.59	-11.56
			21.6325	-11.6025
			21.675	-11.645
			21.675	-11.6875
			21.7175	-11.73
			21.7175	-11.7725
			21.76	-11.815
			21.8025	-11.8575
			21.8025	-11.9
			21.845	-11.9425
			21.845	-11.985
			21.8875	-12.0275
			21.8875	-12.07
			21.93	-12.1125
			21.93	-12.155
			21.93	-12.1975
			21.9725	-12.24
			21.9725	-12.2825
			22.015	-12.325
			22.015	-12.3675
			22.015	-12.41
			22.0575	-12.4525
			22.0575	-12.495
			22.0575	-12.5375
			22.0575	-12.58
			22.0575	-12.6225
			22.1	-12.665
			22.1	-12.7075
			22.1	-12.75
		</suture>
		<anterior type=matrix rownames=FALSE colnames=FALSE nrow=193 ncol=2 as.numeric=TRUE >
			18.7425	-8.33
			18.785	-8.33
			18.8275	-8.33
			18.87	-8.33
			18.9125	-8.33
			18.955	-8.33
			18.9975	-8.33
			19.04	-8.33
			19.0825	-8.33
			19.125	-8.33
			19.1675	-8.33
			19.21	-8.33
			19.2525	-8.33
			19.295	-8.33
			19.3375	-8.33
			19.38	-8.3725
			19.4225	-8.3725
			19.465	-8.3725
			19.5075	-8.3725
			19.55	-8.3725
			19.5925	-8.3725
			19.635	-8.3725
			19.6775	-8.3725
			19.6775	-8.415
			19.72	-8.415
			19.7625	-8.415
			19.805	-8.415
			19.8475	-8.415
			19.89	-8.415
			19.9325	-8.415
			19.975	-8.4575
			20.0175	-8.4575
			20.06	-8.4575
			20.1025	-8.4575
			20.145	-8.4575
			20.1875	-8.5
			20.23	-8.5
			20.2725	-8.5
			20.315	-8.5
			20.3575	-8.5
			20.4	-8.5425
			20.4425	-8.5425
			20.485	-8.5425
			20.5275	-8.5425
			20.57	-8.5425
			20.57	-8.585
			20.6125	-8.585
			20.655	-8.585
			20.6975	-8.585
			20.74	-8.6275
			20.7825	-8.6275
			20.825	-8.6275
			20.8675	-8.6275
			20.91	-8.6275
			20.9525	-8.67
			20.995	-8.67
			21.0375	-8.67
			21.08	-8.7125
			21.1225	-8.7125
			21.165	-8.7125
			21.2075	-8.755
			21.25	-8.755
			21.2925	-8.755
			21.335	-8.755
			21.3775	-8.7975
			21.42	-8.7975
			21.4625	-8.7975
			21.505	-8.84
			21.5475	-8.84
			21.59	-8.84
			21.6325	-8.8825
			21.675	-8.8825
			21.7175	-8.8825
			21.76	-8.8825
			21.8025	-8.925
			21.845	-8.925
			21.8875	-8.925
			21.8875	-8.9675
			21.93	-8.9675
			21.9725	-9.01
			22.015	-9.01
			22.0575	-9.0525
			22.1	-9.095
			22.1425	-9.095
			22.185	-9.1375
			22.2275	-9.1375
			22.27	-9.18
			22.3125	-9.18
			22.355	-9.2225
			22.3975	-9.265
			22.44	-9.265
			22.44	-9.3075
			22.4825	-9.3075
			22.525	-9.35
			22.5675	-9.35
			22.5675	-9.3925
			22.61	-9.3925
			22.6525	-9.435
			22.695	-9.435
			22.695	-9.4775
			22.7375	-9.4775
			22.78	-9.52
			22.8225	-9.5625
			22.865	-9.5625
			22.9075	-9.605
			22.95	-9.6475
			22.9925	-9.69
			23.035	-9.7325
			23.0775	-9.775
			23.12	-9.8175
			23.1625	-9.86
			23.1625	-9.9025
			23.205	-9.945
			23.205	-9.9875
			23.2475	-9.9875
			23.2475	-10.03
			23.29	-10.0725
			23.29	-10.115
			23.29	-10.1575
			23.3325	-10.2
			23.3325	-10.2425
			23.375	-10.285
			23.375	-10.3275
			23.375	-10.37
			23.4175	-10.4125
			23.4175	-10.455
			23.4175	-10.4975
			23.4175	-10.54
			23.46	-10.5825
			23.46	-10.625
			23.46	-10.6675
			23.46	-10.71
			23.46	-10.7525
			23.46	-10.795
			23.5025	-10.8375
			23.5025	-10.88
			23.5025	-10.9225
			23.5025	-10.965
			23.5025	-11.0075
			23.5025	-11.05
			23.5025	-11.0925
			23.5025	-11.135
			23.5025	-11.1775
			23.5025	-11.22
			23.5025	-11.2625
			23.5025	-11.305
			23.5025	-11.3475
			23.5025	-11.39
			23.5025	-11.4325
			23.5025	-11.475
			23.5025	-11.5175
			23.5025	-11.56
			23.5025	-11.6025
			23.5025	-11.645
			23.5025	-11.6875
			23.5025	-11.73
			23.5025	-11.7725
			23.5025	-11.815
			23.5025	-11.8575
			23.5025	-11.9
			23.5025	-11.9425
			23.5025	-11.985
			23.5025	-12.0275
			23.5025	-12.07
			23.5025	-12.1125
			23.5025	-12.155
			23.5025	-12.1975
			23.5025	-12.24
			23.5025	-12.2825
			23.545	-12.325
			23.545	-12.3675
			23.545	-12.41
			23.545	-12.4525
			23.545	-12.495
			23.545	-12.5375
			23.5875	-12.58
			23.5875	-12.6225
			23.5875	-12.665
			23.5875	-12.7075
			23.5875	-12.75
			23.63	-12.75
			23.63	-12.7925
			23.63	-12.835
			23.6725	-12.8775
			23.6725	-12.92
			23.6725	-12.9625
			23.715	-13.005
			23.7575	-13.0475
			23.7575	-13.09
			23.8	-13.1325
			23.8425	-13.175
			23.8425	-13.2175
			23.885	-13.26
		</anterior>
		<posterior type=matrix rownames=FALSE colnames=FALSE nrow=163 ncol=2 as.numeric=TRUE >
			18.7425	-13.26
			18.785	-13.26
			18.8275	-13.26
			18.87	-13.26
			18.9125	-13.26
			18.955	-13.26
			18.9975	-13.26
			19.04	-13.26
			19.0825	-13.2175
			19.125	-13.2175
			19.1675	-13.2175
			19.21	-13.2175
			19.2525	-13.2175
			19.295	-13.2175
			19.3375	-13.2175
			19.38	-13.175
			19.4225	-13.175
			19.465	-13.175
			19.5075	-13.175
			19.55	-13.175
			19.5925	-13.1325
			19.635	-13.1325
			19.6775	-13.1325
			19.72	-13.1325
			19.7625	-13.1325
			19.805	-13.09
			19.8475	-13.09
			19.89	-13.09
			19.9325	-13.0475
			19.975	-13.0475
			20.0175	-13.0475
			20.06	-13.005
			20.1025	-12.9625
			20.145	-12.92
			20.1875	-12.8775
			20.23	-12.835
			20.2725	-12.7925
			20.315	-12.75
			20.315	-12.7075
			20.315	-12.665
			20.3575	-12.6225
			20.4	-12.665
			20.4425	-12.665
			20.485	-12.665
			20.5275	-12.7075
			20.57	-12.7075
			20.6125	-12.7075
			20.655	-12.7075
			20.6975	-12.7075
			20.74	-12.7075
			20.7825	-12.7075
			20.825	-12.7075
			20.8675	-12.75
			20.91	-12.75
			20.9525	-12.75
			20.995	-12.75
			21.0375	-12.75
			21.08	-12.75
			21.1225	-12.75
			21.165	-12.75
			21.2075	-12.75
			21.25	-12.75
			21.2925	-12.75
			21.335	-12.75
			21.3775	-12.75
			21.42	-12.75
			21.4625	-12.75
			21.505	-12.75
			21.5475	-12.75
			21.59	-12.75
			21.6325	-12.75
			21.675	-12.75
			21.7175	-12.75
			21.76	-12.75
			21.8025	-12.75
			21.845	-12.75
			21.8875	-12.75
			21.93	-12.75
			21.9725	-12.75
			22.015	-12.75
			22.0575	-12.75
			22.1	-12.75
			22.1425	-12.75
			22.185	-12.75
			22.2275	-12.75
			22.27	-12.75
			22.3125	-12.75
			22.355	-12.75
			22.3975	-12.75
			22.44	-12.75
			22.4825	-12.75
			22.525	-12.75
			22.5675	-12.75
			22.61	-12.75
			22.6525	-12.75
			22.695	-12.75
			22.7375	-12.75
			22.78	-12.75
			22.8225	-12.75
			22.865	-12.75
			22.9075	-12.7925
			22.95	-12.7925
			22.9925	-12.7925
			23.035	-12.835
			23.0775	-12.835
			23.12	-12.8775
			23.1625	-12.8775
			23.1625	-12.92
			23.205	-12.9625
			23.2475	-12.9625
			23.29	-13.005
			23.3325	-13.0475
			23.3325	-13.09
			23.375	-13.09
			23.4175	-13.1325
			23.46	-13.175
			23.5025	-13.2175
			23.545	-13.26
			23.5875	-13.3025
			23.63	-13.345
			23.6725	-13.3875
			23.6725	-13.43
			23.715	-13.4725
			23.7575	-13.515
			23.8	-13.5575
			23.8	-13.6
			23.8425	-13.6425
			23.8425	-13.685
			23.885	-13.685
			23.885	-13.7275
			23.9275	-13.77
			23.9275	-13.8125
			23.97	-13.855
			23.97	-13.8975
			24.0125	-13.94
			24.055	-13.9825
			24.055	-14.025
			24.0975	-14.0675
			24.0975	-14.11
			24.14	-14.1525
			24.1825	-14.1525
			24.1825	-14.11
			24.1825	-14.0675
			24.1825	-14.025
			24.14	-13.9825
			24.14	-13.94
			24.14	-13.8975
			24.0975	-13.855
			24.0975	-13.8125
			24.0975	-13.77
			24.055	-13.7275
			24.055	-13.685
			24.055	-13.6425
			24.0125	-13.6
			24.0125	-13.5575
			23.97	-13.515
			23.97	-13.4725
			23.97	-13.43
			23.9275	-13.43
			23.9275	-13.3875
			23.9275	-13.345
			23.885	-13.3025
			23.885	-13.26
		</posterior>
	</curves.scaled>
	<ruler.points type=matrix rownames=TRUE colnames=FALSE nrow=2 ncol=2 as.numeric=TRUE >
		Ruler point 1	324	342
		Ruler point 2	404	342
	</ruler.points>
</shapes>

