<shapes type=list>
	<square.size type=vector names=FALSE length=1 as.numeric=TRUE >2</square.size>
	<scaling.units type=vector names=FALSE length=1 as.numeric=FALSE >mm</scaling.units>
	<scaling type=logical names=FALSE length=1 as.numeric=FALSE >NA</scaling>
	<landmarks.pixel type=matrix rownames=TRUE colnames=FALSE nrow=16 ncol=2 as.numeric=TRUE >
		LM1	154	32
		LM2	154	47
		LM3	154	177
		LM4	154	208
		LM5	200	88
		LM6	204	176
		LM7	205	202
		LM8	211	124
		LM9	213	165
		LM10	154	32
		LM11	215	182
		LM12	245	203
		LM13	154	32
		LM14	230	145
		LM15	296	208
		LM16	301	388
	</landmarks.pixel>
	<curves.control type=list>
		<glabella type=matrix rownames=FALSE colnames=FALSE nrow=11 ncol=2 as.numeric=TRUE >
			154	47
			172	47
			184	57
			200	73
			201	93
			200	109
			199	126
			199	143
			202	162
			206	183
			205	202
		</glabella>
		<suture type=matrix rownames=FALSE colnames=FALSE nrow=21 ncol=2 as.numeric=TRUE >
			154	32
			179	34
			195	42
			211	52
			221	64
			228	72
			227	80
			225	88
			216	97
			207	105
			207	114
			208	122
			214	128
			224	140
			218	153
			214	161
			211	168
			212	173
			214	179
			215	187
			245	203
		</suture>
		<anterior type=matrix rownames=FALSE colnames=FALSE nrow=9 ncol=2 as.numeric=TRUE >
			154	32
			179	34
			195	42
			222	56
			247	83
			271	115
			283	152
			291	184
			296	208
		</anterior>
		<posterior type=matrix rownames=FALSE colnames=FALSE nrow=21 ncol=2 as.numeric=TRUE >
			154	208
			178	207
			205	203
			230	205
			244	203
			268	204
			272	210
			286	232
			289	261
			295	291
			297	331
			297	361
			301	388
			304	385
			307	374
			309	351
			310	322
			310	292
			305	259
			302	229
			296	208
		</posterior>
	</curves.control>
	<curves.pixel type=list>
		<glabella type=matrix rownames=FALSE colnames=FALSE nrow=180 ncol=2 as.numeric=TRUE >
			154	47
			155	47
			156	47
			157	47
			158	47
			159	47
			160	47
			161	47
			162	47
			163	48
			164	48
			165	48
			166	48
			167	49
			168	49
			169	49
			170	49
			171	50
			172	50
			173	51
			174	51
			175	51
			176	52
			177	52
			178	53
			179	53
			180	54
			181	54
			181	55
			182	56
			183	56
			184	57
			185	58
			186	59
			187	60
			188	61
			189	62
			190	63
			190	64
			191	65
			192	66
			192	67
			193	67
			193	68
			193	69
			194	70
			195	71
			195	72
			196	73
			196	74
			197	75
			197	76
			197	77
			198	77
			198	78
			198	79
			199	80
			199	81
			199	82
			199	83
			200	84
			200	85
			200	86
			200	87
			201	88
			201	89
			201	90
			201	91
			201	92
			201	93
			201	94
			201	95
			201	96
			201	97
			201	98
			201	99
			201	100
			200	101
			200	102
			200	103
			200	104
			200	105
			200	106
			200	107
			200	108
			200	109
			200	110
			200	111
			200	112
			200	113
			200	114
			200	115
			200	116
			200	117
			199	118
			199	119
			199	120
			199	121
			199	122
			199	123
			199	124
			199	125
			199	126
			199	127
			199	128
			199	129
			199	130
			199	131
			199	132
			199	133
			199	134
			199	135
			199	136
			199	137
			199	138
			199	139
			199	140
			200	141
			200	142
			200	143
			200	144
			200	145
			200	146
			200	147
			200	148
			200	149
			200	150
			200	151
			201	152
			201	153
			201	154
			201	155
			201	156
			201	157
			201	158
			202	159
			202	160
			202	161
			202	162
			202	163
			202	164
			203	165
			203	166
			203	167
			203	168
			203	169
			203	170
			203	171
			204	171
			204	172
			204	173
			204	174
			204	175
			204	176
			204	177
			204	178
			204	179
			205	180
			205	181
			205	182
			205	183
			205	184
			205	185
			205	186
			205	187
			205	188
			205	189
			205	190
			205	191
			205	192
			205	193
			205	194
			205	195
			205	196
			205	197
			205	198
			205	199
			205	200
			205	201
			205	202
		</glabella>
		<suture type=matrix rownames=FALSE colnames=FALSE nrow=230 ncol=2 as.numeric=TRUE >
			154	32
			155	32
			156	32
			157	32
			158	32
			159	32
			160	33
			161	33
			162	33
			163	33
			164	33
			165	33
			166	33
			167	34
			168	34
			169	34
			170	34
			171	34
			172	34
			173	35
			174	35
			175	35
			176	35
			177	36
			178	36
			179	36
			180	36
			181	37
			182	37
			183	37
			184	38
			185	38
			186	38
			187	39
			188	39
			189	39
			190	40
			191	40
			192	40
			192	41
			193	41
			194	42
			195	42
			196	42
			197	43
			198	44
			199	45
			200	45
			201	46
			202	46
			203	47
			204	48
			205	49
			206	50
			207	51
			208	51
			209	52
			210	53
			211	54
			212	55
			213	55
			214	56
			215	57
			215	58
			216	59
			217	60
			218	61
			219	61
			219	62
			220	63
			221	64
			221	65
			222	65
			222	66
			223	66
			223	67
			224	67
			224	68
			224	69
			225	69
			225	70
			226	71
			226	72
			226	73
			227	74
			227	75
			227	76
			227	77
			227	78
			227	79
			227	80
			227	81
			226	82
			226	83
			226	84
			225	85
			224	86
			224	87
			223	88
			222	89
			222	90
			221	91
			220	92
			219	93
			219	94
			218	95
			217	96
			216	97
			215	98
			214	99
			213	100
			212	101
			212	102
			211	103
			210	104
			209	105
			209	106
			208	107
			208	108
			208	109
			207	110
			207	111
			207	112
			207	113
			207	114
			207	115
			207	116
			208	117
			208	118
			208	119
			209	120
			209	121
			209	122
			210	122
			210	123
			211	124
			211	125
			212	125
			212	126
			213	127
			214	128
			215	129
			216	130
			216	131
			217	132
			218	133
			218	134
			219	135
			219	136
			219	137
			220	138
			220	139
			220	140
			220	141
			220	142
			220	143
			220	144
			220	145
			220	146
			220	147
			220	148
			220	149
			219	149
			219	150
			219	151
			218	152
			218	153
			218	154
			217	155
			216	156
			216	157
			216	158
			215	159
			215	160
			214	161
			214	162
			213	162
			213	163
			213	164
			212	165
			212	166
			212	167
			211	167
			211	168
			211	169
			211	170
			212	171
			212	172
			212	173
			212	174
			213	174
			213	175
			213	176
			213	177
			214	178
			214	179
			214	180
			215	181
			215	182
			216	183
			217	184
			218	185
			219	186
			220	187
			221	188
			222	189
			223	190
			224	191
			225	191
			226	192
			227	192
			228	193
			229	194
			230	194
			231	195
			232	196
			233	196
			234	197
			235	197
			236	198
			237	199
			238	199
			239	200
			240	200
			240	201
			241	201
			242	201
			243	202
			244	203
			245	203
		</suture>
		<anterior type=matrix rownames=FALSE colnames=FALSE nrow=232 ncol=2 as.numeric=TRUE >
			154	32
			155	32
			156	32
			157	32
			158	32
			159	32
			160	33
			161	33
			162	33
			163	33
			164	33
			165	33
			166	33
			167	34
			168	34
			169	34
			170	34
			171	34
			172	34
			173	35
			174	35
			175	35
			176	35
			177	36
			178	36
			179	36
			180	36
			181	37
			182	37
			183	37
			184	37
			185	38
			186	38
			187	39
			188	39
			189	39
			190	40
			191	40
			192	41
			193	41
			194	42
			195	42
			196	43
			197	43
			198	44
			199	44
			200	45
			201	45
			202	46
			203	46
			204	47
			205	47
			206	48
			207	49
			208	50
			209	51
			210	51
			211	51
			211	52
			212	52
			213	53
			214	54
			215	55
			216	55
			217	56
			218	56
			219	57
			219	58
			220	58
			221	59
			222	60
			223	60
			223	61
			224	61
			225	62
			226	63
			227	63
			227	64
			228	65
			229	65
			230	66
			230	67
			231	67
			232	68
			233	69
			234	70
			235	71
			236	72
			237	73
			238	74
			239	75
			240	75
			241	76
			242	77
			242	78
			243	79
			244	80
			245	81
			246	82
			247	83
			248	84
			249	85
			249	86
			250	87
			250	88
			251	88
			251	89
			252	90
			253	91
			253	92
			254	93
			255	94
			255	95
			256	95
			256	96
			257	97
			257	98
			258	99
			259	100
			259	101
			260	101
			260	102
			261	103
			261	104
			262	105
			262	106
			263	107
			263	108
			264	109
			265	110
			265	111
			266	112
			266	113
			267	114
			267	115
			268	116
			268	117
			269	118
			269	119
			270	120
			270	121
			271	122
			271	123
			272	124
			272	125
			273	126
			273	127
			274	128
			274	129
			274	130
			275	131
			275	132
			276	133
			276	134
			277	135
			277	136
			277	137
			278	137
			278	138
			279	139
			279	140
			279	141
			280	142
			280	143
			280	144
			281	145
			281	146
			281	147
			282	148
			282	149
			282	150
			283	151
			283	152
			283	153
			284	154
			284	155
			284	156
			284	157
			284	158
			285	158
			285	159
			285	160
			285	161
			285	162
			286	163
			286	164
			286	165
			286	166
			287	167
			287	168
			287	169
			287	170
			288	171
			288	172
			288	173
			288	174
			289	175
			289	176
			289	177
			289	178
			289	179
			290	180
			290	181
			290	182
			290	183
			291	183
			291	184
			291	185
			291	186
			291	187
			292	188
			292	189
			292	190
			292	191
			293	192
			293	193
			293	194
			293	195
			293	196
			294	196
			294	197
			294	198
			294	199
			294	200
			294	201
			295	202
			295	203
			295	204
			295	205
			296	206
			296	207
			296	208
		</anterior>
		<posterior type=matrix rownames=FALSE colnames=FALSE nrow=481 ncol=2 as.numeric=TRUE >
			154	208
			155	208
			156	208
			157	208
			158	208
			159	208
			160	208
			161	208
			162	208
			163	208
			164	207
			165	207
			166	207
			167	207
			168	207
			169	207
			170	207
			171	207
			172	207
			173	207
			174	207
			175	207
			176	206
			177	206
			178	206
			179	206
			180	206
			181	206
			182	206
			183	206
			184	206
			185	206
			186	205
			187	205
			188	205
			189	205
			190	205
			191	205
			192	205
			193	205
			194	204
			195	204
			196	204
			197	204
			198	204
			199	204
			200	204
			201	204
			202	203
			203	203
			204	203
			205	203
			206	203
			207	203
			208	203
			209	203
			210	203
			211	203
			212	204
			213	204
			214	204
			215	204
			216	204
			217	204
			218	204
			219	204
			220	204
			221	204
			222	204
			223	204
			224	204
			225	204
			226	204
			227	204
			228	204
			229	204
			230	204
			231	204
			232	204
			233	204
			234	204
			235	204
			236	204
			237	204
			238	204
			239	204
			240	203
			241	203
			242	203
			243	203
			244	203
			245	203
			246	203
			247	203
			248	203
			249	203
			250	203
			251	203
			252	204
			253	204
			254	204
			255	204
			256	204
			257	204
			258	204
			259	204
			260	205
			261	205
			262	205
			263	205
			264	206
			265	206
			266	206
			267	206
			268	207
			269	207
			270	208
			271	209
			272	210
			273	211
			273	212
			274	213
			275	214
			275	215
			276	216
			276	217
			277	218
			277	219
			278	220
			278	221
			279	222
			279	223
			279	224
			280	225
			280	226
			281	227
			281	228
			282	229
			282	230
			282	231
			283	232
			283	233
			283	234
			284	235
			284	236
			284	237
			285	238
			285	239
			285	240
			285	241
			286	242
			286	243
			286	244
			286	245
			287	246
			287	247
			287	248
			287	249
			287	250
			288	251
			288	252
			288	253
			288	254
			288	255
			288	256
			289	257
			289	258
			289	259
			289	260
			289	261
			289	262
			289	263
			290	264
			290	265
			290	266
			290	267
			290	268
			290	269
			291	269
			291	270
			291	271
			291	272
			291	273
			291	274
			291	275
			292	275
			292	276
			292	277
			292	278
			292	279
			292	280
			292	281
			293	282
			293	283
			293	284
			293	285
			293	286
			293	287
			293	288
			293	289
			294	290
			294	291
			294	292
			294	293
			294	294
			294	295
			294	296
			294	297
			294	298
			295	299
			295	300
			295	301
			295	302
			295	303
			295	304
			295	305
			295	306
			295	307
			295	308
			295	309
			296	310
			296	311
			296	312
			296	313
			296	314
			296	315
			296	316
			296	317
			296	318
			296	319
			296	320
			296	321
			296	322
			297	323
			297	324
			297	325
			297	326
			297	327
			297	328
			297	329
			297	330
			297	331
			297	332
			297	333
			297	334
			297	335
			297	336
			297	337
			297	338
			297	339
			297	340
			297	341
			297	342
			297	343
			297	344
			297	345
			297	346
			297	347
			297	348
			297	349
			297	350
			297	351
			298	352
			298	353
			298	354
			298	355
			298	356
			298	357
			298	358
			298	359
			298	360
			298	361
			298	362
			298	363
			298	364
			298	365
			298	366
			298	367
			299	367
			299	368
			299	369
			299	370
			299	371
			299	372
			299	373
			299	374
			299	375
			299	376
			300	377
			300	378
			300	379
			300	380
			300	381
			300	382
			300	383
			300	384
			301	385
			301	386
			301	387
			301	388
			302	387
			302	386
			303	385
			304	384
			304	383
			305	382
			305	381
			305	380
			305	379
			306	378
			306	377
			306	376
			307	375
			307	374
			307	373
			307	372
			307	371
			307	370
			307	369
			308	368
			308	367
			308	366
			308	365
			308	364
			308	363
			308	362
			308	361
			308	360
			308	359
			308	358
			308	357
			308	356
			308	355
			308	354
			309	353
			309	352
			309	351
			309	350
			309	349
			309	348
			309	347
			309	346
			309	345
			309	344
			309	343
			309	342
			309	341
			309	340
			309	339
			309	338
			309	337
			309	336
			309	335
			310	334
			310	333
			310	332
			310	331
			310	330
			310	329
			310	328
			310	327
			310	326
			310	325
			310	324
			310	323
			310	322
			310	321
			310	320
			310	319
			310	318
			310	317
			310	316
			310	315
			310	314
			310	313
			310	312
			310	311
			310	310
			310	309
			310	308
			310	307
			310	306
			310	305
			310	304
			310	303
			309	302
			309	301
			309	300
			309	299
			309	298
			309	297
			309	296
			309	295
			309	294
			309	293
			309	292
			309	291
			309	290
			309	289
			308	288
			308	287
			308	286
			308	285
			308	284
			308	283
			308	282
			308	281
			308	280
			308	279
			307	278
			307	277
			307	276
			307	275
			307	274
			307	273
			307	272
			307	271
			306	270
			306	269
			306	268
			306	267
			306	266
			306	265
			306	264
			306	263
			305	262
			305	261
			305	260
			305	259
			305	258
			305	257
			305	256
			305	255
			305	254
			304	254
			304	253
			304	252
			304	251
			304	250
			304	249
			304	248
			304	247
			304	246
			303	245
			303	244
			303	243
			303	242
			303	241
			303	240
			302	239
			302	238
			302	237
			302	236
			302	235
			302	234
			301	233
			301	232
			301	231
			301	230
			301	229
			301	228
			300	227
			300	226
			300	225
			300	224
			300	223
			299	222
			299	221
			299	220
			299	219
			299	218
			298	217
			298	216
			298	215
			298	214
			297	213
			297	212
			297	211
			296	210
			296	209
			296	208
		</posterior>
	</curves.pixel>
	<ruler.points type=matrix rownames=TRUE colnames=FALSE nrow=2 ncol=2 as.numeric=TRUE >
		Ruler point 1	268	40
		Ruler point 2	339	40
	</ruler.points>
</shapes>

