<shapes type=list>
	<ruler.pixel type=vector names=FALSE length=1 as.numeric=TRUE >55</ruler.pixel>
	<ruler.interval type=vector names=FALSE length=1 as.numeric=TRUE >2.5</ruler.interval>
	<scaling.units type=vector names=FALSE length=1 as.numeric=FALSE >mm</scaling.units>
	<scaling type=vector names=FALSE length=1 as.numeric=TRUE >0.0454545454545455</scaling>
	<landmarks.pixel type=matrix rownames=TRUE colnames=FALSE nrow=16 ncol=2 as.numeric=TRUE >
		LM1	159	19
		LM2	159	25
		LM3	159	82
		LM4	159	92
		LM5	179	71
		LM6	182	81
		LM7	183	90
		LM8	209	37
		LM9	211	59
		LM10	159	19
		LM11	253	73
		LM12	259	80
		LM13	159	19
		LM14	218	49
		LM15	339	92
		LM16	329	251
	</landmarks.pixel>
	<landmarks.scaled type=matrix rownames=TRUE colnames=FALSE nrow=16 ncol=2 as.numeric=TRUE >
		LM1	7.22727272727273	-0.863636363636364
		LM2	7.22727272727273	-1.13636363636364
		LM3	7.22727272727273	-3.72727272727273
		LM4	7.22727272727273	-4.18181818181818
		LM5	8.13636363636364	-3.22727272727273
		LM6	8.27272727272727	-3.68181818181818
		LM7	8.31818181818182	-4.09090909090909
		LM8	9.5	-1.68181818181818
		LM9	9.59090909090909	-2.68181818181818
		LM10	7.22727272727273	-0.863636363636364
		LM11	11.5	-3.31818181818182
		LM12	11.7727272727273	-3.63636363636364
		LM13	7.22727272727273	-0.863636363636364
		LM14	9.90909090909091	-2.22727272727273
		LM15	15.4090909090909	-4.18181818181818
		LM16	14.9545454545455	-11.4090909090909
	</landmarks.scaled>
	<curves.control type=list>
		<glabella type=matrix rownames=FALSE colnames=FALSE nrow=7 ncol=2 as.numeric=TRUE >
			159	25
			169	24
			174	33
			178	51
			179	72
			183	83
			183	90
		</glabella>
		<suture type=matrix rownames=FALSE colnames=FALSE nrow=15 ncol=2 as.numeric=TRUE >
			159	19
			167	18
			180	16
			191	15
			200	21
			208	27
			209	37
			218	39
			218	50
			216	56
			211	59
			216	65
			241	67
			255	70
			259	80
		</suture>
		<anterior type=matrix rownames=FALSE colnames=FALSE nrow=11 ncol=2 as.numeric=TRUE >
			159	19
			167	18
			181	16
			199	10
			237	20
			250	27
			268	28
			292	37
			311	49
			331	68
			339	92
		</anterior>
		<posterior type=matrix rownames=FALSE colnames=FALSE nrow=27 ncol=2 as.numeric=TRUE >
			159	92
			166	94
			183	91
			208	91
			232	89
			252	85
			259	81
			264	76
			262	60
			259	48
			253	35
			260	32
			269	35
			291	44
			312	60
			336	92
			343	126
			348	165
			343	205
			337	229
			328	252
			334	245
			345	215
			353	185
			352	158
			351	119
			339	92
		</posterior>
	</curves.control>
	<curves.pixel type=list>
		<glabella type=matrix rownames=FALSE colnames=FALSE nrow=74 ncol=2 as.numeric=TRUE >
			159	25
			160	25
			161	25
			162	25
			163	25
			164	25
			165	25
			166	26
			167	26
			168	27
			169	28
			170	28
			171	29
			172	30
			173	31
			174	32
			174	33
			174	34
			174	35
			175	36
			175	37
			175	38
			175	39
			175	40
			176	41
			176	42
			176	43
			176	44
			176	45
			176	46
			177	47
			177	48
			177	49
			177	50
			177	51
			177	52
			177	53
			178	54
			178	55
			178	56
			178	57
			178	58
			178	59
			178	60
			178	61
			178	62
			178	63
			179	64
			179	65
			179	66
			179	67
			179	68
			179	69
			179	70
			179	71
			179	72
			179	73
			180	74
			180	75
			180	76
			181	77
			181	78
			181	79
			182	80
			182	81
			182	82
			182	83
			182	84
			183	85
			183	86
			183	87
			183	88
			183	89
			183	90
		</glabella>
		<suture type=matrix rownames=FALSE colnames=FALSE nrow=137 ncol=2 as.numeric=TRUE >
			159	19
			160	19
			161	19
			162	19
			163	18
			164	18
			165	18
			166	18
			167	18
			168	18
			169	18
			170	18
			171	17
			172	17
			173	17
			174	17
			175	17
			176	17
			177	17
			178	16
			179	16
			180	16
			181	16
			182	16
			183	16
			184	16
			185	16
			186	16
			187	16
			188	16
			189	17
			190	17
			191	17
			192	17
			193	18
			194	18
			195	18
			196	19
			197	19
			198	20
			199	20
			200	21
			201	22
			202	22
			202	23
			203	24
			204	24
			204	25
			205	26
			206	27
			206	28
			207	29
			207	30
			208	31
			208	32
			208	33
			209	34
			209	35
			209	36
			210	37
			211	37
			212	38
			213	39
			214	39
			215	40
			215	41
			216	42
			217	43
			217	44
			217	45
			218	46
			218	47
			218	48
			218	49
			218	50
			218	51
			217	52
			217	53
			216	54
			216	55
			215	55
			215	56
			214	57
			213	57
			212	58
			212	59
			211	59
			212	60
			213	61
			214	61
			215	62
			216	62
			217	63
			218	63
			219	63
			220	64
			221	64
			222	64
			223	64
			224	65
			225	65
			226	65
			227	65
			228	65
			229	66
			230	66
			231	66
			232	66
			233	66
			234	66
			235	66
			236	67
			237	67
			238	67
			239	67
			240	67
			241	67
			242	67
			243	67
			244	68
			245	68
			246	68
			247	69
			248	69
			249	70
			250	70
			251	71
			252	71
			253	72
			254	73
			255	74
			256	75
			257	76
			258	77
			258	78
			259	79
			259	80
		</suture>
		<anterior type=matrix rownames=FALSE colnames=FALSE nrow=204 ncol=2 as.numeric=TRUE >
			159	19
			160	19
			161	19
			162	19
			163	18
			164	18
			165	18
			166	18
			167	18
			168	18
			169	18
			170	18
			171	17
			172	17
			173	17
			174	17
			175	17
			176	17
			177	17
			178	16
			179	16
			180	16
			181	16
			182	16
			183	15
			184	15
			185	15
			186	15
			187	14
			188	14
			189	14
			190	14
			191	14
			192	14
			193	14
			194	14
			195	14
			196	14
			197	14
			198	14
			199	14
			200	14
			201	14
			202	14
			203	14
			204	14
			205	14
			206	14
			207	14
			208	14
			209	14
			210	15
			211	15
			212	15
			213	15
			214	15
			215	15
			216	15
			217	16
			218	16
			219	16
			220	16
			221	16
			222	17
			223	17
			224	17
			225	17
			226	17
			227	18
			228	18
			229	18
			230	18
			231	19
			232	19
			233	19
			234	19
			235	20
			236	20
			237	20
			238	20
			238	21
			239	21
			240	21
			241	22
			242	23
			243	23
			244	23
			245	23
			245	24
			246	24
			247	24
			248	24
			248	25
			249	25
			250	25
			251	25
			252	26
			253	26
			254	26
			255	26
			256	27
			257	27
			258	27
			259	27
			260	27
			261	27
			262	27
			262	28
			263	28
			264	28
			265	28
			266	28
			267	28
			268	28
			269	28
			270	29
			271	29
			272	30
			273	30
			274	31
			275	31
			276	31
			277	32
			278	32
			279	32
			280	33
			281	33
			282	34
			283	34
			284	35
			285	35
			286	36
			287	36
			288	36
			289	37
			290	37
			290	38
			291	38
			292	38
			293	39
			294	39
			295	40
			296	41
			297	41
			298	42
			299	42
			300	43
			301	43
			302	44
			303	44
			304	45
			305	45
			306	46
			307	46
			308	47
			309	47
			309	48
			310	49
			311	49
			312	50
			313	51
			314	52
			315	53
			316	54
			317	55
			318	56
			318	57
			319	58
			320	59
			321	60
			322	61
			323	62
			324	63
			324	64
			325	65
			326	66
			327	67
			327	68
			328	69
			329	70
			329	71
			330	72
			330	73
			331	74
			331	75
			332	75
			332	76
			333	77
			333	78
			334	79
			334	80
			335	81
			335	82
			335	83
			336	84
			336	85
			337	86
			337	87
			337	88
			338	89
			338	90
			338	91
			339	91
			339	92
		</anterior>
		<posterior type=matrix rownames=FALSE colnames=FALSE nrow=566 ncol=2 as.numeric=TRUE >
			159	92
			160	92
			161	92
			162	93
			163	93
			164	93
			165	93
			166	93
			167	93
			168	93
			169	93
			170	93
			171	93
			172	92
			173	92
			174	92
			175	92
			176	92
			177	92
			178	92
			179	92
			180	91
			181	91
			182	91
			183	91
			184	91
			185	91
			186	91
			187	91
			188	91
			189	91
			190	91
			191	91
			192	91
			193	91
			194	91
			195	91
			196	91
			197	91
			198	91
			199	91
			200	91
			201	91
			202	91
			203	91
			204	91
			205	91
			206	91
			207	91
			208	90
			209	90
			210	90
			211	90
			212	90
			213	90
			214	90
			215	90
			216	90
			217	90
			218	90
			219	90
			220	90
			221	90
			222	90
			223	90
			224	90
			225	90
			226	90
			226	89
			227	89
			228	89
			229	89
			230	89
			231	89
			232	89
			233	89
			234	89
			235	88
			236	88
			237	88
			238	88
			239	87
			240	87
			241	87
			242	87
			243	86
			244	86
			245	86
			246	86
			247	86
			248	85
			249	85
			250	85
			251	84
			252	84
			253	84
			254	83
			255	83
			256	82
			257	82
			258	82
			259	81
			259	80
			260	79
			261	78
			261	77
			262	76
			262	75
			262	74
			262	73
			262	72
			263	71
			263	70
			263	69
			263	68
			263	67
			263	66
			262	65
			262	64
			262	63
			262	62
			262	61
			262	60
			262	59
			262	58
			261	57
			261	56
			261	55
			260	54
			260	53
			260	52
			259	51
			259	50
			259	49
			258	48
			258	47
			258	46
			257	45
			257	44
			257	43
			256	43
			256	42
			256	41
			255	40
			255	39
			255	38
			254	38
			254	37
			253	36
			253	35
			254	35
			255	34
			256	34
			257	34
			258	34
			259	34
			260	34
			261	34
			262	34
			263	34
			264	34
			265	34
			266	34
			267	34
			268	35
			269	35
			270	36
			271	36
			272	36
			273	37
			274	37
			275	38
			276	38
			277	39
			278	39
			279	40
			280	40
			281	41
			282	41
			283	42
			284	42
			285	43
			286	43
			287	44
			288	44
			289	45
			290	45
			291	46
			292	47
			293	47
			294	48
			295	48
			296	49
			297	50
			298	50
			299	51
			300	52
			301	52
			302	53
			303	54
			304	54
			305	55
			306	56
			307	56
			308	57
			309	58
			310	58
			311	59
			312	60
			313	61
			314	62
			314	63
			315	64
			315	65
			316	66
			317	67
			318	68
			319	69
			319	70
			320	71
			320	72
			321	72
			321	73
			321	74
			322	74
			322	75
			323	76
			323	77
			324	78
			325	79
			325	80
			326	81
			326	82
			327	83
			327	84
			328	85
			328	86
			329	87
			329	88
			330	89
			330	90
			331	91
			331	92
			332	92
			332	93
			333	94
			333	95
			333	96
			334	97
			334	98
			335	99
			335	100
			335	101
			336	102
			336	103
			337	104
			337	105
			337	106
			338	107
			338	108
			338	109
			339	110
			339	111
			339	112
			340	113
			340	114
			340	115
			341	116
			341	117
			341	118
			341	119
			342	120
			342	121
			342	122
			342	123
			343	124
			343	125
			343	126
			343	127
			343	128
			343	129
			343	130
			344	131
			344	132
			344	133
			344	134
			344	135
			344	136
			344	137
			344	138
			344	139
			344	140
			345	141
			345	142
			345	143
			345	144
			345	145
			345	146
			345	147
			345	148
			345	149
			345	150
			345	151
			345	152
			345	153
			345	154
			345	155
			345	156
			345	157
			345	158
			345	159
			345	160
			345	161
			345	162
			345	163
			345	164
			345	165
			345	166
			345	167
			345	168
			345	169
			345	170
			345	171
			345	172
			345	173
			345	174
			345	175
			345	176
			345	177
			345	178
			345	179
			345	180
			345	181
			345	182
			345	183
			345	184
			345	185
			345	186
			345	187
			345	188
			345	189
			345	190
			344	191
			344	192
			344	193
			344	194
			344	195
			344	196
			344	197
			344	198
			344	199
			344	200
			344	201
			343	202
			343	203
			343	204
			343	205
			343	206
			342	207
			342	208
			342	209
			342	210
			341	211
			341	212
			341	213
			341	214
			340	215
			340	216
			340	217
			340	218
			339	219
			339	220
			339	221
			338	222
			338	223
			338	224
			338	225
			337	226
			337	227
			336	228
			336	229
			336	230
			335	231
			335	232
			335	233
			335	234
			334	235
			334	236
			333	237
			333	238
			333	239
			332	240
			332	241
			332	242
			331	243
			331	244
			331	245
			330	246
			330	247
			330	248
			329	249
			329	250
			329	251
			328	251
			328	252
			329	251
			330	250
			330	249
			331	248
			331	247
			332	246
			332	245
			333	244
			333	243
			334	242
			334	241
			335	240
			335	239
			336	238
			336	237
			337	236
			337	235
			338	234
			338	233
			338	232
			339	231
			339	230
			340	229
			340	228
			341	227
			341	226
			341	225
			342	224
			342	223
			343	222
			343	221
			343	220
			344	219
			344	218
			344	217
			345	216
			345	215
			345	214
			346	213
			346	212
			346	211
			346	210
			347	209
			347	208
			347	207
			347	206
			347	205
			348	204
			348	203
			348	202
			348	201
			348	200
			349	199
			349	198
			349	197
			349	196
			349	195
			350	194
			350	193
			350	192
			350	191
			350	190
			350	189
			350	188
			351	187
			351	186
			351	185
			351	184
			351	183
			351	182
			351	181
			351	180
			351	179
			352	178
			352	177
			352	176
			352	175
			352	174
			352	173
			352	172
			352	171
			352	170
			352	169
			352	168
			352	167
			352	166
			352	165
			352	164
			352	163
			352	162
			352	161
			352	160
			352	159
			352	158
			352	157
			352	156
			352	155
			352	154
			352	153
			352	152
			352	151
			352	150
			352	149
			352	148
			351	147
			351	146
			351	145
			351	144
			351	143
			351	142
			351	141
			351	140
			351	139
			351	138
			351	137
			350	136
			350	135
			350	134
			350	133
			350	132
			350	131
			350	130
			349	129
			349	128
			349	127
			349	126
			349	125
			349	124
			348	123
			348	122
			348	121
			348	120
			348	119
			347	118
			347	117
			347	116
			347	115
			346	114
			346	113
			346	112
			346	111
			345	110
			345	109
			345	108
			345	107
			344	106
			344	105
			344	104
			343	104
			343	103
			343	102
			343	101
			342	100
			342	99
			342	98
			341	97
			341	96
			340	95
			340	94
			339	93
			339	92
		</posterior>
	</curves.pixel>
	<curves.scaled type=list>
		<glabella type=matrix rownames=FALSE colnames=FALSE nrow=74 ncol=2 as.numeric=TRUE >
			7.22727272727273	-1.13636363636364
			7.27272727272727	-1.13636363636364
			7.31818181818182	-1.13636363636364
			7.36363636363636	-1.13636363636364
			7.40909090909091	-1.13636363636364
			7.45454545454546	-1.13636363636364
			7.5	-1.13636363636364
			7.54545454545455	-1.18181818181818
			7.59090909090909	-1.18181818181818
			7.63636363636364	-1.22727272727273
			7.68181818181818	-1.27272727272727
			7.72727272727273	-1.27272727272727
			7.77272727272727	-1.31818181818182
			7.81818181818182	-1.36363636363636
			7.86363636363636	-1.40909090909091
			7.90909090909091	-1.45454545454545
			7.90909090909091	-1.5
			7.90909090909091	-1.54545454545455
			7.90909090909091	-1.59090909090909
			7.95454545454546	-1.63636363636364
			7.95454545454546	-1.68181818181818
			7.95454545454546	-1.72727272727273
			7.95454545454546	-1.77272727272727
			7.95454545454546	-1.81818181818182
			8	-1.86363636363636
			8	-1.90909090909091
			8	-1.95454545454545
			8	-2
			8	-2.04545454545455
			8	-2.09090909090909
			8.04545454545454	-2.13636363636364
			8.04545454545454	-2.18181818181818
			8.04545454545454	-2.22727272727273
			8.04545454545454	-2.27272727272727
			8.04545454545454	-2.31818181818182
			8.04545454545454	-2.36363636363636
			8.04545454545454	-2.40909090909091
			8.09090909090909	-2.45454545454545
			8.09090909090909	-2.5
			8.09090909090909	-2.54545454545455
			8.09090909090909	-2.59090909090909
			8.09090909090909	-2.63636363636364
			8.09090909090909	-2.68181818181818
			8.09090909090909	-2.72727272727273
			8.09090909090909	-2.77272727272727
			8.09090909090909	-2.81818181818182
			8.09090909090909	-2.86363636363636
			8.13636363636364	-2.90909090909091
			8.13636363636364	-2.95454545454545
			8.13636363636364	-3
			8.13636363636364	-3.04545454545455
			8.13636363636364	-3.09090909090909
			8.13636363636364	-3.13636363636364
			8.13636363636364	-3.18181818181818
			8.13636363636364	-3.22727272727273
			8.13636363636364	-3.27272727272727
			8.13636363636364	-3.31818181818182
			8.18181818181818	-3.36363636363636
			8.18181818181818	-3.40909090909091
			8.18181818181818	-3.45454545454545
			8.22727272727273	-3.5
			8.22727272727273	-3.54545454545455
			8.22727272727273	-3.59090909090909
			8.27272727272727	-3.63636363636364
			8.27272727272727	-3.68181818181818
			8.27272727272727	-3.72727272727273
			8.27272727272727	-3.77272727272727
			8.27272727272727	-3.81818181818182
			8.31818181818182	-3.86363636363636
			8.31818181818182	-3.90909090909091
			8.31818181818182	-3.95454545454545
			8.31818181818182	-4
			8.31818181818182	-4.04545454545455
			8.31818181818182	-4.09090909090909
		</glabella>
		<suture type=matrix rownames=FALSE colnames=FALSE nrow=137 ncol=2 as.numeric=TRUE >
			7.22727272727273	-0.863636363636364
			7.27272727272727	-0.863636363636364
			7.31818181818182	-0.863636363636364
			7.36363636363636	-0.863636363636364
			7.40909090909091	-0.818181818181818
			7.45454545454546	-0.818181818181818
			7.5	-0.818181818181818
			7.54545454545455	-0.818181818181818
			7.59090909090909	-0.818181818181818
			7.63636363636364	-0.818181818181818
			7.68181818181818	-0.818181818181818
			7.72727272727273	-0.818181818181818
			7.77272727272727	-0.772727272727273
			7.81818181818182	-0.772727272727273
			7.86363636363636	-0.772727272727273
			7.90909090909091	-0.772727272727273
			7.95454545454546	-0.772727272727273
			8	-0.772727272727273
			8.04545454545454	-0.772727272727273
			8.09090909090909	-0.727272727272727
			8.13636363636364	-0.727272727272727
			8.18181818181818	-0.727272727272727
			8.22727272727273	-0.727272727272727
			8.27272727272727	-0.727272727272727
			8.31818181818182	-0.727272727272727
			8.36363636363636	-0.727272727272727
			8.40909090909091	-0.727272727272727
			8.45454545454546	-0.727272727272727
			8.5	-0.727272727272727
			8.54545454545454	-0.727272727272727
			8.59090909090909	-0.772727272727273
			8.63636363636364	-0.772727272727273
			8.68181818181818	-0.772727272727273
			8.72727272727273	-0.772727272727273
			8.77272727272727	-0.818181818181818
			8.81818181818182	-0.818181818181818
			8.86363636363636	-0.818181818181818
			8.90909090909091	-0.863636363636364
			8.95454545454546	-0.863636363636364
			9	-0.909090909090909
			9.04545454545454	-0.909090909090909
			9.09090909090909	-0.954545454545455
			9.13636363636364	-1
			9.18181818181818	-1
			9.18181818181818	-1.04545454545455
			9.22727272727273	-1.09090909090909
			9.27272727272727	-1.09090909090909
			9.27272727272727	-1.13636363636364
			9.31818181818182	-1.18181818181818
			9.36363636363636	-1.22727272727273
			9.36363636363636	-1.27272727272727
			9.40909090909091	-1.31818181818182
			9.40909090909091	-1.36363636363636
			9.45454545454546	-1.40909090909091
			9.45454545454546	-1.45454545454545
			9.45454545454546	-1.5
			9.5	-1.54545454545455
			9.5	-1.59090909090909
			9.5	-1.63636363636364
			9.54545454545454	-1.68181818181818
			9.59090909090909	-1.68181818181818
			9.63636363636364	-1.72727272727273
			9.68181818181818	-1.77272727272727
			9.72727272727273	-1.77272727272727
			9.77272727272727	-1.81818181818182
			9.77272727272727	-1.86363636363636
			9.81818181818182	-1.90909090909091
			9.86363636363636	-1.95454545454545
			9.86363636363636	-2
			9.86363636363636	-2.04545454545455
			9.90909090909091	-2.09090909090909
			9.90909090909091	-2.13636363636364
			9.90909090909091	-2.18181818181818
			9.90909090909091	-2.22727272727273
			9.90909090909091	-2.27272727272727
			9.90909090909091	-2.31818181818182
			9.86363636363636	-2.36363636363636
			9.86363636363636	-2.40909090909091
			9.81818181818182	-2.45454545454545
			9.81818181818182	-2.5
			9.77272727272727	-2.5
			9.77272727272727	-2.54545454545455
			9.72727272727273	-2.59090909090909
			9.68181818181818	-2.59090909090909
			9.63636363636364	-2.63636363636364
			9.63636363636364	-2.68181818181818
			9.59090909090909	-2.68181818181818
			9.63636363636364	-2.72727272727273
			9.68181818181818	-2.77272727272727
			9.72727272727273	-2.77272727272727
			9.77272727272727	-2.81818181818182
			9.81818181818182	-2.81818181818182
			9.86363636363636	-2.86363636363636
			9.90909090909091	-2.86363636363636
			9.95454545454546	-2.86363636363636
			10	-2.90909090909091
			10.0454545454545	-2.90909090909091
			10.0909090909091	-2.90909090909091
			10.1363636363636	-2.90909090909091
			10.1818181818182	-2.95454545454545
			10.2272727272727	-2.95454545454545
			10.2727272727273	-2.95454545454545
			10.3181818181818	-2.95454545454545
			10.3636363636364	-2.95454545454545
			10.4090909090909	-3
			10.4545454545455	-3
			10.5	-3
			10.5454545454545	-3
			10.5909090909091	-3
			10.6363636363636	-3
			10.6818181818182	-3
			10.7272727272727	-3.04545454545455
			10.7727272727273	-3.04545454545455
			10.8181818181818	-3.04545454545455
			10.8636363636364	-3.04545454545455
			10.9090909090909	-3.04545454545455
			10.9545454545455	-3.04545454545455
			11	-3.04545454545455
			11.0454545454545	-3.04545454545455
			11.0909090909091	-3.09090909090909
			11.1363636363636	-3.09090909090909
			11.1818181818182	-3.09090909090909
			11.2272727272727	-3.13636363636364
			11.2727272727273	-3.13636363636364
			11.3181818181818	-3.18181818181818
			11.3636363636364	-3.18181818181818
			11.4090909090909	-3.22727272727273
			11.4545454545455	-3.22727272727273
			11.5	-3.27272727272727
			11.5454545454545	-3.31818181818182
			11.5909090909091	-3.36363636363636
			11.6363636363636	-3.40909090909091
			11.6818181818182	-3.45454545454545
			11.7272727272727	-3.5
			11.7272727272727	-3.54545454545455
			11.7727272727273	-3.59090909090909
			11.7727272727273	-3.63636363636364
		</suture>
		<anterior type=matrix rownames=FALSE colnames=FALSE nrow=204 ncol=2 as.numeric=TRUE >
			7.22727272727273	-0.863636363636364
			7.27272727272727	-0.863636363636364
			7.31818181818182	-0.863636363636364
			7.36363636363636	-0.863636363636364
			7.40909090909091	-0.818181818181818
			7.45454545454546	-0.818181818181818
			7.5	-0.818181818181818
			7.54545454545455	-0.818181818181818
			7.59090909090909	-0.818181818181818
			7.63636363636364	-0.818181818181818
			7.68181818181818	-0.818181818181818
			7.72727272727273	-0.818181818181818
			7.77272727272727	-0.772727272727273
			7.81818181818182	-0.772727272727273
			7.86363636363636	-0.772727272727273
			7.90909090909091	-0.772727272727273
			7.95454545454546	-0.772727272727273
			8	-0.772727272727273
			8.04545454545454	-0.772727272727273
			8.09090909090909	-0.727272727272727
			8.13636363636364	-0.727272727272727
			8.18181818181818	-0.727272727272727
			8.22727272727273	-0.727272727272727
			8.27272727272727	-0.727272727272727
			8.31818181818182	-0.681818181818182
			8.36363636363636	-0.681818181818182
			8.40909090909091	-0.681818181818182
			8.45454545454546	-0.681818181818182
			8.5	-0.636363636363636
			8.54545454545454	-0.636363636363636
			8.59090909090909	-0.636363636363636
			8.63636363636364	-0.636363636363636
			8.68181818181818	-0.636363636363636
			8.72727272727273	-0.636363636363636
			8.77272727272727	-0.636363636363636
			8.81818181818182	-0.636363636363636
			8.86363636363636	-0.636363636363636
			8.90909090909091	-0.636363636363636
			8.95454545454546	-0.636363636363636
			9	-0.636363636363636
			9.04545454545454	-0.636363636363636
			9.09090909090909	-0.636363636363636
			9.13636363636364	-0.636363636363636
			9.18181818181818	-0.636363636363636
			9.22727272727273	-0.636363636363636
			9.27272727272727	-0.636363636363636
			9.31818181818182	-0.636363636363636
			9.36363636363636	-0.636363636363636
			9.40909090909091	-0.636363636363636
			9.45454545454546	-0.636363636363636
			9.5	-0.636363636363636
			9.54545454545454	-0.681818181818182
			9.59090909090909	-0.681818181818182
			9.63636363636364	-0.681818181818182
			9.68181818181818	-0.681818181818182
			9.72727272727273	-0.681818181818182
			9.77272727272727	-0.681818181818182
			9.81818181818182	-0.681818181818182
			9.86363636363636	-0.727272727272727
			9.90909090909091	-0.727272727272727
			9.95454545454546	-0.727272727272727
			10	-0.727272727272727
			10.0454545454545	-0.727272727272727
			10.0909090909091	-0.772727272727273
			10.1363636363636	-0.772727272727273
			10.1818181818182	-0.772727272727273
			10.2272727272727	-0.772727272727273
			10.2727272727273	-0.772727272727273
			10.3181818181818	-0.818181818181818
			10.3636363636364	-0.818181818181818
			10.4090909090909	-0.818181818181818
			10.4545454545455	-0.818181818181818
			10.5	-0.863636363636364
			10.5454545454545	-0.863636363636364
			10.5909090909091	-0.863636363636364
			10.6363636363636	-0.863636363636364
			10.6818181818182	-0.909090909090909
			10.7272727272727	-0.909090909090909
			10.7727272727273	-0.909090909090909
			10.8181818181818	-0.909090909090909
			10.8181818181818	-0.954545454545455
			10.8636363636364	-0.954545454545455
			10.9090909090909	-0.954545454545455
			10.9545454545455	-1
			11	-1.04545454545455
			11.0454545454545	-1.04545454545455
			11.0909090909091	-1.04545454545455
			11.1363636363636	-1.04545454545455
			11.1363636363636	-1.09090909090909
			11.1818181818182	-1.09090909090909
			11.2272727272727	-1.09090909090909
			11.2727272727273	-1.09090909090909
			11.2727272727273	-1.13636363636364
			11.3181818181818	-1.13636363636364
			11.3636363636364	-1.13636363636364
			11.4090909090909	-1.13636363636364
			11.4545454545455	-1.18181818181818
			11.5	-1.18181818181818
			11.5454545454545	-1.18181818181818
			11.5909090909091	-1.18181818181818
			11.6363636363636	-1.22727272727273
			11.6818181818182	-1.22727272727273
			11.7272727272727	-1.22727272727273
			11.7727272727273	-1.22727272727273
			11.8181818181818	-1.22727272727273
			11.8636363636364	-1.22727272727273
			11.9090909090909	-1.22727272727273
			11.9090909090909	-1.27272727272727
			11.9545454545455	-1.27272727272727
			12	-1.27272727272727
			12.0454545454545	-1.27272727272727
			12.0909090909091	-1.27272727272727
			12.1363636363636	-1.27272727272727
			12.1818181818182	-1.27272727272727
			12.2272727272727	-1.27272727272727
			12.2727272727273	-1.31818181818182
			12.3181818181818	-1.31818181818182
			12.3636363636364	-1.36363636363636
			12.4090909090909	-1.36363636363636
			12.4545454545455	-1.40909090909091
			12.5	-1.40909090909091
			12.5454545454545	-1.40909090909091
			12.5909090909091	-1.45454545454545
			12.6363636363636	-1.45454545454545
			12.6818181818182	-1.45454545454545
			12.7272727272727	-1.5
			12.7727272727273	-1.5
			12.8181818181818	-1.54545454545455
			12.8636363636364	-1.54545454545455
			12.9090909090909	-1.59090909090909
			12.9545454545455	-1.59090909090909
			13	-1.63636363636364
			13.0454545454545	-1.63636363636364
			13.0909090909091	-1.63636363636364
			13.1363636363636	-1.68181818181818
			13.1818181818182	-1.68181818181818
			13.1818181818182	-1.72727272727273
			13.2272727272727	-1.72727272727273
			13.2727272727273	-1.72727272727273
			13.3181818181818	-1.77272727272727
			13.3636363636364	-1.77272727272727
			13.4090909090909	-1.81818181818182
			13.4545454545455	-1.86363636363636
			13.5	-1.86363636363636
			13.5454545454545	-1.90909090909091
			13.5909090909091	-1.90909090909091
			13.6363636363636	-1.95454545454545
			13.6818181818182	-1.95454545454545
			13.7272727272727	-2
			13.7727272727273	-2
			13.8181818181818	-2.04545454545455
			13.8636363636364	-2.04545454545455
			13.9090909090909	-2.09090909090909
			13.9545454545455	-2.09090909090909
			14	-2.13636363636364
			14.0454545454545	-2.13636363636364
			14.0454545454545	-2.18181818181818
			14.0909090909091	-2.22727272727273
			14.1363636363636	-2.22727272727273
			14.1818181818182	-2.27272727272727
			14.2272727272727	-2.31818181818182
			14.2727272727273	-2.36363636363636
			14.3181818181818	-2.40909090909091
			14.3636363636364	-2.45454545454545
			14.4090909090909	-2.5
			14.4545454545455	-2.54545454545455
			14.4545454545455	-2.59090909090909
			14.5	-2.63636363636364
			14.5454545454545	-2.68181818181818
			14.5909090909091	-2.72727272727273
			14.6363636363636	-2.77272727272727
			14.6818181818182	-2.81818181818182
			14.7272727272727	-2.86363636363636
			14.7272727272727	-2.90909090909091
			14.7727272727273	-2.95454545454545
			14.8181818181818	-3
			14.8636363636364	-3.04545454545455
			14.8636363636364	-3.09090909090909
			14.9090909090909	-3.13636363636364
			14.9545454545455	-3.18181818181818
			14.9545454545455	-3.22727272727273
			15	-3.27272727272727
			15	-3.31818181818182
			15.0454545454545	-3.36363636363636
			15.0454545454545	-3.40909090909091
			15.0909090909091	-3.40909090909091
			15.0909090909091	-3.45454545454545
			15.1363636363636	-3.5
			15.1363636363636	-3.54545454545455
			15.1818181818182	-3.59090909090909
			15.1818181818182	-3.63636363636364
			15.2272727272727	-3.68181818181818
			15.2272727272727	-3.72727272727273
			15.2272727272727	-3.77272727272727
			15.2727272727273	-3.81818181818182
			15.2727272727273	-3.86363636363636
			15.3181818181818	-3.90909090909091
			15.3181818181818	-3.95454545454545
			15.3181818181818	-4
			15.3636363636364	-4.04545454545455
			15.3636363636364	-4.09090909090909
			15.3636363636364	-4.13636363636364
			15.4090909090909	-4.13636363636364
			15.4090909090909	-4.18181818181818
		</anterior>
		<posterior type=matrix rownames=FALSE colnames=FALSE nrow=566 ncol=2 as.numeric=TRUE >
			7.22727272727273	-4.18181818181818
			7.27272727272727	-4.18181818181818
			7.31818181818182	-4.18181818181818
			7.36363636363636	-4.22727272727273
			7.40909090909091	-4.22727272727273
			7.45454545454546	-4.22727272727273
			7.5	-4.22727272727273
			7.54545454545455	-4.22727272727273
			7.59090909090909	-4.22727272727273
			7.63636363636364	-4.22727272727273
			7.68181818181818	-4.22727272727273
			7.72727272727273	-4.22727272727273
			7.77272727272727	-4.22727272727273
			7.81818181818182	-4.18181818181818
			7.86363636363636	-4.18181818181818
			7.90909090909091	-4.18181818181818
			7.95454545454546	-4.18181818181818
			8	-4.18181818181818
			8.04545454545454	-4.18181818181818
			8.09090909090909	-4.18181818181818
			8.13636363636364	-4.18181818181818
			8.18181818181818	-4.13636363636364
			8.22727272727273	-4.13636363636364
			8.27272727272727	-4.13636363636364
			8.31818181818182	-4.13636363636364
			8.36363636363636	-4.13636363636364
			8.40909090909091	-4.13636363636364
			8.45454545454546	-4.13636363636364
			8.5	-4.13636363636364
			8.54545454545454	-4.13636363636364
			8.59090909090909	-4.13636363636364
			8.63636363636364	-4.13636363636364
			8.68181818181818	-4.13636363636364
			8.72727272727273	-4.13636363636364
			8.77272727272727	-4.13636363636364
			8.81818181818182	-4.13636363636364
			8.86363636363636	-4.13636363636364
			8.90909090909091	-4.13636363636364
			8.95454545454546	-4.13636363636364
			9	-4.13636363636364
			9.04545454545454	-4.13636363636364
			9.09090909090909	-4.13636363636364
			9.13636363636364	-4.13636363636364
			9.18181818181818	-4.13636363636364
			9.22727272727273	-4.13636363636364
			9.27272727272727	-4.13636363636364
			9.31818181818182	-4.13636363636364
			9.36363636363636	-4.13636363636364
			9.40909090909091	-4.13636363636364
			9.45454545454546	-4.09090909090909
			9.5	-4.09090909090909
			9.54545454545454	-4.09090909090909
			9.59090909090909	-4.09090909090909
			9.63636363636364	-4.09090909090909
			9.68181818181818	-4.09090909090909
			9.72727272727273	-4.09090909090909
			9.77272727272727	-4.09090909090909
			9.81818181818182	-4.09090909090909
			9.86363636363636	-4.09090909090909
			9.90909090909091	-4.09090909090909
			9.95454545454546	-4.09090909090909
			10	-4.09090909090909
			10.0454545454545	-4.09090909090909
			10.0909090909091	-4.09090909090909
			10.1363636363636	-4.09090909090909
			10.1818181818182	-4.09090909090909
			10.2272727272727	-4.09090909090909
			10.2727272727273	-4.09090909090909
			10.2727272727273	-4.04545454545455
			10.3181818181818	-4.04545454545455
			10.3636363636364	-4.04545454545455
			10.4090909090909	-4.04545454545455
			10.4545454545455	-4.04545454545455
			10.5	-4.04545454545455
			10.5454545454545	-4.04545454545455
			10.5909090909091	-4.04545454545455
			10.6363636363636	-4.04545454545455
			10.6818181818182	-4
			10.7272727272727	-4
			10.7727272727273	-4
			10.8181818181818	-4
			10.8636363636364	-3.95454545454545
			10.9090909090909	-3.95454545454545
			10.9545454545455	-3.95454545454545
			11	-3.95454545454545
			11.0454545454545	-3.90909090909091
			11.0909090909091	-3.90909090909091
			11.1363636363636	-3.90909090909091
			11.1818181818182	-3.90909090909091
			11.2272727272727	-3.90909090909091
			11.2727272727273	-3.86363636363636
			11.3181818181818	-3.86363636363636
			11.3636363636364	-3.86363636363636
			11.4090909090909	-3.81818181818182
			11.4545454545455	-3.81818181818182
			11.5	-3.81818181818182
			11.5454545454545	-3.77272727272727
			11.5909090909091	-3.77272727272727
			11.6363636363636	-3.72727272727273
			11.6818181818182	-3.72727272727273
			11.7272727272727	-3.72727272727273
			11.7727272727273	-3.68181818181818
			11.7727272727273	-3.63636363636364
			11.8181818181818	-3.59090909090909
			11.8636363636364	-3.54545454545455
			11.8636363636364	-3.5
			11.9090909090909	-3.45454545454545
			11.9090909090909	-3.40909090909091
			11.9090909090909	-3.36363636363636
			11.9090909090909	-3.31818181818182
			11.9090909090909	-3.27272727272727
			11.9545454545455	-3.22727272727273
			11.9545454545455	-3.18181818181818
			11.9545454545455	-3.13636363636364
			11.9545454545455	-3.09090909090909
			11.9545454545455	-3.04545454545455
			11.9545454545455	-3
			11.9090909090909	-2.95454545454545
			11.9090909090909	-2.90909090909091
			11.9090909090909	-2.86363636363636
			11.9090909090909	-2.81818181818182
			11.9090909090909	-2.77272727272727
			11.9090909090909	-2.72727272727273
			11.9090909090909	-2.68181818181818
			11.9090909090909	-2.63636363636364
			11.8636363636364	-2.59090909090909
			11.8636363636364	-2.54545454545455
			11.8636363636364	-2.5
			11.8181818181818	-2.45454545454545
			11.8181818181818	-2.40909090909091
			11.8181818181818	-2.36363636363636
			11.7727272727273	-2.31818181818182
			11.7727272727273	-2.27272727272727
			11.7727272727273	-2.22727272727273
			11.7272727272727	-2.18181818181818
			11.7272727272727	-2.13636363636364
			11.7272727272727	-2.09090909090909
			11.6818181818182	-2.04545454545455
			11.6818181818182	-2
			11.6818181818182	-1.95454545454545
			11.6363636363636	-1.95454545454545
			11.6363636363636	-1.90909090909091
			11.6363636363636	-1.86363636363636
			11.5909090909091	-1.81818181818182
			11.5909090909091	-1.77272727272727
			11.5909090909091	-1.72727272727273
			11.5454545454545	-1.72727272727273
			11.5454545454545	-1.68181818181818
			11.5	-1.63636363636364
			11.5	-1.59090909090909
			11.5454545454545	-1.59090909090909
			11.5909090909091	-1.54545454545455
			11.6363636363636	-1.54545454545455
			11.6818181818182	-1.54545454545455
			11.7272727272727	-1.54545454545455
			11.7727272727273	-1.54545454545455
			11.8181818181818	-1.54545454545455
			11.8636363636364	-1.54545454545455
			11.9090909090909	-1.54545454545455
			11.9545454545455	-1.54545454545455
			12	-1.54545454545455
			12.0454545454545	-1.54545454545455
			12.0909090909091	-1.54545454545455
			12.1363636363636	-1.54545454545455
			12.1818181818182	-1.59090909090909
			12.2272727272727	-1.59090909090909
			12.2727272727273	-1.63636363636364
			12.3181818181818	-1.63636363636364
			12.3636363636364	-1.63636363636364
			12.4090909090909	-1.68181818181818
			12.4545454545455	-1.68181818181818
			12.5	-1.72727272727273
			12.5454545454545	-1.72727272727273
			12.5909090909091	-1.77272727272727
			12.6363636363636	-1.77272727272727
			12.6818181818182	-1.81818181818182
			12.7272727272727	-1.81818181818182
			12.7727272727273	-1.86363636363636
			12.8181818181818	-1.86363636363636
			12.8636363636364	-1.90909090909091
			12.9090909090909	-1.90909090909091
			12.9545454545455	-1.95454545454545
			13	-1.95454545454545
			13.0454545454545	-2
			13.0909090909091	-2
			13.1363636363636	-2.04545454545455
			13.1818181818182	-2.04545454545455
			13.2272727272727	-2.09090909090909
			13.2727272727273	-2.13636363636364
			13.3181818181818	-2.13636363636364
			13.3636363636364	-2.18181818181818
			13.4090909090909	-2.18181818181818
			13.4545454545455	-2.22727272727273
			13.5	-2.27272727272727
			13.5454545454545	-2.27272727272727
			13.5909090909091	-2.31818181818182
			13.6363636363636	-2.36363636363636
			13.6818181818182	-2.36363636363636
			13.7272727272727	-2.40909090909091
			13.7727272727273	-2.45454545454545
			13.8181818181818	-2.45454545454545
			13.8636363636364	-2.5
			13.9090909090909	-2.54545454545455
			13.9545454545455	-2.54545454545455
			14	-2.59090909090909
			14.0454545454545	-2.63636363636364
			14.0909090909091	-2.63636363636364
			14.1363636363636	-2.68181818181818
			14.1818181818182	-2.72727272727273
			14.2272727272727	-2.77272727272727
			14.2727272727273	-2.81818181818182
			14.2727272727273	-2.86363636363636
			14.3181818181818	-2.90909090909091
			14.3181818181818	-2.95454545454545
			14.3636363636364	-3
			14.4090909090909	-3.04545454545455
			14.4545454545455	-3.09090909090909
			14.5	-3.13636363636364
			14.5	-3.18181818181818
			14.5454545454545	-3.22727272727273
			14.5454545454545	-3.27272727272727
			14.5909090909091	-3.27272727272727
			14.5909090909091	-3.31818181818182
			14.5909090909091	-3.36363636363636
			14.6363636363636	-3.36363636363636
			14.6363636363636	-3.40909090909091
			14.6818181818182	-3.45454545454545
			14.6818181818182	-3.5
			14.7272727272727	-3.54545454545455
			14.7727272727273	-3.59090909090909
			14.7727272727273	-3.63636363636364
			14.8181818181818	-3.68181818181818
			14.8181818181818	-3.72727272727273
			14.8636363636364	-3.77272727272727
			14.8636363636364	-3.81818181818182
			14.9090909090909	-3.86363636363636
			14.9090909090909	-3.90909090909091
			14.9545454545455	-3.95454545454545
			14.9545454545455	-4
			15	-4.04545454545455
			15	-4.09090909090909
			15.0454545454545	-4.13636363636364
			15.0454545454545	-4.18181818181818
			15.0909090909091	-4.18181818181818
			15.0909090909091	-4.22727272727273
			15.1363636363636	-4.27272727272727
			15.1363636363636	-4.31818181818182
			15.1363636363636	-4.36363636363636
			15.1818181818182	-4.40909090909091
			15.1818181818182	-4.45454545454546
			15.2272727272727	-4.5
			15.2272727272727	-4.54545454545455
			15.2272727272727	-4.59090909090909
			15.2727272727273	-4.63636363636364
			15.2727272727273	-4.68181818181818
			15.3181818181818	-4.72727272727273
			15.3181818181818	-4.77272727272727
			15.3181818181818	-4.81818181818182
			15.3636363636364	-4.86363636363636
			15.3636363636364	-4.90909090909091
			15.3636363636364	-4.95454545454546
			15.4090909090909	-5
			15.4090909090909	-5.04545454545455
			15.4090909090909	-5.09090909090909
			15.4545454545455	-5.13636363636364
			15.4545454545455	-5.18181818181818
			15.4545454545455	-5.22727272727273
			15.5	-5.27272727272727
			15.5	-5.31818181818182
			15.5	-5.36363636363636
			15.5	-5.40909090909091
			15.5454545454545	-5.45454545454546
			15.5454545454545	-5.5
			15.5454545454545	-5.54545454545455
			15.5454545454545	-5.59090909090909
			15.5909090909091	-5.63636363636364
			15.5909090909091	-5.68181818181818
			15.5909090909091	-5.72727272727273
			15.5909090909091	-5.77272727272727
			15.5909090909091	-5.81818181818182
			15.5909090909091	-5.86363636363636
			15.5909090909091	-5.90909090909091
			15.6363636363636	-5.95454545454546
			15.6363636363636	-6
			15.6363636363636	-6.04545454545455
			15.6363636363636	-6.09090909090909
			15.6363636363636	-6.13636363636364
			15.6363636363636	-6.18181818181818
			15.6363636363636	-6.22727272727273
			15.6363636363636	-6.27272727272727
			15.6363636363636	-6.31818181818182
			15.6363636363636	-6.36363636363636
			15.6818181818182	-6.40909090909091
			15.6818181818182	-6.45454545454546
			15.6818181818182	-6.5
			15.6818181818182	-6.54545454545455
			15.6818181818182	-6.59090909090909
			15.6818181818182	-6.63636363636364
			15.6818181818182	-6.68181818181818
			15.6818181818182	-6.72727272727273
			15.6818181818182	-6.77272727272727
			15.6818181818182	-6.81818181818182
			15.6818181818182	-6.86363636363636
			15.6818181818182	-6.90909090909091
			15.6818181818182	-6.95454545454546
			15.6818181818182	-7
			15.6818181818182	-7.04545454545455
			15.6818181818182	-7.09090909090909
			15.6818181818182	-7.13636363636364
			15.6818181818182	-7.18181818181818
			15.6818181818182	-7.22727272727273
			15.6818181818182	-7.27272727272727
			15.6818181818182	-7.31818181818182
			15.6818181818182	-7.36363636363636
			15.6818181818182	-7.40909090909091
			15.6818181818182	-7.45454545454546
			15.6818181818182	-7.5
			15.6818181818182	-7.54545454545455
			15.6818181818182	-7.59090909090909
			15.6818181818182	-7.63636363636364
			15.6818181818182	-7.68181818181818
			15.6818181818182	-7.72727272727273
			15.6818181818182	-7.77272727272727
			15.6818181818182	-7.81818181818182
			15.6818181818182	-7.86363636363636
			15.6818181818182	-7.90909090909091
			15.6818181818182	-7.95454545454546
			15.6818181818182	-8
			15.6818181818182	-8.04545454545454
			15.6818181818182	-8.09090909090909
			15.6818181818182	-8.13636363636364
			15.6818181818182	-8.18181818181818
			15.6818181818182	-8.22727272727273
			15.6818181818182	-8.27272727272727
			15.6818181818182	-8.31818181818182
			15.6818181818182	-8.36363636363636
			15.6818181818182	-8.40909090909091
			15.6818181818182	-8.45454545454546
			15.6818181818182	-8.5
			15.6818181818182	-8.54545454545454
			15.6818181818182	-8.59090909090909
			15.6818181818182	-8.63636363636364
			15.6363636363636	-8.68181818181818
			15.6363636363636	-8.72727272727273
			15.6363636363636	-8.77272727272727
			15.6363636363636	-8.81818181818182
			15.6363636363636	-8.86363636363636
			15.6363636363636	-8.90909090909091
			15.6363636363636	-8.95454545454546
			15.6363636363636	-9
			15.6363636363636	-9.04545454545454
			15.6363636363636	-9.09090909090909
			15.6363636363636	-9.13636363636364
			15.5909090909091	-9.18181818181818
			15.5909090909091	-9.22727272727273
			15.5909090909091	-9.27272727272727
			15.5909090909091	-9.31818181818182
			15.5909090909091	-9.36363636363636
			15.5454545454545	-9.40909090909091
			15.5454545454545	-9.45454545454546
			15.5454545454545	-9.5
			15.5454545454545	-9.54545454545454
			15.5	-9.59090909090909
			15.5	-9.63636363636364
			15.5	-9.68181818181818
			15.5	-9.72727272727273
			15.4545454545455	-9.77272727272727
			15.4545454545455	-9.81818181818182
			15.4545454545455	-9.86363636363636
			15.4545454545455	-9.90909090909091
			15.4090909090909	-9.95454545454546
			15.4090909090909	-10
			15.4090909090909	-10.0454545454545
			15.3636363636364	-10.0909090909091
			15.3636363636364	-10.1363636363636
			15.3636363636364	-10.1818181818182
			15.3636363636364	-10.2272727272727
			15.3181818181818	-10.2727272727273
			15.3181818181818	-10.3181818181818
			15.2727272727273	-10.3636363636364
			15.2727272727273	-10.4090909090909
			15.2727272727273	-10.4545454545455
			15.2272727272727	-10.5
			15.2272727272727	-10.5454545454545
			15.2272727272727	-10.5909090909091
			15.2272727272727	-10.6363636363636
			15.1818181818182	-10.6818181818182
			15.1818181818182	-10.7272727272727
			15.1363636363636	-10.7727272727273
			15.1363636363636	-10.8181818181818
			15.1363636363636	-10.8636363636364
			15.0909090909091	-10.9090909090909
			15.0909090909091	-10.9545454545455
			15.0909090909091	-11
			15.0454545454545	-11.0454545454545
			15.0454545454545	-11.0909090909091
			15.0454545454545	-11.1363636363636
			15	-11.1818181818182
			15	-11.2272727272727
			15	-11.2727272727273
			14.9545454545455	-11.3181818181818
			14.9545454545455	-11.3636363636364
			14.9545454545455	-11.4090909090909
			14.9090909090909	-11.4090909090909
			14.9090909090909	-11.4545454545455
			14.9545454545455	-11.4090909090909
			15	-11.3636363636364
			15	-11.3181818181818
			15.0454545454545	-11.2727272727273
			15.0454545454545	-11.2272727272727
			15.0909090909091	-11.1818181818182
			15.0909090909091	-11.1363636363636
			15.1363636363636	-11.0909090909091
			15.1363636363636	-11.0454545454545
			15.1818181818182	-11
			15.1818181818182	-10.9545454545455
			15.2272727272727	-10.9090909090909
			15.2272727272727	-10.8636363636364
			15.2727272727273	-10.8181818181818
			15.2727272727273	-10.7727272727273
			15.3181818181818	-10.7272727272727
			15.3181818181818	-10.6818181818182
			15.3636363636364	-10.6363636363636
			15.3636363636364	-10.5909090909091
			15.3636363636364	-10.5454545454545
			15.4090909090909	-10.5
			15.4090909090909	-10.4545454545455
			15.4545454545455	-10.4090909090909
			15.4545454545455	-10.3636363636364
			15.5	-10.3181818181818
			15.5	-10.2727272727273
			15.5	-10.2272727272727
			15.5454545454545	-10.1818181818182
			15.5454545454545	-10.1363636363636
			15.5909090909091	-10.0909090909091
			15.5909090909091	-10.0454545454545
			15.5909090909091	-10
			15.6363636363636	-9.95454545454546
			15.6363636363636	-9.90909090909091
			15.6363636363636	-9.86363636363636
			15.6818181818182	-9.81818181818182
			15.6818181818182	-9.77272727272727
			15.6818181818182	-9.72727272727273
			15.7272727272727	-9.68181818181818
			15.7272727272727	-9.63636363636364
			15.7272727272727	-9.59090909090909
			15.7272727272727	-9.54545454545454
			15.7727272727273	-9.5
			15.7727272727273	-9.45454545454546
			15.7727272727273	-9.40909090909091
			15.7727272727273	-9.36363636363636
			15.7727272727273	-9.31818181818182
			15.8181818181818	-9.27272727272727
			15.8181818181818	-9.22727272727273
			15.8181818181818	-9.18181818181818
			15.8181818181818	-9.13636363636364
			15.8181818181818	-9.09090909090909
			15.8636363636364	-9.04545454545454
			15.8636363636364	-9
			15.8636363636364	-8.95454545454546
			15.8636363636364	-8.90909090909091
			15.8636363636364	-8.86363636363636
			15.9090909090909	-8.81818181818182
			15.9090909090909	-8.77272727272727
			15.9090909090909	-8.72727272727273
			15.9090909090909	-8.68181818181818
			15.9090909090909	-8.63636363636364
			15.9090909090909	-8.59090909090909
			15.9090909090909	-8.54545454545454
			15.9545454545455	-8.5
			15.9545454545455	-8.45454545454546
			15.9545454545455	-8.40909090909091
			15.9545454545455	-8.36363636363636
			15.9545454545455	-8.31818181818182
			15.9545454545455	-8.27272727272727
			15.9545454545455	-8.22727272727273
			15.9545454545455	-8.18181818181818
			15.9545454545455	-8.13636363636364
			16	-8.09090909090909
			16	-8.04545454545454
			16	-8
			16	-7.95454545454546
			16	-7.90909090909091
			16	-7.86363636363636
			16	-7.81818181818182
			16	-7.77272727272727
			16	-7.72727272727273
			16	-7.68181818181818
			16	-7.63636363636364
			16	-7.59090909090909
			16	-7.54545454545455
			16	-7.5
			16	-7.45454545454546
			16	-7.40909090909091
			16	-7.36363636363636
			16	-7.31818181818182
			16	-7.27272727272727
			16	-7.22727272727273
			16	-7.18181818181818
			16	-7.13636363636364
			16	-7.09090909090909
			16	-7.04545454545455
			16	-7
			16	-6.95454545454546
			16	-6.90909090909091
			16	-6.86363636363636
			16	-6.81818181818182
			16	-6.77272727272727
			16	-6.72727272727273
			15.9545454545455	-6.68181818181818
			15.9545454545455	-6.63636363636364
			15.9545454545455	-6.59090909090909
			15.9545454545455	-6.54545454545455
			15.9545454545455	-6.5
			15.9545454545455	-6.45454545454546
			15.9545454545455	-6.40909090909091
			15.9545454545455	-6.36363636363636
			15.9545454545455	-6.31818181818182
			15.9545454545455	-6.27272727272727
			15.9545454545455	-6.22727272727273
			15.9090909090909	-6.18181818181818
			15.9090909090909	-6.13636363636364
			15.9090909090909	-6.09090909090909
			15.9090909090909	-6.04545454545455
			15.9090909090909	-6
			15.9090909090909	-5.95454545454546
			15.9090909090909	-5.90909090909091
			15.8636363636364	-5.86363636363636
			15.8636363636364	-5.81818181818182
			15.8636363636364	-5.77272727272727
			15.8636363636364	-5.72727272727273
			15.8636363636364	-5.68181818181818
			15.8636363636364	-5.63636363636364
			15.8181818181818	-5.59090909090909
			15.8181818181818	-5.54545454545455
			15.8181818181818	-5.5
			15.8181818181818	-5.45454545454546
			15.8181818181818	-5.40909090909091
			15.7727272727273	-5.36363636363636
			15.7727272727273	-5.31818181818182
			15.7727272727273	-5.27272727272727
			15.7727272727273	-5.22727272727273
			15.7272727272727	-5.18181818181818
			15.7272727272727	-5.13636363636364
			15.7272727272727	-5.09090909090909
			15.7272727272727	-5.04545454545455
			15.6818181818182	-5
			15.6818181818182	-4.95454545454546
			15.6818181818182	-4.90909090909091
			15.6818181818182	-4.86363636363636
			15.6363636363636	-4.81818181818182
			15.6363636363636	-4.77272727272727
			15.6363636363636	-4.72727272727273
			15.5909090909091	-4.72727272727273
			15.5909090909091	-4.68181818181818
			15.5909090909091	-4.63636363636364
			15.5909090909091	-4.59090909090909
			15.5454545454545	-4.54545454545455
			15.5454545454545	-4.5
			15.5454545454545	-4.45454545454546
			15.5	-4.40909090909091
			15.5	-4.36363636363636
			15.4545454545455	-4.31818181818182
			15.4545454545455	-4.27272727272727
			15.4090909090909	-4.22727272727273
			15.4090909090909	-4.18181818181818
		</posterior>
	</curves.scaled>
	<ruler.points type=matrix rownames=TRUE colnames=FALSE nrow=2 ncol=2 as.numeric=TRUE >
		Ruler point 1	244	258
		Ruler point 2	299	258
	</ruler.points>
</shapes>

