<shapes type=list>
	<ruler.pixel type=vector names=FALSE length=1 as.numeric=TRUE >111</ruler.pixel>
	<ruler.interval type=vector names=FALSE length=1 as.numeric=TRUE >4.5</ruler.interval>
	<scaling.units type=vector names=FALSE length=1 as.numeric=FALSE >mm</scaling.units>
	<scaling type=vector names=FALSE length=1 as.numeric=TRUE >0.0405405405405405</scaling>
	<landmarks.pixel type=matrix rownames=TRUE colnames=FALSE nrow=16 ncol=2 as.numeric=TRUE >
		LM1	169	16
		LM2	169	38
		LM3	169	154
		LM4	169	179
		LM5	221	113
		LM6	217	156
		LM7	216	169
		LM8	238	57
		LM9	251	85
		LM10	169	16
		LM11	302	161
		LM12	301	178
		LM13	169	16
		LM14	256	69
		LM15	370	179
		LM16	391	224
	</landmarks.pixel>
	<landmarks.scaled type=matrix rownames=TRUE colnames=FALSE nrow=16 ncol=2 as.numeric=TRUE >
		LM1	6.85135135135135	-0.648648648648649
		LM2	6.85135135135135	-1.54054054054054
		LM3	6.85135135135135	-6.24324324324324
		LM4	6.85135135135135	-7.25675675675676
		LM5	8.95945945945946	-4.58108108108108
		LM6	8.7972972972973	-6.32432432432432
		LM7	8.75675675675676	-6.85135135135135
		LM8	9.64864864864865	-2.31081081081081
		LM9	10.1756756756757	-3.44594594594595
		LM10	6.85135135135135	-0.648648648648649
		LM11	12.2432432432432	-6.52702702702703
		LM12	12.2027027027027	-7.21621621621622
		LM13	6.85135135135135	-0.648648648648649
		LM14	10.3783783783784	-2.7972972972973
		LM15	15	-7.25675675675676
		LM16	15.8513513513514	-9.08108108108108
	</landmarks.scaled>
	<curves.control type=list>
		<glabella type=matrix rownames=FALSE colnames=FALSE nrow=3 ncol=2 as.numeric=TRUE >
			169	38
			236	32
			216	169
		</glabella>
		<suture type=matrix rownames=FALSE colnames=FALSE nrow=11 ncol=2 as.numeric=TRUE >
			169	16
			187	18
			217	29
			238	37
			238	56
			258	71
			251	84
			264	99
			283	117
			301	134
			301	178
		</suture>
		<anterior type=matrix rownames=FALSE colnames=FALSE nrow=9 ncol=2 as.numeric=TRUE >
			169	16
			226	14
			270	24
			311	42
			325	56
			343	75
			350	141
			358	158
			370	179
		</anterior>
		<posterior type=matrix rownames=FALSE colnames=FALSE nrow=15 ncol=2 as.numeric=TRUE >
			169	179
			197	182
			217	170
			245	167
			303	181
			311	174
			330	167
			340	161
			350	169
			359	182
			376	202
			384	216
			392	228
			390	206
			370	179
		</posterior>
	</curves.control>
	<curves.pixel type=list>
		<glabella type=matrix rownames=FALSE colnames=FALSE nrow=157 ncol=2 as.numeric=TRUE >
			169	38
			170	38
			171	38
			172	38
			173	38
			174	38
			175	38
			176	38
			177	38
			178	38
			179	38
			180	38
			181	38
			182	38
			183	39
			184	39
			185	39
			186	39
			187	39
			188	40
			189	40
			190	40
			191	41
			192	41
			193	42
			194	42
			195	42
			195	43
			196	43
			197	44
			198	44
			199	45
			199	46
			200	46
			201	47
			202	48
			203	49
			204	50
			205	51
			206	52
			207	53
			207	54
			208	55
			209	56
			209	57
			210	58
			210	59
			211	60
			211	61
			212	62
			212	63
			213	64
			213	65
			213	66
			214	67
			214	68
			215	69
			215	70
			215	71
			216	72
			216	73
			216	74
			216	75
			217	76
			217	77
			217	78
			217	79
			218	80
			218	81
			218	82
			218	83
			218	84
			219	85
			219	86
			219	87
			219	88
			219	89
			219	90
			219	91
			219	92
			220	93
			220	94
			220	95
			220	96
			220	97
			220	98
			220	99
			220	100
			220	101
			220	102
			220	103
			220	104
			220	105
			220	106
			221	107
			221	108
			221	109
			221	110
			221	111
			221	112
			221	113
			221	114
			221	115
			221	116
			221	117
			221	118
			221	119
			221	120
			220	121
			220	122
			220	123
			220	124
			220	125
			220	126
			220	127
			220	128
			220	129
			220	130
			220	131
			220	132
			220	133
			220	134
			220	135
			220	136
			220	137
			220	138
			219	139
			219	140
			219	141
			219	142
			219	143
			219	144
			219	145
			219	146
			219	147
			219	148
			219	149
			218	150
			218	151
			218	152
			218	153
			218	154
			218	155
			218	156
			218	157
			217	158
			217	159
			217	160
			217	161
			217	162
			217	163
			217	164
			217	165
			216	166
			216	167
			216	168
			216	169
		</glabella>
		<suture type=matrix rownames=FALSE colnames=FALSE nrow=210 ncol=2 as.numeric=TRUE >
			169	16
			170	16
			171	16
			172	16
			173	17
			174	17
			175	17
			176	17
			177	17
			178	17
			179	18
			180	18
			181	18
			182	18
			183	18
			184	19
			185	19
			186	19
			187	20
			188	20
			189	20
			190	20
			191	21
			192	21
			193	21
			194	21
			195	22
			196	22
			197	22
			198	22
			199	23
			200	23
			201	24
			202	24
			203	24
			204	25
			205	25
			206	25
			207	26
			208	26
			209	26
			210	27
			211	27
			212	27
			213	27
			214	28
			215	28
			216	29
			217	29
			218	29
			219	30
			220	30
			221	31
			222	31
			223	32
			224	32
			225	33
			226	33
			227	34
			228	35
			229	36
			230	37
			231	38
			232	39
			233	40
			234	41
			234	42
			235	43
			236	44
			236	45
			236	46
			237	47
			237	48
			237	49
			237	50
			238	51
			238	52
			238	53
			238	54
			238	55
			238	56
			239	57
			240	58
			241	59
			242	59
			243	60
			244	61
			245	62
			246	63
			247	64
			247	65
			248	65
			249	66
			249	67
			250	68
			250	69
			251	69
			251	70
			252	71
			252	72
			252	73
			252	74
			253	74
			253	75
			253	76
			253	77
			253	78
			253	79
			252	80
			252	81
			252	82
			252	83
			251	84
			252	85
			253	86
			253	87
			254	88
			255	89
			256	90
			257	91
			258	92
			259	93
			260	94
			261	95
			262	96
			263	97
			264	98
			265	99
			266	100
			267	101
			267	102
			268	103
			269	103
			270	104
			271	105
			272	106
			272	107
			273	108
			274	109
			275	109
			276	110
			277	111
			278	112
			279	113
			280	114
			281	115
			281	116
			282	116
			283	117
			284	118
			285	119
			286	120
			287	121
			287	122
			288	123
			289	124
			290	125
			290	126
			291	127
			291	128
			292	129
			292	130
			293	131
			293	132
			294	133
			294	134
			294	135
			295	136
			295	137
			296	138
			296	139
			296	140
			297	141
			297	142
			297	143
			298	144
			298	145
			298	146
			298	147
			298	148
			299	149
			299	150
			299	151
			299	152
			299	153
			299	154
			300	155
			300	156
			300	157
			300	158
			300	159
			300	160
			300	161
			300	162
			300	163
			300	164
			301	165
			301	166
			301	167
			301	168
			301	169
			301	170
			301	171
			301	172
			301	173
			301	174
			301	175
			301	176
			301	177
			301	178
		</suture>
		<anterior type=matrix rownames=FALSE colnames=FALSE nrow=294 ncol=2 as.numeric=TRUE >
			169	16
			170	16
			171	16
			172	16
			173	16
			174	16
			175	16
			176	16
			177	16
			178	16
			179	16
			180	16
			181	16
			182	16
			183	16
			184	16
			185	16
			186	16
			187	16
			188	16
			189	16
			190	16
			191	16
			192	16
			193	16
			194	16
			195	16
			196	16
			197	16
			198	16
			199	16
			200	16
			201	16
			202	16
			203	16
			204	16
			205	16
			206	16
			207	16
			208	16
			209	16
			210	16
			211	16
			212	16
			213	16
			214	16
			215	16
			216	17
			217	17
			218	17
			219	17
			220	17
			221	17
			222	17
			223	17
			224	17
			225	17
			226	17
			227	17
			228	17
			229	18
			230	18
			231	18
			232	18
			233	18
			234	18
			235	18
			236	18
			237	18
			238	19
			239	19
			240	19
			241	19
			242	19
			243	19
			244	19
			245	20
			246	20
			247	20
			248	20
			249	20
			250	20
			251	20
			252	20
			252	21
			253	21
			254	21
			255	21
			256	21
			257	21
			258	22
			259	22
			260	22
			261	22
			262	22
			263	22
			264	23
			265	23
			266	23
			267	23
			268	24
			269	24
			270	24
			271	25
			272	25
			273	25
			274	26
			275	26
			276	27
			277	27
			278	27
			279	28
			280	28
			280	29
			281	29
			282	30
			283	30
			284	30
			285	31
			286	32
			287	32
			288	32
			289	33
			290	33
			291	34
			292	34
			293	35
			294	35
			295	36
			296	36
			296	37
			297	37
			298	38
			299	38
			300	38
			301	39
			302	40
			303	40
			304	41
			305	41
			306	42
			307	42
			308	43
			308	44
			309	44
			310	45
			311	45
			312	46
			313	46
			313	47
			314	47
			315	48
			316	49
			317	49
			318	50
			319	50
			319	51
			320	52
			321	52
			321	53
			322	53
			323	54
			324	55
			325	56
			326	57
			327	58
			328	59
			329	60
			329	61
			330	62
			330	63
			331	64
			331	65
			332	66
			333	67
			333	68
			334	69
			334	70
			335	71
			335	72
			335	73
			336	74
			336	75
			337	76
			337	77
			337	78
			338	79
			338	80
			338	81
			339	82
			339	83
			339	84
			340	85
			340	86
			340	87
			341	88
			341	89
			341	90
			341	91
			342	92
			342	93
			342	94
			342	95
			343	96
			343	97
			343	98
			343	99
			344	100
			344	101
			344	102
			344	103
			344	104
			345	105
			345	106
			345	107
			345	108
			345	109
			346	110
			346	111
			346	112
			346	113
			346	114
			346	115
			347	115
			347	116
			347	117
			347	118
			347	119
			347	120
			347	121
			348	122
			348	123
			348	124
			348	125
			348	126
			348	127
			349	128
			349	129
			349	130
			349	131
			349	132
			349	133
			349	134
			349	135
			349	136
			350	137
			350	138
			350	139
			350	140
			350	141
			350	142
			351	142
			351	143
			351	144
			352	144
			352	145
			352	146
			353	146
			353	147
			353	148
			354	148
			354	149
			354	150
			355	150
			355	151
			355	152
			356	152
			356	153
			356	154
			357	155
			357	156
			358	157
			359	158
			359	159
			360	160
			360	161
			361	162
			361	163
			361	164
			362	165
			363	166
			363	167
			364	168
			364	169
			365	170
			366	171
			366	172
			367	173
			367	174
			368	175
			368	176
			369	177
			370	178
			370	179
		</anterior>
		<posterior type=matrix rownames=FALSE colnames=FALSE nrow=301 ncol=2 as.numeric=TRUE >
			169	179
			170	179
			171	179
			172	179
			173	179
			174	179
			175	179
			176	180
			177	180
			178	180
			179	180
			180	180
			181	180
			182	180
			183	180
			184	179
			185	179
			186	179
			187	179
			188	179
			189	179
			190	179
			191	179
			192	179
			193	179
			194	178
			195	178
			196	178
			197	178
			198	178
			199	177
			200	177
			201	177
			202	177
			202	176
			203	176
			204	176
			205	176
			206	175
			207	175
			208	174
			209	174
			210	174
			211	173
			212	173
			213	172
			214	172
			215	171
			216	171
			217	170
			218	170
			219	170
			220	170
			221	170
			222	170
			223	170
			224	170
			225	170
			225	169
			226	169
			227	169
			228	169
			229	169
			230	169
			231	170
			232	170
			233	170
			234	170
			235	170
			236	170
			237	170
			238	170
			239	170
			240	170
			241	170
			242	170
			243	170
			244	170
			245	170
			246	170
			247	171
			248	171
			249	171
			250	171
			251	171
			252	171
			253	171
			254	171
			255	172
			256	172
			257	172
			258	172
			259	172
			260	172
			261	172
			261	173
			262	173
			263	173
			264	173
			265	173
			266	173
			267	173
			268	174
			269	174
			270	174
			271	174
			272	174
			273	175
			274	175
			275	175
			276	175
			277	175
			278	176
			279	176
			280	176
			281	176
			282	176
			283	177
			284	177
			285	177
			286	177
			287	177
			288	178
			289	178
			290	178
			291	178
			292	178
			293	179
			294	179
			295	179
			296	179
			297	180
			298	180
			299	180
			300	180
			301	181
			302	181
			303	181
			304	180
			305	179
			306	178
			307	178
			308	177
			309	176
			310	176
			311	175
			312	175
			313	175
			313	174
			314	174
			315	173
			316	173
			317	172
			318	172
			319	171
			320	171
			321	171
			322	170
			323	170
			324	169
			325	169
			326	169
			326	168
			327	168
			328	168
			329	168
			329	167
			330	167
			331	167
			331	166
			332	166
			333	166
			334	165
			335	165
			336	165
			337	165
			338	164
			339	164
			340	164
			341	165
			342	165
			343	165
			344	166
			345	166
			346	166
			347	167
			348	168
			349	169
			350	169
			351	170
			352	171
			352	172
			353	173
			353	174
			354	174
			354	175
			355	176
			355	177
			356	177
			357	178
			357	179
			358	179
			358	180
			359	181
			359	182
			360	183
			361	183
			361	184
			362	185
			363	186
			364	187
			365	188
			365	189
			366	190
			367	191
			368	192
			369	193
			370	194
			370	195
			371	196
			372	197
			373	198
			374	199
			374	200
			375	201
			376	202
			376	203
			377	204
			378	205
			378	206
			379	207
			380	208
			380	209
			381	210
			381	211
			382	212
			383	213
			383	214
			384	215
			384	216
			385	216
			385	217
			385	218
			386	219
			387	220
			387	221
			388	222
			389	223
			389	224
			390	225
			391	226
			392	227
			392	226
			392	225
			391	224
			391	223
			391	222
			391	221
			391	220
			390	219
			390	218
			390	217
			390	216
			389	215
			389	214
			389	213
			388	212
			388	211
			388	210
			387	209
			387	208
			387	207
			386	207
			386	206
			386	205
			385	204
			385	203
			384	202
			384	201
			383	200
			383	199
			382	198
			382	197
			381	196
			381	195
			380	194
			379	193
			379	192
			378	191
			378	190
			377	189
			376	188
			376	187
			375	186
			374	185
			374	184
			373	183
			372	182
			372	181
			371	180
			370	179
		</posterior>
	</curves.pixel>
	<curves.scaled type=list>
		<glabella type=matrix rownames=FALSE colnames=FALSE nrow=157 ncol=2 as.numeric=TRUE >
			6.85135135135135	-1.54054054054054
			6.89189189189189	-1.54054054054054
			6.93243243243243	-1.54054054054054
			6.97297297297297	-1.54054054054054
			7.01351351351351	-1.54054054054054
			7.05405405405405	-1.54054054054054
			7.09459459459459	-1.54054054054054
			7.13513513513514	-1.54054054054054
			7.17567567567568	-1.54054054054054
			7.21621621621622	-1.54054054054054
			7.25675675675676	-1.54054054054054
			7.2972972972973	-1.54054054054054
			7.33783783783784	-1.54054054054054
			7.37837837837838	-1.54054054054054
			7.41891891891892	-1.58108108108108
			7.45945945945946	-1.58108108108108
			7.5	-1.58108108108108
			7.54054054054054	-1.58108108108108
			7.58108108108108	-1.58108108108108
			7.62162162162162	-1.62162162162162
			7.66216216216216	-1.62162162162162
			7.7027027027027	-1.62162162162162
			7.74324324324324	-1.66216216216216
			7.78378378378378	-1.66216216216216
			7.82432432432432	-1.7027027027027
			7.86486486486486	-1.7027027027027
			7.90540540540541	-1.7027027027027
			7.90540540540541	-1.74324324324324
			7.94594594594595	-1.74324324324324
			7.98648648648649	-1.78378378378378
			8.02702702702703	-1.78378378378378
			8.06756756756757	-1.82432432432432
			8.06756756756757	-1.86486486486486
			8.10810810810811	-1.86486486486486
			8.14864864864865	-1.90540540540541
			8.18918918918919	-1.94594594594595
			8.22972972972973	-1.98648648648649
			8.27027027027027	-2.02702702702703
			8.31081081081081	-2.06756756756757
			8.35135135135135	-2.10810810810811
			8.39189189189189	-2.14864864864865
			8.39189189189189	-2.18918918918919
			8.43243243243243	-2.22972972972973
			8.47297297297297	-2.27027027027027
			8.47297297297297	-2.31081081081081
			8.51351351351351	-2.35135135135135
			8.51351351351351	-2.39189189189189
			8.55405405405405	-2.43243243243243
			8.55405405405405	-2.47297297297297
			8.59459459459459	-2.51351351351351
			8.59459459459459	-2.55405405405405
			8.63513513513514	-2.59459459459459
			8.63513513513514	-2.63513513513514
			8.63513513513514	-2.67567567567568
			8.67567567567568	-2.71621621621622
			8.67567567567568	-2.75675675675676
			8.71621621621622	-2.7972972972973
			8.71621621621622	-2.83783783783784
			8.71621621621622	-2.87837837837838
			8.75675675675676	-2.91891891891892
			8.75675675675676	-2.95945945945946
			8.75675675675676	-3
			8.75675675675676	-3.04054054054054
			8.7972972972973	-3.08108108108108
			8.7972972972973	-3.12162162162162
			8.7972972972973	-3.16216216216216
			8.7972972972973	-3.2027027027027
			8.83783783783784	-3.24324324324324
			8.83783783783784	-3.28378378378378
			8.83783783783784	-3.32432432432432
			8.83783783783784	-3.36486486486486
			8.83783783783784	-3.40540540540541
			8.87837837837838	-3.44594594594595
			8.87837837837838	-3.48648648648649
			8.87837837837838	-3.52702702702703
			8.87837837837838	-3.56756756756757
			8.87837837837838	-3.60810810810811
			8.87837837837838	-3.64864864864865
			8.87837837837838	-3.68918918918919
			8.87837837837838	-3.72972972972973
			8.91891891891892	-3.77027027027027
			8.91891891891892	-3.81081081081081
			8.91891891891892	-3.85135135135135
			8.91891891891892	-3.89189189189189
			8.91891891891892	-3.93243243243243
			8.91891891891892	-3.97297297297297
			8.91891891891892	-4.01351351351351
			8.91891891891892	-4.05405405405405
			8.91891891891892	-4.09459459459459
			8.91891891891892	-4.13513513513514
			8.91891891891892	-4.17567567567568
			8.91891891891892	-4.21621621621622
			8.91891891891892	-4.25675675675676
			8.91891891891892	-4.2972972972973
			8.95945945945946	-4.33783783783784
			8.95945945945946	-4.37837837837838
			8.95945945945946	-4.41891891891892
			8.95945945945946	-4.45945945945946
			8.95945945945946	-4.5
			8.95945945945946	-4.54054054054054
			8.95945945945946	-4.58108108108108
			8.95945945945946	-4.62162162162162
			8.95945945945946	-4.66216216216216
			8.95945945945946	-4.7027027027027
			8.95945945945946	-4.74324324324324
			8.95945945945946	-4.78378378378378
			8.95945945945946	-4.82432432432432
			8.95945945945946	-4.86486486486486
			8.91891891891892	-4.90540540540541
			8.91891891891892	-4.94594594594595
			8.91891891891892	-4.98648648648649
			8.91891891891892	-5.02702702702703
			8.91891891891892	-5.06756756756757
			8.91891891891892	-5.10810810810811
			8.91891891891892	-5.14864864864865
			8.91891891891892	-5.18918918918919
			8.91891891891892	-5.22972972972973
			8.91891891891892	-5.27027027027027
			8.91891891891892	-5.31081081081081
			8.91891891891892	-5.35135135135135
			8.91891891891892	-5.39189189189189
			8.91891891891892	-5.43243243243243
			8.91891891891892	-5.47297297297297
			8.91891891891892	-5.51351351351351
			8.91891891891892	-5.55405405405405
			8.91891891891892	-5.59459459459459
			8.87837837837838	-5.63513513513514
			8.87837837837838	-5.67567567567568
			8.87837837837838	-5.71621621621622
			8.87837837837838	-5.75675675675676
			8.87837837837838	-5.7972972972973
			8.87837837837838	-5.83783783783784
			8.87837837837838	-5.87837837837838
			8.87837837837838	-5.91891891891892
			8.87837837837838	-5.95945945945946
			8.87837837837838	-6
			8.87837837837838	-6.04054054054054
			8.83783783783784	-6.08108108108108
			8.83783783783784	-6.12162162162162
			8.83783783783784	-6.16216216216216
			8.83783783783784	-6.2027027027027
			8.83783783783784	-6.24324324324324
			8.83783783783784	-6.28378378378378
			8.83783783783784	-6.32432432432432
			8.83783783783784	-6.36486486486486
			8.7972972972973	-6.40540540540541
			8.7972972972973	-6.44594594594595
			8.7972972972973	-6.48648648648649
			8.7972972972973	-6.52702702702703
			8.7972972972973	-6.56756756756757
			8.7972972972973	-6.60810810810811
			8.7972972972973	-6.64864864864865
			8.7972972972973	-6.68918918918919
			8.75675675675676	-6.72972972972973
			8.75675675675676	-6.77027027027027
			8.75675675675676	-6.81081081081081
			8.75675675675676	-6.85135135135135
		</glabella>
		<suture type=matrix rownames=FALSE colnames=FALSE nrow=210 ncol=2 as.numeric=TRUE >
			6.85135135135135	-0.648648648648649
			6.89189189189189	-0.648648648648649
			6.93243243243243	-0.648648648648649
			6.97297297297297	-0.648648648648649
			7.01351351351351	-0.689189189189189
			7.05405405405405	-0.689189189189189
			7.09459459459459	-0.689189189189189
			7.13513513513514	-0.689189189189189
			7.17567567567568	-0.689189189189189
			7.21621621621622	-0.689189189189189
			7.25675675675676	-0.72972972972973
			7.2972972972973	-0.72972972972973
			7.33783783783784	-0.72972972972973
			7.37837837837838	-0.72972972972973
			7.41891891891892	-0.72972972972973
			7.45945945945946	-0.77027027027027
			7.5	-0.77027027027027
			7.54054054054054	-0.77027027027027
			7.58108108108108	-0.810810810810811
			7.62162162162162	-0.810810810810811
			7.66216216216216	-0.810810810810811
			7.7027027027027	-0.810810810810811
			7.74324324324324	-0.851351351351351
			7.78378378378378	-0.851351351351351
			7.82432432432432	-0.851351351351351
			7.86486486486486	-0.851351351351351
			7.90540540540541	-0.891891891891892
			7.94594594594595	-0.891891891891892
			7.98648648648649	-0.891891891891892
			8.02702702702703	-0.891891891891892
			8.06756756756757	-0.932432432432432
			8.10810810810811	-0.932432432432432
			8.14864864864865	-0.972972972972973
			8.18918918918919	-0.972972972972973
			8.22972972972973	-0.972972972972973
			8.27027027027027	-1.01351351351351
			8.31081081081081	-1.01351351351351
			8.35135135135135	-1.01351351351351
			8.39189189189189	-1.05405405405405
			8.43243243243243	-1.05405405405405
			8.47297297297297	-1.05405405405405
			8.51351351351351	-1.09459459459459
			8.55405405405405	-1.09459459459459
			8.59459459459459	-1.09459459459459
			8.63513513513514	-1.09459459459459
			8.67567567567568	-1.13513513513514
			8.71621621621622	-1.13513513513514
			8.75675675675676	-1.17567567567568
			8.7972972972973	-1.17567567567568
			8.83783783783784	-1.17567567567568
			8.87837837837838	-1.21621621621622
			8.91891891891892	-1.21621621621622
			8.95945945945946	-1.25675675675676
			9	-1.25675675675676
			9.04054054054054	-1.2972972972973
			9.08108108108108	-1.2972972972973
			9.12162162162162	-1.33783783783784
			9.16216216216216	-1.33783783783784
			9.2027027027027	-1.37837837837838
			9.24324324324324	-1.41891891891892
			9.28378378378378	-1.45945945945946
			9.32432432432432	-1.5
			9.36486486486486	-1.54054054054054
			9.40540540540541	-1.58108108108108
			9.44594594594595	-1.62162162162162
			9.48648648648649	-1.66216216216216
			9.48648648648649	-1.7027027027027
			9.52702702702703	-1.74324324324324
			9.56756756756757	-1.78378378378378
			9.56756756756757	-1.82432432432432
			9.56756756756757	-1.86486486486486
			9.60810810810811	-1.90540540540541
			9.60810810810811	-1.94594594594595
			9.60810810810811	-1.98648648648649
			9.60810810810811	-2.02702702702703
			9.64864864864865	-2.06756756756757
			9.64864864864865	-2.10810810810811
			9.64864864864865	-2.14864864864865
			9.64864864864865	-2.18918918918919
			9.64864864864865	-2.22972972972973
			9.64864864864865	-2.27027027027027
			9.68918918918919	-2.31081081081081
			9.72972972972973	-2.35135135135135
			9.77027027027027	-2.39189189189189
			9.81081081081081	-2.39189189189189
			9.85135135135135	-2.43243243243243
			9.89189189189189	-2.47297297297297
			9.93243243243243	-2.51351351351351
			9.97297297297297	-2.55405405405405
			10.0135135135135	-2.59459459459459
			10.0135135135135	-2.63513513513514
			10.0540540540541	-2.63513513513514
			10.0945945945946	-2.67567567567568
			10.0945945945946	-2.71621621621622
			10.1351351351351	-2.75675675675676
			10.1351351351351	-2.7972972972973
			10.1756756756757	-2.7972972972973
			10.1756756756757	-2.83783783783784
			10.2162162162162	-2.87837837837838
			10.2162162162162	-2.91891891891892
			10.2162162162162	-2.95945945945946
			10.2162162162162	-3
			10.2567567567568	-3
			10.2567567567568	-3.04054054054054
			10.2567567567568	-3.08108108108108
			10.2567567567568	-3.12162162162162
			10.2567567567568	-3.16216216216216
			10.2567567567568	-3.2027027027027
			10.2162162162162	-3.24324324324324
			10.2162162162162	-3.28378378378378
			10.2162162162162	-3.32432432432432
			10.2162162162162	-3.36486486486486
			10.1756756756757	-3.40540540540541
			10.2162162162162	-3.44594594594595
			10.2567567567568	-3.48648648648649
			10.2567567567568	-3.52702702702703
			10.2972972972973	-3.56756756756757
			10.3378378378378	-3.60810810810811
			10.3783783783784	-3.64864864864865
			10.4189189189189	-3.68918918918919
			10.4594594594595	-3.72972972972973
			10.5	-3.77027027027027
			10.5405405405405	-3.81081081081081
			10.5810810810811	-3.85135135135135
			10.6216216216216	-3.89189189189189
			10.6621621621622	-3.93243243243243
			10.7027027027027	-3.97297297297297
			10.7432432432432	-4.01351351351351
			10.7837837837838	-4.05405405405405
			10.8243243243243	-4.09459459459459
			10.8243243243243	-4.13513513513514
			10.8648648648649	-4.17567567567568
			10.9054054054054	-4.17567567567568
			10.9459459459459	-4.21621621621622
			10.9864864864865	-4.25675675675676
			11.027027027027	-4.2972972972973
			11.027027027027	-4.33783783783784
			11.0675675675676	-4.37837837837838
			11.1081081081081	-4.41891891891892
			11.1486486486486	-4.41891891891892
			11.1891891891892	-4.45945945945946
			11.2297297297297	-4.5
			11.2702702702703	-4.54054054054054
			11.3108108108108	-4.58108108108108
			11.3513513513514	-4.62162162162162
			11.3918918918919	-4.66216216216216
			11.3918918918919	-4.7027027027027
			11.4324324324324	-4.7027027027027
			11.472972972973	-4.74324324324324
			11.5135135135135	-4.78378378378378
			11.5540540540541	-4.82432432432432
			11.5945945945946	-4.86486486486486
			11.6351351351351	-4.90540540540541
			11.6351351351351	-4.94594594594595
			11.6756756756757	-4.98648648648649
			11.7162162162162	-5.02702702702703
			11.7567567567568	-5.06756756756757
			11.7567567567568	-5.10810810810811
			11.7972972972973	-5.14864864864865
			11.7972972972973	-5.18918918918919
			11.8378378378378	-5.22972972972973
			11.8378378378378	-5.27027027027027
			11.8783783783784	-5.31081081081081
			11.8783783783784	-5.35135135135135
			11.9189189189189	-5.39189189189189
			11.9189189189189	-5.43243243243243
			11.9189189189189	-5.47297297297297
			11.9594594594595	-5.51351351351351
			11.9594594594595	-5.55405405405405
			12	-5.59459459459459
			12	-5.63513513513514
			12	-5.67567567567568
			12.0405405405405	-5.71621621621622
			12.0405405405405	-5.75675675675676
			12.0405405405405	-5.7972972972973
			12.0810810810811	-5.83783783783784
			12.0810810810811	-5.87837837837838
			12.0810810810811	-5.91891891891892
			12.0810810810811	-5.95945945945946
			12.0810810810811	-6
			12.1216216216216	-6.04054054054054
			12.1216216216216	-6.08108108108108
			12.1216216216216	-6.12162162162162
			12.1216216216216	-6.16216216216216
			12.1216216216216	-6.2027027027027
			12.1216216216216	-6.24324324324324
			12.1621621621622	-6.28378378378378
			12.1621621621622	-6.32432432432432
			12.1621621621622	-6.36486486486486
			12.1621621621622	-6.40540540540541
			12.1621621621622	-6.44594594594595
			12.1621621621622	-6.48648648648649
			12.1621621621622	-6.52702702702703
			12.1621621621622	-6.56756756756757
			12.1621621621622	-6.60810810810811
			12.1621621621622	-6.64864864864865
			12.2027027027027	-6.68918918918919
			12.2027027027027	-6.72972972972973
			12.2027027027027	-6.77027027027027
			12.2027027027027	-6.81081081081081
			12.2027027027027	-6.85135135135135
			12.2027027027027	-6.89189189189189
			12.2027027027027	-6.93243243243243
			12.2027027027027	-6.97297297297297
			12.2027027027027	-7.01351351351351
			12.2027027027027	-7.05405405405405
			12.2027027027027	-7.09459459459459
			12.2027027027027	-7.13513513513514
			12.2027027027027	-7.17567567567568
			12.2027027027027	-7.21621621621622
		</suture>
		<anterior type=matrix rownames=FALSE colnames=FALSE nrow=294 ncol=2 as.numeric=TRUE >
			6.85135135135135	-0.648648648648649
			6.89189189189189	-0.648648648648649
			6.93243243243243	-0.648648648648649
			6.97297297297297	-0.648648648648649
			7.01351351351351	-0.648648648648649
			7.05405405405405	-0.648648648648649
			7.09459459459459	-0.648648648648649
			7.13513513513514	-0.648648648648649
			7.17567567567568	-0.648648648648649
			7.21621621621622	-0.648648648648649
			7.25675675675676	-0.648648648648649
			7.2972972972973	-0.648648648648649
			7.33783783783784	-0.648648648648649
			7.37837837837838	-0.648648648648649
			7.41891891891892	-0.648648648648649
			7.45945945945946	-0.648648648648649
			7.5	-0.648648648648649
			7.54054054054054	-0.648648648648649
			7.58108108108108	-0.648648648648649
			7.62162162162162	-0.648648648648649
			7.66216216216216	-0.648648648648649
			7.7027027027027	-0.648648648648649
			7.74324324324324	-0.648648648648649
			7.78378378378378	-0.648648648648649
			7.82432432432432	-0.648648648648649
			7.86486486486486	-0.648648648648649
			7.90540540540541	-0.648648648648649
			7.94594594594595	-0.648648648648649
			7.98648648648649	-0.648648648648649
			8.02702702702703	-0.648648648648649
			8.06756756756757	-0.648648648648649
			8.10810810810811	-0.648648648648649
			8.14864864864865	-0.648648648648649
			8.18918918918919	-0.648648648648649
			8.22972972972973	-0.648648648648649
			8.27027027027027	-0.648648648648649
			8.31081081081081	-0.648648648648649
			8.35135135135135	-0.648648648648649
			8.39189189189189	-0.648648648648649
			8.43243243243243	-0.648648648648649
			8.47297297297297	-0.648648648648649
			8.51351351351351	-0.648648648648649
			8.55405405405405	-0.648648648648649
			8.59459459459459	-0.648648648648649
			8.63513513513514	-0.648648648648649
			8.67567567567568	-0.648648648648649
			8.71621621621622	-0.648648648648649
			8.75675675675676	-0.689189189189189
			8.7972972972973	-0.689189189189189
			8.83783783783784	-0.689189189189189
			8.87837837837838	-0.689189189189189
			8.91891891891892	-0.689189189189189
			8.95945945945946	-0.689189189189189
			9	-0.689189189189189
			9.04054054054054	-0.689189189189189
			9.08108108108108	-0.689189189189189
			9.12162162162162	-0.689189189189189
			9.16216216216216	-0.689189189189189
			9.2027027027027	-0.689189189189189
			9.24324324324324	-0.689189189189189
			9.28378378378378	-0.72972972972973
			9.32432432432432	-0.72972972972973
			9.36486486486486	-0.72972972972973
			9.40540540540541	-0.72972972972973
			9.44594594594595	-0.72972972972973
			9.48648648648649	-0.72972972972973
			9.52702702702703	-0.72972972972973
			9.56756756756757	-0.72972972972973
			9.60810810810811	-0.72972972972973
			9.64864864864865	-0.77027027027027
			9.68918918918919	-0.77027027027027
			9.72972972972973	-0.77027027027027
			9.77027027027027	-0.77027027027027
			9.81081081081081	-0.77027027027027
			9.85135135135135	-0.77027027027027
			9.89189189189189	-0.77027027027027
			9.93243243243243	-0.810810810810811
			9.97297297297297	-0.810810810810811
			10.0135135135135	-0.810810810810811
			10.0540540540541	-0.810810810810811
			10.0945945945946	-0.810810810810811
			10.1351351351351	-0.810810810810811
			10.1756756756757	-0.810810810810811
			10.2162162162162	-0.810810810810811
			10.2162162162162	-0.851351351351351
			10.2567567567568	-0.851351351351351
			10.2972972972973	-0.851351351351351
			10.3378378378378	-0.851351351351351
			10.3783783783784	-0.851351351351351
			10.4189189189189	-0.851351351351351
			10.4594594594595	-0.891891891891892
			10.5	-0.891891891891892
			10.5405405405405	-0.891891891891892
			10.5810810810811	-0.891891891891892
			10.6216216216216	-0.891891891891892
			10.6621621621622	-0.891891891891892
			10.7027027027027	-0.932432432432432
			10.7432432432432	-0.932432432432432
			10.7837837837838	-0.932432432432432
			10.8243243243243	-0.932432432432432
			10.8648648648649	-0.972972972972973
			10.9054054054054	-0.972972972972973
			10.9459459459459	-0.972972972972973
			10.9864864864865	-1.01351351351351
			11.027027027027	-1.01351351351351
			11.0675675675676	-1.01351351351351
			11.1081081081081	-1.05405405405405
			11.1486486486486	-1.05405405405405
			11.1891891891892	-1.09459459459459
			11.2297297297297	-1.09459459459459
			11.2702702702703	-1.09459459459459
			11.3108108108108	-1.13513513513514
			11.3513513513514	-1.13513513513514
			11.3513513513514	-1.17567567567568
			11.3918918918919	-1.17567567567568
			11.4324324324324	-1.21621621621622
			11.472972972973	-1.21621621621622
			11.5135135135135	-1.21621621621622
			11.5540540540541	-1.25675675675676
			11.5945945945946	-1.2972972972973
			11.6351351351351	-1.2972972972973
			11.6756756756757	-1.2972972972973
			11.7162162162162	-1.33783783783784
			11.7567567567568	-1.33783783783784
			11.7972972972973	-1.37837837837838
			11.8378378378378	-1.37837837837838
			11.8783783783784	-1.41891891891892
			11.9189189189189	-1.41891891891892
			11.9594594594595	-1.45945945945946
			12	-1.45945945945946
			12	-1.5
			12.0405405405405	-1.5
			12.0810810810811	-1.54054054054054
			12.1216216216216	-1.54054054054054
			12.1621621621622	-1.54054054054054
			12.2027027027027	-1.58108108108108
			12.2432432432432	-1.62162162162162
			12.2837837837838	-1.62162162162162
			12.3243243243243	-1.66216216216216
			12.3648648648649	-1.66216216216216
			12.4054054054054	-1.7027027027027
			12.4459459459459	-1.7027027027027
			12.4864864864865	-1.74324324324324
			12.4864864864865	-1.78378378378378
			12.527027027027	-1.78378378378378
			12.5675675675676	-1.82432432432432
			12.6081081081081	-1.82432432432432
			12.6486486486486	-1.86486486486486
			12.6891891891892	-1.86486486486486
			12.6891891891892	-1.90540540540541
			12.7297297297297	-1.90540540540541
			12.7702702702703	-1.94594594594595
			12.8108108108108	-1.98648648648649
			12.8513513513514	-1.98648648648649
			12.8918918918919	-2.02702702702703
			12.9324324324324	-2.02702702702703
			12.9324324324324	-2.06756756756757
			12.972972972973	-2.10810810810811
			13.0135135135135	-2.10810810810811
			13.0135135135135	-2.14864864864865
			13.0540540540541	-2.14864864864865
			13.0945945945946	-2.18918918918919
			13.1351351351351	-2.22972972972973
			13.1756756756757	-2.27027027027027
			13.2162162162162	-2.31081081081081
			13.2567567567568	-2.35135135135135
			13.2972972972973	-2.39189189189189
			13.3378378378378	-2.43243243243243
			13.3378378378378	-2.47297297297297
			13.3783783783784	-2.51351351351351
			13.3783783783784	-2.55405405405405
			13.4189189189189	-2.59459459459459
			13.4189189189189	-2.63513513513514
			13.4594594594595	-2.67567567567568
			13.5	-2.71621621621622
			13.5	-2.75675675675676
			13.5405405405405	-2.7972972972973
			13.5405405405405	-2.83783783783784
			13.5810810810811	-2.87837837837838
			13.5810810810811	-2.91891891891892
			13.5810810810811	-2.95945945945946
			13.6216216216216	-3
			13.6216216216216	-3.04054054054054
			13.6621621621622	-3.08108108108108
			13.6621621621622	-3.12162162162162
			13.6621621621622	-3.16216216216216
			13.7027027027027	-3.2027027027027
			13.7027027027027	-3.24324324324324
			13.7027027027027	-3.28378378378378
			13.7432432432432	-3.32432432432432
			13.7432432432432	-3.36486486486486
			13.7432432432432	-3.40540540540541
			13.7837837837838	-3.44594594594595
			13.7837837837838	-3.48648648648649
			13.7837837837838	-3.52702702702703
			13.8243243243243	-3.56756756756757
			13.8243243243243	-3.60810810810811
			13.8243243243243	-3.64864864864865
			13.8243243243243	-3.68918918918919
			13.8648648648649	-3.72972972972973
			13.8648648648649	-3.77027027027027
			13.8648648648649	-3.81081081081081
			13.8648648648649	-3.85135135135135
			13.9054054054054	-3.89189189189189
			13.9054054054054	-3.93243243243243
			13.9054054054054	-3.97297297297297
			13.9054054054054	-4.01351351351351
			13.9459459459459	-4.05405405405405
			13.9459459459459	-4.09459459459459
			13.9459459459459	-4.13513513513514
			13.9459459459459	-4.17567567567568
			13.9459459459459	-4.21621621621622
			13.9864864864865	-4.25675675675676
			13.9864864864865	-4.2972972972973
			13.9864864864865	-4.33783783783784
			13.9864864864865	-4.37837837837838
			13.9864864864865	-4.41891891891892
			14.027027027027	-4.45945945945946
			14.027027027027	-4.5
			14.027027027027	-4.54054054054054
			14.027027027027	-4.58108108108108
			14.027027027027	-4.62162162162162
			14.027027027027	-4.66216216216216
			14.0675675675676	-4.66216216216216
			14.0675675675676	-4.7027027027027
			14.0675675675676	-4.74324324324324
			14.0675675675676	-4.78378378378378
			14.0675675675676	-4.82432432432432
			14.0675675675676	-4.86486486486486
			14.0675675675676	-4.90540540540541
			14.1081081081081	-4.94594594594595
			14.1081081081081	-4.98648648648649
			14.1081081081081	-5.02702702702703
			14.1081081081081	-5.06756756756757
			14.1081081081081	-5.10810810810811
			14.1081081081081	-5.14864864864865
			14.1486486486486	-5.18918918918919
			14.1486486486486	-5.22972972972973
			14.1486486486486	-5.27027027027027
			14.1486486486486	-5.31081081081081
			14.1486486486486	-5.35135135135135
			14.1486486486486	-5.39189189189189
			14.1486486486486	-5.43243243243243
			14.1486486486486	-5.47297297297297
			14.1486486486486	-5.51351351351351
			14.1891891891892	-5.55405405405405
			14.1891891891892	-5.59459459459459
			14.1891891891892	-5.63513513513514
			14.1891891891892	-5.67567567567568
			14.1891891891892	-5.71621621621622
			14.1891891891892	-5.75675675675676
			14.2297297297297	-5.75675675675676
			14.2297297297297	-5.7972972972973
			14.2297297297297	-5.83783783783784
			14.2702702702703	-5.83783783783784
			14.2702702702703	-5.87837837837838
			14.2702702702703	-5.91891891891892
			14.3108108108108	-5.91891891891892
			14.3108108108108	-5.95945945945946
			14.3108108108108	-6
			14.3513513513514	-6
			14.3513513513514	-6.04054054054054
			14.3513513513514	-6.08108108108108
			14.3918918918919	-6.08108108108108
			14.3918918918919	-6.12162162162162
			14.3918918918919	-6.16216216216216
			14.4324324324324	-6.16216216216216
			14.4324324324324	-6.2027027027027
			14.4324324324324	-6.24324324324324
			14.472972972973	-6.28378378378378
			14.472972972973	-6.32432432432432
			14.5135135135135	-6.36486486486486
			14.5540540540541	-6.40540540540541
			14.5540540540541	-6.44594594594595
			14.5945945945946	-6.48648648648649
			14.5945945945946	-6.52702702702703
			14.6351351351351	-6.56756756756757
			14.6351351351351	-6.60810810810811
			14.6351351351351	-6.64864864864865
			14.6756756756757	-6.68918918918919
			14.7162162162162	-6.72972972972973
			14.7162162162162	-6.77027027027027
			14.7567567567568	-6.81081081081081
			14.7567567567568	-6.85135135135135
			14.7972972972973	-6.89189189189189
			14.8378378378378	-6.93243243243243
			14.8378378378378	-6.97297297297297
			14.8783783783784	-7.01351351351351
			14.8783783783784	-7.05405405405405
			14.9189189189189	-7.09459459459459
			14.9189189189189	-7.13513513513514
			14.9594594594595	-7.17567567567568
			15	-7.21621621621622
			15	-7.25675675675676
		</anterior>
		<posterior type=matrix rownames=FALSE colnames=FALSE nrow=301 ncol=2 as.numeric=TRUE >
			6.85135135135135	-7.25675675675676
			6.89189189189189	-7.25675675675676
			6.93243243243243	-7.25675675675676
			6.97297297297297	-7.25675675675676
			7.01351351351351	-7.25675675675676
			7.05405405405405	-7.25675675675676
			7.09459459459459	-7.25675675675676
			7.13513513513514	-7.2972972972973
			7.17567567567568	-7.2972972972973
			7.21621621621622	-7.2972972972973
			7.25675675675676	-7.2972972972973
			7.2972972972973	-7.2972972972973
			7.33783783783784	-7.2972972972973
			7.37837837837838	-7.2972972972973
			7.41891891891892	-7.2972972972973
			7.45945945945946	-7.25675675675676
			7.5	-7.25675675675676
			7.54054054054054	-7.25675675675676
			7.58108108108108	-7.25675675675676
			7.62162162162162	-7.25675675675676
			7.66216216216216	-7.25675675675676
			7.7027027027027	-7.25675675675676
			7.74324324324324	-7.25675675675676
			7.78378378378378	-7.25675675675676
			7.82432432432432	-7.25675675675676
			7.86486486486486	-7.21621621621622
			7.90540540540541	-7.21621621621622
			7.94594594594595	-7.21621621621622
			7.98648648648649	-7.21621621621622
			8.02702702702703	-7.21621621621622
			8.06756756756757	-7.17567567567568
			8.10810810810811	-7.17567567567568
			8.14864864864865	-7.17567567567568
			8.18918918918919	-7.17567567567568
			8.18918918918919	-7.13513513513514
			8.22972972972973	-7.13513513513514
			8.27027027027027	-7.13513513513514
			8.31081081081081	-7.13513513513514
			8.35135135135135	-7.09459459459459
			8.39189189189189	-7.09459459459459
			8.43243243243243	-7.05405405405405
			8.47297297297297	-7.05405405405405
			8.51351351351351	-7.05405405405405
			8.55405405405405	-7.01351351351351
			8.59459459459459	-7.01351351351351
			8.63513513513514	-6.97297297297297
			8.67567567567568	-6.97297297297297
			8.71621621621622	-6.93243243243243
			8.75675675675676	-6.93243243243243
			8.7972972972973	-6.89189189189189
			8.83783783783784	-6.89189189189189
			8.87837837837838	-6.89189189189189
			8.91891891891892	-6.89189189189189
			8.95945945945946	-6.89189189189189
			9	-6.89189189189189
			9.04054054054054	-6.89189189189189
			9.08108108108108	-6.89189189189189
			9.12162162162162	-6.89189189189189
			9.12162162162162	-6.85135135135135
			9.16216216216216	-6.85135135135135
			9.2027027027027	-6.85135135135135
			9.24324324324324	-6.85135135135135
			9.28378378378378	-6.85135135135135
			9.32432432432432	-6.85135135135135
			9.36486486486486	-6.89189189189189
			9.40540540540541	-6.89189189189189
			9.44594594594595	-6.89189189189189
			9.48648648648649	-6.89189189189189
			9.52702702702703	-6.89189189189189
			9.56756756756757	-6.89189189189189
			9.60810810810811	-6.89189189189189
			9.64864864864865	-6.89189189189189
			9.68918918918919	-6.89189189189189
			9.72972972972973	-6.89189189189189
			9.77027027027027	-6.89189189189189
			9.81081081081081	-6.89189189189189
			9.85135135135135	-6.89189189189189
			9.89189189189189	-6.89189189189189
			9.93243243243243	-6.89189189189189
			9.97297297297297	-6.89189189189189
			10.0135135135135	-6.93243243243243
			10.0540540540541	-6.93243243243243
			10.0945945945946	-6.93243243243243
			10.1351351351351	-6.93243243243243
			10.1756756756757	-6.93243243243243
			10.2162162162162	-6.93243243243243
			10.2567567567568	-6.93243243243243
			10.2972972972973	-6.93243243243243
			10.3378378378378	-6.97297297297297
			10.3783783783784	-6.97297297297297
			10.4189189189189	-6.97297297297297
			10.4594594594595	-6.97297297297297
			10.5	-6.97297297297297
			10.5405405405405	-6.97297297297297
			10.5810810810811	-6.97297297297297
			10.5810810810811	-7.01351351351351
			10.6216216216216	-7.01351351351351
			10.6621621621622	-7.01351351351351
			10.7027027027027	-7.01351351351351
			10.7432432432432	-7.01351351351351
			10.7837837837838	-7.01351351351351
			10.8243243243243	-7.01351351351351
			10.8648648648649	-7.05405405405405
			10.9054054054054	-7.05405405405405
			10.9459459459459	-7.05405405405405
			10.9864864864865	-7.05405405405405
			11.027027027027	-7.05405405405405
			11.0675675675676	-7.09459459459459
			11.1081081081081	-7.09459459459459
			11.1486486486486	-7.09459459459459
			11.1891891891892	-7.09459459459459
			11.2297297297297	-7.09459459459459
			11.2702702702703	-7.13513513513514
			11.3108108108108	-7.13513513513514
			11.3513513513514	-7.13513513513514
			11.3918918918919	-7.13513513513514
			11.4324324324324	-7.13513513513514
			11.472972972973	-7.17567567567568
			11.5135135135135	-7.17567567567568
			11.5540540540541	-7.17567567567568
			11.5945945945946	-7.17567567567568
			11.6351351351351	-7.17567567567568
			11.6756756756757	-7.21621621621622
			11.7162162162162	-7.21621621621622
			11.7567567567568	-7.21621621621622
			11.7972972972973	-7.21621621621622
			11.8378378378378	-7.21621621621622
			11.8783783783784	-7.25675675675676
			11.9189189189189	-7.25675675675676
			11.9594594594595	-7.25675675675676
			12	-7.25675675675676
			12.0405405405405	-7.2972972972973
			12.0810810810811	-7.2972972972973
			12.1216216216216	-7.2972972972973
			12.1621621621622	-7.2972972972973
			12.2027027027027	-7.33783783783784
			12.2432432432432	-7.33783783783784
			12.2837837837838	-7.33783783783784
			12.3243243243243	-7.2972972972973
			12.3648648648649	-7.25675675675676
			12.4054054054054	-7.21621621621622
			12.4459459459459	-7.21621621621622
			12.4864864864865	-7.17567567567568
			12.527027027027	-7.13513513513514
			12.5675675675676	-7.13513513513514
			12.6081081081081	-7.09459459459459
			12.6486486486486	-7.09459459459459
			12.6891891891892	-7.09459459459459
			12.6891891891892	-7.05405405405405
			12.7297297297297	-7.05405405405405
			12.7702702702703	-7.01351351351351
			12.8108108108108	-7.01351351351351
			12.8513513513514	-6.97297297297297
			12.8918918918919	-6.97297297297297
			12.9324324324324	-6.93243243243243
			12.972972972973	-6.93243243243243
			13.0135135135135	-6.93243243243243
			13.0540540540541	-6.89189189189189
			13.0945945945946	-6.89189189189189
			13.1351351351351	-6.85135135135135
			13.1756756756757	-6.85135135135135
			13.2162162162162	-6.85135135135135
			13.2162162162162	-6.81081081081081
			13.2567567567568	-6.81081081081081
			13.2972972972973	-6.81081081081081
			13.3378378378378	-6.81081081081081
			13.3378378378378	-6.77027027027027
			13.3783783783784	-6.77027027027027
			13.4189189189189	-6.77027027027027
			13.4189189189189	-6.72972972972973
			13.4594594594595	-6.72972972972973
			13.5	-6.72972972972973
			13.5405405405405	-6.68918918918919
			13.5810810810811	-6.68918918918919
			13.6216216216216	-6.68918918918919
			13.6621621621622	-6.68918918918919
			13.7027027027027	-6.64864864864865
			13.7432432432432	-6.64864864864865
			13.7837837837838	-6.64864864864865
			13.8243243243243	-6.68918918918919
			13.8648648648649	-6.68918918918919
			13.9054054054054	-6.68918918918919
			13.9459459459459	-6.72972972972973
			13.9864864864865	-6.72972972972973
			14.027027027027	-6.72972972972973
			14.0675675675676	-6.77027027027027
			14.1081081081081	-6.81081081081081
			14.1486486486486	-6.85135135135135
			14.1891891891892	-6.85135135135135
			14.2297297297297	-6.89189189189189
			14.2702702702703	-6.93243243243243
			14.2702702702703	-6.97297297297297
			14.3108108108108	-7.01351351351351
			14.3108108108108	-7.05405405405405
			14.3513513513514	-7.05405405405405
			14.3513513513514	-7.09459459459459
			14.3918918918919	-7.13513513513514
			14.3918918918919	-7.17567567567568
			14.4324324324324	-7.17567567567568
			14.472972972973	-7.21621621621622
			14.472972972973	-7.25675675675676
			14.5135135135135	-7.25675675675676
			14.5135135135135	-7.2972972972973
			14.5540540540541	-7.33783783783784
			14.5540540540541	-7.37837837837838
			14.5945945945946	-7.41891891891892
			14.6351351351351	-7.41891891891892
			14.6351351351351	-7.45945945945946
			14.6756756756757	-7.5
			14.7162162162162	-7.54054054054054
			14.7567567567568	-7.58108108108108
			14.7972972972973	-7.62162162162162
			14.7972972972973	-7.66216216216216
			14.8378378378378	-7.7027027027027
			14.8783783783784	-7.74324324324324
			14.9189189189189	-7.78378378378378
			14.9594594594595	-7.82432432432432
			15	-7.86486486486486
			15	-7.90540540540541
			15.0405405405405	-7.94594594594595
			15.0810810810811	-7.98648648648649
			15.1216216216216	-8.02702702702703
			15.1621621621622	-8.06756756756757
			15.1621621621622	-8.10810810810811
			15.2027027027027	-8.14864864864865
			15.2432432432432	-8.18918918918919
			15.2432432432432	-8.22972972972973
			15.2837837837838	-8.27027027027027
			15.3243243243243	-8.31081081081081
			15.3243243243243	-8.35135135135135
			15.3648648648649	-8.39189189189189
			15.4054054054054	-8.43243243243243
			15.4054054054054	-8.47297297297297
			15.4459459459459	-8.51351351351351
			15.4459459459459	-8.55405405405405
			15.4864864864865	-8.59459459459459
			15.527027027027	-8.63513513513514
			15.527027027027	-8.67567567567568
			15.5675675675676	-8.71621621621622
			15.5675675675676	-8.75675675675676
			15.6081081081081	-8.75675675675676
			15.6081081081081	-8.7972972972973
			15.6081081081081	-8.83783783783784
			15.6486486486486	-8.87837837837838
			15.6891891891892	-8.91891891891892
			15.6891891891892	-8.95945945945946
			15.7297297297297	-9
			15.7702702702703	-9.04054054054054
			15.7702702702703	-9.08108108108108
			15.8108108108108	-9.12162162162162
			15.8513513513514	-9.16216216216216
			15.8918918918919	-9.2027027027027
			15.8918918918919	-9.16216216216216
			15.8918918918919	-9.12162162162162
			15.8513513513514	-9.08108108108108
			15.8513513513514	-9.04054054054054
			15.8513513513514	-9
			15.8513513513514	-8.95945945945946
			15.8513513513514	-8.91891891891892
			15.8108108108108	-8.87837837837838
			15.8108108108108	-8.83783783783784
			15.8108108108108	-8.7972972972973
			15.8108108108108	-8.75675675675676
			15.7702702702703	-8.71621621621622
			15.7702702702703	-8.67567567567568
			15.7702702702703	-8.63513513513514
			15.7297297297297	-8.59459459459459
			15.7297297297297	-8.55405405405405
			15.7297297297297	-8.51351351351351
			15.6891891891892	-8.47297297297297
			15.6891891891892	-8.43243243243243
			15.6891891891892	-8.39189189189189
			15.6486486486486	-8.39189189189189
			15.6486486486486	-8.35135135135135
			15.6486486486486	-8.31081081081081
			15.6081081081081	-8.27027027027027
			15.6081081081081	-8.22972972972973
			15.5675675675676	-8.18918918918919
			15.5675675675676	-8.14864864864865
			15.527027027027	-8.10810810810811
			15.527027027027	-8.06756756756757
			15.4864864864865	-8.02702702702703
			15.4864864864865	-7.98648648648649
			15.4459459459459	-7.94594594594595
			15.4459459459459	-7.90540540540541
			15.4054054054054	-7.86486486486486
			15.3648648648649	-7.82432432432432
			15.3648648648649	-7.78378378378378
			15.3243243243243	-7.74324324324324
			15.3243243243243	-7.7027027027027
			15.2837837837838	-7.66216216216216
			15.2432432432432	-7.62162162162162
			15.2432432432432	-7.58108108108108
			15.2027027027027	-7.54054054054054
			15.1621621621622	-7.5
			15.1621621621622	-7.45945945945946
			15.1216216216216	-7.41891891891892
			15.0810810810811	-7.37837837837838
			15.0810810810811	-7.33783783783784
			15.0405405405405	-7.2972972972973
			15	-7.25675675675676
		</posterior>
	</curves.scaled>
	<ruler.points type=matrix rownames=TRUE colnames=FALSE nrow=2 ncol=2 as.numeric=TRUE >
		Ruler point 1	287	476
		Ruler point 2	398	476
	</ruler.points>
</shapes>

