<shapes type=list>
	<square.size type=vector names=FALSE length=1 as.numeric=TRUE >10</square.size>
	<scaling.units type=vector names=FALSE length=1 as.numeric=FALSE >mm</scaling.units>
	<scaling type=logical names=FALSE length=1 as.numeric=FALSE >NA</scaling>
	<landmarks.pixel type=matrix rownames=TRUE colnames=FALSE nrow=16 ncol=2 as.numeric=TRUE >
		LM1	531	1063
		LM2	531	1153
		LM3	531	1414
		LM4	531	1467
		LM5	651	1282
		LM6	635	1434
		LM7	674	1443
		LM8	663	1295
		LM9	651	1432
		LM10	531	1063
		LM11	804	1429
		LM12	828	1453
		LM13	531	1063
		LM14	693	1381
		LM15	933	1428
		LM16	917	1485
	</landmarks.pixel>
	<curves.control type=list>
		<glabella type=matrix rownames=FALSE colnames=FALSE nrow=9 ncol=2 as.numeric=TRUE >
			531	1153
			612	1158
			644	1207
			655	1255
			637	1316
			618	1355
			615	1403
			617	1432
			674	1443
		</glabella>
		<suture type=matrix rownames=FALSE colnames=FALSE nrow=15 ncol=2 as.numeric=TRUE >
			531	1063
			641	1068
			750	1147
			735	1182
			733	1211
			725	1255
			740	1294
			789	1318
			789	1342
			792	1369
			764	1378
			759	1396
			792	1416
			820	1439
			828	1453
		</suture>
		<anterior type=matrix rownames=FALSE colnames=FALSE nrow=7 ncol=2 as.numeric=TRUE >
			531	1063
			641	1068
			750	1147
			810	1194
			875	1287
			921	1385
			933	1428
		</anterior>
		<posterior type=matrix rownames=FALSE colnames=FALSE nrow=11 ncol=2 as.numeric=TRUE >
			531	1467
			590	1476
			633	1478
			663	1478
			676	1460
			755	1445
			827	1455
			880	1464
			920	1485
			943	1469
			933	1428
		</posterior>
	</curves.control>
	<curves.pixel type=list>
		<glabella type=matrix rownames=FALSE colnames=FALSE nrow=394 ncol=2 as.numeric=TRUE >
			531	1153
			532	1153
			533	1153
			534	1153
			535	1153
			536	1153
			537	1153
			538	1153
			539	1154
			540	1154
			541	1154
			542	1154
			543	1154
			544	1154
			545	1154
			546	1154
			547	1154
			548	1155
			549	1155
			550	1155
			551	1155
			552	1155
			553	1155
			554	1155
			555	1156
			556	1156
			557	1156
			558	1156
			559	1156
			560	1156
			560	1157
			561	1157
			562	1157
			563	1157
			564	1157
			565	1158
			566	1158
			567	1158
			568	1158
			569	1158
			570	1159
			571	1159
			572	1159
			573	1159
			574	1160
			575	1160
			576	1160
			577	1161
			578	1161
			579	1161
			580	1161
			581	1162
			582	1162
			583	1162
			584	1163
			585	1163
			586	1163
			587	1164
			588	1164
			589	1164
			590	1165
			591	1165
			592	1165
			592	1166
			593	1166
			594	1167
			595	1167
			596	1167
			597	1168
			598	1168
			599	1168
			600	1169
			601	1170
			602	1170
			603	1171
			604	1171
			605	1172
			606	1172
			607	1173
			608	1173
			609	1174
			610	1175
			611	1175
			612	1176
			613	1176
			614	1177
			615	1177
			616	1178
			616	1179
			617	1179
			618	1180
			619	1181
			620	1181
			621	1182
			622	1183
			623	1183
			623	1184
			624	1185
			625	1185
			626	1186
			627	1187
			628	1188
			629	1189
			630	1190
			631	1191
			632	1192
			633	1193
			633	1194
			634	1194
			635	1195
			636	1196
			637	1197
			638	1198
			638	1199
			639	1200
			640	1201
			641	1202
			641	1203
			642	1204
			643	1205
			644	1206
			644	1207
			644	1208
			644	1209
			645	1210
			645	1211
			645	1212
			645	1213
			645	1214
			646	1215
			646	1216
			646	1217
			646	1218
			646	1219
			646	1220
			647	1221
			647	1222
			647	1223
			647	1224
			647	1225
			647	1226
			647	1227
			647	1228
			647	1229
			648	1230
			648	1231
			648	1232
			648	1233
			648	1234
			648	1235
			648	1236
			648	1237
			648	1238
			648	1239
			648	1240
			648	1241
			648	1242
			648	1243
			648	1244
			648	1245
			648	1246
			648	1247
			648	1248
			648	1249
			648	1250
			648	1251
			648	1252
			648	1253
			648	1254
			648	1255
			648	1256
			648	1257
			648	1258
			648	1259
			648	1260
			648	1261
			648	1262
			647	1262
			647	1263
			647	1264
			647	1265
			647	1266
			647	1267
			647	1268
			647	1269
			647	1270
			647	1271
			646	1272
			646	1273
			646	1274
			646	1275
			646	1276
			646	1277
			646	1278
			646	1279
			645	1280
			645	1281
			645	1282
			645	1283
			645	1284
			644	1285
			644	1286
			644	1287
			644	1288
			644	1289
			644	1290
			643	1291
			643	1292
			643	1293
			643	1294
			642	1295
			642	1296
			642	1297
			642	1298
			642	1299
			641	1299
			641	1300
			641	1301
			641	1302
			641	1303
			640	1304
			640	1305
			640	1306
			640	1307
			639	1307
			639	1308
			639	1309
			639	1310
			638	1311
			638	1312
			638	1313
			638	1314
			637	1315
			637	1316
			636	1317
			636	1318
			635	1319
			635	1320
			635	1321
			634	1322
			634	1323
			633	1324
			633	1325
			633	1326
			632	1327
			631	1328
			631	1329
			631	1330
			630	1331
			630	1332
			630	1333
			629	1334
			629	1335
			629	1336
			628	1337
			628	1338
			627	1339
			627	1340
			627	1341
			626	1342
			626	1343
			626	1344
			626	1345
			625	1346
			625	1347
			625	1348
			624	1349
			624	1350
			624	1351
			624	1352
			623	1353
			623	1354
			623	1355
			622	1355
			622	1356
			622	1357
			622	1358
			621	1359
			621	1360
			621	1361
			621	1362
			621	1363
			620	1364
			620	1365
			620	1366
			620	1367
			619	1368
			619	1369
			619	1370
			619	1371
			619	1372
			619	1373
			618	1374
			618	1375
			618	1376
			618	1377
			618	1378
			618	1379
			617	1380
			617	1381
			617	1382
			617	1383
			617	1384
			617	1385
			617	1386
			616	1387
			616	1388
			616	1389
			616	1390
			616	1391
			616	1392
			616	1393
			616	1394
			616	1395
			616	1396
			615	1396
			615	1397
			615	1398
			615	1399
			615	1400
			615	1401
			615	1402
			615	1403
			615	1404
			615	1405
			615	1406
			616	1407
			616	1408
			616	1409
			617	1410
			617	1411
			617	1412
			618	1413
			618	1414
			619	1415
			619	1416
			620	1417
			620	1418
			621	1418
			621	1419
			622	1420
			623	1421
			624	1422
			625	1423
			626	1424
			627	1425
			628	1425
			629	1426
			630	1427
			631	1428
			632	1428
			633	1429
			634	1430
			635	1430
			636	1431
			637	1431
			638	1432
			639	1432
			640	1433
			641	1433
			642	1434
			643	1434
			644	1434
			645	1435
			646	1435
			647	1436
			648	1436
			649	1437
			650	1437
			651	1437
			652	1437
			652	1438
			653	1438
			654	1438
			655	1438
			656	1439
			657	1439
			658	1439
			659	1440
			660	1440
			661	1440
			662	1440
			663	1441
			664	1441
			665	1441
			666	1441
			667	1441
			668	1442
			669	1442
			670	1442
			671	1442
			672	1443
			673	1443
			674	1443
		</glabella>
		<suture type=matrix rownames=FALSE colnames=FALSE nrow=580 ncol=2 as.numeric=TRUE >
			531	1063
			532	1063
			533	1063
			534	1063
			535	1063
			536	1063
			537	1063
			538	1063
			539	1063
			540	1064
			541	1064
			542	1064
			543	1064
			544	1064
			545	1064
			546	1064
			547	1064
			548	1064
			549	1064
			550	1064
			551	1065
			552	1065
			553	1065
			554	1065
			555	1065
			556	1065
			557	1065
			558	1065
			559	1066
			560	1066
			561	1066
			562	1066
			563	1066
			564	1066
			565	1066
			566	1066
			567	1067
			568	1067
			569	1067
			570	1067
			571	1067
			572	1067
			573	1068
			574	1068
			575	1068
			576	1068
			577	1068
			578	1069
			579	1069
			580	1069
			581	1069
			582	1069
			583	1069
			584	1070
			585	1070
			586	1070
			587	1070
			588	1070
			589	1071
			590	1071
			591	1071
			592	1071
			593	1072
			594	1072
			595	1072
			596	1072
			597	1073
			598	1073
			599	1073
			600	1073
			601	1074
			602	1074
			603	1074
			604	1074
			604	1075
			605	1075
			606	1075
			607	1075
			608	1076
			609	1076
			610	1076
			611	1077
			612	1077
			613	1077
			614	1077
			615	1078
			616	1078
			617	1078
			618	1079
			619	1079
			620	1079
			621	1080
			622	1080
			623	1080
			624	1081
			625	1081
			626	1081
			627	1082
			628	1082
			629	1082
			630	1083
			631	1083
			632	1083
			633	1084
			634	1084
			635	1085
			636	1085
			637	1085
			638	1086
			639	1086
			640	1086
			641	1087
			642	1087
			643	1087
			644	1088
			645	1088
			646	1089
			647	1089
			648	1089
			649	1090
			650	1090
			651	1091
			652	1091
			653	1091
			654	1092
			655	1092
			656	1093
			657	1093
			658	1094
			659	1094
			660	1095
			661	1095
			662	1095
			662	1096
			663	1096
			664	1096
			665	1097
			666	1097
			667	1098
			668	1098
			669	1099
			670	1099
			671	1100
			672	1100
			673	1100
			674	1101
			675	1101
			676	1102
			677	1102
			677	1103
			678	1103
			679	1104
			680	1104
			681	1104
			682	1105
			683	1105
			684	1106
			685	1106
			686	1107
			687	1108
			688	1108
			689	1109
			690	1109
			691	1110
			692	1110
			693	1111
			694	1111
			695	1112
			696	1112
			696	1113
			697	1113
			698	1114
			699	1114
			700	1114
			700	1115
			701	1115
			702	1116
			703	1116
			703	1117
			704	1117
			705	1118
			706	1118
			707	1118
			707	1119
			708	1119
			709	1120
			710	1120
			710	1121
			711	1121
			712	1122
			713	1122
			714	1123
			715	1124
			716	1124
			717	1125
			718	1125
			719	1126
			720	1127
			721	1127
			722	1128
			723	1128
			723	1129
			724	1129
			725	1130
			726	1131
			727	1131
			728	1132
			729	1133
			730	1133
			731	1134
			732	1134
			733	1135
			734	1136
			735	1136
			736	1137
			737	1138
			738	1139
			739	1139
			740	1140
			741	1141
			742	1142
			743	1142
			744	1143
			745	1143
			746	1144
			747	1145
			748	1146
			749	1146
			750	1147
			750	1148
			749	1148
			749	1149
			749	1150
			748	1151
			748	1152
			747	1153
			747	1154
			747	1155
			746	1156
			746	1157
			746	1158
			745	1159
			745	1160
			744	1161
			744	1162
			744	1163
			743	1164
			743	1165
			743	1166
			742	1167
			742	1168
			742	1169
			741	1170
			741	1171
			741	1172
			740	1173
			740	1174
			740	1175
			739	1176
			739	1177
			739	1178
			739	1179
			738	1180
			738	1181
			738	1182
			738	1183
			737	1184
			737	1185
			737	1186
			737	1187
			736	1188
			736	1189
			736	1190
			736	1191
			736	1192
			735	1193
			735	1194
			735	1195
			735	1196
			735	1197
			734	1198
			734	1199
			734	1200
			734	1201
			734	1202
			734	1203
			734	1204
			734	1205
			733	1206
			733	1207
			733	1208
			733	1209
			733	1210
			733	1211
			733	1212
			733	1213
			732	1214
			732	1215
			732	1216
			732	1217
			732	1218
			732	1219
			732	1220
			731	1221
			731	1222
			731	1223
			731	1224
			731	1225
			731	1226
			731	1227
			731	1228
			731	1229
			731	1230
			731	1231
			730	1232
			730	1233
			730	1234
			730	1235
			730	1236
			730	1237
			730	1238
			730	1239
			730	1240
			730	1241
			730	1242
			730	1243
			730	1244
			730	1245
			730	1246
			730	1247
			730	1248
			730	1249
			731	1250
			731	1251
			731	1252
			731	1253
			731	1254
			731	1255
			731	1256
			731	1257
			731	1258
			731	1259
			731	1260
			732	1261
			732	1262
			732	1263
			732	1264
			732	1265
			732	1266
			732	1267
			733	1268
			733	1269
			733	1270
			733	1271
			733	1272
			734	1273
			734	1274
			734	1275
			734	1276
			734	1277
			735	1277
			735	1278
			735	1279
			735	1280
			736	1281
			736	1282
			736	1283
			737	1284
			737	1285
			737	1286
			737	1287
			738	1288
			738	1289
			738	1290
			739	1291
			739	1292
			740	1293
			741	1294
			742	1295
			743	1296
			744	1296
			745	1296
			746	1297
			747	1297
			747	1298
			748	1298
			749	1299
			750	1299
			751	1300
			752	1300
			753	1301
			754	1301
			755	1302
			756	1303
			757	1303
			758	1304
			759	1304
			760	1305
			761	1306
			762	1306
			763	1307
			764	1307
			764	1308
			765	1309
			766	1309
			767	1310
			768	1310
			769	1311
			769	1312
			770	1312
			771	1313
			772	1314
			773	1315
			774	1315
			775	1316
			775	1317
			776	1317
			777	1318
			778	1319
			778	1320
			779	1320
			780	1321
			780	1322
			781	1322
			781	1323
			782	1324
			782	1325
			783	1325
			783	1326
			784	1327
			785	1328
			786	1329
			786	1330
			786	1331
			787	1332
			787	1333
			788	1334
			788	1335
			788	1336
			789	1337
			789	1338
			789	1339
			789	1340
			789	1341
			789	1342
			789	1343
			789	1344
			789	1345
			789	1346
			789	1347
			789	1348
			789	1349
			789	1350
			789	1351
			789	1352
			789	1353
			789	1354
			788	1355
			788	1356
			788	1357
			788	1358
			787	1359
			787	1360
			786	1361
			786	1362
			785	1363
			784	1364
			784	1365
			783	1366
			782	1367
			781	1368
			781	1369
			780	1370
			779	1370
			778	1371
			777	1372
			776	1373
			775	1373
			774	1374
			773	1374
			772	1375
			771	1375
			770	1376
			769	1376
			768	1377
			767	1377
			766	1377
			765	1378
			764	1378
			764	1379
			764	1380
			763	1381
			763	1382
			763	1383
			763	1384
			763	1385
			764	1386
			764	1387
			764	1388
			765	1389
			765	1390
			765	1391
			766	1392
			766	1393
			767	1394
			768	1395
			768	1396
			769	1397
			770	1398
			771	1399
			772	1400
			773	1401
			773	1402
			774	1403
			775	1404
			776	1404
			777	1405
			778	1406
			778	1407
			779	1407
			780	1408
			781	1409
			782	1410
			783	1410
			784	1411
			785	1412
			786	1412
			787	1413
			788	1414
			789	1414
			790	1415
			791	1415
			792	1416
			793	1416
			793	1417
			794	1418
			795	1418
			796	1419
			796	1420
			797	1420
			798	1421
			799	1422
			800	1423
			801	1424
			802	1425
			803	1425
			804	1426
			805	1427
			805	1428
			806	1428
			807	1429
			808	1430
			809	1431
			810	1432
			811	1433
			812	1433
			812	1434
			813	1435
			814	1436
			815	1437
			816	1437
			816	1438
			817	1439
			818	1440
			819	1441
			820	1442
			821	1443
			822	1444
			822	1445
			823	1446
			824	1446
			824	1447
			825	1448
			825	1449
			826	1449
			826	1450
			827	1451
			827	1452
			828	1452
			828	1453
		</suture>
		<anterior type=matrix rownames=FALSE colnames=FALSE nrow=527 ncol=2 as.numeric=TRUE >
			531	1063
			532	1063
			533	1063
			534	1063
			535	1063
			536	1063
			537	1063
			538	1063
			539	1063
			540	1064
			541	1064
			542	1064
			543	1064
			544	1064
			545	1064
			546	1064
			547	1064
			548	1064
			549	1064
			550	1064
			551	1065
			552	1065
			553	1065
			554	1065
			555	1065
			556	1065
			557	1065
			558	1065
			559	1065
			560	1066
			561	1066
			562	1066
			563	1066
			564	1066
			565	1066
			566	1066
			567	1067
			568	1067
			569	1067
			570	1067
			571	1067
			572	1067
			573	1068
			574	1068
			575	1068
			576	1068
			577	1068
			578	1068
			579	1069
			580	1069
			581	1069
			582	1069
			583	1069
			584	1070
			585	1070
			586	1070
			587	1070
			588	1071
			589	1071
			590	1071
			591	1071
			592	1071
			593	1072
			594	1072
			595	1072
			596	1072
			597	1073
			598	1073
			599	1073
			600	1073
			601	1074
			602	1074
			603	1074
			604	1075
			605	1075
			606	1075
			607	1075
			608	1076
			609	1076
			610	1076
			611	1077
			612	1077
			613	1077
			614	1077
			615	1078
			616	1078
			617	1078
			618	1079
			619	1079
			620	1079
			621	1080
			622	1080
			623	1080
			624	1081
			625	1081
			626	1081
			627	1081
			628	1082
			629	1082
			630	1083
			631	1083
			632	1083
			633	1084
			634	1084
			635	1084
			636	1085
			637	1085
			638	1085
			639	1086
			640	1086
			641	1087
			642	1087
			643	1087
			644	1088
			645	1088
			646	1088
			646	1089
			647	1089
			648	1089
			649	1090
			650	1090
			651	1091
			652	1091
			653	1091
			654	1092
			655	1092
			656	1093
			657	1093
			658	1094
			659	1094
			660	1094
			660	1095
			661	1095
			662	1095
			662	1096
			663	1096
			664	1096
			665	1097
			666	1097
			667	1098
			668	1098
			669	1098
			669	1099
			670	1099
			671	1100
			672	1100
			673	1100
			673	1101
			674	1101
			675	1101
			676	1102
			677	1102
			677	1103
			678	1103
			679	1103
			680	1104
			681	1105
			682	1105
			683	1106
			684	1106
			685	1107
			686	1107
			687	1108
			688	1108
			689	1109
			690	1109
			691	1110
			692	1110
			693	1111
			694	1112
			695	1112
			696	1112
			696	1113
			697	1113
			698	1113
			699	1114
			700	1115
			701	1115
			702	1116
			703	1116
			704	1117
			705	1118
			706	1118
			707	1119
			708	1119
			709	1120
			710	1121
			711	1121
			712	1122
			713	1122
			714	1123
			715	1124
			716	1124
			717	1125
			718	1125
			719	1126
			720	1127
			721	1127
			722	1128
			723	1128
			724	1129
			725	1130
			726	1130
			727	1131
			728	1132
			729	1132
			730	1133
			731	1134
			732	1134
			733	1135
			734	1136
			735	1136
			736	1137
			737	1138
			738	1139
			739	1139
			740	1140
			741	1140
			741	1141
			742	1141
			743	1142
			744	1143
			745	1144
			746	1144
			747	1145
			748	1146
			749	1146
			750	1147
			751	1148
			752	1148
			753	1149
			754	1150
			754	1151
			755	1151
			756	1152
			757	1153
			758	1154
			759	1154
			760	1155
			761	1156
			762	1157
			763	1158
			764	1158
			765	1159
			766	1160
			767	1161
			768	1162
			769	1163
			770	1164
			771	1165
			772	1166
			773	1167
			774	1168
			775	1168
			776	1169
			777	1170
			778	1171
			778	1172
			779	1172
			780	1173
			781	1174
			782	1175
			783	1176
			784	1177
			785	1178
			786	1179
			787	1180
			788	1181
			789	1182
			790	1183
			791	1184
			792	1185
			793	1186
			794	1187
			795	1188
			796	1189
			797	1190
			798	1191
			799	1192
			800	1193
			801	1194
			802	1195
			803	1196
			803	1197
			804	1197
			804	1198
			805	1199
			806	1199
			806	1200
			807	1201
			808	1202
			809	1203
			810	1204
			811	1205
			811	1206
			812	1207
			813	1207
			814	1208
			814	1209
			815	1210
			816	1211
			817	1212
			818	1213
			819	1214
			820	1215
			821	1216
			822	1217
			822	1218
			823	1219
			824	1220
			825	1221
			826	1222
			826	1223
			827	1224
			828	1225
			829	1226
			830	1227
			830	1228
			831	1229
			832	1229
			832	1230
			833	1231
			833	1232
			834	1232
			835	1233
			835	1234
			836	1235
			837	1236
			838	1237
			839	1238
			839	1239
			840	1240
			841	1241
			842	1242
			842	1243
			843	1244
			844	1245
			845	1246
			846	1247
			846	1248
			847	1249
			848	1250
			849	1251
			849	1252
			850	1253
			851	1254
			852	1255
			852	1256
			853	1257
			854	1258
			855	1259
			855	1260
			856	1261
			857	1262
			858	1263
			859	1264
			859	1265
			860	1266
			861	1267
			862	1268
			862	1269
			863	1270
			864	1271
			864	1272
			865	1273
			866	1274
			867	1275
			867	1276
			868	1277
			868	1278
			869	1278
			870	1279
			870	1280
			871	1281
			871	1282
			872	1282
			872	1283
			873	1284
			873	1285
			874	1286
			875	1286
			875	1287
			875	1288
			876	1289
			876	1290
			877	1291
			877	1292
			878	1293
			878	1294
			879	1295
			879	1296
			880	1297
			880	1298
			881	1299
			881	1300
			882	1301
			882	1302
			882	1303
			883	1304
			883	1305
			884	1306
			884	1307
			885	1308
			885	1309
			886	1310
			886	1311
			886	1312
			887	1312
			887	1313
			888	1314
			888	1315
			889	1316
			889	1317
			889	1318
			890	1319
			890	1320
			891	1321
			891	1322
			891	1323
			892	1323
			892	1324
			893	1325
			893	1326
			893	1327
			894	1328
			894	1329
			895	1330
			895	1331
			896	1332
			896	1333
			897	1334
			897	1335
			898	1336
			898	1337
			898	1338
			899	1339
			899	1340
			900	1341
			900	1342
			900	1343
			901	1344
			901	1345
			902	1346
			902	1347
			903	1348
			903	1349
			903	1350
			904	1351
			905	1352
			905	1353
			905	1354
			906	1355
			906	1356
			907	1357
			907	1358
			907	1359
			908	1360
			908	1361
			909	1362
			909	1363
			909	1364
			910	1365
			910	1366
			911	1367
			911	1368
			911	1369
			912	1370
			913	1371
			913	1372
			913	1373
			914	1374
			914	1375
			914	1376
			915	1377
			915	1378
			916	1379
			916	1380
			916	1381
			917	1382
			917	1383
			918	1384
			918	1385
			919	1386
			919	1387
			919	1388
			920	1389
			920	1390
			921	1391
			921	1392
			921	1393
			922	1394
			922	1395
			922	1396
			923	1397
			923	1398
			923	1399
			924	1400
			924	1401
			924	1402
			925	1403
			925	1404
			925	1405
			926	1405
			926	1406
			926	1407
			927	1408
			927	1409
			927	1410
			928	1411
			928	1412
			928	1413
			929	1414
			929	1415
			929	1416
			930	1417
			930	1418
			930	1419
			931	1420
			931	1421
			931	1422
			931	1423
			932	1423
			932	1424
			932	1425
			932	1426
			933	1427
			933	1428
		</anterior>
		<posterior type=matrix rownames=FALSE colnames=FALSE nrow=461 ncol=2 as.numeric=TRUE >
			531	1467
			532	1467
			533	1467
			534	1467
			535	1468
			536	1468
			537	1468
			538	1468
			539	1468
			540	1468
			541	1468
			541	1469
			542	1469
			543	1469
			544	1469
			545	1469
			546	1469
			547	1469
			548	1469
			549	1470
			550	1470
			551	1470
			552	1470
			553	1470
			554	1470
			555	1470
			556	1471
			557	1471
			558	1471
			559	1471
			560	1471
			561	1471
			562	1471
			563	1472
			564	1472
			565	1472
			566	1472
			567	1472
			568	1472
			569	1472
			570	1472
			571	1473
			572	1473
			573	1473
			574	1473
			575	1473
			576	1473
			577	1473
			578	1473
			579	1473
			580	1474
			581	1474
			582	1474
			583	1474
			584	1474
			585	1474
			586	1474
			587	1474
			588	1474
			589	1475
			590	1475
			591	1475
			592	1475
			593	1475
			594	1475
			595	1475
			596	1475
			597	1475
			598	1475
			599	1476
			600	1476
			601	1476
			602	1476
			603	1476
			604	1476
			605	1476
			606	1476
			607	1476
			608	1476
			609	1476
			610	1477
			611	1477
			612	1477
			613	1477
			614	1477
			615	1477
			616	1477
			617	1477
			618	1477
			619	1477
			620	1477
			621	1477
			622	1477
			623	1477
			624	1478
			625	1478
			626	1478
			627	1478
			628	1478
			629	1478
			630	1478
			631	1478
			632	1478
			633	1478
			634	1478
			635	1478
			636	1478
			637	1478
			638	1478
			639	1478
			640	1478
			641	1478
			642	1478
			643	1477
			644	1477
			645	1477
			646	1477
			647	1477
			648	1477
			649	1477
			650	1476
			651	1476
			652	1476
			653	1475
			654	1475
			655	1475
			656	1474
			657	1474
			658	1474
			659	1473
			660	1473
			661	1473
			662	1472
			663	1472
			663	1471
			664	1471
			665	1470
			666	1470
			667	1469
			668	1468
			669	1467
			670	1467
			671	1466
			672	1465
			672	1464
			673	1463
			674	1463
			675	1462
			675	1461
			676	1460
			677	1460
			678	1460
			679	1459
			680	1459
			681	1459
			682	1459
			683	1459
			684	1458
			685	1458
			686	1458
			687	1458
			688	1458
			689	1458
			690	1458
			691	1457
			692	1457
			693	1457
			694	1457
			695	1457
			696	1457
			697	1456
			698	1456
			699	1456
			700	1456
			701	1456
			702	1456
			703	1456
			704	1455
			705	1455
			706	1455
			707	1455
			708	1455
			709	1455
			710	1455
			711	1455
			712	1454
			713	1454
			714	1454
			715	1454
			716	1454
			717	1454
			718	1454
			719	1454
			720	1453
			721	1453
			722	1453
			723	1453
			724	1453
			725	1453
			726	1453
			727	1453
			728	1453
			729	1453
			730	1453
			731	1453
			732	1452
			733	1452
			734	1452
			735	1452
			736	1452
			737	1452
			738	1452
			739	1452
			740	1452
			741	1452
			742	1452
			743	1452
			744	1452
			745	1452
			746	1452
			747	1451
			748	1451
			749	1451
			750	1451
			751	1451
			752	1451
			753	1451
			754	1451
			755	1451
			756	1451
			757	1451
			758	1451
			759	1451
			760	1451
			761	1451
			762	1451
			763	1451
			764	1451
			765	1451
			766	1451
			767	1451
			768	1451
			769	1451
			770	1451
			771	1451
			772	1451
			773	1451
			774	1451
			775	1451
			776	1451
			777	1451
			778	1451
			779	1451
			780	1451
			781	1451
			782	1451
			783	1451
			784	1451
			785	1451
			786	1451
			787	1451
			788	1451
			789	1451
			790	1452
			791	1452
			792	1452
			793	1452
			794	1452
			795	1452
			796	1452
			797	1452
			798	1452
			799	1452
			800	1452
			801	1452
			802	1452
			803	1452
			804	1452
			805	1453
			806	1453
			807	1453
			808	1453
			809	1453
			810	1453
			811	1453
			812	1453
			813	1453
			814	1453
			815	1453
			816	1454
			817	1454
			818	1454
			819	1454
			820	1454
			821	1454
			822	1454
			823	1454
			824	1455
			825	1455
			826	1455
			827	1455
			828	1455
			829	1455
			830	1456
			831	1456
			832	1456
			833	1456
			834	1456
			835	1456
			836	1457
			837	1457
			838	1457
			839	1457
			840	1457
			841	1458
			842	1458
			843	1458
			844	1458
			845	1459
			846	1459
			847	1459
			848	1459
			849	1459
			850	1460
			851	1460
			852	1460
			853	1460
			854	1461
			855	1461
			856	1461
			857	1461
			858	1462
			859	1462
			860	1462
			861	1462
			862	1463
			863	1463
			864	1463
			865	1463
			866	1464
			867	1464
			868	1464
			869	1465
			870	1465
			871	1465
			872	1465
			873	1466
			874	1466
			875	1466
			875	1467
			876	1467
			877	1467
			878	1467
			879	1468
			880	1468
			881	1468
			882	1469
			883	1469
			884	1469
			885	1470
			886	1470
			887	1471
			888	1471
			889	1471
			890	1472
			891	1472
			892	1472
			893	1473
			894	1473
			895	1473
			895	1474
			896	1474
			897	1474
			898	1475
			899	1475
			900	1476
			901	1476
			902	1476
			903	1477
			904	1477
			905	1478
			906	1478
			907	1479
			908	1479
			909	1480
			910	1480
			911	1480
			911	1481
			912	1481
			913	1481
			913	1482
			914	1482
			915	1482
			916	1483
			917	1484
			918	1484
			919	1484
			920	1485
			921	1485
			921	1484
			922	1483
			923	1483
			924	1482
			924	1481
			925	1481
			926	1480
			926	1479
			927	1479
			928	1478
			928	1477
			929	1476
			930	1475
			930	1474
			931	1473
			932	1472
			932	1471
			933	1470
			933	1469
			933	1468
			933	1467
			934	1467
			934	1466
			934	1465
			934	1464
			935	1464
			935	1463
			935	1462
			935	1461
			935	1460
			935	1459
			936	1458
			936	1457
			936	1456
			936	1455
			936	1454
			936	1453
			936	1452
			936	1451
			936	1450
			936	1449
			936	1448
			936	1447
			936	1446
			936	1445
			936	1444
			936	1443
			936	1442
			935	1441
			935	1440
			935	1439
			935	1438
			935	1437
			935	1436
			935	1435
			934	1434
			934	1433
			934	1432
			934	1431
			933	1430
			933	1429
			933	1428
		</posterior>
	</curves.pixel>
	<ruler.points type=matrix rownames=TRUE colnames=FALSE nrow=2 ncol=2 as.numeric=TRUE >
		Ruler point 1	419	959
		Ruler point 2	938	958
	</ruler.points>
</shapes>

