<shapes type=list>
	<ruler.pixel type=vector names=FALSE length=1 as.numeric=TRUE >70</ruler.pixel>
	<ruler.interval type=vector names=FALSE length=1 as.numeric=TRUE >5</ruler.interval>
	<scaling.units type=vector names=FALSE length=1 as.numeric=FALSE >mm</scaling.units>
	<scaling type=vector names=FALSE length=1 as.numeric=TRUE >0.0714285714285714</scaling>
	<landmarks.pixel type=matrix rownames=TRUE colnames=FALSE nrow=12 ncol=2 as.numeric=TRUE >
		LM1	180	151
		LM2	180	151
		LM3	180	278
		LM4	179	294
		LM5	210	232
		LM6	199	277
		LM10	180	151
		LM11	263	290
		LM12	251	296
		LM13	181	44
		LM15	276	293
		LM16	317	469
	</landmarks.pixel>
	<landmarks.scaled type=matrix rownames=TRUE colnames=FALSE nrow=12 ncol=2 as.numeric=TRUE >
		LM1	12.8571428571429	-10.7857142857143
		LM2	12.8571428571429	-10.7857142857143
		LM3	12.8571428571429	-19.8571428571429
		LM4	12.7857142857143	-21
		LM5	15	-16.5714285714286
		LM6	14.2142857142857	-19.7857142857143
		LM10	12.8571428571429	-10.7857142857143
		LM11	18.7857142857143	-20.7142857142857
		LM12	17.9285714285714	-21.1428571428571
		LM13	12.9285714285714	-3.14285714285714
		LM15	19.7142857142857	-20.9285714285714
		LM16	22.6428571428571	-33.5
	</landmarks.scaled>
	<curves.control type=list>
		<suture type=matrix rownames=FALSE colnames=FALSE nrow=17 ncol=2 as.numeric=TRUE >
			180	151
			187	147
			193	172
			197	185
			212	209
			218	215
			225	226
			236	241
			242	248
			249	256
			259	271
			262	277
			264	284
			264	288
			262	292
			255	293
			251	296
		</suture>
		<anterior type=matrix rownames=FALSE colnames=FALSE nrow=19 ncol=2 as.numeric=TRUE >
			181	44
			187	43
			186	77
			186	113
			187	137
			188	154
			190	159
			194	177
			202	191
			206	198
			213	209
			216	213
			227	225
			237	233
			253	254
			262	262
			268	279
			272	286
			276	293
		</anterior>
		<posterior type=matrix rownames=FALSE colnames=FALSE nrow=27 ncol=2 as.numeric=TRUE >
			179	294
			201	295
			213	292
			221	291
			238	292
			245	294
			256	298
			264	300
			271	313
			283	334
			289	355
			292	368
			295	379
			300	397
			302	410
			305	423
			308	440
			309	452
			317	469
			319	449
			318	438
			314	410
			308	385
			303	363
			295	329
			286	302
			276	293
		</posterior>
	</curves.control>
	<curves.pixel type=list>
		<suture type=matrix rownames=FALSE colnames=FALSE nrow=165 ncol=2 as.numeric=TRUE >
			180	151
			181	151
			182	150
			183	151
			184	151
			185	152
			186	153
			187	154
			187	155
			188	156
			188	157
			188	158
			189	158
			189	159
			189	160
			190	161
			190	162
			190	163
			191	164
			191	165
			191	166
			192	167
			192	168
			192	169
			192	170
			193	171
			193	172
			193	173
			194	174
			194	175
			195	176
			195	177
			195	178
			196	179
			196	180
			196	181
			197	182
			197	183
			198	184
			199	185
			199	186
			199	187
			200	188
			200	189
			201	190
			201	191
			202	192
			202	193
			203	194
			203	195
			204	196
			205	197
			205	198
			206	199
			206	200
			207	201
			208	202
			208	203
			209	204
			210	205
			210	206
			211	207
			212	208
			212	209
			213	210
			214	211
			215	212
			216	213
			216	214
			217	215
			218	216
			219	217
			219	218
			220	219
			221	220
			222	221
			222	222
			223	223
			224	224
			224	225
			225	226
			226	227
			227	228
			227	229
			228	229
			228	230
			229	231
			229	232
			230	232
			230	233
			231	233
			231	234
			231	235
			232	235
			232	236
			233	237
			234	238
			235	239
			235	240
			236	241
			237	242
			238	243
			238	244
			239	245
			240	245
			241	246
			241	247
			242	248
			242	249
			243	249
			244	250
			245	251
			245	252
			246	253
			247	254
			248	255
			249	256
			249	257
			250	258
			251	259
			252	260
			252	261
			253	262
			254	263
			254	264
			255	265
			256	266
			256	267
			257	268
			258	269
			258	270
			259	271
			259	272
			260	273
			260	274
			261	275
			261	276
			262	277
			262	278
			262	279
			263	279
			263	280
			263	281
			263	282
			264	283
			264	284
			264	285
			264	286
			264	287
			263	288
			263	289
			263	290
			262	291
			262	292
			261	292
			260	292
			259	293
			258	293
			257	293
			256	293
			255	294
			254	294
			253	295
			252	295
			251	296
		</suture>
		<anterior type=matrix rownames=FALSE colnames=FALSE nrow=257 ncol=2 as.numeric=TRUE >
			181	44
			182	44
			183	45
			184	46
			184	47
			184	48
			185	49
			185	50
			185	51
			185	52
			185	53
			186	54
			186	55
			186	56
			186	57
			186	58
			186	59
			186	60
			186	61
			186	62
			186	63
			186	64
			186	65
			186	66
			186	67
			186	68
			186	69
			186	70
			186	71
			186	72
			186	73
			186	74
			186	75
			186	76
			186	77
			186	78
			186	79
			186	80
			186	81
			186	82
			186	83
			186	84
			186	85
			186	86
			186	87
			186	88
			186	89
			186	90
			186	91
			186	92
			186	93
			186	94
			186	95
			186	96
			186	97
			186	98
			186	99
			186	100
			186	101
			186	102
			186	103
			186	104
			186	105
			186	106
			186	107
			186	108
			186	109
			186	110
			186	111
			186	112
			186	113
			186	114
			186	115
			186	116
			186	117
			186	118
			186	119
			186	120
			186	121
			187	122
			187	123
			187	124
			187	125
			187	126
			187	127
			187	128
			187	129
			187	130
			187	131
			187	132
			187	133
			187	134
			187	135
			187	136
			187	137
			187	138
			187	139
			187	140
			187	141
			187	142
			187	143
			187	144
			188	144
			188	145
			188	146
			188	147
			188	148
			188	149
			188	150
			188	151
			188	152
			189	153
			189	154
			189	155
			189	156
			189	157
			190	158
			190	159
			190	160
			190	161
			191	162
			191	163
			191	164
			191	165
			192	166
			192	167
			192	168
			193	169
			193	170
			193	171
			194	172
			194	173
			194	174
			195	175
			195	176
			195	177
			196	177
			196	178
			196	179
			196	180
			197	181
			198	182
			198	183
			199	184
			199	185
			199	186
			200	187
			200	188
			201	189
			201	190
			202	191
			202	192
			203	193
			204	194
			205	195
			205	196
			206	197
			206	198
			207	199
			207	200
			208	201
			209	202
			209	203
			210	204
			210	205
			211	206
			212	207
			212	208
			213	209
			214	210
			214	211
			215	212
			216	213
			217	214
			218	215
			219	216
			220	217
			221	218
			222	219
			223	220
			224	221
			224	222
			225	223
			226	224
			227	225
			228	226
			229	227
			230	228
			231	229
			232	230
			233	231
			234	232
			235	233
			236	234
			237	235
			238	236
			239	237
			240	238
			241	239
			241	240
			242	240
			243	241
			243	242
			244	243
			245	244
			246	245
			246	246
			247	246
			248	247
			249	248
			249	249
			250	250
			251	251
			252	252
			252	253
			253	254
			254	255
			255	256
			256	257
			257	258
			258	259
			258	260
			259	260
			259	261
			260	262
			260	263
			261	264
			262	265
			262	266
			263	267
			263	268
			264	269
			264	270
			265	271
			265	272
			266	273
			266	274
			266	275
			267	276
			267	277
			268	278
			268	279
			268	280
			269	280
			269	281
			270	282
			270	283
			271	284
			271	285
			272	286
			272	287
			273	288
			274	289
			274	290
			275	291
			275	292
			276	293
		</anterior>
		<posterior type=matrix rownames=FALSE colnames=FALSE nrow=438 ncol=2 as.numeric=TRUE >
			179	294
			180	294
			181	294
			182	294
			183	294
			184	294
			185	294
			186	294
			187	294
			188	294
			189	294
			190	294
			191	294
			192	294
			193	294
			194	294
			195	294
			196	294
			197	294
			198	294
			199	294
			200	294
			201	294
			202	294
			203	294
			204	294
			205	293
			206	293
			207	293
			208	293
			209	293
			210	293
			211	292
			212	292
			213	292
			214	292
			215	292
			216	292
			217	292
			218	292
			219	292
			220	292
			221	292
			222	292
			223	292
			224	292
			225	292
			226	292
			227	292
			228	292
			229	292
			230	292
			231	292
			232	292
			233	292
			234	292
			235	292
			236	292
			237	292
			238	292
			239	292
			240	293
			241	293
			242	293
			243	293
			243	294
			244	294
			245	294
			246	294
			246	295
			247	295
			248	295
			249	296
			250	296
			251	296
			252	296
			253	297
			254	297
			255	298
			256	298
			257	298
			258	299
			259	299
			260	300
			261	300
			262	301
			263	302
			264	303
			265	304
			266	305
			267	306
			267	307
			268	308
			268	309
			269	309
			269	310
			270	311
			271	312
			271	313
			272	314
			272	315
			273	316
			273	317
			274	318
			274	319
			275	320
			275	321
			276	322
			276	323
			277	324
			277	325
			278	326
			278	327
			279	328
			279	329
			280	330
			280	331
			281	332
			281	333
			281	334
			282	335
			282	336
			283	337
			283	338
			283	339
			284	340
			284	341
			285	342
			285	343
			285	344
			286	345
			286	346
			286	347
			287	348
			287	349
			287	350
			288	351
			288	352
			288	353
			289	354
			289	355
			289	356
			290	357
			290	358
			290	359
			290	360
			291	361
			291	362
			291	363
			291	364
			291	365
			292	366
			292	367
			292	368
			292	369
			293	370
			293	371
			293	372
			293	373
			294	374
			294	375
			294	376
			294	377
			295	378
			295	379
			295	380
			296	381
			296	382
			296	383
			296	384
			297	385
			297	386
			297	387
			297	388
			298	389
			298	390
			298	391
			298	392
			299	393
			299	394
			299	395
			299	396
			299	397
			300	398
			300	399
			300	400
			300	401
			301	402
			301	403
			301	404
			301	405
			301	406
			302	407
			302	408
			302	409
			302	410
			302	411
			302	412
			303	413
			303	414
			303	415
			303	416
			303	417
			304	418
			304	419
			304	420
			304	421
			305	422
			305	423
			305	424
			305	425
			305	426
			306	427
			306	428
			306	429
			306	430
			306	431
			307	432
			307	433
			307	434
			307	435
			307	436
			307	437
			308	437
			308	438
			308	439
			308	440
			308	441
			308	442
			308	443
			309	444
			309	445
			309	446
			309	447
			309	448
			310	449
			310	450
			310	451
			310	452
			311	453
			311	454
			311	455
			312	456
			312	457
			312	458
			313	458
			313	459
			313	460
			314	461
			314	462
			314	463
			315	464
			315	465
			316	466
			316	467
			317	468
			317	469
			317	468
			317	467
			317	466
			317	465
			317	464
			318	463
			318	462
			318	461
			318	460
			318	459
			318	458
			318	457
			318	456
			318	455
			318	454
			318	453
			318	452
			318	451
			318	450
			318	449
			318	448
			318	447
			318	446
			318	445
			318	444
			318	443
			318	442
			318	441
			318	440
			318	439
			318	438
			318	437
			318	436
			318	435
			317	434
			317	433
			317	432
			317	431
			317	430
			317	429
			317	428
			316	427
			316	426
			316	425
			316	424
			316	423
			315	422
			315	421
			315	420
			315	419
			315	418
			315	417
			314	416
			314	415
			314	414
			314	413
			314	412
			314	411
			313	410
			313	409
			313	408
			313	407
			313	406
			312	405
			312	404
			312	403
			312	402
			312	401
			311	401
			311	400
			311	399
			311	398
			311	397
			310	396
			310	395
			310	394
			310	393
			310	392
			309	391
			309	390
			309	389
			309	388
			308	387
			308	386
			308	385
			308	384
			307	383
			307	382
			307	381
			307	380
			307	379
			306	378
			306	377
			306	376
			306	375
			305	374
			305	373
			305	372
			305	371
			304	370
			304	369
			304	368
			304	367
			304	366
			303	365
			303	364
			303	363
			303	362
			303	361
			302	360
			302	359
			302	358
			301	357
			301	356
			301	355
			301	354
			301	353
			300	352
			300	351
			300	350
			300	349
			299	348
			299	347
			299	346
			299	345
			298	344
			298	343
			298	342
			298	341
			298	340
			297	339
			297	338
			297	337
			297	336
			296	335
			296	334
			296	333
			296	332
			295	331
			295	330
			295	329
			295	328
			294	327
			294	326
			294	325
			293	325
			293	324
			293	323
			293	322
			292	321
			292	320
			291	319
			291	318
			291	317
			290	316
			290	315
			289	314
			289	313
			288	312
			288	311
			288	310
			287	309
			287	308
			286	308
			286	307
			285	306
			285	305
			285	304
			284	304
			284	303
			283	302
			282	301
			282	300
			281	299
			281	298
			280	297
			279	297
			279	296
			278	295
			277	294
			276	293
		</posterior>
	</curves.pixel>
	<curves.scaled type=list>
		<suture type=matrix rownames=FALSE colnames=FALSE nrow=165 ncol=2 as.numeric=TRUE >
			12.8571428571429	-10.7857142857143
			12.9285714285714	-10.7857142857143
			13	-10.7142857142857
			13.0714285714286	-10.7857142857143
			13.1428571428571	-10.7857142857143
			13.2142857142857	-10.8571428571429
			13.2857142857143	-10.9285714285714
			13.3571428571429	-11
			13.3571428571429	-11.0714285714286
			13.4285714285714	-11.1428571428571
			13.4285714285714	-11.2142857142857
			13.4285714285714	-11.2857142857143
			13.5	-11.2857142857143
			13.5	-11.3571428571429
			13.5	-11.4285714285714
			13.5714285714286	-11.5
			13.5714285714286	-11.5714285714286
			13.5714285714286	-11.6428571428571
			13.6428571428571	-11.7142857142857
			13.6428571428571	-11.7857142857143
			13.6428571428571	-11.8571428571429
			13.7142857142857	-11.9285714285714
			13.7142857142857	-12
			13.7142857142857	-12.0714285714286
			13.7142857142857	-12.1428571428571
			13.7857142857143	-12.2142857142857
			13.7857142857143	-12.2857142857143
			13.7857142857143	-12.3571428571429
			13.8571428571429	-12.4285714285714
			13.8571428571429	-12.5
			13.9285714285714	-12.5714285714286
			13.9285714285714	-12.6428571428571
			13.9285714285714	-12.7142857142857
			14	-12.7857142857143
			14	-12.8571428571429
			14	-12.9285714285714
			14.0714285714286	-13
			14.0714285714286	-13.0714285714286
			14.1428571428571	-13.1428571428571
			14.2142857142857	-13.2142857142857
			14.2142857142857	-13.2857142857143
			14.2142857142857	-13.3571428571429
			14.2857142857143	-13.4285714285714
			14.2857142857143	-13.5
			14.3571428571429	-13.5714285714286
			14.3571428571429	-13.6428571428571
			14.4285714285714	-13.7142857142857
			14.4285714285714	-13.7857142857143
			14.5	-13.8571428571429
			14.5	-13.9285714285714
			14.5714285714286	-14
			14.6428571428571	-14.0714285714286
			14.6428571428571	-14.1428571428571
			14.7142857142857	-14.2142857142857
			14.7142857142857	-14.2857142857143
			14.7857142857143	-14.3571428571429
			14.8571428571429	-14.4285714285714
			14.8571428571429	-14.5
			14.9285714285714	-14.5714285714286
			15	-14.6428571428571
			15	-14.7142857142857
			15.0714285714286	-14.7857142857143
			15.1428571428571	-14.8571428571429
			15.1428571428571	-14.9285714285714
			15.2142857142857	-15
			15.2857142857143	-15.0714285714286
			15.3571428571429	-15.1428571428571
			15.4285714285714	-15.2142857142857
			15.4285714285714	-15.2857142857143
			15.5	-15.3571428571429
			15.5714285714286	-15.4285714285714
			15.6428571428571	-15.5
			15.6428571428571	-15.5714285714286
			15.7142857142857	-15.6428571428571
			15.7857142857143	-15.7142857142857
			15.8571428571429	-15.7857142857143
			15.8571428571429	-15.8571428571429
			15.9285714285714	-15.9285714285714
			16	-16
			16	-16.0714285714286
			16.0714285714286	-16.1428571428571
			16.1428571428571	-16.2142857142857
			16.2142857142857	-16.2857142857143
			16.2142857142857	-16.3571428571429
			16.2857142857143	-16.3571428571429
			16.2857142857143	-16.4285714285714
			16.3571428571429	-16.5
			16.3571428571429	-16.5714285714286
			16.4285714285714	-16.5714285714286
			16.4285714285714	-16.6428571428571
			16.5	-16.6428571428571
			16.5	-16.7142857142857
			16.5	-16.7857142857143
			16.5714285714286	-16.7857142857143
			16.5714285714286	-16.8571428571429
			16.6428571428571	-16.9285714285714
			16.7142857142857	-17
			16.7857142857143	-17.0714285714286
			16.7857142857143	-17.1428571428571
			16.8571428571429	-17.2142857142857
			16.9285714285714	-17.2857142857143
			17	-17.3571428571429
			17	-17.4285714285714
			17.0714285714286	-17.5
			17.1428571428571	-17.5
			17.2142857142857	-17.5714285714286
			17.2142857142857	-17.6428571428571
			17.2857142857143	-17.7142857142857
			17.2857142857143	-17.7857142857143
			17.3571428571429	-17.7857142857143
			17.4285714285714	-17.8571428571429
			17.5	-17.9285714285714
			17.5	-18
			17.5714285714286	-18.0714285714286
			17.6428571428571	-18.1428571428571
			17.7142857142857	-18.2142857142857
			17.7857142857143	-18.2857142857143
			17.7857142857143	-18.3571428571429
			17.8571428571429	-18.4285714285714
			17.9285714285714	-18.5
			18	-18.5714285714286
			18	-18.6428571428571
			18.0714285714286	-18.7142857142857
			18.1428571428571	-18.7857142857143
			18.1428571428571	-18.8571428571429
			18.2142857142857	-18.9285714285714
			18.2857142857143	-19
			18.2857142857143	-19.0714285714286
			18.3571428571429	-19.1428571428571
			18.4285714285714	-19.2142857142857
			18.4285714285714	-19.2857142857143
			18.5	-19.3571428571429
			18.5	-19.4285714285714
			18.5714285714286	-19.5
			18.5714285714286	-19.5714285714286
			18.6428571428571	-19.6428571428571
			18.6428571428571	-19.7142857142857
			18.7142857142857	-19.7857142857143
			18.7142857142857	-19.8571428571429
			18.7142857142857	-19.9285714285714
			18.7857142857143	-19.9285714285714
			18.7857142857143	-20
			18.7857142857143	-20.0714285714286
			18.7857142857143	-20.1428571428571
			18.8571428571429	-20.2142857142857
			18.8571428571429	-20.2857142857143
			18.8571428571429	-20.3571428571429
			18.8571428571429	-20.4285714285714
			18.8571428571429	-20.5
			18.7857142857143	-20.5714285714286
			18.7857142857143	-20.6428571428571
			18.7857142857143	-20.7142857142857
			18.7142857142857	-20.7857142857143
			18.7142857142857	-20.8571428571429
			18.6428571428571	-20.8571428571429
			18.5714285714286	-20.8571428571429
			18.5	-20.9285714285714
			18.4285714285714	-20.9285714285714
			18.3571428571429	-20.9285714285714
			18.2857142857143	-20.9285714285714
			18.2142857142857	-21
			18.1428571428571	-21
			18.0714285714286	-21.0714285714286
			18	-21.0714285714286
			17.9285714285714	-21.1428571428571
		</suture>
		<anterior type=matrix rownames=FALSE colnames=FALSE nrow=257 ncol=2 as.numeric=TRUE >
			12.9285714285714	-3.14285714285714
			13	-3.14285714285714
			13.0714285714286	-3.21428571428571
			13.1428571428571	-3.28571428571429
			13.1428571428571	-3.35714285714286
			13.1428571428571	-3.42857142857143
			13.2142857142857	-3.5
			13.2142857142857	-3.57142857142857
			13.2142857142857	-3.64285714285714
			13.2142857142857	-3.71428571428571
			13.2142857142857	-3.78571428571429
			13.2857142857143	-3.85714285714286
			13.2857142857143	-3.92857142857143
			13.2857142857143	-4
			13.2857142857143	-4.07142857142857
			13.2857142857143	-4.14285714285714
			13.2857142857143	-4.21428571428571
			13.2857142857143	-4.28571428571429
			13.2857142857143	-4.35714285714286
			13.2857142857143	-4.42857142857143
			13.2857142857143	-4.5
			13.2857142857143	-4.57142857142857
			13.2857142857143	-4.64285714285714
			13.2857142857143	-4.71428571428571
			13.2857142857143	-4.78571428571429
			13.2857142857143	-4.85714285714286
			13.2857142857143	-4.92857142857143
			13.2857142857143	-5
			13.2857142857143	-5.07142857142857
			13.2857142857143	-5.14285714285714
			13.2857142857143	-5.21428571428571
			13.2857142857143	-5.28571428571429
			13.2857142857143	-5.35714285714286
			13.2857142857143	-5.42857142857143
			13.2857142857143	-5.5
			13.2857142857143	-5.57142857142857
			13.2857142857143	-5.64285714285714
			13.2857142857143	-5.71428571428571
			13.2857142857143	-5.78571428571429
			13.2857142857143	-5.85714285714286
			13.2857142857143	-5.92857142857143
			13.2857142857143	-6
			13.2857142857143	-6.07142857142857
			13.2857142857143	-6.14285714285714
			13.2857142857143	-6.21428571428571
			13.2857142857143	-6.28571428571429
			13.2857142857143	-6.35714285714286
			13.2857142857143	-6.42857142857143
			13.2857142857143	-6.5
			13.2857142857143	-6.57142857142857
			13.2857142857143	-6.64285714285714
			13.2857142857143	-6.71428571428571
			13.2857142857143	-6.78571428571429
			13.2857142857143	-6.85714285714286
			13.2857142857143	-6.92857142857143
			13.2857142857143	-7
			13.2857142857143	-7.07142857142857
			13.2857142857143	-7.14285714285714
			13.2857142857143	-7.21428571428571
			13.2857142857143	-7.28571428571429
			13.2857142857143	-7.35714285714286
			13.2857142857143	-7.42857142857143
			13.2857142857143	-7.5
			13.2857142857143	-7.57142857142857
			13.2857142857143	-7.64285714285714
			13.2857142857143	-7.71428571428571
			13.2857142857143	-7.78571428571429
			13.2857142857143	-7.85714285714286
			13.2857142857143	-7.92857142857143
			13.2857142857143	-8
			13.2857142857143	-8.07142857142857
			13.2857142857143	-8.14285714285714
			13.2857142857143	-8.21428571428571
			13.2857142857143	-8.28571428571428
			13.2857142857143	-8.35714285714286
			13.2857142857143	-8.42857142857143
			13.2857142857143	-8.5
			13.2857142857143	-8.57142857142857
			13.2857142857143	-8.64285714285714
			13.3571428571429	-8.71428571428571
			13.3571428571429	-8.78571428571428
			13.3571428571429	-8.85714285714286
			13.3571428571429	-8.92857142857143
			13.3571428571429	-9
			13.3571428571429	-9.07142857142857
			13.3571428571429	-9.14285714285714
			13.3571428571429	-9.21428571428571
			13.3571428571429	-9.28571428571428
			13.3571428571429	-9.35714285714286
			13.3571428571429	-9.42857142857143
			13.3571428571429	-9.5
			13.3571428571429	-9.57142857142857
			13.3571428571429	-9.64285714285714
			13.3571428571429	-9.71428571428571
			13.3571428571429	-9.78571428571428
			13.3571428571429	-9.85714285714286
			13.3571428571429	-9.92857142857143
			13.3571428571429	-10
			13.3571428571429	-10.0714285714286
			13.3571428571429	-10.1428571428571
			13.3571428571429	-10.2142857142857
			13.3571428571429	-10.2857142857143
			13.4285714285714	-10.2857142857143
			13.4285714285714	-10.3571428571429
			13.4285714285714	-10.4285714285714
			13.4285714285714	-10.5
			13.4285714285714	-10.5714285714286
			13.4285714285714	-10.6428571428571
			13.4285714285714	-10.7142857142857
			13.4285714285714	-10.7857142857143
			13.4285714285714	-10.8571428571429
			13.5	-10.9285714285714
			13.5	-11
			13.5	-11.0714285714286
			13.5	-11.1428571428571
			13.5	-11.2142857142857
			13.5714285714286	-11.2857142857143
			13.5714285714286	-11.3571428571429
			13.5714285714286	-11.4285714285714
			13.5714285714286	-11.5
			13.6428571428571	-11.5714285714286
			13.6428571428571	-11.6428571428571
			13.6428571428571	-11.7142857142857
			13.6428571428571	-11.7857142857143
			13.7142857142857	-11.8571428571429
			13.7142857142857	-11.9285714285714
			13.7142857142857	-12
			13.7857142857143	-12.0714285714286
			13.7857142857143	-12.1428571428571
			13.7857142857143	-12.2142857142857
			13.8571428571429	-12.2857142857143
			13.8571428571429	-12.3571428571429
			13.8571428571429	-12.4285714285714
			13.9285714285714	-12.5
			13.9285714285714	-12.5714285714286
			13.9285714285714	-12.6428571428571
			14	-12.6428571428571
			14	-12.7142857142857
			14	-12.7857142857143
			14	-12.8571428571429
			14.0714285714286	-12.9285714285714
			14.1428571428571	-13
			14.1428571428571	-13.0714285714286
			14.2142857142857	-13.1428571428571
			14.2142857142857	-13.2142857142857
			14.2142857142857	-13.2857142857143
			14.2857142857143	-13.3571428571429
			14.2857142857143	-13.4285714285714
			14.3571428571429	-13.5
			14.3571428571429	-13.5714285714286
			14.4285714285714	-13.6428571428571
			14.4285714285714	-13.7142857142857
			14.5	-13.7857142857143
			14.5714285714286	-13.8571428571429
			14.6428571428571	-13.9285714285714
			14.6428571428571	-14
			14.7142857142857	-14.0714285714286
			14.7142857142857	-14.1428571428571
			14.7857142857143	-14.2142857142857
			14.7857142857143	-14.2857142857143
			14.8571428571429	-14.3571428571429
			14.9285714285714	-14.4285714285714
			14.9285714285714	-14.5
			15	-14.5714285714286
			15	-14.6428571428571
			15.0714285714286	-14.7142857142857
			15.1428571428571	-14.7857142857143
			15.1428571428571	-14.8571428571429
			15.2142857142857	-14.9285714285714
			15.2857142857143	-15
			15.2857142857143	-15.0714285714286
			15.3571428571429	-15.1428571428571
			15.4285714285714	-15.2142857142857
			15.5	-15.2857142857143
			15.5714285714286	-15.3571428571429
			15.6428571428571	-15.4285714285714
			15.7142857142857	-15.5
			15.7857142857143	-15.5714285714286
			15.8571428571429	-15.6428571428571
			15.9285714285714	-15.7142857142857
			16	-15.7857142857143
			16	-15.8571428571429
			16.0714285714286	-15.9285714285714
			16.1428571428571	-16
			16.2142857142857	-16.0714285714286
			16.2857142857143	-16.1428571428571
			16.3571428571429	-16.2142857142857
			16.4285714285714	-16.2857142857143
			16.5	-16.3571428571429
			16.5714285714286	-16.4285714285714
			16.6428571428571	-16.5
			16.7142857142857	-16.5714285714286
			16.7857142857143	-16.6428571428571
			16.8571428571429	-16.7142857142857
			16.9285714285714	-16.7857142857143
			17	-16.8571428571429
			17.0714285714286	-16.9285714285714
			17.1428571428571	-17
			17.2142857142857	-17.0714285714286
			17.2142857142857	-17.1428571428571
			17.2857142857143	-17.1428571428571
			17.3571428571429	-17.2142857142857
			17.3571428571429	-17.2857142857143
			17.4285714285714	-17.3571428571429
			17.5	-17.4285714285714
			17.5714285714286	-17.5
			17.5714285714286	-17.5714285714286
			17.6428571428571	-17.5714285714286
			17.7142857142857	-17.6428571428571
			17.7857142857143	-17.7142857142857
			17.7857142857143	-17.7857142857143
			17.8571428571429	-17.8571428571429
			17.9285714285714	-17.9285714285714
			18	-18
			18	-18.0714285714286
			18.0714285714286	-18.1428571428571
			18.1428571428571	-18.2142857142857
			18.2142857142857	-18.2857142857143
			18.2857142857143	-18.3571428571429
			18.3571428571429	-18.4285714285714
			18.4285714285714	-18.5
			18.4285714285714	-18.5714285714286
			18.5	-18.5714285714286
			18.5	-18.6428571428571
			18.5714285714286	-18.7142857142857
			18.5714285714286	-18.7857142857143
			18.6428571428571	-18.8571428571429
			18.7142857142857	-18.9285714285714
			18.7142857142857	-19
			18.7857142857143	-19.0714285714286
			18.7857142857143	-19.1428571428571
			18.8571428571429	-19.2142857142857
			18.8571428571429	-19.2857142857143
			18.9285714285714	-19.3571428571429
			18.9285714285714	-19.4285714285714
			19	-19.5
			19	-19.5714285714286
			19	-19.6428571428571
			19.0714285714286	-19.7142857142857
			19.0714285714286	-19.7857142857143
			19.1428571428571	-19.8571428571429
			19.1428571428571	-19.9285714285714
			19.1428571428571	-20
			19.2142857142857	-20
			19.2142857142857	-20.0714285714286
			19.2857142857143	-20.1428571428571
			19.2857142857143	-20.2142857142857
			19.3571428571429	-20.2857142857143
			19.3571428571429	-20.3571428571429
			19.4285714285714	-20.4285714285714
			19.4285714285714	-20.5
			19.5	-20.5714285714286
			19.5714285714286	-20.6428571428571
			19.5714285714286	-20.7142857142857
			19.6428571428571	-20.7857142857143
			19.6428571428571	-20.8571428571429
			19.7142857142857	-20.9285714285714
		</anterior>
		<posterior type=matrix rownames=FALSE colnames=FALSE nrow=438 ncol=2 as.numeric=TRUE >
			12.7857142857143	-21
			12.8571428571429	-21
			12.9285714285714	-21
			13	-21
			13.0714285714286	-21
			13.1428571428571	-21
			13.2142857142857	-21
			13.2857142857143	-21
			13.3571428571429	-21
			13.4285714285714	-21
			13.5	-21
			13.5714285714286	-21
			13.6428571428571	-21
			13.7142857142857	-21
			13.7857142857143	-21
			13.8571428571429	-21
			13.9285714285714	-21
			14	-21
			14.0714285714286	-21
			14.1428571428571	-21
			14.2142857142857	-21
			14.2857142857143	-21
			14.3571428571429	-21
			14.4285714285714	-21
			14.5	-21
			14.5714285714286	-21
			14.6428571428571	-20.9285714285714
			14.7142857142857	-20.9285714285714
			14.7857142857143	-20.9285714285714
			14.8571428571429	-20.9285714285714
			14.9285714285714	-20.9285714285714
			15	-20.9285714285714
			15.0714285714286	-20.8571428571429
			15.1428571428571	-20.8571428571429
			15.2142857142857	-20.8571428571429
			15.2857142857143	-20.8571428571429
			15.3571428571429	-20.8571428571429
			15.4285714285714	-20.8571428571429
			15.5	-20.8571428571429
			15.5714285714286	-20.8571428571429
			15.6428571428571	-20.8571428571429
			15.7142857142857	-20.8571428571429
			15.7857142857143	-20.8571428571429
			15.8571428571429	-20.8571428571429
			15.9285714285714	-20.8571428571429
			16	-20.8571428571429
			16.0714285714286	-20.8571428571429
			16.1428571428571	-20.8571428571429
			16.2142857142857	-20.8571428571429
			16.2857142857143	-20.8571428571429
			16.3571428571429	-20.8571428571429
			16.4285714285714	-20.8571428571429
			16.5	-20.8571428571429
			16.5714285714286	-20.8571428571429
			16.6428571428571	-20.8571428571429
			16.7142857142857	-20.8571428571429
			16.7857142857143	-20.8571428571429
			16.8571428571429	-20.8571428571429
			16.9285714285714	-20.8571428571429
			17	-20.8571428571429
			17.0714285714286	-20.8571428571429
			17.1428571428571	-20.9285714285714
			17.2142857142857	-20.9285714285714
			17.2857142857143	-20.9285714285714
			17.3571428571429	-20.9285714285714
			17.3571428571429	-21
			17.4285714285714	-21
			17.5	-21
			17.5714285714286	-21
			17.5714285714286	-21.0714285714286
			17.6428571428571	-21.0714285714286
			17.7142857142857	-21.0714285714286
			17.7857142857143	-21.1428571428571
			17.8571428571429	-21.1428571428571
			17.9285714285714	-21.1428571428571
			18	-21.1428571428571
			18.0714285714286	-21.2142857142857
			18.1428571428571	-21.2142857142857
			18.2142857142857	-21.2857142857143
			18.2857142857143	-21.2857142857143
			18.3571428571429	-21.2857142857143
			18.4285714285714	-21.3571428571429
			18.5	-21.3571428571429
			18.5714285714286	-21.4285714285714
			18.6428571428571	-21.4285714285714
			18.7142857142857	-21.5
			18.7857142857143	-21.5714285714286
			18.8571428571429	-21.6428571428571
			18.9285714285714	-21.7142857142857
			19	-21.7857142857143
			19.0714285714286	-21.8571428571429
			19.0714285714286	-21.9285714285714
			19.1428571428571	-22
			19.1428571428571	-22.0714285714286
			19.2142857142857	-22.0714285714286
			19.2142857142857	-22.1428571428571
			19.2857142857143	-22.2142857142857
			19.3571428571429	-22.2857142857143
			19.3571428571429	-22.3571428571429
			19.4285714285714	-22.4285714285714
			19.4285714285714	-22.5
			19.5	-22.5714285714286
			19.5	-22.6428571428571
			19.5714285714286	-22.7142857142857
			19.5714285714286	-22.7857142857143
			19.6428571428571	-22.8571428571429
			19.6428571428571	-22.9285714285714
			19.7142857142857	-23
			19.7142857142857	-23.0714285714286
			19.7857142857143	-23.1428571428571
			19.7857142857143	-23.2142857142857
			19.8571428571429	-23.2857142857143
			19.8571428571429	-23.3571428571429
			19.9285714285714	-23.4285714285714
			19.9285714285714	-23.5
			20	-23.5714285714286
			20	-23.6428571428571
			20.0714285714286	-23.7142857142857
			20.0714285714286	-23.7857142857143
			20.0714285714286	-23.8571428571429
			20.1428571428571	-23.9285714285714
			20.1428571428571	-24
			20.2142857142857	-24.0714285714286
			20.2142857142857	-24.1428571428571
			20.2142857142857	-24.2142857142857
			20.2857142857143	-24.2857142857143
			20.2857142857143	-24.3571428571429
			20.3571428571429	-24.4285714285714
			20.3571428571429	-24.5
			20.3571428571429	-24.5714285714286
			20.4285714285714	-24.6428571428571
			20.4285714285714	-24.7142857142857
			20.4285714285714	-24.7857142857143
			20.5	-24.8571428571429
			20.5	-24.9285714285714
			20.5	-25
			20.5714285714286	-25.0714285714286
			20.5714285714286	-25.1428571428571
			20.5714285714286	-25.2142857142857
			20.6428571428571	-25.2857142857143
			20.6428571428571	-25.3571428571429
			20.6428571428571	-25.4285714285714
			20.7142857142857	-25.5
			20.7142857142857	-25.5714285714286
			20.7142857142857	-25.6428571428571
			20.7142857142857	-25.7142857142857
			20.7857142857143	-25.7857142857143
			20.7857142857143	-25.8571428571429
			20.7857142857143	-25.9285714285714
			20.7857142857143	-26
			20.7857142857143	-26.0714285714286
			20.8571428571429	-26.1428571428571
			20.8571428571429	-26.2142857142857
			20.8571428571429	-26.2857142857143
			20.8571428571429	-26.3571428571429
			20.9285714285714	-26.4285714285714
			20.9285714285714	-26.5
			20.9285714285714	-26.5714285714286
			20.9285714285714	-26.6428571428571
			21	-26.7142857142857
			21	-26.7857142857143
			21	-26.8571428571429
			21	-26.9285714285714
			21.0714285714286	-27
			21.0714285714286	-27.0714285714286
			21.0714285714286	-27.1428571428571
			21.1428571428571	-27.2142857142857
			21.1428571428571	-27.2857142857143
			21.1428571428571	-27.3571428571429
			21.1428571428571	-27.4285714285714
			21.2142857142857	-27.5
			21.2142857142857	-27.5714285714286
			21.2142857142857	-27.6428571428571
			21.2142857142857	-27.7142857142857
			21.2857142857143	-27.7857142857143
			21.2857142857143	-27.8571428571429
			21.2857142857143	-27.9285714285714
			21.2857142857143	-28
			21.3571428571429	-28.0714285714286
			21.3571428571429	-28.1428571428571
			21.3571428571429	-28.2142857142857
			21.3571428571429	-28.2857142857143
			21.3571428571429	-28.3571428571429
			21.4285714285714	-28.4285714285714
			21.4285714285714	-28.5
			21.4285714285714	-28.5714285714286
			21.4285714285714	-28.6428571428571
			21.5	-28.7142857142857
			21.5	-28.7857142857143
			21.5	-28.8571428571429
			21.5	-28.9285714285714
			21.5	-29
			21.5714285714286	-29.0714285714286
			21.5714285714286	-29.1428571428571
			21.5714285714286	-29.2142857142857
			21.5714285714286	-29.2857142857143
			21.5714285714286	-29.3571428571429
			21.5714285714286	-29.4285714285714
			21.6428571428571	-29.5
			21.6428571428571	-29.5714285714286
			21.6428571428571	-29.6428571428571
			21.6428571428571	-29.7142857142857
			21.6428571428571	-29.7857142857143
			21.7142857142857	-29.8571428571429
			21.7142857142857	-29.9285714285714
			21.7142857142857	-30
			21.7142857142857	-30.0714285714286
			21.7857142857143	-30.1428571428571
			21.7857142857143	-30.2142857142857
			21.7857142857143	-30.2857142857143
			21.7857142857143	-30.3571428571429
			21.7857142857143	-30.4285714285714
			21.8571428571429	-30.5
			21.8571428571429	-30.5714285714286
			21.8571428571429	-30.6428571428571
			21.8571428571429	-30.7142857142857
			21.8571428571429	-30.7857142857143
			21.9285714285714	-30.8571428571429
			21.9285714285714	-30.9285714285714
			21.9285714285714	-31
			21.9285714285714	-31.0714285714286
			21.9285714285714	-31.1428571428571
			21.9285714285714	-31.2142857142857
			22	-31.2142857142857
			22	-31.2857142857143
			22	-31.3571428571429
			22	-31.4285714285714
			22	-31.5
			22	-31.5714285714286
			22	-31.6428571428571
			22.0714285714286	-31.7142857142857
			22.0714285714286	-31.7857142857143
			22.0714285714286	-31.8571428571429
			22.0714285714286	-31.9285714285714
			22.0714285714286	-32
			22.1428571428571	-32.0714285714286
			22.1428571428571	-32.1428571428571
			22.1428571428571	-32.2142857142857
			22.1428571428571	-32.2857142857143
			22.2142857142857	-32.3571428571429
			22.2142857142857	-32.4285714285714
			22.2142857142857	-32.5
			22.2857142857143	-32.5714285714286
			22.2857142857143	-32.6428571428571
			22.2857142857143	-32.7142857142857
			22.3571428571429	-32.7142857142857
			22.3571428571429	-32.7857142857143
			22.3571428571429	-32.8571428571429
			22.4285714285714	-32.9285714285714
			22.4285714285714	-33
			22.4285714285714	-33.0714285714286
			22.5	-33.1428571428571
			22.5	-33.2142857142857
			22.5714285714286	-33.2857142857143
			22.5714285714286	-33.3571428571429
			22.6428571428571	-33.4285714285714
			22.6428571428571	-33.5
			22.6428571428571	-33.4285714285714
			22.6428571428571	-33.3571428571429
			22.6428571428571	-33.2857142857143
			22.6428571428571	-33.2142857142857
			22.6428571428571	-33.1428571428571
			22.7142857142857	-33.0714285714286
			22.7142857142857	-33
			22.7142857142857	-32.9285714285714
			22.7142857142857	-32.8571428571429
			22.7142857142857	-32.7857142857143
			22.7142857142857	-32.7142857142857
			22.7142857142857	-32.6428571428571
			22.7142857142857	-32.5714285714286
			22.7142857142857	-32.5
			22.7142857142857	-32.4285714285714
			22.7142857142857	-32.3571428571429
			22.7142857142857	-32.2857142857143
			22.7142857142857	-32.2142857142857
			22.7142857142857	-32.1428571428571
			22.7142857142857	-32.0714285714286
			22.7142857142857	-32
			22.7142857142857	-31.9285714285714
			22.7142857142857	-31.8571428571429
			22.7142857142857	-31.7857142857143
			22.7142857142857	-31.7142857142857
			22.7142857142857	-31.6428571428571
			22.7142857142857	-31.5714285714286
			22.7142857142857	-31.5
			22.7142857142857	-31.4285714285714
			22.7142857142857	-31.3571428571429
			22.7142857142857	-31.2857142857143
			22.7142857142857	-31.2142857142857
			22.7142857142857	-31.1428571428571
			22.7142857142857	-31.0714285714286
			22.6428571428571	-31
			22.6428571428571	-30.9285714285714
			22.6428571428571	-30.8571428571429
			22.6428571428571	-30.7857142857143
			22.6428571428571	-30.7142857142857
			22.6428571428571	-30.6428571428571
			22.6428571428571	-30.5714285714286
			22.5714285714286	-30.5
			22.5714285714286	-30.4285714285714
			22.5714285714286	-30.3571428571429
			22.5714285714286	-30.2857142857143
			22.5714285714286	-30.2142857142857
			22.5	-30.1428571428571
			22.5	-30.0714285714286
			22.5	-30
			22.5	-29.9285714285714
			22.5	-29.8571428571429
			22.5	-29.7857142857143
			22.4285714285714	-29.7142857142857
			22.4285714285714	-29.6428571428571
			22.4285714285714	-29.5714285714286
			22.4285714285714	-29.5
			22.4285714285714	-29.4285714285714
			22.4285714285714	-29.3571428571429
			22.3571428571429	-29.2857142857143
			22.3571428571429	-29.2142857142857
			22.3571428571429	-29.1428571428571
			22.3571428571429	-29.0714285714286
			22.3571428571429	-29
			22.2857142857143	-28.9285714285714
			22.2857142857143	-28.8571428571429
			22.2857142857143	-28.7857142857143
			22.2857142857143	-28.7142857142857
			22.2857142857143	-28.6428571428571
			22.2142857142857	-28.6428571428571
			22.2142857142857	-28.5714285714286
			22.2142857142857	-28.5
			22.2142857142857	-28.4285714285714
			22.2142857142857	-28.3571428571429
			22.1428571428571	-28.2857142857143
			22.1428571428571	-28.2142857142857
			22.1428571428571	-28.1428571428571
			22.1428571428571	-28.0714285714286
			22.1428571428571	-28
			22.0714285714286	-27.9285714285714
			22.0714285714286	-27.8571428571429
			22.0714285714286	-27.7857142857143
			22.0714285714286	-27.7142857142857
			22	-27.6428571428571
			22	-27.5714285714286
			22	-27.5
			22	-27.4285714285714
			21.9285714285714	-27.3571428571429
			21.9285714285714	-27.2857142857143
			21.9285714285714	-27.2142857142857
			21.9285714285714	-27.1428571428571
			21.9285714285714	-27.0714285714286
			21.8571428571429	-27
			21.8571428571429	-26.9285714285714
			21.8571428571429	-26.8571428571429
			21.8571428571429	-26.7857142857143
			21.7857142857143	-26.7142857142857
			21.7857142857143	-26.6428571428571
			21.7857142857143	-26.5714285714286
			21.7857142857143	-26.5
			21.7142857142857	-26.4285714285714
			21.7142857142857	-26.3571428571429
			21.7142857142857	-26.2857142857143
			21.7142857142857	-26.2142857142857
			21.7142857142857	-26.1428571428571
			21.6428571428571	-26.0714285714286
			21.6428571428571	-26
			21.6428571428571	-25.9285714285714
			21.6428571428571	-25.8571428571429
			21.6428571428571	-25.7857142857143
			21.5714285714286	-25.7142857142857
			21.5714285714286	-25.6428571428571
			21.5714285714286	-25.5714285714286
			21.5	-25.5
			21.5	-25.4285714285714
			21.5	-25.3571428571429
			21.5	-25.2857142857143
			21.5	-25.2142857142857
			21.4285714285714	-25.1428571428571
			21.4285714285714	-25.0714285714286
			21.4285714285714	-25
			21.4285714285714	-24.9285714285714
			21.3571428571429	-24.8571428571429
			21.3571428571429	-24.7857142857143
			21.3571428571429	-24.7142857142857
			21.3571428571429	-24.6428571428571
			21.2857142857143	-24.5714285714286
			21.2857142857143	-24.5
			21.2857142857143	-24.4285714285714
			21.2857142857143	-24.3571428571429
			21.2857142857143	-24.2857142857143
			21.2142857142857	-24.2142857142857
			21.2142857142857	-24.1428571428571
			21.2142857142857	-24.0714285714286
			21.2142857142857	-24
			21.1428571428571	-23.9285714285714
			21.1428571428571	-23.8571428571429
			21.1428571428571	-23.7857142857143
			21.1428571428571	-23.7142857142857
			21.0714285714286	-23.6428571428571
			21.0714285714286	-23.5714285714286
			21.0714285714286	-23.5
			21.0714285714286	-23.4285714285714
			21	-23.3571428571429
			21	-23.2857142857143
			21	-23.2142857142857
			20.9285714285714	-23.2142857142857
			20.9285714285714	-23.1428571428571
			20.9285714285714	-23.0714285714286
			20.9285714285714	-23
			20.8571428571429	-22.9285714285714
			20.8571428571429	-22.8571428571429
			20.7857142857143	-22.7857142857143
			20.7857142857143	-22.7142857142857
			20.7857142857143	-22.6428571428571
			20.7142857142857	-22.5714285714286
			20.7142857142857	-22.5
			20.6428571428571	-22.4285714285714
			20.6428571428571	-22.3571428571429
			20.5714285714286	-22.2857142857143
			20.5714285714286	-22.2142857142857
			20.5714285714286	-22.1428571428571
			20.5	-22.0714285714286
			20.5	-22
			20.4285714285714	-22
			20.4285714285714	-21.9285714285714
			20.3571428571429	-21.8571428571429
			20.3571428571429	-21.7857142857143
			20.3571428571429	-21.7142857142857
			20.2857142857143	-21.7142857142857
			20.2857142857143	-21.6428571428571
			20.2142857142857	-21.5714285714286
			20.1428571428571	-21.5
			20.1428571428571	-21.4285714285714
			20.0714285714286	-21.3571428571429
			20.0714285714286	-21.2857142857143
			20	-21.2142857142857
			19.9285714285714	-21.2142857142857
			19.9285714285714	-21.1428571428571
			19.8571428571429	-21.0714285714286
			19.7857142857143	-21
			19.7142857142857	-20.9285714285714
		</posterior>
	</curves.scaled>
	<ruler.points type=matrix rownames=TRUE colnames=FALSE nrow=2 ncol=2 as.numeric=TRUE >
		Ruler point 1	126	438
		Ruler point 2	196	438
	</ruler.points>
</shapes>

