<shapes type=list>
	<square.size type=vector names=FALSE length=1 as.numeric=TRUE >1</square.size>
	<scaling.units type=vector names=FALSE length=1 as.numeric=FALSE >mm</scaling.units>
	<scaling type=logical names=FALSE length=1 as.numeric=FALSE >NA</scaling>
	<landmarks.pixel type=matrix rownames=TRUE colnames=FALSE nrow=16 ncol=2 as.numeric=TRUE >
		LM1	209	12
		LM2	209	39
		LM3	209	195
		LM4	209	225
		LM5	267	164
		LM6	268	202
		LM7	266	219
		LM8	269	116
		LM9	277	191
		LM10	209	12
		LM11	279	200
		LM12	319	227
		LM13	209	12
		LM14	315	152
		LM15	336	225
		LM16	336	225
	</landmarks.pixel>
	<curves.control type=list>
		<glabella type=matrix rownames=FALSE colnames=FALSE nrow=13 ncol=2 as.numeric=TRUE >
			209	39
			224	40
			241	51
			254	66
			259	82
			261	100
			261	115
			260	126
			262	140
			268	158
			269	169
			270	179
			266	219
		</glabella>
		<suture type=matrix rownames=FALSE colnames=FALSE nrow=27 ncol=2 as.numeric=TRUE >
			209	12
			224	12
			244	17
			271	25
			286	37
			292	49
			290	56
			284	69
			295	73
			294	82
			290	86
			278	94
			273	101
			268	109
			269	116
			271	125
			283	128
			298	132
			303	146
			304	159
			297	169
			289	178
			281	185
			277	191
			278	198
			290	207
			319	227
		</suture>
		<anterior type=matrix rownames=FALSE colnames=FALSE nrow=17 ncol=2 as.numeric=TRUE >
			209	12
			224	12
			244	17
			271	25
			286	37
			295	49
			306	54
			327	66
			342	81
			358	102
			369	123
			379	159
			382	178
			373	193
			362	205
			349	219
			336	225
		</anterior>
		<posterior type=matrix rownames=FALSE colnames=FALSE nrow=15 ncol=2 as.numeric=TRUE >
			209	225
			218	226
			229	225
			242	224
			255	222
			266	218
			274	222
			283	224
			293	226
			298	227
			303	227
			310	227
			320	227
			328	227
			336	225
		</posterior>
	</curves.control>
	<curves.pixel type=list>
		<glabella type=matrix rownames=FALSE colnames=FALSE nrow=205 ncol=2 as.numeric=TRUE >
			209	39
			210	39
			211	39
			212	39
			213	39
			214	40
			215	40
			216	40
			217	40
			218	40
			219	41
			220	41
			221	41
			222	42
			223	42
			224	42
			225	43
			226	43
			227	44
			228	44
			229	44
			230	45
			231	45
			232	46
			233	46
			234	47
			235	47
			236	48
			237	48
			238	49
			239	50
			240	50
			241	51
			242	52
			242	53
			243	54
			244	55
			245	55
			245	56
			246	57
			247	58
			247	59
			248	60
			249	61
			249	62
			250	63
			250	64
			251	65
			252	65
			252	66
			253	67
			253	68
			254	69
			254	70
			255	71
			255	72
			255	73
			256	74
			256	75
			257	76
			257	77
			257	78
			258	79
			258	80
			259	81
			259	82
			259	83
			259	84
			259	85
			259	86
			260	87
			260	88
			260	89
			260	90
			260	91
			260	92
			260	93
			260	94
			260	95
			260	96
			260	97
			260	98
			260	99
			261	99
			261	100
			261	101
			261	102
			261	103
			261	104
			261	105
			261	106
			261	107
			261	108
			261	109
			261	110
			261	111
			261	112
			261	113
			261	114
			261	115
			261	116
			261	117
			261	118
			261	119
			261	120
			261	121
			261	122
			261	123
			261	124
			261	125
			261	126
			261	127
			261	128
			261	129
			261	130
			261	131
			261	132
			261	133
			261	134
			261	135
			261	136
			262	137
			262	138
			262	139
			262	140
			262	141
			263	142
			263	143
			263	144
			264	145
			264	146
			264	147
			265	148
			265	149
			265	150
			265	151
			266	152
			266	153
			266	154
			266	155
			267	156
			267	157
			267	158
			267	159
			268	160
			268	161
			268	162
			268	163
			268	164
			269	165
			269	166
			269	167
			269	168
			269	169
			269	170
			269	171
			269	172
			269	173
			269	174
			269	175
			269	176
			269	177
			269	178
			269	179
			269	180
			269	181
			269	182
			269	183
			269	184
			269	185
			269	186
			269	187
			269	188
			269	189
			269	190
			268	191
			268	192
			268	193
			268	194
			268	195
			268	196
			268	197
			268	198
			268	199
			268	200
			268	201
			268	202
			268	203
			267	203
			267	204
			267	205
			267	206
			267	207
			267	208
			267	209
			267	210
			267	211
			267	212
			267	213
			266	214
			266	215
			266	216
			266	217
			266	218
			266	219
		</glabella>
		<suture type=matrix rownames=FALSE colnames=FALSE nrow=314 ncol=2 as.numeric=TRUE >
			209	12
			210	12
			211	12
			212	12
			213	12
			214	12
			215	12
			216	12
			217	12
			218	12
			219	12
			220	13
			221	13
			222	13
			223	13
			224	13
			225	13
			226	13
			227	14
			228	14
			229	14
			230	14
			231	14
			232	14
			233	14
			234	15
			235	15
			236	15
			237	15
			238	16
			239	16
			240	16
			241	16
			242	16
			242	17
			243	17
			244	17
			245	17
			246	18
			247	18
			248	18
			249	18
			249	19
			250	19
			251	19
			252	20
			253	20
			254	20
			255	21
			256	21
			257	21
			258	22
			259	22
			260	22
			261	23
			262	23
			263	24
			264	24
			265	25
			266	25
			267	26
			268	26
			269	26
			270	27
			271	27
			272	28
			273	29
			274	29
			275	30
			276	30
			277	31
			278	31
			279	32
			280	33
			281	33
			282	34
			283	34
			283	35
			284	36
			285	36
			286	37
			287	38
			287	39
			288	40
			288	41
			288	42
			288	43
			289	43
			289	44
			289	45
			290	46
			290	47
			290	48
			290	49
			290	50
			290	51
			290	52
			290	53
			290	54
			290	55
			290	56
			290	57
			289	58
			289	59
			288	60
			288	61
			288	62
			288	63
			288	64
			288	65
			288	66
			288	67
			289	68
			290	69
			290	70
			291	71
			292	71
			293	72
			294	72
			295	73
			295	74
			295	75
			295	76
			294	77
			294	78
			294	79
			294	80
			293	81
			293	82
			292	82
			292	83
			292	84
			291	85
			290	86
			289	87
			288	87
			287	88
			286	89
			285	90
			284	90
			283	91
			282	92
			281	92
			280	93
			280	94
			279	95
			278	95
			277	96
			277	97
			276	97
			275	98
			275	99
			274	99
			274	100
			273	101
			272	102
			272	103
			271	104
			271	105
			271	106
			270	106
			270	107
			270	108
			269	109
			269	110
			269	111
			269	112
			269	113
			269	114
			269	115
			269	116
			269	117
			270	118
			270	119
			270	120
			271	120
			271	121
			272	121
			272	122
			273	123
			274	124
			275	124
			276	125
			277	126
			278	126
			279	127
			280	127
			281	127
			282	128
			283	128
			284	128
			285	129
			286	129
			287	129
			288	130
			289	130
			290	131
			291	131
			292	132
			293	133
			294	133
			295	134
			296	135
			297	136
			298	137
			299	138
			299	139
			300	140
			301	141
			301	142
			302	143
			302	144
			303	145
			303	146
			303	147
			303	148
			303	149
			303	150
			303	151
			303	152
			303	153
			303	154
			303	155
			302	156
			302	157
			302	158
			302	159
			302	160
			301	160
			301	161
			301	162
			300	163
			300	164
			299	165
			299	166
			298	167
			298	168
			297	169
			296	170
			295	171
			295	172
			294	172
			293	173
			293	174
			292	175
			291	175
			290	176
			290	177
			289	178
			288	178
			288	179
			287	180
			286	180
			285	181
			285	182
			284	182
			283	183
			283	184
			282	184
			281	185
			280	186
			280	187
			279	188
			279	189
			279	190
			278	191
			278	192
			278	193
			278	194
			278	195
			278	196
			278	197
			279	198
			280	199
			281	200
			282	201
			283	202
			284	202
			285	203
			286	204
			287	204
			288	205
			289	206
			290	207
			291	207
			292	208
			293	209
			294	210
			295	211
			296	211
			297	212
			298	213
			299	213
			300	214
			301	214
			302	215
			303	216
			304	216
			305	217
			306	218
			307	219
			308	219
			309	220
			310	221
			311	221
			312	222
			313	223
			314	224
			315	224
			316	225
			317	226
			318	226
			318	227
			319	227
		</suture>
		<anterior type=matrix rownames=FALSE colnames=FALSE nrow=298 ncol=2 as.numeric=TRUE >
			209	12
			210	12
			211	12
			212	12
			213	12
			214	12
			215	12
			216	12
			217	12
			218	12
			219	12
			220	13
			221	13
			222	13
			223	13
			224	13
			225	13
			226	13
			227	13
			228	14
			229	14
			230	14
			231	14
			232	14
			233	15
			234	15
			235	15
			236	15
			237	15
			238	16
			239	16
			240	16
			241	16
			242	16
			242	17
			243	17
			244	17
			245	17
			246	18
			247	18
			248	18
			249	19
			250	19
			251	19
			252	20
			253	20
			254	20
			255	21
			256	21
			257	21
			258	22
			259	22
			260	22
			261	23
			262	23
			262	24
			263	24
			264	24
			265	25
			266	25
			267	26
			268	26
			269	27
			270	27
			271	27
			272	28
			273	28
			273	29
			274	29
			275	30
			276	30
			277	31
			278	31
			278	32
			279	32
			280	33
			281	33
			281	34
			282	34
			283	35
			284	35
			284	36
			285	36
			286	37
			287	38
			287	39
			288	40
			289	41
			290	42
			291	43
			292	44
			293	45
			294	46
			295	47
			296	48
			297	49
			298	49
			298	50
			299	50
			300	50
			300	51
			301	51
			302	52
			303	52
			304	53
			305	54
			306	54
			307	55
			308	55
			309	56
			310	56
			311	57
			312	57
			313	58
			314	59
			315	60
			316	60
			317	61
			318	61
			319	62
			320	63
			321	64
			322	64
			323	65
			324	66
			325	66
			326	67
			327	68
			328	69
			329	70
			330	70
			331	71
			332	72
			333	73
			334	74
			335	74
			336	75
			337	76
			338	77
			339	78
			340	79
			341	80
			342	81
			343	82
			344	83
			344	84
			345	85
			345	86
			346	86
			347	87
			347	88
			348	89
			349	90
			349	91
			350	92
			351	93
			352	94
			352	95
			353	96
			354	97
			354	98
			355	99
			356	100
			356	101
			357	102
			358	103
			358	104
			359	105
			359	106
			360	107
			361	108
			361	109
			362	110
			362	111
			363	112
			363	113
			364	113
			364	114
			365	115
			365	116
			366	117
			366	118
			367	119
			367	120
			368	121
			369	122
			369	123
			369	124
			370	125
			370	126
			370	127
			370	128
			371	129
			371	130
			371	131
			372	132
			372	133
			372	134
			372	135
			373	136
			373	137
			373	138
			373	139
			374	140
			374	141
			374	142
			374	143
			375	144
			375	145
			375	146
			375	147
			376	148
			376	149
			376	150
			376	151
			377	152
			377	153
			377	154
			377	155
			378	156
			378	157
			378	158
			378	159
			379	160
			379	161
			379	162
			379	163
			379	164
			380	165
			380	166
			380	167
			380	168
			380	169
			381	170
			381	171
			381	172
			381	173
			381	174
			381	175
			382	176
			382	177
			382	178
			381	179
			381	180
			380	181
			379	182
			379	183
			378	184
			378	185
			377	186
			376	187
			376	188
			375	188
			375	189
			374	190
			373	191
			373	192
			372	193
			372	194
			371	194
			370	195
			370	196
			369	197
			368	198
			367	199
			366	200
			365	201
			365	202
			364	203
			363	204
			362	205
			361	206
			360	207
			359	208
			358	209
			357	210
			356	211
			355	212
			354	213
			353	213
			352	214
			351	215
			350	216
			349	217
			348	217
			347	218
			346	219
			345	220
			344	220
			343	221
			342	222
			341	222
			341	223
			340	223
			339	224
			338	224
			337	225
			336	225
		</anterior>
		<posterior type=matrix rownames=FALSE colnames=FALSE nrow=128 ncol=2 as.numeric=TRUE >
			209	225
			210	225
			211	225
			212	225
			213	225
			214	225
			215	225
			216	225
			217	225
			218	225
			219	225
			220	225
			221	225
			222	225
			223	225
			224	225
			225	225
			226	225
			227	225
			228	225
			229	225
			230	225
			231	225
			232	225
			233	225
			234	225
			235	224
			236	224
			237	224
			238	224
			239	224
			240	224
			241	224
			242	224
			243	224
			244	223
			245	223
			246	223
			247	223
			248	223
			249	223
			250	223
			251	223
			252	222
			253	222
			254	222
			255	222
			256	222
			257	221
			258	221
			259	221
			260	221
			261	220
			262	220
			263	220
			264	220
			265	220
			266	220
			267	220
			268	220
			269	220
			270	221
			271	221
			272	221
			273	222
			274	222
			275	222
			276	222
			277	223
			278	223
			279	223
			280	223
			281	224
			282	224
			283	224
			284	224
			285	224
			286	225
			287	225
			288	225
			289	225
			290	225
			291	226
			292	226
			293	226
			294	226
			295	226
			296	226
			297	227
			298	227
			299	227
			300	227
			301	227
			302	227
			303	227
			304	227
			305	227
			306	227
			307	227
			308	227
			309	227
			310	227
			311	227
			312	227
			313	227
			314	227
			315	227
			316	227
			317	227
			318	227
			319	227
			320	227
			321	227
			322	227
			323	227
			324	227
			325	227
			326	227
			327	227
			328	226
			329	226
			330	226
			331	226
			332	226
			333	226
			334	225
			335	225
			336	225
		</posterior>
	</curves.pixel>
	<ruler.points type=matrix rownames=TRUE colnames=FALSE nrow=2 ncol=2 as.numeric=TRUE >
		Ruler point 1	16	61
		Ruler point 2	84	60
	</ruler.points>
</shapes>

