<shapes type=list>
	<ruler.pixel type=vector names=FALSE length=1 as.numeric=TRUE >137</ruler.pixel>
	<ruler.interval type=vector names=FALSE length=1 as.numeric=TRUE >1</ruler.interval>
	<scaling.units type=vector names=FALSE length=1 as.numeric=FALSE >cm</scaling.units>
	<scaling type=vector names=FALSE length=1 as.numeric=TRUE >0.0072992700729927</scaling>
	<landmarks.pixel type=matrix rownames=TRUE colnames=FALSE nrow=16 ncol=2 as.numeric=TRUE >
		LM1	190	25
		LM2	189	38
		LM3	194	152
		LM4	193	178
		LM5	266	139
		LM6	260	166
		LM7	252	183
		LM8	279	68
		LM9	291	90
		LM10	190	25
		LM11	357	139
		LM12	363	156
		LM13	190	25
		LM14	303	85
		LM15	359	163
		LM16	359	163
	</landmarks.pixel>
	<landmarks.scaled type=matrix rownames=TRUE colnames=FALSE nrow=16 ncol=2 as.numeric=TRUE >
		LM1	1.38686131386861	-0.182481751824818
		LM2	1.37956204379562	-0.277372262773723
		LM3	1.41605839416058	-1.10948905109489
		LM4	1.40875912408759	-1.2992700729927
		LM5	1.94160583941606	-1.01459854014599
		LM6	1.8978102189781	-1.21167883211679
		LM7	1.83941605839416	-1.33576642335766
		LM8	2.03649635036496	-0.496350364963504
		LM9	2.12408759124088	-0.656934306569343
		LM10	1.38686131386861	-0.182481751824818
		LM11	2.60583941605839	-1.01459854014599
		LM12	2.64963503649635	-1.13868613138686
		LM13	1.38686131386861	-0.182481751824818
		LM14	2.21167883211679	-0.62043795620438
		LM15	2.62043795620438	-1.18978102189781
		LM16	2.62043795620438	-1.18978102189781
	</landmarks.scaled>
	<curves.control type=list>
		<glabella type=matrix rownames=FALSE colnames=FALSE nrow=17 ncol=2 as.numeric=TRUE >
			189	38
			209	38
			222	45
			230	50
			236	62
			243	74
			239	81
			246	87
			246	96
			246	102
			249	110
			261	115
			267	131
			270	139
			260	159
			258	173
			252	183
		</glabella>
		<suture type=matrix rownames=FALSE colnames=FALSE nrow=21 ncol=2 as.numeric=TRUE >
			190	25
			217	22
			242	28
			263	42
			268	47
			275	57
			277	62
			279	69
			286	71
			290	79
			292	85
			284	89
			288	93
			301	96
			314	95
			324	94
			333	97
			344	110
			355	127
			357	136
			363	156
		</suture>
		<anterior type=matrix rownames=FALSE colnames=FALSE nrow=7 ncol=2 as.numeric=TRUE >
			190	25
			217	22
			242	28
			280	47
			306	64
			388	132
			359	163
		</anterior>
		<posterior type=matrix rownames=FALSE colnames=FALSE nrow=11 ncol=2 as.numeric=TRUE >
			193	178
			214	177
			231	182
			244	184
			252	185
			277	184
			307	184
			324	184
			338	177
			350	172
			359	163
		</posterior>
	</curves.control>
	<curves.pixel type=list>
		<glabella type=matrix rownames=FALSE colnames=FALSE nrow=184 ncol=2 as.numeric=TRUE >
			189	38
			190	38
			191	38
			192	38
			193	38
			194	38
			195	38
			196	38
			197	38
			198	38
			199	38
			200	39
			201	39
			202	39
			203	39
			204	39
			205	39
			206	40
			207	40
			208	40
			209	40
			210	40
			211	41
			212	41
			213	41
			214	42
			215	42
			216	42
			217	43
			218	43
			219	44
			220	44
			221	45
			222	45
			223	45
			223	46
			224	46
			224	47
			225	47
			225	48
			226	48
			227	49
			228	50
			229	51
			230	52
			231	53
			231	54
			232	55
			232	56
			233	57
			234	57
			234	58
			235	59
			235	60
			236	61
			236	62
			237	63
			237	64
			238	65
			238	66
			239	67
			239	68
			239	69
			240	70
			240	71
			240	72
			240	73
			240	74
			240	75
			240	76
			240	77
			240	78
			240	79
			239	80
			239	81
			240	82
			241	83
			242	84
			243	85
			244	86
			244	87
			244	88
			245	89
			245	90
			245	91
			246	92
			246	93
			246	94
			246	95
			246	96
			246	97
			246	98
			246	99
			246	100
			246	101
			247	102
			247	103
			247	104
			247	105
			248	106
			248	107
			248	108
			249	109
			249	110
			250	111
			251	111
			252	111
			253	112
			254	113
			255	114
			256	114
			257	115
			258	116
			259	117
			259	118
			260	118
			261	119
			261	120
			262	121
			263	122
			263	123
			264	124
			265	125
			265	126
			265	127
			266	127
			266	128
			266	129
			266	130
			267	130
			267	131
			267	132
			267	133
			268	134
			268	135
			268	136
			268	137
			268	138
			267	139
			267	140
			267	141
			267	142
			267	143
			266	144
			266	145
			265	146
			265	147
			265	148
			264	149
			264	150
			264	151
			263	152
			263	153
			263	154
			262	154
			262	155
			261	156
			261	157
			260	158
			260	159
			260	160
			260	161
			260	162
			259	163
			259	164
			259	165
			259	166
			258	167
			258	168
			258	169
			258	170
			257	171
			257	172
			257	173
			256	174
			256	175
			255	176
			255	177
			255	178
			254	179
			254	180
			253	181
			253	182
			252	183
		</glabella>
		<suture type=matrix rownames=FALSE colnames=FALSE nrow=243 ncol=2 as.numeric=TRUE >
			190	25
			191	25
			192	25
			193	25
			194	25
			195	25
			196	24
			197	24
			198	24
			199	24
			200	24
			201	24
			202	24
			203	24
			204	24
			205	24
			206	24
			207	24
			208	24
			209	24
			210	24
			211	24
			212	24
			213	24
			214	24
			215	24
			216	24
			217	24
			218	24
			219	24
			220	24
			220	25
			221	25
			222	25
			223	25
			224	25
			225	25
			226	25
			227	25
			228	25
			229	25
			229	26
			230	26
			231	26
			232	26
			233	26
			234	26
			235	26
			236	27
			237	27
			238	27
			239	27
			240	28
			241	28
			242	28
			243	29
			244	29
			245	30
			246	31
			247	31
			247	32
			248	32
			249	33
			250	33
			250	34
			251	34
			252	35
			253	35
			253	36
			254	36
			255	37
			256	38
			257	38
			258	39
			259	40
			260	41
			261	42
			262	42
			263	43
			264	44
			265	44
			266	45
			267	46
			268	47
			269	48
			270	49
			270	50
			271	51
			271	52
			272	53
			272	54
			273	55
			274	56
			274	57
			275	58
			275	59
			276	59
			276	60
			276	61
			277	61
			277	62
			277	63
			278	64
			278	65
			279	66
			279	67
			280	67
			281	68
			281	69
			282	69
			283	70
			284	70
			285	71
			286	71
			286	72
			287	73
			288	74
			288	75
			289	76
			289	77
			289	78
			290	79
			290	80
			291	81
			291	82
			291	83
			292	84
			292	85
			291	86
			290	86
			289	87
			288	87
			288	88
			287	89
			287	90
			287	91
			287	92
			288	93
			289	93
			290	93
			291	94
			292	94
			293	94
			294	94
			295	94
			296	94
			297	95
			298	95
			299	95
			300	95
			301	95
			302	95
			303	95
			304	95
			305	95
			306	95
			307	95
			308	95
			309	95
			310	95
			311	95
			312	95
			313	95
			314	95
			315	95
			316	95
			317	95
			318	95
			319	95
			320	95
			321	95
			322	95
			323	95
			324	95
			325	95
			326	95
			327	96
			328	96
			329	96
			330	96
			331	96
			332	97
			333	97
			334	98
			335	99
			336	100
			336	101
			337	102
			338	103
			338	104
			339	105
			340	106
			341	106
			341	107
			342	108
			343	109
			343	110
			344	111
			345	112
			346	113
			346	114
			347	115
			348	116
			349	117
			349	118
			350	119
			351	120
			351	121
			352	122
			352	123
			353	124
			354	125
			354	126
			355	127
			355	128
			355	129
			356	130
			356	131
			356	132
			356	133
			357	134
			357	135
			357	136
			358	137
			358	138
			358	139
			358	140
			359	141
			359	142
			359	143
			360	144
			360	145
			360	146
			360	147
			361	148
			361	149
			361	150
			362	151
			362	152
			362	153
			362	154
			363	155
			363	156
		</suture>
		<anterior type=matrix rownames=FALSE colnames=FALSE nrow=227 ncol=2 as.numeric=TRUE >
			190	25
			191	25
			192	25
			193	25
			194	25
			195	25
			196	24
			197	24
			198	24
			199	24
			200	24
			201	24
			202	24
			203	24
			204	24
			205	24
			206	24
			207	24
			208	24
			209	24
			210	24
			211	24
			212	24
			213	24
			214	24
			215	24
			216	24
			217	24
			218	24
			219	24
			220	24
			221	25
			222	25
			223	25
			224	25
			225	25
			226	25
			227	25
			228	25
			229	26
			230	26
			231	26
			232	26
			233	26
			234	26
			235	27
			236	27
			237	27
			238	27
			239	27
			240	27
			241	28
			242	28
			243	28
			244	29
			245	29
			246	30
			247	30
			247	31
			248	31
			249	32
			250	32
			251	32
			252	33
			253	34
			254	34
			255	35
			256	35
			257	36
			258	36
			259	37
			260	37
			261	38
			262	38
			263	39
			264	39
			265	40
			266	41
			267	41
			268	42
			269	42
			270	43
			271	43
			272	44
			273	44
			274	45
			275	45
			276	46
			277	46
			278	47
			279	47
			280	48
			281	49
			282	50
			283	50
			284	51
			285	51
			286	52
			287	52
			288	53
			289	54
			290	54
			291	55
			292	55
			293	56
			294	57
			295	57
			296	58
			297	58
			298	59
			299	59
			300	60
			301	61
			302	61
			303	62
			304	63
			305	64
			306	64
			307	65
			308	66
			309	67
			310	67
			311	68
			312	69
			313	70
			314	71
			315	72
			316	73
			317	73
			318	74
			319	75
			320	76
			321	77
			322	78
			323	79
			324	79
			324	80
			325	81
			326	82
			327	82
			328	83
			329	84
			329	85
			330	86
			331	86
			332	87
			333	88
			333	89
			334	89
			335	90
			336	91
			336	92
			337	92
			338	93
			338	94
			339	95
			340	95
			340	96
			341	97
			342	98
			343	99
			344	100
			345	101
			346	102
			346	103
			347	104
			348	105
			349	105
			349	106
			350	107
			350	108
			351	109
			352	110
			353	111
			354	112
			354	113
			355	114
			356	115
			356	116
			357	117
			357	118
			358	119
			358	120
			359	120
			359	121
			360	122
			360	123
			361	124
			361	125
			362	126
			362	127
			363	128
			363	129
			364	130
			364	131
			364	132
			365	133
			365	134
			365	135
			366	136
			366	137
			366	138
			366	139
			366	140
			366	141
			366	142
			367	143
			367	144
			367	145
			367	146
			366	147
			366	148
			366	149
			366	150
			366	151
			365	152
			365	153
			365	154
			364	155
			364	156
			363	157
			363	158
			362	159
			361	160
			360	161
			360	162
			359	163
		</anterior>
		<posterior type=matrix rownames=FALSE colnames=FALSE nrow=169 ncol=2 as.numeric=TRUE >
			193	178
			194	178
			195	178
			196	178
			197	178
			198	178
			199	178
			200	178
			201	178
			202	178
			203	178
			204	178
			205	178
			206	178
			207	178
			208	178
			209	178
			210	178
			211	178
			212	178
			213	179
			214	179
			215	179
			216	179
			217	179
			218	179
			219	179
			220	179
			221	180
			222	180
			223	180
			224	180
			225	180
			225	181
			226	181
			227	181
			228	181
			229	181
			230	182
			231	182
			232	182
			233	182
			234	182
			235	183
			236	183
			237	183
			238	183
			239	183
			240	183
			241	184
			242	184
			243	184
			244	184
			245	184
			246	184
			247	184
			248	185
			249	185
			250	185
			251	185
			252	185
			253	185
			254	185
			255	185
			256	185
			257	185
			258	185
			259	185
			260	185
			261	185
			262	185
			263	185
			264	185
			265	185
			266	185
			267	184
			268	184
			269	184
			270	184
			271	184
			272	184
			273	184
			274	184
			275	184
			276	184
			277	184
			278	184
			279	184
			280	184
			281	184
			282	184
			283	184
			284	184
			285	184
			286	184
			287	184
			288	184
			289	184
			290	184
			291	184
			292	184
			293	184
			294	184
			295	184
			296	184
			297	184
			298	184
			299	184
			300	184
			301	184
			302	184
			303	184
			304	184
			305	184
			306	184
			307	184
			308	184
			309	184
			310	184
			311	184
			312	184
			313	184
			314	184
			315	184
			316	184
			316	183
			317	183
			318	183
			319	183
			320	183
			321	183
			322	183
			323	182
			324	182
			325	182
			326	181
			327	181
			328	181
			329	181
			330	180
			331	180
			332	180
			333	179
			334	179
			335	178
			336	178
			337	177
			338	177
			339	177
			340	176
			341	176
			342	175
			343	175
			344	174
			345	174
			346	173
			347	173
			348	172
			349	171
			350	170
			351	170
			352	169
			353	168
			354	167
			355	167
			356	166
			357	165
			358	164
			359	163
		</posterior>
	</curves.pixel>
	<curves.scaled type=list>
		<glabella type=matrix rownames=FALSE colnames=FALSE nrow=184 ncol=2 as.numeric=TRUE >
			1.37956204379562	-0.277372262773723
			1.38686131386861	-0.277372262773723
			1.39416058394161	-0.277372262773723
			1.4014598540146	-0.277372262773723
			1.40875912408759	-0.277372262773723
			1.41605839416058	-0.277372262773723
			1.42335766423358	-0.277372262773723
			1.43065693430657	-0.277372262773723
			1.43795620437956	-0.277372262773723
			1.44525547445255	-0.277372262773723
			1.45255474452555	-0.277372262773723
			1.45985401459854	-0.284671532846715
			1.46715328467153	-0.284671532846715
			1.47445255474453	-0.284671532846715
			1.48175182481752	-0.284671532846715
			1.48905109489051	-0.284671532846715
			1.4963503649635	-0.284671532846715
			1.5036496350365	-0.291970802919708
			1.51094890510949	-0.291970802919708
			1.51824817518248	-0.291970802919708
			1.52554744525547	-0.291970802919708
			1.53284671532847	-0.291970802919708
			1.54014598540146	-0.299270072992701
			1.54744525547445	-0.299270072992701
			1.55474452554745	-0.299270072992701
			1.56204379562044	-0.306569343065693
			1.56934306569343	-0.306569343065693
			1.57664233576642	-0.306569343065693
			1.58394160583942	-0.313868613138686
			1.59124087591241	-0.313868613138686
			1.5985401459854	-0.321167883211679
			1.60583941605839	-0.321167883211679
			1.61313868613139	-0.328467153284672
			1.62043795620438	-0.328467153284672
			1.62773722627737	-0.328467153284672
			1.62773722627737	-0.335766423357664
			1.63503649635036	-0.335766423357664
			1.63503649635036	-0.343065693430657
			1.64233576642336	-0.343065693430657
			1.64233576642336	-0.35036496350365
			1.64963503649635	-0.35036496350365
			1.65693430656934	-0.357664233576642
			1.66423357664234	-0.364963503649635
			1.67153284671533	-0.372262773722628
			1.67883211678832	-0.37956204379562
			1.68613138686131	-0.386861313868613
			1.68613138686131	-0.394160583941606
			1.69343065693431	-0.401459854014599
			1.69343065693431	-0.408759124087591
			1.7007299270073	-0.416058394160584
			1.70802919708029	-0.416058394160584
			1.70802919708029	-0.423357664233577
			1.71532846715328	-0.430656934306569
			1.71532846715328	-0.437956204379562
			1.72262773722628	-0.445255474452555
			1.72262773722628	-0.452554744525547
			1.72992700729927	-0.45985401459854
			1.72992700729927	-0.467153284671533
			1.73722627737226	-0.474452554744526
			1.73722627737226	-0.481751824817518
			1.74452554744526	-0.489051094890511
			1.74452554744526	-0.496350364963504
			1.74452554744526	-0.503649635036496
			1.75182481751825	-0.510948905109489
			1.75182481751825	-0.518248175182482
			1.75182481751825	-0.525547445255474
			1.75182481751825	-0.532846715328467
			1.75182481751825	-0.54014598540146
			1.75182481751825	-0.547445255474453
			1.75182481751825	-0.554744525547445
			1.75182481751825	-0.562043795620438
			1.75182481751825	-0.569343065693431
			1.75182481751825	-0.576642335766423
			1.74452554744526	-0.583941605839416
			1.74452554744526	-0.591240875912409
			1.75182481751825	-0.598540145985401
			1.75912408759124	-0.605839416058394
			1.76642335766423	-0.613138686131387
			1.77372262773723	-0.62043795620438
			1.78102189781022	-0.627737226277372
			1.78102189781022	-0.635036496350365
			1.78102189781022	-0.642335766423358
			1.78832116788321	-0.64963503649635
			1.78832116788321	-0.656934306569343
			1.78832116788321	-0.664233576642336
			1.7956204379562	-0.671532846715328
			1.7956204379562	-0.678832116788321
			1.7956204379562	-0.686131386861314
			1.7956204379562	-0.693430656934306
			1.7956204379562	-0.700729927007299
			1.7956204379562	-0.708029197080292
			1.7956204379562	-0.715328467153285
			1.7956204379562	-0.722627737226277
			1.7956204379562	-0.72992700729927
			1.7956204379562	-0.737226277372263
			1.8029197080292	-0.744525547445255
			1.8029197080292	-0.751824817518248
			1.8029197080292	-0.759124087591241
			1.8029197080292	-0.766423357664234
			1.81021897810219	-0.773722627737226
			1.81021897810219	-0.781021897810219
			1.81021897810219	-0.788321167883212
			1.81751824817518	-0.795620437956204
			1.81751824817518	-0.802919708029197
			1.82481751824818	-0.81021897810219
			1.83211678832117	-0.81021897810219
			1.83941605839416	-0.81021897810219
			1.84671532846715	-0.817518248175182
			1.85401459854015	-0.824817518248175
			1.86131386861314	-0.832116788321168
			1.86861313868613	-0.832116788321168
			1.87591240875912	-0.839416058394161
			1.88321167883212	-0.846715328467153
			1.89051094890511	-0.854014598540146
			1.89051094890511	-0.861313868613139
			1.8978102189781	-0.861313868613139
			1.90510948905109	-0.868613138686131
			1.90510948905109	-0.875912408759124
			1.91240875912409	-0.883211678832117
			1.91970802919708	-0.89051094890511
			1.91970802919708	-0.897810218978102
			1.92700729927007	-0.905109489051095
			1.93430656934307	-0.912408759124088
			1.93430656934307	-0.91970802919708
			1.93430656934307	-0.927007299270073
			1.94160583941606	-0.927007299270073
			1.94160583941606	-0.934306569343066
			1.94160583941606	-0.941605839416058
			1.94160583941606	-0.948905109489051
			1.94890510948905	-0.948905109489051
			1.94890510948905	-0.956204379562044
			1.94890510948905	-0.963503649635036
			1.94890510948905	-0.970802919708029
			1.95620437956204	-0.978102189781022
			1.95620437956204	-0.985401459854015
			1.95620437956204	-0.992700729927007
			1.95620437956204	-1
			1.95620437956204	-1.00729927007299
			1.94890510948905	-1.01459854014599
			1.94890510948905	-1.02189781021898
			1.94890510948905	-1.02919708029197
			1.94890510948905	-1.03649635036496
			1.94890510948905	-1.04379562043796
			1.94160583941606	-1.05109489051095
			1.94160583941606	-1.05839416058394
			1.93430656934307	-1.06569343065693
			1.93430656934307	-1.07299270072993
			1.93430656934307	-1.08029197080292
			1.92700729927007	-1.08759124087591
			1.92700729927007	-1.09489051094891
			1.92700729927007	-1.1021897810219
			1.91970802919708	-1.10948905109489
			1.91970802919708	-1.11678832116788
			1.91970802919708	-1.12408759124088
			1.91240875912409	-1.12408759124088
			1.91240875912409	-1.13138686131387
			1.90510948905109	-1.13868613138686
			1.90510948905109	-1.14598540145985
			1.8978102189781	-1.15328467153285
			1.8978102189781	-1.16058394160584
			1.8978102189781	-1.16788321167883
			1.8978102189781	-1.17518248175182
			1.8978102189781	-1.18248175182482
			1.89051094890511	-1.18978102189781
			1.89051094890511	-1.1970802919708
			1.89051094890511	-1.2043795620438
			1.89051094890511	-1.21167883211679
			1.88321167883212	-1.21897810218978
			1.88321167883212	-1.22627737226277
			1.88321167883212	-1.23357664233577
			1.88321167883212	-1.24087591240876
			1.87591240875912	-1.24817518248175
			1.87591240875912	-1.25547445255474
			1.87591240875912	-1.26277372262774
			1.86861313868613	-1.27007299270073
			1.86861313868613	-1.27737226277372
			1.86131386861314	-1.28467153284672
			1.86131386861314	-1.29197080291971
			1.86131386861314	-1.2992700729927
			1.85401459854015	-1.30656934306569
			1.85401459854015	-1.31386861313869
			1.84671532846715	-1.32116788321168
			1.84671532846715	-1.32846715328467
			1.83941605839416	-1.33576642335766
		</glabella>
		<suture type=matrix rownames=FALSE colnames=FALSE nrow=243 ncol=2 as.numeric=TRUE >
			1.38686131386861	-0.182481751824818
			1.39416058394161	-0.182481751824818
			1.4014598540146	-0.182481751824818
			1.40875912408759	-0.182481751824818
			1.41605839416058	-0.182481751824818
			1.42335766423358	-0.182481751824818
			1.43065693430657	-0.175182481751825
			1.43795620437956	-0.175182481751825
			1.44525547445255	-0.175182481751825
			1.45255474452555	-0.175182481751825
			1.45985401459854	-0.175182481751825
			1.46715328467153	-0.175182481751825
			1.47445255474453	-0.175182481751825
			1.48175182481752	-0.175182481751825
			1.48905109489051	-0.175182481751825
			1.4963503649635	-0.175182481751825
			1.5036496350365	-0.175182481751825
			1.51094890510949	-0.175182481751825
			1.51824817518248	-0.175182481751825
			1.52554744525547	-0.175182481751825
			1.53284671532847	-0.175182481751825
			1.54014598540146	-0.175182481751825
			1.54744525547445	-0.175182481751825
			1.55474452554745	-0.175182481751825
			1.56204379562044	-0.175182481751825
			1.56934306569343	-0.175182481751825
			1.57664233576642	-0.175182481751825
			1.58394160583942	-0.175182481751825
			1.59124087591241	-0.175182481751825
			1.5985401459854	-0.175182481751825
			1.60583941605839	-0.175182481751825
			1.60583941605839	-0.182481751824818
			1.61313868613139	-0.182481751824818
			1.62043795620438	-0.182481751824818
			1.62773722627737	-0.182481751824818
			1.63503649635036	-0.182481751824818
			1.64233576642336	-0.182481751824818
			1.64963503649635	-0.182481751824818
			1.65693430656934	-0.182481751824818
			1.66423357664234	-0.182481751824818
			1.67153284671533	-0.182481751824818
			1.67153284671533	-0.18978102189781
			1.67883211678832	-0.18978102189781
			1.68613138686131	-0.18978102189781
			1.69343065693431	-0.18978102189781
			1.7007299270073	-0.18978102189781
			1.70802919708029	-0.18978102189781
			1.71532846715328	-0.18978102189781
			1.72262773722628	-0.197080291970803
			1.72992700729927	-0.197080291970803
			1.73722627737226	-0.197080291970803
			1.74452554744526	-0.197080291970803
			1.75182481751825	-0.204379562043796
			1.75912408759124	-0.204379562043796
			1.76642335766423	-0.204379562043796
			1.77372262773723	-0.211678832116788
			1.78102189781022	-0.211678832116788
			1.78832116788321	-0.218978102189781
			1.7956204379562	-0.226277372262774
			1.8029197080292	-0.226277372262774
			1.8029197080292	-0.233576642335766
			1.81021897810219	-0.233576642335766
			1.81751824817518	-0.240875912408759
			1.82481751824818	-0.240875912408759
			1.82481751824818	-0.248175182481752
			1.83211678832117	-0.248175182481752
			1.83941605839416	-0.255474452554744
			1.84671532846715	-0.255474452554744
			1.84671532846715	-0.262773722627737
			1.85401459854015	-0.262773722627737
			1.86131386861314	-0.27007299270073
			1.86861313868613	-0.277372262773723
			1.87591240875912	-0.277372262773723
			1.88321167883212	-0.284671532846715
			1.89051094890511	-0.291970802919708
			1.8978102189781	-0.299270072992701
			1.90510948905109	-0.306569343065693
			1.91240875912409	-0.306569343065693
			1.91970802919708	-0.313868613138686
			1.92700729927007	-0.321167883211679
			1.93430656934307	-0.321167883211679
			1.94160583941606	-0.328467153284672
			1.94890510948905	-0.335766423357664
			1.95620437956204	-0.343065693430657
			1.96350364963504	-0.35036496350365
			1.97080291970803	-0.357664233576642
			1.97080291970803	-0.364963503649635
			1.97810218978102	-0.372262773722628
			1.97810218978102	-0.37956204379562
			1.98540145985401	-0.386861313868613
			1.98540145985401	-0.394160583941606
			1.99270072992701	-0.401459854014599
			2	-0.408759124087591
			2	-0.416058394160584
			2.00729927007299	-0.423357664233577
			2.00729927007299	-0.430656934306569
			2.01459854014599	-0.430656934306569
			2.01459854014599	-0.437956204379562
			2.01459854014599	-0.445255474452555
			2.02189781021898	-0.445255474452555
			2.02189781021898	-0.452554744525547
			2.02189781021898	-0.45985401459854
			2.02919708029197	-0.467153284671533
			2.02919708029197	-0.474452554744526
			2.03649635036496	-0.481751824817518
			2.03649635036496	-0.489051094890511
			2.04379562043796	-0.489051094890511
			2.05109489051095	-0.496350364963504
			2.05109489051095	-0.503649635036496
			2.05839416058394	-0.503649635036496
			2.06569343065693	-0.510948905109489
			2.07299270072993	-0.510948905109489
			2.08029197080292	-0.518248175182482
			2.08759124087591	-0.518248175182482
			2.08759124087591	-0.525547445255474
			2.0948905109489	-0.532846715328467
			2.1021897810219	-0.54014598540146
			2.1021897810219	-0.547445255474453
			2.10948905109489	-0.554744525547445
			2.10948905109489	-0.562043795620438
			2.10948905109489	-0.569343065693431
			2.11678832116788	-0.576642335766423
			2.11678832116788	-0.583941605839416
			2.12408759124088	-0.591240875912409
			2.12408759124088	-0.598540145985401
			2.12408759124088	-0.605839416058394
			2.13138686131387	-0.613138686131387
			2.13138686131387	-0.62043795620438
			2.12408759124088	-0.627737226277372
			2.11678832116788	-0.627737226277372
			2.10948905109489	-0.635036496350365
			2.1021897810219	-0.635036496350365
			2.1021897810219	-0.642335766423358
			2.0948905109489	-0.64963503649635
			2.0948905109489	-0.656934306569343
			2.0948905109489	-0.664233576642336
			2.0948905109489	-0.671532846715328
			2.1021897810219	-0.678832116788321
			2.10948905109489	-0.678832116788321
			2.11678832116788	-0.678832116788321
			2.12408759124088	-0.686131386861314
			2.13138686131387	-0.686131386861314
			2.13868613138686	-0.686131386861314
			2.14598540145985	-0.686131386861314
			2.15328467153285	-0.686131386861314
			2.16058394160584	-0.686131386861314
			2.16788321167883	-0.693430656934306
			2.17518248175182	-0.693430656934306
			2.18248175182482	-0.693430656934306
			2.18978102189781	-0.693430656934306
			2.1970802919708	-0.693430656934306
			2.2043795620438	-0.693430656934306
			2.21167883211679	-0.693430656934306
			2.21897810218978	-0.693430656934306
			2.22627737226277	-0.693430656934306
			2.23357664233577	-0.693430656934306
			2.24087591240876	-0.693430656934306
			2.24817518248175	-0.693430656934306
			2.25547445255474	-0.693430656934306
			2.26277372262774	-0.693430656934306
			2.27007299270073	-0.693430656934306
			2.27737226277372	-0.693430656934306
			2.28467153284672	-0.693430656934306
			2.29197080291971	-0.693430656934306
			2.2992700729927	-0.693430656934306
			2.30656934306569	-0.693430656934306
			2.31386861313869	-0.693430656934306
			2.32116788321168	-0.693430656934306
			2.32846715328467	-0.693430656934306
			2.33576642335766	-0.693430656934306
			2.34306569343066	-0.693430656934306
			2.35036496350365	-0.693430656934306
			2.35766423357664	-0.693430656934306
			2.36496350364963	-0.693430656934306
			2.37226277372263	-0.693430656934306
			2.37956204379562	-0.693430656934306
			2.38686131386861	-0.700729927007299
			2.39416058394161	-0.700729927007299
			2.4014598540146	-0.700729927007299
			2.40875912408759	-0.700729927007299
			2.41605839416058	-0.700729927007299
			2.42335766423358	-0.708029197080292
			2.43065693430657	-0.708029197080292
			2.43795620437956	-0.715328467153285
			2.44525547445255	-0.722627737226277
			2.45255474452555	-0.72992700729927
			2.45255474452555	-0.737226277372263
			2.45985401459854	-0.744525547445255
			2.46715328467153	-0.751824817518248
			2.46715328467153	-0.759124087591241
			2.47445255474453	-0.766423357664234
			2.48175182481752	-0.773722627737226
			2.48905109489051	-0.773722627737226
			2.48905109489051	-0.781021897810219
			2.4963503649635	-0.788321167883212
			2.5036496350365	-0.795620437956204
			2.5036496350365	-0.802919708029197
			2.51094890510949	-0.81021897810219
			2.51824817518248	-0.817518248175182
			2.52554744525547	-0.824817518248175
			2.52554744525547	-0.832116788321168
			2.53284671532847	-0.839416058394161
			2.54014598540146	-0.846715328467153
			2.54744525547445	-0.854014598540146
			2.54744525547445	-0.861313868613139
			2.55474452554745	-0.868613138686131
			2.56204379562044	-0.875912408759124
			2.56204379562044	-0.883211678832117
			2.56934306569343	-0.89051094890511
			2.56934306569343	-0.897810218978102
			2.57664233576642	-0.905109489051095
			2.58394160583942	-0.912408759124088
			2.58394160583942	-0.91970802919708
			2.59124087591241	-0.927007299270073
			2.59124087591241	-0.934306569343066
			2.59124087591241	-0.941605839416058
			2.5985401459854	-0.948905109489051
			2.5985401459854	-0.956204379562044
			2.5985401459854	-0.963503649635036
			2.5985401459854	-0.970802919708029
			2.60583941605839	-0.978102189781022
			2.60583941605839	-0.985401459854015
			2.60583941605839	-0.992700729927007
			2.61313868613139	-1
			2.61313868613139	-1.00729927007299
			2.61313868613139	-1.01459854014599
			2.61313868613139	-1.02189781021898
			2.62043795620438	-1.02919708029197
			2.62043795620438	-1.03649635036496
			2.62043795620438	-1.04379562043796
			2.62773722627737	-1.05109489051095
			2.62773722627737	-1.05839416058394
			2.62773722627737	-1.06569343065693
			2.62773722627737	-1.07299270072993
			2.63503649635036	-1.08029197080292
			2.63503649635036	-1.08759124087591
			2.63503649635036	-1.09489051094891
			2.64233576642336	-1.1021897810219
			2.64233576642336	-1.10948905109489
			2.64233576642336	-1.11678832116788
			2.64233576642336	-1.12408759124088
			2.64963503649635	-1.13138686131387
			2.64963503649635	-1.13868613138686
		</suture>
		<anterior type=matrix rownames=FALSE colnames=FALSE nrow=227 ncol=2 as.numeric=TRUE >
			1.38686131386861	-0.182481751824818
			1.39416058394161	-0.182481751824818
			1.4014598540146	-0.182481751824818
			1.40875912408759	-0.182481751824818
			1.41605839416058	-0.182481751824818
			1.42335766423358	-0.182481751824818
			1.43065693430657	-0.175182481751825
			1.43795620437956	-0.175182481751825
			1.44525547445255	-0.175182481751825
			1.45255474452555	-0.175182481751825
			1.45985401459854	-0.175182481751825
			1.46715328467153	-0.175182481751825
			1.47445255474453	-0.175182481751825
			1.48175182481752	-0.175182481751825
			1.48905109489051	-0.175182481751825
			1.4963503649635	-0.175182481751825
			1.5036496350365	-0.175182481751825
			1.51094890510949	-0.175182481751825
			1.51824817518248	-0.175182481751825
			1.52554744525547	-0.175182481751825
			1.53284671532847	-0.175182481751825
			1.54014598540146	-0.175182481751825
			1.54744525547445	-0.175182481751825
			1.55474452554745	-0.175182481751825
			1.56204379562044	-0.175182481751825
			1.56934306569343	-0.175182481751825
			1.57664233576642	-0.175182481751825
			1.58394160583942	-0.175182481751825
			1.59124087591241	-0.175182481751825
			1.5985401459854	-0.175182481751825
			1.60583941605839	-0.175182481751825
			1.61313868613139	-0.182481751824818
			1.62043795620438	-0.182481751824818
			1.62773722627737	-0.182481751824818
			1.63503649635036	-0.182481751824818
			1.64233576642336	-0.182481751824818
			1.64963503649635	-0.182481751824818
			1.65693430656934	-0.182481751824818
			1.66423357664234	-0.182481751824818
			1.67153284671533	-0.18978102189781
			1.67883211678832	-0.18978102189781
			1.68613138686131	-0.18978102189781
			1.69343065693431	-0.18978102189781
			1.7007299270073	-0.18978102189781
			1.70802919708029	-0.18978102189781
			1.71532846715328	-0.197080291970803
			1.72262773722628	-0.197080291970803
			1.72992700729927	-0.197080291970803
			1.73722627737226	-0.197080291970803
			1.74452554744526	-0.197080291970803
			1.75182481751825	-0.197080291970803
			1.75912408759124	-0.204379562043796
			1.76642335766423	-0.204379562043796
			1.77372262773723	-0.204379562043796
			1.78102189781022	-0.211678832116788
			1.78832116788321	-0.211678832116788
			1.7956204379562	-0.218978102189781
			1.8029197080292	-0.218978102189781
			1.8029197080292	-0.226277372262774
			1.81021897810219	-0.226277372262774
			1.81751824817518	-0.233576642335766
			1.82481751824818	-0.233576642335766
			1.83211678832117	-0.233576642335766
			1.83941605839416	-0.240875912408759
			1.84671532846715	-0.248175182481752
			1.85401459854015	-0.248175182481752
			1.86131386861314	-0.255474452554744
			1.86861313868613	-0.255474452554744
			1.87591240875912	-0.262773722627737
			1.88321167883212	-0.262773722627737
			1.89051094890511	-0.27007299270073
			1.8978102189781	-0.27007299270073
			1.90510948905109	-0.277372262773723
			1.91240875912409	-0.277372262773723
			1.91970802919708	-0.284671532846715
			1.92700729927007	-0.284671532846715
			1.93430656934307	-0.291970802919708
			1.94160583941606	-0.299270072992701
			1.94890510948905	-0.299270072992701
			1.95620437956204	-0.306569343065693
			1.96350364963504	-0.306569343065693
			1.97080291970803	-0.313868613138686
			1.97810218978102	-0.313868613138686
			1.98540145985401	-0.321167883211679
			1.99270072992701	-0.321167883211679
			2	-0.328467153284672
			2.00729927007299	-0.328467153284672
			2.01459854014599	-0.335766423357664
			2.02189781021898	-0.335766423357664
			2.02919708029197	-0.343065693430657
			2.03649635036496	-0.343065693430657
			2.04379562043796	-0.35036496350365
			2.05109489051095	-0.357664233576642
			2.05839416058394	-0.364963503649635
			2.06569343065693	-0.364963503649635
			2.07299270072993	-0.372262773722628
			2.08029197080292	-0.372262773722628
			2.08759124087591	-0.37956204379562
			2.0948905109489	-0.37956204379562
			2.1021897810219	-0.386861313868613
			2.10948905109489	-0.394160583941606
			2.11678832116788	-0.394160583941606
			2.12408759124088	-0.401459854014599
			2.13138686131387	-0.401459854014599
			2.13868613138686	-0.408759124087591
			2.14598540145985	-0.416058394160584
			2.15328467153285	-0.416058394160584
			2.16058394160584	-0.423357664233577
			2.16788321167883	-0.423357664233577
			2.17518248175182	-0.430656934306569
			2.18248175182482	-0.430656934306569
			2.18978102189781	-0.437956204379562
			2.1970802919708	-0.445255474452555
			2.2043795620438	-0.445255474452555
			2.21167883211679	-0.452554744525547
			2.21897810218978	-0.45985401459854
			2.22627737226277	-0.467153284671533
			2.23357664233577	-0.467153284671533
			2.24087591240876	-0.474452554744526
			2.24817518248175	-0.481751824817518
			2.25547445255474	-0.489051094890511
			2.26277372262774	-0.489051094890511
			2.27007299270073	-0.496350364963504
			2.27737226277372	-0.503649635036496
			2.28467153284672	-0.510948905109489
			2.29197080291971	-0.518248175182482
			2.2992700729927	-0.525547445255474
			2.30656934306569	-0.532846715328467
			2.31386861313869	-0.532846715328467
			2.32116788321168	-0.54014598540146
			2.32846715328467	-0.547445255474453
			2.33576642335766	-0.554744525547445
			2.34306569343066	-0.562043795620438
			2.35036496350365	-0.569343065693431
			2.35766423357664	-0.576642335766423
			2.36496350364963	-0.576642335766423
			2.36496350364963	-0.583941605839416
			2.37226277372263	-0.591240875912409
			2.37956204379562	-0.598540145985401
			2.38686131386861	-0.598540145985401
			2.39416058394161	-0.605839416058394
			2.4014598540146	-0.613138686131387
			2.4014598540146	-0.62043795620438
			2.40875912408759	-0.627737226277372
			2.41605839416058	-0.627737226277372
			2.42335766423358	-0.635036496350365
			2.43065693430657	-0.642335766423358
			2.43065693430657	-0.64963503649635
			2.43795620437956	-0.64963503649635
			2.44525547445255	-0.656934306569343
			2.45255474452555	-0.664233576642336
			2.45255474452555	-0.671532846715328
			2.45985401459854	-0.671532846715328
			2.46715328467153	-0.678832116788321
			2.46715328467153	-0.686131386861314
			2.47445255474453	-0.693430656934306
			2.48175182481752	-0.693430656934306
			2.48175182481752	-0.700729927007299
			2.48905109489051	-0.708029197080292
			2.4963503649635	-0.715328467153285
			2.5036496350365	-0.722627737226277
			2.51094890510949	-0.72992700729927
			2.51824817518248	-0.737226277372263
			2.52554744525547	-0.744525547445255
			2.52554744525547	-0.751824817518248
			2.53284671532847	-0.759124087591241
			2.54014598540146	-0.766423357664234
			2.54744525547445	-0.766423357664234
			2.54744525547445	-0.773722627737226
			2.55474452554745	-0.781021897810219
			2.55474452554745	-0.788321167883212
			2.56204379562044	-0.795620437956204
			2.56934306569343	-0.802919708029197
			2.57664233576642	-0.81021897810219
			2.58394160583942	-0.817518248175182
			2.58394160583942	-0.824817518248175
			2.59124087591241	-0.832116788321168
			2.5985401459854	-0.839416058394161
			2.5985401459854	-0.846715328467153
			2.60583941605839	-0.854014598540146
			2.60583941605839	-0.861313868613139
			2.61313868613139	-0.868613138686131
			2.61313868613139	-0.875912408759124
			2.62043795620438	-0.875912408759124
			2.62043795620438	-0.883211678832117
			2.62773722627737	-0.89051094890511
			2.62773722627737	-0.897810218978102
			2.63503649635036	-0.905109489051095
			2.63503649635036	-0.912408759124088
			2.64233576642336	-0.91970802919708
			2.64233576642336	-0.927007299270073
			2.64963503649635	-0.934306569343066
			2.64963503649635	-0.941605839416058
			2.65693430656934	-0.948905109489051
			2.65693430656934	-0.956204379562044
			2.65693430656934	-0.963503649635036
			2.66423357664234	-0.970802919708029
			2.66423357664234	-0.978102189781022
			2.66423357664234	-0.985401459854015
			2.67153284671533	-0.992700729927007
			2.67153284671533	-1
			2.67153284671533	-1.00729927007299
			2.67153284671533	-1.01459854014599
			2.67153284671533	-1.02189781021898
			2.67153284671533	-1.02919708029197
			2.67153284671533	-1.03649635036496
			2.67883211678832	-1.04379562043796
			2.67883211678832	-1.05109489051095
			2.67883211678832	-1.05839416058394
			2.67883211678832	-1.06569343065693
			2.67153284671533	-1.07299270072993
			2.67153284671533	-1.08029197080292
			2.67153284671533	-1.08759124087591
			2.67153284671533	-1.09489051094891
			2.67153284671533	-1.1021897810219
			2.66423357664234	-1.10948905109489
			2.66423357664234	-1.11678832116788
			2.66423357664234	-1.12408759124088
			2.65693430656934	-1.13138686131387
			2.65693430656934	-1.13868613138686
			2.64963503649635	-1.14598540145985
			2.64963503649635	-1.15328467153285
			2.64233576642336	-1.16058394160584
			2.63503649635036	-1.16788321167883
			2.62773722627737	-1.17518248175182
			2.62773722627737	-1.18248175182482
			2.62043795620438	-1.18978102189781
		</anterior>
		<posterior type=matrix rownames=FALSE colnames=FALSE nrow=169 ncol=2 as.numeric=TRUE >
			1.40875912408759	-1.2992700729927
			1.41605839416058	-1.2992700729927
			1.42335766423358	-1.2992700729927
			1.43065693430657	-1.2992700729927
			1.43795620437956	-1.2992700729927
			1.44525547445255	-1.2992700729927
			1.45255474452555	-1.2992700729927
			1.45985401459854	-1.2992700729927
			1.46715328467153	-1.2992700729927
			1.47445255474453	-1.2992700729927
			1.48175182481752	-1.2992700729927
			1.48905109489051	-1.2992700729927
			1.4963503649635	-1.2992700729927
			1.5036496350365	-1.2992700729927
			1.51094890510949	-1.2992700729927
			1.51824817518248	-1.2992700729927
			1.52554744525547	-1.2992700729927
			1.53284671532847	-1.2992700729927
			1.54014598540146	-1.2992700729927
			1.54744525547445	-1.2992700729927
			1.55474452554745	-1.30656934306569
			1.56204379562044	-1.30656934306569
			1.56934306569343	-1.30656934306569
			1.57664233576642	-1.30656934306569
			1.58394160583942	-1.30656934306569
			1.59124087591241	-1.30656934306569
			1.5985401459854	-1.30656934306569
			1.60583941605839	-1.30656934306569
			1.61313868613139	-1.31386861313869
			1.62043795620438	-1.31386861313869
			1.62773722627737	-1.31386861313869
			1.63503649635036	-1.31386861313869
			1.64233576642336	-1.31386861313869
			1.64233576642336	-1.32116788321168
			1.64963503649635	-1.32116788321168
			1.65693430656934	-1.32116788321168
			1.66423357664234	-1.32116788321168
			1.67153284671533	-1.32116788321168
			1.67883211678832	-1.32846715328467
			1.68613138686131	-1.32846715328467
			1.69343065693431	-1.32846715328467
			1.7007299270073	-1.32846715328467
			1.70802919708029	-1.32846715328467
			1.71532846715328	-1.33576642335766
			1.72262773722628	-1.33576642335766
			1.72992700729927	-1.33576642335766
			1.73722627737226	-1.33576642335766
			1.74452554744526	-1.33576642335766
			1.75182481751825	-1.33576642335766
			1.75912408759124	-1.34306569343066
			1.76642335766423	-1.34306569343066
			1.77372262773723	-1.34306569343066
			1.78102189781022	-1.34306569343066
			1.78832116788321	-1.34306569343066
			1.7956204379562	-1.34306569343066
			1.8029197080292	-1.34306569343066
			1.81021897810219	-1.35036496350365
			1.81751824817518	-1.35036496350365
			1.82481751824818	-1.35036496350365
			1.83211678832117	-1.35036496350365
			1.83941605839416	-1.35036496350365
			1.84671532846715	-1.35036496350365
			1.85401459854015	-1.35036496350365
			1.86131386861314	-1.35036496350365
			1.86861313868613	-1.35036496350365
			1.87591240875912	-1.35036496350365
			1.88321167883212	-1.35036496350365
			1.89051094890511	-1.35036496350365
			1.8978102189781	-1.35036496350365
			1.90510948905109	-1.35036496350365
			1.91240875912409	-1.35036496350365
			1.91970802919708	-1.35036496350365
			1.92700729927007	-1.35036496350365
			1.93430656934307	-1.35036496350365
			1.94160583941606	-1.35036496350365
			1.94890510948905	-1.34306569343066
			1.95620437956204	-1.34306569343066
			1.96350364963504	-1.34306569343066
			1.97080291970803	-1.34306569343066
			1.97810218978102	-1.34306569343066
			1.98540145985401	-1.34306569343066
			1.99270072992701	-1.34306569343066
			2	-1.34306569343066
			2.00729927007299	-1.34306569343066
			2.01459854014599	-1.34306569343066
			2.02189781021898	-1.34306569343066
			2.02919708029197	-1.34306569343066
			2.03649635036496	-1.34306569343066
			2.04379562043796	-1.34306569343066
			2.05109489051095	-1.34306569343066
			2.05839416058394	-1.34306569343066
			2.06569343065693	-1.34306569343066
			2.07299270072993	-1.34306569343066
			2.08029197080292	-1.34306569343066
			2.08759124087591	-1.34306569343066
			2.0948905109489	-1.34306569343066
			2.1021897810219	-1.34306569343066
			2.10948905109489	-1.34306569343066
			2.11678832116788	-1.34306569343066
			2.12408759124088	-1.34306569343066
			2.13138686131387	-1.34306569343066
			2.13868613138686	-1.34306569343066
			2.14598540145985	-1.34306569343066
			2.15328467153285	-1.34306569343066
			2.16058394160584	-1.34306569343066
			2.16788321167883	-1.34306569343066
			2.17518248175182	-1.34306569343066
			2.18248175182482	-1.34306569343066
			2.18978102189781	-1.34306569343066
			2.1970802919708	-1.34306569343066
			2.2043795620438	-1.34306569343066
			2.21167883211679	-1.34306569343066
			2.21897810218978	-1.34306569343066
			2.22627737226277	-1.34306569343066
			2.23357664233577	-1.34306569343066
			2.24087591240876	-1.34306569343066
			2.24817518248175	-1.34306569343066
			2.25547445255474	-1.34306569343066
			2.26277372262774	-1.34306569343066
			2.27007299270073	-1.34306569343066
			2.27737226277372	-1.34306569343066
			2.28467153284672	-1.34306569343066
			2.29197080291971	-1.34306569343066
			2.2992700729927	-1.34306569343066
			2.30656934306569	-1.34306569343066
			2.30656934306569	-1.33576642335766
			2.31386861313869	-1.33576642335766
			2.32116788321168	-1.33576642335766
			2.32846715328467	-1.33576642335766
			2.33576642335766	-1.33576642335766
			2.34306569343066	-1.33576642335766
			2.35036496350365	-1.33576642335766
			2.35766423357664	-1.32846715328467
			2.36496350364963	-1.32846715328467
			2.37226277372263	-1.32846715328467
			2.37956204379562	-1.32116788321168
			2.38686131386861	-1.32116788321168
			2.39416058394161	-1.32116788321168
			2.4014598540146	-1.32116788321168
			2.40875912408759	-1.31386861313869
			2.41605839416058	-1.31386861313869
			2.42335766423358	-1.31386861313869
			2.43065693430657	-1.30656934306569
			2.43795620437956	-1.30656934306569
			2.44525547445255	-1.2992700729927
			2.45255474452555	-1.2992700729927
			2.45985401459854	-1.29197080291971
			2.46715328467153	-1.29197080291971
			2.47445255474453	-1.29197080291971
			2.48175182481752	-1.28467153284672
			2.48905109489051	-1.28467153284672
			2.4963503649635	-1.27737226277372
			2.5036496350365	-1.27737226277372
			2.51094890510949	-1.27007299270073
			2.51824817518248	-1.27007299270073
			2.52554744525547	-1.26277372262774
			2.53284671532847	-1.26277372262774
			2.54014598540146	-1.25547445255474
			2.54744525547445	-1.24817518248175
			2.55474452554745	-1.24087591240876
			2.56204379562044	-1.24087591240876
			2.56934306569343	-1.23357664233577
			2.57664233576642	-1.22627737226277
			2.58394160583942	-1.21897810218978
			2.59124087591241	-1.21897810218978
			2.5985401459854	-1.21167883211679
			2.60583941605839	-1.2043795620438
			2.61313868613139	-1.1970802919708
			2.62043795620438	-1.18978102189781
		</posterior>
	</curves.scaled>
	<ruler.points type=matrix rownames=TRUE colnames=FALSE nrow=2 ncol=2 as.numeric=TRUE >
		Ruler point 1	50	460
		Ruler point 2	187	460
	</ruler.points>
</shapes>

