<shapes type=list>
	<ruler.pixel type=vector names=FALSE length=1 as.numeric=TRUE >24</ruler.pixel>
	<ruler.interval type=vector names=FALSE length=1 as.numeric=TRUE >1</ruler.interval>
	<scaling.units type=vector names=FALSE length=1 as.numeric=FALSE >mm</scaling.units>
	<scaling type=vector names=FALSE length=1 as.numeric=TRUE >0.0416666666666667</scaling>
	<landmarks.pixel type=matrix rownames=TRUE colnames=FALSE nrow=16 ncol=2 as.numeric=TRUE >
		LM1	111	23
		LM2	111	23
		LM3	112	142
		LM4	111	152
		LM5	170	63
		LM6	141	143
		LM7	143	155
		LM8	181	99
		LM9	189	122
		LM10	111	23
		LM11	207	123
		LM12	215	130
		LM13	111	23
		LM14	199	112
		LM15	222	152
		LM16	221	163
	</landmarks.pixel>
	<landmarks.scaled type=matrix rownames=TRUE colnames=FALSE nrow=16 ncol=2 as.numeric=TRUE >
		LM1	4.625	-0.958333333333333
		LM2	4.625	-0.958333333333333
		LM3	4.66666666666667	-5.91666666666667
		LM4	4.625	-6.33333333333333
		LM5	7.08333333333333	-2.625
		LM6	5.875	-5.95833333333333
		LM7	5.95833333333333	-6.45833333333333
		LM8	7.54166666666667	-4.125
		LM9	7.875	-5.08333333333333
		LM10	4.625	-0.958333333333333
		LM11	8.625	-5.125
		LM12	8.95833333333333	-5.41666666666667
		LM13	4.625	-0.958333333333333
		LM14	8.29166666666667	-4.66666666666667
		LM15	9.25	-6.33333333333333
		LM16	9.20833333333333	-6.79166666666667
	</landmarks.scaled>
	<curves.control type=list>
		<glabella type=matrix rownames=FALSE colnames=FALSE nrow=13 ncol=2 as.numeric=TRUE >
			111	23
			134	23
			153	35
			164	44
			169	52
			172	61
			169	67
			165	77
			151	90
			146	99
			139	109
			137	125
			143	155
		</glabella>
		<suture type=matrix rownames=FALSE colnames=FALSE nrow=15 ncol=2 as.numeric=TRUE >
			111	23
			134	23
			153	35
			164	44
			169	52
			172	61
			169	67
			169	82
			169	95
			174	106
			186	120
			187	123
			202	122
			211	124
			215	130
		</suture>
		<anterior type=matrix rownames=FALSE colnames=FALSE nrow=11 ncol=2 as.numeric=TRUE >
			111	23
			134	23
			153	35
			164	44
			169	52
			172	61
			181	66
			191	83
			200	96
			213	115
			222	152
		</anterior>
		<posterior type=matrix rownames=FALSE colnames=FALSE nrow=11 ncol=2 as.numeric=TRUE >
			111	152
			122	155
			134	156
			146	157
			169	155
			178	154
			187	155
			211	162
			215	162
			225	167
			222	152
		</posterior>
	</curves.control>
	<curves.pixel type=list>
		<glabella type=matrix rownames=FALSE colnames=FALSE nrow=173 ncol=2 as.numeric=TRUE >
			111	23
			112	23
			113	23
			114	23
			115	23
			116	23
			117	23
			118	23
			119	23
			120	23
			121	24
			122	24
			123	24
			124	24
			125	24
			126	24
			127	24
			127	25
			128	25
			129	25
			130	25
			131	25
			132	26
			133	26
			134	26
			135	26
			135	27
			136	27
			137	27
			138	28
			139	28
			140	28
			140	29
			141	29
			142	29
			143	30
			144	30
			145	30
			145	31
			146	31
			147	32
			148	32
			149	32
			149	33
			150	33
			151	34
			152	34
			153	35
			154	36
			155	36
			155	37
			156	38
			157	38
			158	39
			159	40
			159	41
			160	41
			161	42
			162	43
			163	44
			164	45
			164	46
			165	47
			166	47
			166	48
			167	49
			168	50
			168	51
			169	52
			169	53
			170	54
			170	55
			170	56
			170	57
			170	58
			170	59
			170	60
			170	61
			170	62
			170	63
			170	64
			170	65
			169	66
			169	67
			168	68
			168	69
			168	70
			167	71
			167	72
			166	73
			165	74
			165	75
			164	76
			163	77
			163	78
			162	79
			161	80
			160	81
			159	82
			158	83
			157	84
			156	85
			155	86
			154	87
			153	88
			152	89
			151	90
			151	91
			150	92
			149	93
			149	94
			148	95
			148	96
			147	97
			146	98
			146	99
			145	100
			144	101
			144	102
			143	103
			143	104
			142	105
			141	106
			141	107
			140	108
			139	109
			139	110
			139	111
			139	112
			139	113
			139	114
			139	115
			139	116
			139	117
			139	118
			139	119
			139	120
			139	121
			139	122
			139	123
			139	124
			139	125
			139	126
			139	127
			139	128
			139	129
			139	130
			139	131
			139	132
			140	133
			140	134
			140	135
			140	136
			140	137
			140	138
			140	139
			140	140
			141	141
			141	142
			141	143
			141	144
			141	145
			141	146
			141	147
			142	147
			142	148
			142	149
			142	150
			142	151
			142	152
			143	153
			143	154
			143	155
		</glabella>
		<suture type=matrix rownames=FALSE colnames=FALSE nrow=167 ncol=2 as.numeric=TRUE >
			111	23
			112	23
			113	23
			114	23
			115	23
			116	23
			117	23
			118	23
			119	23
			120	23
			121	24
			122	24
			123	24
			124	24
			125	24
			126	24
			127	25
			128	25
			129	25
			130	25
			131	26
			132	26
			133	26
			134	26
			135	27
			136	27
			137	27
			138	28
			139	28
			140	28
			140	29
			141	29
			142	29
			143	29
			143	30
			144	30
			145	30
			146	31
			147	32
			148	32
			149	33
			150	33
			151	34
			152	34
			153	35
			154	36
			155	36
			155	37
			156	38
			157	39
			158	39
			159	40
			160	41
			160	42
			161	42
			162	43
			163	44
			163	45
			164	45
			165	46
			165	47
			166	47
			166	48
			167	49
			167	50
			168	50
			168	51
			169	52
			169	53
			170	54
			170	55
			170	56
			170	57
			170	58
			170	59
			170	60
			170	61
			170	62
			170	63
			170	64
			170	65
			169	66
			169	67
			169	68
			169	69
			169	70
			169	71
			169	72
			169	73
			169	74
			169	75
			169	76
			169	77
			169	78
			169	79
			169	80
			169	81
			169	82
			169	83
			169	84
			169	85
			169	86
			169	87
			169	88
			169	89
			169	90
			169	91
			169	92
			169	93
			169	94
			169	95
			170	96
			170	97
			170	98
			171	99
			171	100
			172	101
			173	102
			173	103
			174	104
			174	105
			175	106
			176	107
			176	108
			177	109
			178	110
			179	111
			179	112
			180	113
			181	114
			182	115
			183	116
			184	117
			185	118
			186	119
			186	120
			186	121
			187	121
			188	122
			189	122
			190	122
			191	122
			192	122
			193	122
			194	122
			195	122
			196	122
			197	122
			198	122
			199	122
			200	122
			201	122
			202	122
			203	122
			204	123
			205	123
			206	123
			207	124
			208	124
			209	124
			210	125
			211	126
			212	127
			213	127
			214	128
			214	129
			215	130
		</suture>
		<anterior type=matrix rownames=FALSE colnames=FALSE nrow=170 ncol=2 as.numeric=TRUE >
			111	23
			112	23
			113	23
			114	23
			115	23
			116	23
			117	23
			118	23
			119	23
			120	23
			121	24
			122	24
			123	24
			124	24
			125	24
			126	24
			127	25
			128	25
			129	25
			130	25
			131	26
			132	26
			133	26
			134	26
			135	27
			136	27
			137	27
			138	28
			139	28
			140	28
			141	29
			142	29
			143	30
			144	30
			145	31
			146	31
			147	31
			148	32
			149	32
			150	33
			151	33
			151	34
			152	35
			153	35
			154	36
			155	36
			156	37
			157	38
			158	39
			158	40
			159	41
			160	41
			161	42
			162	43
			163	44
			163	45
			164	45
			165	46
			165	47
			166	48
			167	49
			168	50
			168	51
			169	52
			169	53
			170	54
			170	55
			171	56
			171	57
			172	58
			173	59
			174	60
			175	61
			175	62
			176	63
			177	64
			178	64
			179	65
			180	66
			181	66
			182	67
			182	68
			183	69
			183	70
			184	71
			185	72
			185	73
			186	74
			186	75
			187	76
			187	77
			188	78
			189	78
			189	79
			190	80
			190	81
			191	82
			191	83
			192	84
			192	85
			193	86
			194	86
			194	87
			195	88
			195	89
			196	90
			196	91
			197	91
			197	92
			198	93
			198	94
			199	95
			200	95
			200	96
			201	97
			202	98
			202	99
			202	100
			203	101
			204	102
			204	103
			205	104
			205	105
			206	106
			206	107
			207	108
			207	109
			208	110
			208	111
			209	112
			209	113
			210	114
			210	115
			211	116
			211	117
			211	118
			212	119
			212	120
			213	121
			213	122
			213	123
			214	124
			214	125
			214	126
			215	127
			215	128
			215	129
			216	130
			216	131
			216	132
			217	133
			217	134
			217	135
			218	136
			218	137
			218	138
			219	139
			219	140
			219	141
			219	142
			220	143
			220	144
			220	145
			220	146
			221	147
			221	148
			221	149
			222	150
			222	151
			222	152
		</anterior>
		<posterior type=matrix rownames=FALSE colnames=FALSE nrow=123 ncol=2 as.numeric=TRUE >
			111	152
			112	152
			113	152
			114	153
			115	153
			116	153
			117	154
			118	154
			119	154
			120	154
			121	154
			122	155
			123	155
			124	155
			125	155
			126	155
			127	155
			128	155
			129	156
			130	156
			131	156
			132	156
			133	156
			134	156
			135	156
			136	156
			137	156
			138	156
			139	156
			140	156
			141	156
			142	156
			143	156
			144	156
			145	156
			146	156
			147	156
			148	156
			149	156
			150	156
			151	156
			152	156
			153	156
			154	156
			155	156
			156	156
			157	156
			158	156
			159	156
			160	156
			161	156
			162	156
			163	156
			164	155
			165	155
			166	155
			167	155
			168	155
			169	155
			170	155
			171	155
			172	155
			173	155
			174	155
			175	155
			176	155
			177	155
			178	155
			179	155
			180	155
			181	155
			182	155
			183	155
			184	155
			185	155
			186	155
			187	155
			188	155
			189	156
			190	156
			191	156
			192	156
			193	157
			194	157
			195	157
			196	158
			197	158
			198	158
			199	158
			200	159
			201	159
			202	159
			203	160
			204	160
			205	160
			206	160
			207	161
			208	161
			209	161
			210	161
			211	161
			212	162
			213	162
			214	162
			215	162
			216	162
			217	163
			218	163
			219	163
			220	163
			221	163
			221	162
			222	162
			222	161
			223	160
			223	159
			223	158
			223	157
			223	156
			222	155
			222	154
			222	153
			222	152
		</posterior>
	</curves.pixel>
	<curves.scaled type=list>
		<glabella type=matrix rownames=FALSE colnames=FALSE nrow=173 ncol=2 as.numeric=TRUE >
			4.625	-0.958333333333333
			4.66666666666667	-0.958333333333333
			4.70833333333333	-0.958333333333333
			4.75	-0.958333333333333
			4.79166666666667	-0.958333333333333
			4.83333333333333	-0.958333333333333
			4.875	-0.958333333333333
			4.91666666666667	-0.958333333333333
			4.95833333333333	-0.958333333333333
			5	-0.958333333333333
			5.04166666666667	-1
			5.08333333333333	-1
			5.125	-1
			5.16666666666667	-1
			5.20833333333333	-1
			5.25	-1
			5.29166666666667	-1
			5.29166666666667	-1.04166666666667
			5.33333333333333	-1.04166666666667
			5.375	-1.04166666666667
			5.41666666666667	-1.04166666666667
			5.45833333333333	-1.04166666666667
			5.5	-1.08333333333333
			5.54166666666667	-1.08333333333333
			5.58333333333333	-1.08333333333333
			5.625	-1.08333333333333
			5.625	-1.125
			5.66666666666667	-1.125
			5.70833333333333	-1.125
			5.75	-1.16666666666667
			5.79166666666667	-1.16666666666667
			5.83333333333333	-1.16666666666667
			5.83333333333333	-1.20833333333333
			5.875	-1.20833333333333
			5.91666666666667	-1.20833333333333
			5.95833333333333	-1.25
			6	-1.25
			6.04166666666667	-1.25
			6.04166666666667	-1.29166666666667
			6.08333333333333	-1.29166666666667
			6.125	-1.33333333333333
			6.16666666666667	-1.33333333333333
			6.20833333333333	-1.33333333333333
			6.20833333333333	-1.375
			6.25	-1.375
			6.29166666666667	-1.41666666666667
			6.33333333333333	-1.41666666666667
			6.375	-1.45833333333333
			6.41666666666667	-1.5
			6.45833333333333	-1.5
			6.45833333333333	-1.54166666666667
			6.5	-1.58333333333333
			6.54166666666667	-1.58333333333333
			6.58333333333333	-1.625
			6.625	-1.66666666666667
			6.625	-1.70833333333333
			6.66666666666667	-1.70833333333333
			6.70833333333333	-1.75
			6.75	-1.79166666666667
			6.79166666666667	-1.83333333333333
			6.83333333333333	-1.875
			6.83333333333333	-1.91666666666667
			6.875	-1.95833333333333
			6.91666666666667	-1.95833333333333
			6.91666666666667	-2
			6.95833333333333	-2.04166666666667
			7	-2.08333333333333
			7	-2.125
			7.04166666666667	-2.16666666666667
			7.04166666666667	-2.20833333333333
			7.08333333333333	-2.25
			7.08333333333333	-2.29166666666667
			7.08333333333333	-2.33333333333333
			7.08333333333333	-2.375
			7.08333333333333	-2.41666666666667
			7.08333333333333	-2.45833333333333
			7.08333333333333	-2.5
			7.08333333333333	-2.54166666666667
			7.08333333333333	-2.58333333333333
			7.08333333333333	-2.625
			7.08333333333333	-2.66666666666667
			7.08333333333333	-2.70833333333333
			7.04166666666667	-2.75
			7.04166666666667	-2.79166666666667
			7	-2.83333333333333
			7	-2.875
			7	-2.91666666666667
			6.95833333333333	-2.95833333333333
			6.95833333333333	-3
			6.91666666666667	-3.04166666666667
			6.875	-3.08333333333333
			6.875	-3.125
			6.83333333333333	-3.16666666666667
			6.79166666666667	-3.20833333333333
			6.79166666666667	-3.25
			6.75	-3.29166666666667
			6.70833333333333	-3.33333333333333
			6.66666666666667	-3.375
			6.625	-3.41666666666667
			6.58333333333333	-3.45833333333333
			6.54166666666667	-3.5
			6.5	-3.54166666666667
			6.45833333333333	-3.58333333333333
			6.41666666666667	-3.625
			6.375	-3.66666666666667
			6.33333333333333	-3.70833333333333
			6.29166666666667	-3.75
			6.29166666666667	-3.79166666666667
			6.25	-3.83333333333333
			6.20833333333333	-3.875
			6.20833333333333	-3.91666666666667
			6.16666666666667	-3.95833333333333
			6.16666666666667	-4
			6.125	-4.04166666666667
			6.08333333333333	-4.08333333333333
			6.08333333333333	-4.125
			6.04166666666667	-4.16666666666667
			6	-4.20833333333333
			6	-4.25
			5.95833333333333	-4.29166666666667
			5.95833333333333	-4.33333333333333
			5.91666666666667	-4.375
			5.875	-4.41666666666667
			5.875	-4.45833333333333
			5.83333333333333	-4.5
			5.79166666666667	-4.54166666666667
			5.79166666666667	-4.58333333333333
			5.79166666666667	-4.625
			5.79166666666667	-4.66666666666667
			5.79166666666667	-4.70833333333333
			5.79166666666667	-4.75
			5.79166666666667	-4.79166666666667
			5.79166666666667	-4.83333333333333
			5.79166666666667	-4.875
			5.79166666666667	-4.91666666666667
			5.79166666666667	-4.95833333333333
			5.79166666666667	-5
			5.79166666666667	-5.04166666666667
			5.79166666666667	-5.08333333333333
			5.79166666666667	-5.125
			5.79166666666667	-5.16666666666667
			5.79166666666667	-5.20833333333333
			5.79166666666667	-5.25
			5.79166666666667	-5.29166666666667
			5.79166666666667	-5.33333333333333
			5.79166666666667	-5.375
			5.79166666666667	-5.41666666666667
			5.79166666666667	-5.45833333333333
			5.79166666666667	-5.5
			5.83333333333333	-5.54166666666667
			5.83333333333333	-5.58333333333333
			5.83333333333333	-5.625
			5.83333333333333	-5.66666666666667
			5.83333333333333	-5.70833333333333
			5.83333333333333	-5.75
			5.83333333333333	-5.79166666666667
			5.83333333333333	-5.83333333333333
			5.875	-5.875
			5.875	-5.91666666666667
			5.875	-5.95833333333333
			5.875	-6
			5.875	-6.04166666666667
			5.875	-6.08333333333333
			5.875	-6.125
			5.91666666666667	-6.125
			5.91666666666667	-6.16666666666667
			5.91666666666667	-6.20833333333333
			5.91666666666667	-6.25
			5.91666666666667	-6.29166666666667
			5.91666666666667	-6.33333333333333
			5.95833333333333	-6.375
			5.95833333333333	-6.41666666666667
			5.95833333333333	-6.45833333333333
		</glabella>
		<suture type=matrix rownames=FALSE colnames=FALSE nrow=167 ncol=2 as.numeric=TRUE >
			4.625	-0.958333333333333
			4.66666666666667	-0.958333333333333
			4.70833333333333	-0.958333333333333
			4.75	-0.958333333333333
			4.79166666666667	-0.958333333333333
			4.83333333333333	-0.958333333333333
			4.875	-0.958333333333333
			4.91666666666667	-0.958333333333333
			4.95833333333333	-0.958333333333333
			5	-0.958333333333333
			5.04166666666667	-1
			5.08333333333333	-1
			5.125	-1
			5.16666666666667	-1
			5.20833333333333	-1
			5.25	-1
			5.29166666666667	-1.04166666666667
			5.33333333333333	-1.04166666666667
			5.375	-1.04166666666667
			5.41666666666667	-1.04166666666667
			5.45833333333333	-1.08333333333333
			5.5	-1.08333333333333
			5.54166666666667	-1.08333333333333
			5.58333333333333	-1.08333333333333
			5.625	-1.125
			5.66666666666667	-1.125
			5.70833333333333	-1.125
			5.75	-1.16666666666667
			5.79166666666667	-1.16666666666667
			5.83333333333333	-1.16666666666667
			5.83333333333333	-1.20833333333333
			5.875	-1.20833333333333
			5.91666666666667	-1.20833333333333
			5.95833333333333	-1.20833333333333
			5.95833333333333	-1.25
			6	-1.25
			6.04166666666667	-1.25
			6.08333333333333	-1.29166666666667
			6.125	-1.33333333333333
			6.16666666666667	-1.33333333333333
			6.20833333333333	-1.375
			6.25	-1.375
			6.29166666666667	-1.41666666666667
			6.33333333333333	-1.41666666666667
			6.375	-1.45833333333333
			6.41666666666667	-1.5
			6.45833333333333	-1.5
			6.45833333333333	-1.54166666666667
			6.5	-1.58333333333333
			6.54166666666667	-1.625
			6.58333333333333	-1.625
			6.625	-1.66666666666667
			6.66666666666667	-1.70833333333333
			6.66666666666667	-1.75
			6.70833333333333	-1.75
			6.75	-1.79166666666667
			6.79166666666667	-1.83333333333333
			6.79166666666667	-1.875
			6.83333333333333	-1.875
			6.875	-1.91666666666667
			6.875	-1.95833333333333
			6.91666666666667	-1.95833333333333
			6.91666666666667	-2
			6.95833333333333	-2.04166666666667
			6.95833333333333	-2.08333333333333
			7	-2.08333333333333
			7	-2.125
			7.04166666666667	-2.16666666666667
			7.04166666666667	-2.20833333333333
			7.08333333333333	-2.25
			7.08333333333333	-2.29166666666667
			7.08333333333333	-2.33333333333333
			7.08333333333333	-2.375
			7.08333333333333	-2.41666666666667
			7.08333333333333	-2.45833333333333
			7.08333333333333	-2.5
			7.08333333333333	-2.54166666666667
			7.08333333333333	-2.58333333333333
			7.08333333333333	-2.625
			7.08333333333333	-2.66666666666667
			7.08333333333333	-2.70833333333333
			7.04166666666667	-2.75
			7.04166666666667	-2.79166666666667
			7.04166666666667	-2.83333333333333
			7.04166666666667	-2.875
			7.04166666666667	-2.91666666666667
			7.04166666666667	-2.95833333333333
			7.04166666666667	-3
			7.04166666666667	-3.04166666666667
			7.04166666666667	-3.08333333333333
			7.04166666666667	-3.125
			7.04166666666667	-3.16666666666667
			7.04166666666667	-3.20833333333333
			7.04166666666667	-3.25
			7.04166666666667	-3.29166666666667
			7.04166666666667	-3.33333333333333
			7.04166666666667	-3.375
			7.04166666666667	-3.41666666666667
			7.04166666666667	-3.45833333333333
			7.04166666666667	-3.5
			7.04166666666667	-3.54166666666667
			7.04166666666667	-3.58333333333333
			7.04166666666667	-3.625
			7.04166666666667	-3.66666666666667
			7.04166666666667	-3.70833333333333
			7.04166666666667	-3.75
			7.04166666666667	-3.79166666666667
			7.04166666666667	-3.83333333333333
			7.04166666666667	-3.875
			7.04166666666667	-3.91666666666667
			7.04166666666667	-3.95833333333333
			7.08333333333333	-4
			7.08333333333333	-4.04166666666667
			7.08333333333333	-4.08333333333333
			7.125	-4.125
			7.125	-4.16666666666667
			7.16666666666667	-4.20833333333333
			7.20833333333333	-4.25
			7.20833333333333	-4.29166666666667
			7.25	-4.33333333333333
			7.25	-4.375
			7.29166666666667	-4.41666666666667
			7.33333333333333	-4.45833333333333
			7.33333333333333	-4.5
			7.375	-4.54166666666667
			7.41666666666667	-4.58333333333333
			7.45833333333333	-4.625
			7.45833333333333	-4.66666666666667
			7.5	-4.70833333333333
			7.54166666666667	-4.75
			7.58333333333333	-4.79166666666667
			7.625	-4.83333333333333
			7.66666666666667	-4.875
			7.70833333333333	-4.91666666666667
			7.75	-4.95833333333333
			7.75	-5
			7.75	-5.04166666666667
			7.79166666666667	-5.04166666666667
			7.83333333333333	-5.08333333333333
			7.875	-5.08333333333333
			7.91666666666667	-5.08333333333333
			7.95833333333333	-5.08333333333333
			8	-5.08333333333333
			8.04166666666667	-5.08333333333333
			8.08333333333333	-5.08333333333333
			8.125	-5.08333333333333
			8.16666666666667	-5.08333333333333
			8.20833333333333	-5.08333333333333
			8.25	-5.08333333333333
			8.29166666666667	-5.08333333333333
			8.33333333333333	-5.08333333333333
			8.375	-5.08333333333333
			8.41666666666667	-5.08333333333333
			8.45833333333333	-5.08333333333333
			8.5	-5.125
			8.54166666666667	-5.125
			8.58333333333333	-5.125
			8.625	-5.16666666666667
			8.66666666666667	-5.16666666666667
			8.70833333333333	-5.16666666666667
			8.75	-5.20833333333333
			8.79166666666667	-5.25
			8.83333333333333	-5.29166666666667
			8.875	-5.29166666666667
			8.91666666666667	-5.33333333333333
			8.91666666666667	-5.375
			8.95833333333333	-5.41666666666667
		</suture>
		<anterior type=matrix rownames=FALSE colnames=FALSE nrow=170 ncol=2 as.numeric=TRUE >
			4.625	-0.958333333333333
			4.66666666666667	-0.958333333333333
			4.70833333333333	-0.958333333333333
			4.75	-0.958333333333333
			4.79166666666667	-0.958333333333333
			4.83333333333333	-0.958333333333333
			4.875	-0.958333333333333
			4.91666666666667	-0.958333333333333
			4.95833333333333	-0.958333333333333
			5	-0.958333333333333
			5.04166666666667	-1
			5.08333333333333	-1
			5.125	-1
			5.16666666666667	-1
			5.20833333333333	-1
			5.25	-1
			5.29166666666667	-1.04166666666667
			5.33333333333333	-1.04166666666667
			5.375	-1.04166666666667
			5.41666666666667	-1.04166666666667
			5.45833333333333	-1.08333333333333
			5.5	-1.08333333333333
			5.54166666666667	-1.08333333333333
			5.58333333333333	-1.08333333333333
			5.625	-1.125
			5.66666666666667	-1.125
			5.70833333333333	-1.125
			5.75	-1.16666666666667
			5.79166666666667	-1.16666666666667
			5.83333333333333	-1.16666666666667
			5.875	-1.20833333333333
			5.91666666666667	-1.20833333333333
			5.95833333333333	-1.25
			6	-1.25
			6.04166666666667	-1.29166666666667
			6.08333333333333	-1.29166666666667
			6.125	-1.29166666666667
			6.16666666666667	-1.33333333333333
			6.20833333333333	-1.33333333333333
			6.25	-1.375
			6.29166666666667	-1.375
			6.29166666666667	-1.41666666666667
			6.33333333333333	-1.45833333333333
			6.375	-1.45833333333333
			6.41666666666667	-1.5
			6.45833333333333	-1.5
			6.5	-1.54166666666667
			6.54166666666667	-1.58333333333333
			6.58333333333333	-1.625
			6.58333333333333	-1.66666666666667
			6.625	-1.70833333333333
			6.66666666666667	-1.70833333333333
			6.70833333333333	-1.75
			6.75	-1.79166666666667
			6.79166666666667	-1.83333333333333
			6.79166666666667	-1.875
			6.83333333333333	-1.875
			6.875	-1.91666666666667
			6.875	-1.95833333333333
			6.91666666666667	-2
			6.95833333333333	-2.04166666666667
			7	-2.08333333333333
			7	-2.125
			7.04166666666667	-2.16666666666667
			7.04166666666667	-2.20833333333333
			7.08333333333333	-2.25
			7.08333333333333	-2.29166666666667
			7.125	-2.33333333333333
			7.125	-2.375
			7.16666666666667	-2.41666666666667
			7.20833333333333	-2.45833333333333
			7.25	-2.5
			7.29166666666667	-2.54166666666667
			7.29166666666667	-2.58333333333333
			7.33333333333333	-2.625
			7.375	-2.66666666666667
			7.41666666666667	-2.66666666666667
			7.45833333333333	-2.70833333333333
			7.5	-2.75
			7.54166666666667	-2.75
			7.58333333333333	-2.79166666666667
			7.58333333333333	-2.83333333333333
			7.625	-2.875
			7.625	-2.91666666666667
			7.66666666666667	-2.95833333333333
			7.70833333333333	-3
			7.70833333333333	-3.04166666666667
			7.75	-3.08333333333333
			7.75	-3.125
			7.79166666666667	-3.16666666666667
			7.79166666666667	-3.20833333333333
			7.83333333333333	-3.25
			7.875	-3.25
			7.875	-3.29166666666667
			7.91666666666667	-3.33333333333333
			7.91666666666667	-3.375
			7.95833333333333	-3.41666666666667
			7.95833333333333	-3.45833333333333
			8	-3.5
			8	-3.54166666666667
			8.04166666666667	-3.58333333333333
			8.08333333333333	-3.58333333333333
			8.08333333333333	-3.625
			8.125	-3.66666666666667
			8.125	-3.70833333333333
			8.16666666666667	-3.75
			8.16666666666667	-3.79166666666667
			8.20833333333333	-3.79166666666667
			8.20833333333333	-3.83333333333333
			8.25	-3.875
			8.25	-3.91666666666667
			8.29166666666667	-3.95833333333333
			8.33333333333333	-3.95833333333333
			8.33333333333333	-4
			8.375	-4.04166666666667
			8.41666666666667	-4.08333333333333
			8.41666666666667	-4.125
			8.41666666666667	-4.16666666666667
			8.45833333333333	-4.20833333333333
			8.5	-4.25
			8.5	-4.29166666666667
			8.54166666666667	-4.33333333333333
			8.54166666666667	-4.375
			8.58333333333333	-4.41666666666667
			8.58333333333333	-4.45833333333333
			8.625	-4.5
			8.625	-4.54166666666667
			8.66666666666667	-4.58333333333333
			8.66666666666667	-4.625
			8.70833333333333	-4.66666666666667
			8.70833333333333	-4.70833333333333
			8.75	-4.75
			8.75	-4.79166666666667
			8.79166666666667	-4.83333333333333
			8.79166666666667	-4.875
			8.79166666666667	-4.91666666666667
			8.83333333333333	-4.95833333333333
			8.83333333333333	-5
			8.875	-5.04166666666667
			8.875	-5.08333333333333
			8.875	-5.125
			8.91666666666667	-5.16666666666667
			8.91666666666667	-5.20833333333333
			8.91666666666667	-5.25
			8.95833333333333	-5.29166666666667
			8.95833333333333	-5.33333333333333
			8.95833333333333	-5.375
			9	-5.41666666666667
			9	-5.45833333333333
			9	-5.5
			9.04166666666667	-5.54166666666667
			9.04166666666667	-5.58333333333333
			9.04166666666667	-5.625
			9.08333333333333	-5.66666666666667
			9.08333333333333	-5.70833333333333
			9.08333333333333	-5.75
			9.125	-5.79166666666667
			9.125	-5.83333333333333
			9.125	-5.875
			9.125	-5.91666666666667
			9.16666666666667	-5.95833333333333
			9.16666666666667	-6
			9.16666666666667	-6.04166666666667
			9.16666666666667	-6.08333333333333
			9.20833333333333	-6.125
			9.20833333333333	-6.16666666666667
			9.20833333333333	-6.20833333333333
			9.25	-6.25
			9.25	-6.29166666666667
			9.25	-6.33333333333333
		</anterior>
		<posterior type=matrix rownames=FALSE colnames=FALSE nrow=123 ncol=2 as.numeric=TRUE >
			4.625	-6.33333333333333
			4.66666666666667	-6.33333333333333
			4.70833333333333	-6.33333333333333
			4.75	-6.375
			4.79166666666667	-6.375
			4.83333333333333	-6.375
			4.875	-6.41666666666667
			4.91666666666667	-6.41666666666667
			4.95833333333333	-6.41666666666667
			5	-6.41666666666667
			5.04166666666667	-6.41666666666667
			5.08333333333333	-6.45833333333333
			5.125	-6.45833333333333
			5.16666666666667	-6.45833333333333
			5.20833333333333	-6.45833333333333
			5.25	-6.45833333333333
			5.29166666666667	-6.45833333333333
			5.33333333333333	-6.45833333333333
			5.375	-6.5
			5.41666666666667	-6.5
			5.45833333333333	-6.5
			5.5	-6.5
			5.54166666666667	-6.5
			5.58333333333333	-6.5
			5.625	-6.5
			5.66666666666667	-6.5
			5.70833333333333	-6.5
			5.75	-6.5
			5.79166666666667	-6.5
			5.83333333333333	-6.5
			5.875	-6.5
			5.91666666666667	-6.5
			5.95833333333333	-6.5
			6	-6.5
			6.04166666666667	-6.5
			6.08333333333333	-6.5
			6.125	-6.5
			6.16666666666667	-6.5
			6.20833333333333	-6.5
			6.25	-6.5
			6.29166666666667	-6.5
			6.33333333333333	-6.5
			6.375	-6.5
			6.41666666666667	-6.5
			6.45833333333333	-6.5
			6.5	-6.5
			6.54166666666667	-6.5
			6.58333333333333	-6.5
			6.625	-6.5
			6.66666666666667	-6.5
			6.70833333333333	-6.5
			6.75	-6.5
			6.79166666666667	-6.5
			6.83333333333333	-6.45833333333333
			6.875	-6.45833333333333
			6.91666666666667	-6.45833333333333
			6.95833333333333	-6.45833333333333
			7	-6.45833333333333
			7.04166666666667	-6.45833333333333
			7.08333333333333	-6.45833333333333
			7.125	-6.45833333333333
			7.16666666666667	-6.45833333333333
			7.20833333333333	-6.45833333333333
			7.25	-6.45833333333333
			7.29166666666667	-6.45833333333333
			7.33333333333333	-6.45833333333333
			7.375	-6.45833333333333
			7.41666666666667	-6.45833333333333
			7.45833333333333	-6.45833333333333
			7.5	-6.45833333333333
			7.54166666666667	-6.45833333333333
			7.58333333333333	-6.45833333333333
			7.625	-6.45833333333333
			7.66666666666667	-6.45833333333333
			7.70833333333333	-6.45833333333333
			7.75	-6.45833333333333
			7.79166666666667	-6.45833333333333
			7.83333333333333	-6.45833333333333
			7.875	-6.5
			7.91666666666667	-6.5
			7.95833333333333	-6.5
			8	-6.5
			8.04166666666667	-6.54166666666667
			8.08333333333333	-6.54166666666667
			8.125	-6.54166666666667
			8.16666666666667	-6.58333333333333
			8.20833333333333	-6.58333333333333
			8.25	-6.58333333333333
			8.29166666666667	-6.58333333333333
			8.33333333333333	-6.625
			8.375	-6.625
			8.41666666666667	-6.625
			8.45833333333333	-6.66666666666667
			8.5	-6.66666666666667
			8.54166666666667	-6.66666666666667
			8.58333333333333	-6.66666666666667
			8.625	-6.70833333333333
			8.66666666666667	-6.70833333333333
			8.70833333333333	-6.70833333333333
			8.75	-6.70833333333333
			8.79166666666667	-6.70833333333333
			8.83333333333333	-6.75
			8.875	-6.75
			8.91666666666667	-6.75
			8.95833333333333	-6.75
			9	-6.75
			9.04166666666667	-6.79166666666667
			9.08333333333333	-6.79166666666667
			9.125	-6.79166666666667
			9.16666666666667	-6.79166666666667
			9.20833333333333	-6.79166666666667
			9.20833333333333	-6.75
			9.25	-6.75
			9.25	-6.70833333333333
			9.29166666666667	-6.66666666666667
			9.29166666666667	-6.625
			9.29166666666667	-6.58333333333333
			9.29166666666667	-6.54166666666667
			9.29166666666667	-6.5
			9.25	-6.45833333333333
			9.25	-6.41666666666667
			9.25	-6.375
			9.25	-6.33333333333333
		</posterior>
	</curves.scaled>
	<ruler.points type=matrix rownames=TRUE colnames=FALSE nrow=2 ncol=2 as.numeric=TRUE >
		Ruler point 1	199	47
		Ruler point 2	223	47
	</ruler.points>
</shapes>

