<shapes type=list>
	<ruler.pixel type=vector names=FALSE length=1 as.numeric=TRUE >97</ruler.pixel>
	<ruler.interval type=vector names=FALSE length=1 as.numeric=TRUE >3</ruler.interval>
	<scaling.units type=vector names=FALSE length=1 as.numeric=FALSE >mm</scaling.units>
	<scaling type=vector names=FALSE length=1 as.numeric=TRUE >0.0309278350515464</scaling>
	<landmarks.pixel type=matrix rownames=TRUE colnames=FALSE nrow=16 ncol=2 as.numeric=TRUE >
		LM1	204	26
		LM2	204	52
		LM3	204	147
		LM4	204	163
		LM5	241	128
		LM6	244	145
		LM7	245	156
		LM8	277	71
		LM9	282	109
		LM10	204	26
		LM11	341	138
		LM12	361	157
		LM13	204	26
		LM14	302	90
		LM15	469	163
		LM16	465	480
	</landmarks.pixel>
	<landmarks.scaled type=matrix rownames=TRUE colnames=FALSE nrow=16 ncol=2 as.numeric=TRUE >
		LM1	6.30927835051546	-0.804123711340206
		LM2	6.30927835051546	-1.60824742268041
		LM3	6.30927835051546	-4.54639175257732
		LM4	6.30927835051546	-5.04123711340206
		LM5	7.45360824742268	-3.95876288659794
		LM6	7.54639175257732	-4.48453608247423
		LM7	7.57731958762887	-4.82474226804124
		LM8	8.56701030927835	-2.19587628865979
		LM9	8.72164948453608	-3.37113402061856
		LM10	6.30927835051546	-0.804123711340206
		LM11	10.5463917525773	-4.2680412371134
		LM12	11.1649484536082	-4.85567010309278
		LM13	6.30927835051546	-0.804123711340206
		LM14	9.34020618556701	-2.78350515463918
		LM15	14.5051546391753	-5.04123711340206
		LM16	14.3814432989691	-14.8453608247423
	</landmarks.scaled>
	<curves.control type=list>
		<glabella type=matrix rownames=FALSE colnames=FALSE nrow=5 ncol=2 as.numeric=TRUE >
			204	52
			221	56
			233	64
			239	87
			245	156
		</glabella>
		<suture type=matrix rownames=FALSE colnames=FALSE nrow=11 ncol=2 as.numeric=TRUE >
			204	26
			222	22
			238	28
			272	37
			269	72
			291	74
			299	84
			305	106
			282	109
			344	135
			361	157
		</suture>
		<anterior type=matrix rownames=FALSE colnames=FALSE nrow=9 ncol=2 as.numeric=TRUE >
			204	26
			223	22
			290	27
			322	29
			357	90
			367	97
			400	111
			442	129
			469	163
		</anterior>
		<posterior type=matrix rownames=FALSE colnames=FALSE nrow=21 ncol=2 as.numeric=TRUE >
			204	163
			215	165
			247	158
			312	150
			363	160
			382	151
			386	130
			392	125
			412	132
			438	145
			465	177
			483	202
			500	257
			507	287
			507	316
			491	413
			464	482
			485	443
			509	353
			526	235
			469	163
		</posterior>
	</curves.control>
	<curves.pixel type=list>
		<glabella type=matrix rownames=FALSE colnames=FALSE nrow=122 ncol=2 as.numeric=TRUE >
			204	52
			205	52
			206	52
			207	53
			208	53
			209	53
			210	54
			211	54
			212	54
			213	54
			214	55
			215	55
			216	56
			217	56
			218	56
			219	57
			220	57
			221	57
			222	58
			223	59
			224	59
			225	60
			226	60
			227	60
			228	61
			229	61
			230	62
			231	63
			232	64
			233	65
			234	66
			234	67
			234	68
			234	69
			234	70
			235	71
			235	72
			235	73
			235	74
			235	75
			236	76
			236	77
			236	78
			236	79
			236	80
			236	81
			237	82
			237	83
			237	84
			237	85
			237	86
			237	87
			238	88
			238	89
			238	90
			238	91
			238	92
			238	93
			238	94
			239	95
			239	96
			239	97
			239	98
			239	99
			239	100
			239	101
			239	102
			240	103
			240	104
			240	105
			240	106
			240	107
			240	108
			240	109
			240	110
			241	111
			241	112
			241	113
			241	114
			241	115
			241	116
			241	117
			241	118
			241	119
			241	120
			242	120
			242	121
			242	122
			242	123
			242	124
			242	125
			242	126
			242	127
			242	128
			243	129
			243	130
			243	131
			243	132
			243	133
			243	134
			243	135
			243	136
			243	137
			243	138
			243	139
			244	140
			244	141
			244	142
			244	143
			244	144
			244	145
			244	146
			244	147
			244	148
			244	149
			244	150
			245	151
			245	152
			245	153
			245	154
			245	155
			245	156
		</glabella>
		<suture type=matrix rownames=FALSE colnames=FALSE nrow=251 ncol=2 as.numeric=TRUE >
			204	26
			205	26
			206	26
			207	25
			208	25
			209	25
			210	25
			211	25
			212	25
			213	25
			214	25
			215	24
			216	24
			217	24
			218	24
			219	24
			220	24
			221	24
			222	25
			223	25
			224	25
			225	25
			226	25
			227	25
			228	25
			229	25
			229	26
			230	26
			231	26
			232	26
			233	26
			234	27
			235	27
			236	27
			237	28
			238	28
			239	28
			240	29
			241	29
			242	29
			243	30
			244	30
			245	30
			246	31
			247	31
			248	31
			248	32
			249	32
			250	32
			250	33
			251	33
			252	34
			253	35
			254	35
			255	36
			256	36
			256	37
			257	37
			258	38
			259	39
			260	40
			261	41
			262	42
			263	43
			263	44
			264	45
			264	46
			265	46
			265	47
			265	48
			266	49
			266	50
			267	51
			267	52
			267	53
			268	54
			268	55
			268	56
			268	57
			268	58
			269	58
			269	59
			269	60
			269	61
			269	62
			269	63
			269	64
			269	65
			269	66
			269	67
			269	68
			269	69
			269	70
			269	71
			269	72
			270	72
			271	72
			272	72
			273	72
			274	73
			275	73
			276	73
			277	73
			278	73
			279	73
			280	74
			281	74
			282	74
			283	74
			284	75
			285	75
			286	75
			286	76
			287	76
			288	76
			289	77
			290	77
			291	78
			292	78
			293	79
			294	79
			295	80
			296	81
			297	82
			298	83
			299	84
			299	85
			300	86
			300	87
			300	88
			300	89
			300	90
			300	91
			300	92
			300	93
			300	94
			300	95
			300	96
			300	97
			299	98
			299	99
			298	100
			298	101
			297	102
			297	103
			296	103
			295	104
			295	105
			294	105
			293	106
			292	106
			291	107
			290	107
			289	107
			288	108
			287	108
			286	108
			285	109
			284	109
			283	109
			282	109
			283	110
			284	110
			285	110
			286	111
			287	111
			288	112
			289	112
			290	113
			291	113
			292	113
			293	114
			294	114
			295	115
			296	115
			297	116
			298	116
			299	116
			300	117
			301	117
			302	118
			303	118
			304	119
			305	119
			306	120
			307	120
			308	121
			309	121
			310	122
			311	122
			312	123
			313	123
			314	124
			315	124
			316	125
			317	125
			318	125
			318	126
			319	126
			320	127
			321	127
			322	128
			323	128
			324	129
			325	129
			325	130
			326	130
			327	131
			328	131
			329	132
			330	132
			331	133
			332	133
			332	134
			333	134
			334	135
			335	135
			336	136
			337	136
			337	137
			338	137
			339	138
			340	138
			340	139
			341	139
			342	140
			343	141
			344	142
			345	142
			346	143
			347	144
			348	144
			348	145
			349	145
			350	146
			351	147
			352	148
			353	148
			354	149
			354	150
			355	150
			356	151
			356	152
			357	152
			358	153
			358	154
			359	154
			359	155
			360	156
			361	156
			361	157
		</suture>
		<anterior type=matrix rownames=FALSE colnames=FALSE nrow=296 ncol=2 as.numeric=TRUE >
			204	26
			205	26
			206	26
			207	25
			208	25
			209	25
			210	25
			211	25
			212	25
			213	25
			214	25
			215	25
			216	25
			217	25
			218	24
			219	24
			220	24
			221	24
			222	24
			223	24
			224	24
			225	24
			226	24
			227	24
			228	24
			229	24
			230	24
			231	24
			232	24
			233	24
			234	24
			235	24
			236	24
			237	24
			238	24
			239	24
			240	24
			241	24
			242	24
			243	24
			244	24
			245	24
			246	24
			246	25
			247	25
			248	25
			249	25
			250	25
			251	25
			252	25
			253	25
			254	25
			255	25
			256	25
			257	25
			258	25
			259	25
			260	25
			261	25
			262	25
			263	25
			264	25
			265	25
			266	25
			267	25
			268	26
			269	26
			270	26
			271	26
			272	26
			273	26
			274	26
			275	26
			276	26
			277	26
			278	26
			279	26
			280	26
			281	26
			282	26
			283	26
			284	27
			285	27
			286	27
			287	27
			288	27
			289	27
			290	27
			291	27
			292	27
			293	27
			294	27
			294	28
			295	28
			296	28
			297	28
			298	28
			299	29
			300	29
			301	29
			302	30
			303	30
			304	31
			305	31
			306	32
			307	32
			308	33
			309	33
			310	34
			311	34
			312	35
			313	35
			314	36
			314	37
			315	38
			316	38
			317	39
			318	40
			319	41
			320	42
			321	42
			322	43
			323	44
			324	45
			325	46
			326	47
			327	48
			328	49
			329	50
			330	51
			331	52
			332	53
			332	54
			333	55
			334	56
			335	57
			336	58
			337	59
			337	60
			338	61
			339	62
			340	63
			340	64
			341	65
			342	66
			342	67
			343	68
			344	69
			345	70
			345	71
			346	72
			347	73
			347	74
			348	75
			349	76
			349	77
			350	78
			350	79
			351	80
			352	81
			352	82
			353	83
			354	84
			354	85
			355	86
			356	87
			356	88
			356	89
			357	89
			357	90
			358	91
			359	91
			360	92
			361	93
			362	93
			363	94
			364	94
			365	95
			366	95
			367	96
			368	96
			369	97
			370	97
			371	98
			372	98
			373	99
			374	99
			375	100
			376	100
			377	101
			378	101
			379	102
			380	102
			381	103
			382	103
			383	104
			384	104
			385	104
			386	105
			387	105
			388	106
			389	106
			390	107
			391	107
			392	108
			393	108
			394	108
			395	109
			396	109
			397	110
			398	110
			399	111
			400	111
			401	111
			402	112
			403	112
			404	113
			405	113
			406	114
			407	114
			408	115
			409	115
			410	116
			411	116
			412	117
			413	117
			414	117
			415	118
			416	119
			417	120
			418	120
			419	120
			419	121
			420	121
			421	121
			421	122
			422	122
			423	123
			424	123
			425	124
			426	125
			427	125
			428	126
			429	126
			429	127
			430	127
			431	128
			432	128
			432	129
			433	129
			434	130
			435	131
			436	131
			437	132
			438	133
			439	133
			439	134
			440	135
			441	135
			442	136
			443	136
			444	137
			444	138
			445	138
			446	139
			447	140
			448	140
			448	141
			449	142
			450	143
			451	143
			451	144
			452	145
			453	145
			454	146
			454	147
			455	148
			456	148
			457	149
			457	150
			458	151
			459	151
			460	152
			460	153
			461	154
			462	154
			462	155
			463	156
			464	157
			464	158
			465	158
			466	159
			466	160
			467	161
			468	162
			469	163
		</anterior>
		<posterior type=matrix rownames=FALSE colnames=FALSE nrow=922 ncol=2 as.numeric=TRUE >
			204	163
			205	163
			206	163
			207	163
			208	163
			209	163
			210	163
			211	163
			212	163
			213	163
			214	163
			215	163
			216	163
			217	163
			218	163
			219	163
			220	163
			221	163
			222	162
			223	162
			224	162
			225	162
			226	162
			227	162
			228	162
			229	162
			229	161
			230	161
			231	161
			232	161
			233	161
			234	161
			235	160
			236	160
			237	160
			238	160
			239	160
			240	160
			240	159
			241	159
			242	159
			243	159
			244	159
			245	158
			246	158
			247	158
			248	158
			249	158
			250	158
			251	157
			252	157
			253	157
			254	157
			255	157
			256	157
			257	157
			258	157
			259	157
			260	157
			261	156
			262	156
			263	156
			264	156
			265	156
			266	156
			267	156
			268	156
			269	156
			270	156
			271	156
			272	156
			273	155
			274	155
			275	155
			276	155
			277	155
			278	155
			279	155
			280	155
			281	155
			282	155
			283	155
			284	155
			285	155
			286	155
			287	155
			288	155
			289	155
			290	155
			291	155
			292	155
			293	155
			294	155
			295	155
			296	154
			297	154
			298	154
			299	154
			300	154
			301	154
			302	154
			303	154
			304	154
			305	154
			306	154
			307	154
			308	154
			309	155
			310	155
			311	155
			312	155
			313	155
			314	155
			315	155
			316	155
			317	155
			318	155
			319	155
			320	155
			321	155
			322	155
			323	155
			324	155
			325	155
			326	155
			327	155
			328	155
			329	155
			330	156
			331	156
			332	156
			333	156
			334	156
			335	156
			336	156
			337	156
			338	156
			339	156
			340	156
			341	157
			342	157
			343	157
			344	157
			345	157
			346	157
			347	157
			348	158
			349	158
			350	158
			351	158
			352	158
			353	158
			354	158
			355	159
			356	159
			357	159
			358	159
			359	159
			360	159
			361	160
			362	160
			363	160
			364	160
			364	159
			365	159
			366	159
			367	158
			368	157
			369	157
			370	156
			371	156
			371	155
			372	154
			373	153
			374	153
			375	152
			375	151
			376	151
			377	150
			378	149
			378	148
			379	147
			379	146
			380	145
			381	145
			381	144
			382	143
			382	142
			383	141
			383	140
			383	139
			384	138
			384	137
			385	136
			385	135
			385	134
			385	133
			386	132
			386	131
			386	130
			387	130
			387	129
			388	129
			389	128
			390	128
			391	128
			392	128
			393	128
			394	128
			395	128
			396	128
			397	128
			398	128
			399	128
			399	129
			400	129
			401	129
			402	129
			403	129
			404	130
			405	130
			406	130
			407	130
			408	131
			409	131
			410	131
			411	132
			412	132
			413	132
			414	133
			415	133
			415	134
			416	134
			417	135
			418	135
			419	136
			420	136
			421	137
			422	138
			423	138
			424	139
			425	139
			425	140
			426	141
			427	141
			428	142
			429	143
			430	143
			431	144
			432	145
			433	145
			434	146
			435	147
			436	148
			437	148
			437	149
			438	150
			439	151
			440	151
			441	152
			442	153
			443	154
			444	155
			445	156
			446	157
			447	157
			448	158
			449	159
			450	160
			450	161
			451	162
			452	163
			453	164
			454	165
			455	166
			456	167
			457	168
			458	169
			459	170
			460	171
			461	172
			462	173
			463	174
			464	175
			465	176
			465	177
			466	178
			467	179
			467	180
			468	181
			468	182
			469	183
			470	184
			470	185
			471	186
			472	187
			472	188
			473	189
			473	190
			474	191
			474	192
			475	192
			475	193
			475	194
			476	195
			476	196
			477	197
			478	198
			478	199
			478	200
			479	201
			479	202
			480	203
			480	204
			481	205
			481	206
			482	207
			482	208
			482	209
			483	210
			483	211
			484	212
			484	213
			485	214
			485	215
			486	216
			486	217
			486	218
			487	219
			487	220
			488	221
			488	222
			488	223
			489	224
			489	225
			490	226
			490	227
			490	228
			491	229
			491	230
			491	231
			492	232
			492	233
			493	234
			493	235
			493	236
			493	237
			494	238
			494	239
			495	240
			495	241
			495	242
			495	243
			496	244
			496	245
			497	246
			497	247
			497	248
			497	249
			498	250
			498	251
			498	252
			499	253
			499	254
			499	255
			500	256
			500	257
			500	258
			500	259
			501	260
			501	261
			501	262
			501	263
			502	264
			502	265
			502	266
			502	267
			502	268
			502	269
			503	270
			503	271
			503	272
			503	273
			503	274
			504	275
			504	276
			504	277
			504	278
			504	279
			504	280
			504	281
			505	282
			505	283
			505	284
			505	285
			505	286
			505	287
			505	288
			505	289
			506	290
			506	291
			506	292
			506	293
			506	294
			506	295
			506	296
			506	297
			506	298
			506	299
			506	300
			507	301
			507	302
			507	303
			507	304
			507	305
			507	306
			507	307
			507	308
			507	309
			507	310
			507	311
			507	312
			507	313
			507	314
			507	315
			507	316
			507	317
			507	318
			506	319
			506	320
			506	321
			506	322
			506	323
			506	324
			506	325
			505	326
			505	327
			505	328
			505	329
			505	330
			504	331
			504	332
			504	333
			504	334
			504	335
			504	336
			503	337
			503	338
			503	339
			503	340
			503	341
			502	342
			502	343
			502	344
			502	345
			502	346
			502	347
			501	348
			501	349
			501	350
			501	351
			501	352
			500	353
			500	354
			500	355
			500	356
			500	357
			499	358
			499	359
			499	360
			499	361
			498	362
			498	363
			498	364
			498	365
			498	366
			497	367
			497	368
			497	369
			497	370
			497	371
			496	372
			496	373
			496	374
			496	375
			495	376
			495	377
			495	378
			495	379
			495	380
			494	381
			494	382
			494	383
			494	384
			493	385
			493	386
			493	387
			493	388
			492	389
			492	390
			492	391
			492	392
			491	393
			491	394
			491	395
			491	396
			491	397
			490	398
			490	399
			490	400
			490	401
			489	402
			489	403
			489	404
			489	405
			488	406
			488	407
			488	408
			488	409
			487	409
			487	410
			487	411
			487	412
			486	413
			486	414
			486	415
			486	416
			485	417
			485	418
			485	419
			484	420
			484	421
			484	422
			484	423
			483	424
			483	425
			483	426
			483	427
			482	427
			482	428
			482	429
			482	430
			481	431
			481	432
			481	433
			480	434
			480	435
			480	436
			480	437
			479	438
			479	439
			479	440
			478	441
			478	442
			478	443
			477	444
			477	445
			477	446
			476	447
			476	448
			476	449
			475	450
			475	451
			475	452
			475	453
			474	454
			474	455
			473	456
			473	457
			473	458
			472	459
			472	460
			472	461
			471	462
			471	463
			471	464
			470	465
			470	466
			470	467
			469	468
			469	469
			469	470
			468	471
			468	472
			467	473
			467	474
			467	475
			466	476
			466	477
			465	478
			465	479
			465	480
			465	481
			464	481
			464	482
			464	481
			465	480
			465	479
			466	479
			466	478
			467	477
			467	476
			468	475
			468	474
			469	473
			469	472
			470	471
			470	470
			470	469
			471	468
			471	467
			472	466
			472	465
			473	464
			473	463
			474	462
			474	461
			474	460
			475	459
			475	458
			476	457
			476	456
			476	455
			477	455
			477	454
			477	453
			478	452
			478	451
			478	450
			479	449
			479	448
			480	447
			480	446
			481	445
			481	444
			481	443
			482	442
			482	441
			482	440
			483	439
			483	438
			483	437
			484	436
			484	435
			485	434
			485	433
			485	432
			486	431
			486	430
			486	429
			487	428
			487	427
			487	426
			488	425
			488	424
			488	423
			488	422
			489	422
			489	421
			489	420
			490	419
			490	418
			490	417
			491	416
			491	415
			491	414
			492	413
			492	412
			492	411
			493	410
			493	409
			493	408
			494	407
			494	406
			494	405
			494	404
			495	403
			495	402
			495	401
			496	400
			496	399
			496	398
			497	397
			497	396
			497	395
			497	394
			498	393
			498	392
			498	391
			499	390
			499	389
			499	388
			500	387
			500	386
			500	385
			500	384
			501	383
			501	382
			501	381
			501	380
			502	379
			502	378
			502	377
			503	376
			503	375
			503	374
			503	373
			504	372
			504	371
			504	370
			505	369
			505	368
			505	367
			505	366
			506	365
			506	364
			506	363
			507	362
			507	361
			507	360
			507	359
			508	358
			508	357
			508	356
			508	355
			509	354
			509	353
			509	352
			509	351
			509	350
			510	349
			510	348
			510	347
			510	346
			510	345
			510	344
			510	343
			510	342
			511	341
			511	340
			511	339
			511	338
			511	337
			511	336
			511	335
			511	334
			511	333
			511	332
			512	331
			512	330
			512	329
			512	328
			512	327
			512	326
			512	325
			512	324
			512	323
			512	322
			512	321
			512	320
			512	319
			512	318
			513	317
			513	316
			513	315
			513	314
			513	313
			513	312
			513	311
			513	310
			513	309
			513	308
			513	307
			513	306
			513	305
			513	304
			513	303
			513	302
			513	301
			513	300
			513	299
			513	298
			513	297
			513	296
			513	295
			513	294
			513	293
			513	292
			513	291
			513	290
			513	289
			513	288
			513	287
			513	286
			512	286
			512	285
			512	284
			512	283
			512	282
			512	281
			512	280
			512	279
			512	278
			512	277
			512	276
			512	275
			512	274
			512	273
			511	272
			511	271
			511	270
			511	269
			511	268
			511	267
			511	266
			511	265
			510	264
			510	263
			510	262
			510	261
			510	260
			510	259
			510	258
			510	257
			509	256
			509	255
			509	254
			509	253
			509	252
			508	251
			508	250
			508	249
			508	248
			508	247
			507	246
			507	245
			507	244
			507	243
			507	242
			506	241
			506	240
			506	239
			506	238
			505	238
			505	237
			505	236
			505	235
			504	234
			504	233
			504	232
			504	231
			503	230
			503	229
			503	228
			502	227
			502	226
			502	225
			502	224
			501	223
			501	222
			500	221
			500	220
			500	219
			499	218
			499	217
			499	216
			498	215
			498	214
			498	213
			497	213
			497	212
			497	211
			496	210
			496	209
			496	208
			495	207
			495	206
			494	205
			494	204
			493	203
			493	202
			492	201
			492	200
			491	199
			491	198
			490	197
			490	196
			489	195
			489	194
			488	193
			488	192
			487	191
			487	190
			486	189
			486	188
			485	187
			485	186
			484	185
			484	184
			483	183
			482	182
			482	181
			481	180
			481	179
			480	179
			480	178
			479	177
			478	176
			478	175
			477	174
			476	173
			476	172
			475	171
			475	170
			474	169
			473	169
			473	168
			472	167
			471	166
			471	165
			470	164
			469	163
		</posterior>
	</curves.pixel>
	<curves.scaled type=list>
		<glabella type=matrix rownames=FALSE colnames=FALSE nrow=122 ncol=2 as.numeric=TRUE >
			6.30927835051546	-1.60824742268041
			6.34020618556701	-1.60824742268041
			6.37113402061856	-1.60824742268041
			6.4020618556701	-1.63917525773196
			6.43298969072165	-1.63917525773196
			6.4639175257732	-1.63917525773196
			6.49484536082474	-1.67010309278351
			6.52577319587629	-1.67010309278351
			6.55670103092783	-1.67010309278351
			6.58762886597938	-1.67010309278351
			6.61855670103093	-1.70103092783505
			6.64948453608247	-1.70103092783505
			6.68041237113402	-1.7319587628866
			6.71134020618557	-1.7319587628866
			6.74226804123711	-1.7319587628866
			6.77319587628866	-1.76288659793814
			6.80412371134021	-1.76288659793814
			6.83505154639175	-1.76288659793814
			6.8659793814433	-1.79381443298969
			6.89690721649485	-1.82474226804124
			6.92783505154639	-1.82474226804124
			6.95876288659794	-1.85567010309278
			6.98969072164948	-1.85567010309278
			7.02061855670103	-1.85567010309278
			7.05154639175258	-1.88659793814433
			7.08247422680412	-1.88659793814433
			7.11340206185567	-1.91752577319588
			7.14432989690722	-1.94845360824742
			7.17525773195876	-1.97938144329897
			7.20618556701031	-2.01030927835052
			7.23711340206186	-2.04123711340206
			7.23711340206186	-2.07216494845361
			7.23711340206186	-2.10309278350515
			7.23711340206186	-2.1340206185567
			7.23711340206186	-2.16494845360825
			7.2680412371134	-2.19587628865979
			7.2680412371134	-2.22680412371134
			7.2680412371134	-2.25773195876289
			7.2680412371134	-2.28865979381443
			7.2680412371134	-2.31958762886598
			7.29896907216495	-2.35051546391753
			7.29896907216495	-2.38144329896907
			7.29896907216495	-2.41237113402062
			7.29896907216495	-2.44329896907217
			7.29896907216495	-2.47422680412371
			7.29896907216495	-2.50515463917526
			7.3298969072165	-2.5360824742268
			7.3298969072165	-2.56701030927835
			7.3298969072165	-2.5979381443299
			7.3298969072165	-2.62886597938144
			7.3298969072165	-2.65979381443299
			7.3298969072165	-2.69072164948454
			7.36082474226804	-2.72164948453608
			7.36082474226804	-2.75257731958763
			7.36082474226804	-2.78350515463918
			7.36082474226804	-2.81443298969072
			7.36082474226804	-2.84536082474227
			7.36082474226804	-2.87628865979381
			7.36082474226804	-2.90721649484536
			7.39175257731959	-2.93814432989691
			7.39175257731959	-2.96907216494845
			7.39175257731959	-3
			7.39175257731959	-3.03092783505155
			7.39175257731959	-3.06185567010309
			7.39175257731959	-3.09278350515464
			7.39175257731959	-3.12371134020619
			7.39175257731959	-3.15463917525773
			7.42268041237113	-3.18556701030928
			7.42268041237113	-3.21649484536082
			7.42268041237113	-3.24742268041237
			7.42268041237113	-3.27835051546392
			7.42268041237113	-3.30927835051546
			7.42268041237113	-3.34020618556701
			7.42268041237113	-3.37113402061856
			7.42268041237113	-3.4020618556701
			7.45360824742268	-3.43298969072165
			7.45360824742268	-3.4639175257732
			7.45360824742268	-3.49484536082474
			7.45360824742268	-3.52577319587629
			7.45360824742268	-3.55670103092784
			7.45360824742268	-3.58762886597938
			7.45360824742268	-3.61855670103093
			7.45360824742268	-3.64948453608247
			7.45360824742268	-3.68041237113402
			7.45360824742268	-3.71134020618557
			7.48453608247423	-3.71134020618557
			7.48453608247423	-3.74226804123711
			7.48453608247423	-3.77319587628866
			7.48453608247423	-3.80412371134021
			7.48453608247423	-3.83505154639175
			7.48453608247423	-3.8659793814433
			7.48453608247423	-3.89690721649485
			7.48453608247423	-3.92783505154639
			7.48453608247423	-3.95876288659794
			7.51546391752577	-3.98969072164948
			7.51546391752577	-4.02061855670103
			7.51546391752577	-4.05154639175258
			7.51546391752577	-4.08247422680412
			7.51546391752577	-4.11340206185567
			7.51546391752577	-4.14432989690722
			7.51546391752577	-4.17525773195876
			7.51546391752577	-4.20618556701031
			7.51546391752577	-4.23711340206186
			7.51546391752577	-4.2680412371134
			7.51546391752577	-4.29896907216495
			7.54639175257732	-4.3298969072165
			7.54639175257732	-4.36082474226804
			7.54639175257732	-4.39175257731959
			7.54639175257732	-4.42268041237113
			7.54639175257732	-4.45360824742268
			7.54639175257732	-4.48453608247423
			7.54639175257732	-4.51546391752577
			7.54639175257732	-4.54639175257732
			7.54639175257732	-4.57731958762887
			7.54639175257732	-4.60824742268041
			7.54639175257732	-4.63917525773196
			7.57731958762887	-4.67010309278351
			7.57731958762887	-4.70103092783505
			7.57731958762887	-4.7319587628866
			7.57731958762887	-4.76288659793814
			7.57731958762887	-4.79381443298969
			7.57731958762887	-4.82474226804124
		</glabella>
		<suture type=matrix rownames=FALSE colnames=FALSE nrow=251 ncol=2 as.numeric=TRUE >
			6.30927835051546	-0.804123711340206
			6.34020618556701	-0.804123711340206
			6.37113402061856	-0.804123711340206
			6.4020618556701	-0.77319587628866
			6.43298969072165	-0.77319587628866
			6.4639175257732	-0.77319587628866
			6.49484536082474	-0.77319587628866
			6.52577319587629	-0.77319587628866
			6.55670103092783	-0.77319587628866
			6.58762886597938	-0.77319587628866
			6.61855670103093	-0.77319587628866
			6.64948453608247	-0.742268041237113
			6.68041237113402	-0.742268041237113
			6.71134020618557	-0.742268041237113
			6.74226804123711	-0.742268041237113
			6.77319587628866	-0.742268041237113
			6.80412371134021	-0.742268041237113
			6.83505154639175	-0.742268041237113
			6.8659793814433	-0.77319587628866
			6.89690721649485	-0.77319587628866
			6.92783505154639	-0.77319587628866
			6.95876288659794	-0.77319587628866
			6.98969072164948	-0.77319587628866
			7.02061855670103	-0.77319587628866
			7.05154639175258	-0.77319587628866
			7.08247422680412	-0.77319587628866
			7.08247422680412	-0.804123711340206
			7.11340206185567	-0.804123711340206
			7.14432989690722	-0.804123711340206
			7.17525773195876	-0.804123711340206
			7.20618556701031	-0.804123711340206
			7.23711340206186	-0.835051546391753
			7.2680412371134	-0.835051546391753
			7.29896907216495	-0.835051546391753
			7.3298969072165	-0.865979381443299
			7.36082474226804	-0.865979381443299
			7.39175257731959	-0.865979381443299
			7.42268041237113	-0.896907216494845
			7.45360824742268	-0.896907216494845
			7.48453608247423	-0.896907216494845
			7.51546391752577	-0.927835051546392
			7.54639175257732	-0.927835051546392
			7.57731958762887	-0.927835051546392
			7.60824742268041	-0.958762886597938
			7.63917525773196	-0.958762886597938
			7.67010309278351	-0.958762886597938
			7.67010309278351	-0.989690721649485
			7.70103092783505	-0.989690721649485
			7.7319587628866	-0.989690721649485
			7.7319587628866	-1.02061855670103
			7.76288659793814	-1.02061855670103
			7.79381443298969	-1.05154639175258
			7.82474226804124	-1.08247422680412
			7.85567010309278	-1.08247422680412
			7.88659793814433	-1.11340206185567
			7.91752577319588	-1.11340206185567
			7.91752577319588	-1.14432989690722
			7.94845360824742	-1.14432989690722
			7.97938144329897	-1.17525773195876
			8.01030927835052	-1.20618556701031
			8.04123711340206	-1.23711340206186
			8.07216494845361	-1.2680412371134
			8.10309278350515	-1.29896907216495
			8.1340206185567	-1.3298969072165
			8.1340206185567	-1.36082474226804
			8.16494845360825	-1.39175257731959
			8.16494845360825	-1.42268041237113
			8.19587628865979	-1.42268041237113
			8.19587628865979	-1.45360824742268
			8.19587628865979	-1.48453608247423
			8.22680412371134	-1.51546391752577
			8.22680412371134	-1.54639175257732
			8.25773195876289	-1.57731958762887
			8.25773195876289	-1.60824742268041
			8.25773195876289	-1.63917525773196
			8.28865979381443	-1.67010309278351
			8.28865979381443	-1.70103092783505
			8.28865979381443	-1.7319587628866
			8.28865979381443	-1.76288659793814
			8.28865979381443	-1.79381443298969
			8.31958762886598	-1.79381443298969
			8.31958762886598	-1.82474226804124
			8.31958762886598	-1.85567010309278
			8.31958762886598	-1.88659793814433
			8.31958762886598	-1.91752577319588
			8.31958762886598	-1.94845360824742
			8.31958762886598	-1.97938144329897
			8.31958762886598	-2.01030927835052
			8.31958762886598	-2.04123711340206
			8.31958762886598	-2.07216494845361
			8.31958762886598	-2.10309278350515
			8.31958762886598	-2.1340206185567
			8.31958762886598	-2.16494845360825
			8.31958762886598	-2.19587628865979
			8.31958762886598	-2.22680412371134
			8.35051546391753	-2.22680412371134
			8.38144329896907	-2.22680412371134
			8.41237113402062	-2.22680412371134
			8.44329896907217	-2.22680412371134
			8.47422680412371	-2.25773195876289
			8.50515463917526	-2.25773195876289
			8.5360824742268	-2.25773195876289
			8.56701030927835	-2.25773195876289
			8.5979381443299	-2.25773195876289
			8.62886597938144	-2.25773195876289
			8.65979381443299	-2.28865979381443
			8.69072164948454	-2.28865979381443
			8.72164948453608	-2.28865979381443
			8.75257731958763	-2.28865979381443
			8.78350515463918	-2.31958762886598
			8.81443298969072	-2.31958762886598
			8.84536082474227	-2.31958762886598
			8.84536082474227	-2.35051546391753
			8.87628865979381	-2.35051546391753
			8.90721649484536	-2.35051546391753
			8.93814432989691	-2.38144329896907
			8.96907216494845	-2.38144329896907
			9	-2.41237113402062
			9.03092783505155	-2.41237113402062
			9.06185567010309	-2.44329896907217
			9.09278350515464	-2.44329896907217
			9.12371134020619	-2.47422680412371
			9.15463917525773	-2.50515463917526
			9.18556701030928	-2.5360824742268
			9.21649484536083	-2.56701030927835
			9.24742268041237	-2.5979381443299
			9.24742268041237	-2.62886597938144
			9.27835051546392	-2.65979381443299
			9.27835051546392	-2.69072164948454
			9.27835051546392	-2.72164948453608
			9.27835051546392	-2.75257731958763
			9.27835051546392	-2.78350515463918
			9.27835051546392	-2.81443298969072
			9.27835051546392	-2.84536082474227
			9.27835051546392	-2.87628865979381
			9.27835051546392	-2.90721649484536
			9.27835051546392	-2.93814432989691
			9.27835051546392	-2.96907216494845
			9.27835051546392	-3
			9.24742268041237	-3.03092783505155
			9.24742268041237	-3.06185567010309
			9.21649484536083	-3.09278350515464
			9.21649484536083	-3.12371134020619
			9.18556701030928	-3.15463917525773
			9.18556701030928	-3.18556701030928
			9.15463917525773	-3.18556701030928
			9.12371134020619	-3.21649484536082
			9.12371134020619	-3.24742268041237
			9.09278350515464	-3.24742268041237
			9.06185567010309	-3.27835051546392
			9.03092783505155	-3.27835051546392
			9	-3.30927835051546
			8.96907216494845	-3.30927835051546
			8.93814432989691	-3.30927835051546
			8.90721649484536	-3.34020618556701
			8.87628865979381	-3.34020618556701
			8.84536082474227	-3.34020618556701
			8.81443298969072	-3.37113402061856
			8.78350515463918	-3.37113402061856
			8.75257731958763	-3.37113402061856
			8.72164948453608	-3.37113402061856
			8.75257731958763	-3.4020618556701
			8.78350515463918	-3.4020618556701
			8.81443298969072	-3.4020618556701
			8.84536082474227	-3.43298969072165
			8.87628865979381	-3.43298969072165
			8.90721649484536	-3.4639175257732
			8.93814432989691	-3.4639175257732
			8.96907216494845	-3.49484536082474
			9	-3.49484536082474
			9.03092783505155	-3.49484536082474
			9.06185567010309	-3.52577319587629
			9.09278350515464	-3.52577319587629
			9.12371134020619	-3.55670103092784
			9.15463917525773	-3.55670103092784
			9.18556701030928	-3.58762886597938
			9.21649484536083	-3.58762886597938
			9.24742268041237	-3.58762886597938
			9.27835051546392	-3.61855670103093
			9.30927835051546	-3.61855670103093
			9.34020618556701	-3.64948453608247
			9.37113402061856	-3.64948453608247
			9.4020618556701	-3.68041237113402
			9.43298969072165	-3.68041237113402
			9.4639175257732	-3.71134020618557
			9.49484536082474	-3.71134020618557
			9.52577319587629	-3.74226804123711
			9.55670103092783	-3.74226804123711
			9.58762886597938	-3.77319587628866
			9.61855670103093	-3.77319587628866
			9.64948453608248	-3.80412371134021
			9.68041237113402	-3.80412371134021
			9.71134020618557	-3.83505154639175
			9.74226804123711	-3.83505154639175
			9.77319587628866	-3.8659793814433
			9.80412371134021	-3.8659793814433
			9.83505154639175	-3.8659793814433
			9.83505154639175	-3.89690721649485
			9.8659793814433	-3.89690721649485
			9.89690721649485	-3.92783505154639
			9.92783505154639	-3.92783505154639
			9.95876288659794	-3.95876288659794
			9.98969072164948	-3.95876288659794
			10.020618556701	-3.98969072164948
			10.0515463917526	-3.98969072164948
			10.0515463917526	-4.02061855670103
			10.0824742268041	-4.02061855670103
			10.1134020618557	-4.05154639175258
			10.1443298969072	-4.05154639175258
			10.1752577319588	-4.08247422680412
			10.2061855670103	-4.08247422680412
			10.2371134020619	-4.11340206185567
			10.2680412371134	-4.11340206185567
			10.2680412371134	-4.14432989690722
			10.2989690721649	-4.14432989690722
			10.3298969072165	-4.17525773195876
			10.360824742268	-4.17525773195876
			10.3917525773196	-4.20618556701031
			10.4226804123711	-4.20618556701031
			10.4226804123711	-4.23711340206186
			10.4536082474227	-4.23711340206186
			10.4845360824742	-4.2680412371134
			10.5154639175258	-4.2680412371134
			10.5154639175258	-4.29896907216495
			10.5463917525773	-4.29896907216495
			10.5773195876289	-4.3298969072165
			10.6082474226804	-4.36082474226804
			10.639175257732	-4.39175257731959
			10.6701030927835	-4.39175257731959
			10.7010309278351	-4.42268041237113
			10.7319587628866	-4.45360824742268
			10.7628865979381	-4.45360824742268
			10.7628865979381	-4.48453608247423
			10.7938144329897	-4.48453608247423
			10.8247422680412	-4.51546391752577
			10.8556701030928	-4.54639175257732
			10.8865979381443	-4.57731958762887
			10.9175257731959	-4.57731958762887
			10.9484536082474	-4.60824742268041
			10.9484536082474	-4.63917525773196
			10.979381443299	-4.63917525773196
			11.0103092783505	-4.67010309278351
			11.0103092783505	-4.70103092783505
			11.0412371134021	-4.70103092783505
			11.0721649484536	-4.7319587628866
			11.0721649484536	-4.76288659793814
			11.1030927835052	-4.76288659793814
			11.1030927835052	-4.79381443298969
			11.1340206185567	-4.82474226804124
			11.1649484536082	-4.82474226804124
			11.1649484536082	-4.85567010309278
		</suture>
		<anterior type=matrix rownames=FALSE colnames=FALSE nrow=296 ncol=2 as.numeric=TRUE >
			6.30927835051546	-0.804123711340206
			6.34020618556701	-0.804123711340206
			6.37113402061856	-0.804123711340206
			6.4020618556701	-0.77319587628866
			6.43298969072165	-0.77319587628866
			6.4639175257732	-0.77319587628866
			6.49484536082474	-0.77319587628866
			6.52577319587629	-0.77319587628866
			6.55670103092783	-0.77319587628866
			6.58762886597938	-0.77319587628866
			6.61855670103093	-0.77319587628866
			6.64948453608247	-0.77319587628866
			6.68041237113402	-0.77319587628866
			6.71134020618557	-0.77319587628866
			6.74226804123711	-0.742268041237113
			6.77319587628866	-0.742268041237113
			6.80412371134021	-0.742268041237113
			6.83505154639175	-0.742268041237113
			6.8659793814433	-0.742268041237113
			6.89690721649485	-0.742268041237113
			6.92783505154639	-0.742268041237113
			6.95876288659794	-0.742268041237113
			6.98969072164948	-0.742268041237113
			7.02061855670103	-0.742268041237113
			7.05154639175258	-0.742268041237113
			7.08247422680412	-0.742268041237113
			7.11340206185567	-0.742268041237113
			7.14432989690722	-0.742268041237113
			7.17525773195876	-0.742268041237113
			7.20618556701031	-0.742268041237113
			7.23711340206186	-0.742268041237113
			7.2680412371134	-0.742268041237113
			7.29896907216495	-0.742268041237113
			7.3298969072165	-0.742268041237113
			7.36082474226804	-0.742268041237113
			7.39175257731959	-0.742268041237113
			7.42268041237113	-0.742268041237113
			7.45360824742268	-0.742268041237113
			7.48453608247423	-0.742268041237113
			7.51546391752577	-0.742268041237113
			7.54639175257732	-0.742268041237113
			7.57731958762887	-0.742268041237113
			7.60824742268041	-0.742268041237113
			7.60824742268041	-0.77319587628866
			7.63917525773196	-0.77319587628866
			7.67010309278351	-0.77319587628866
			7.70103092783505	-0.77319587628866
			7.7319587628866	-0.77319587628866
			7.76288659793814	-0.77319587628866
			7.79381443298969	-0.77319587628866
			7.82474226804124	-0.77319587628866
			7.85567010309278	-0.77319587628866
			7.88659793814433	-0.77319587628866
			7.91752577319588	-0.77319587628866
			7.94845360824742	-0.77319587628866
			7.97938144329897	-0.77319587628866
			8.01030927835052	-0.77319587628866
			8.04123711340206	-0.77319587628866
			8.07216494845361	-0.77319587628866
			8.10309278350515	-0.77319587628866
			8.1340206185567	-0.77319587628866
			8.16494845360825	-0.77319587628866
			8.19587628865979	-0.77319587628866
			8.22680412371134	-0.77319587628866
			8.25773195876289	-0.77319587628866
			8.28865979381443	-0.804123711340206
			8.31958762886598	-0.804123711340206
			8.35051546391753	-0.804123711340206
			8.38144329896907	-0.804123711340206
			8.41237113402062	-0.804123711340206
			8.44329896907217	-0.804123711340206
			8.47422680412371	-0.804123711340206
			8.50515463917526	-0.804123711340206
			8.5360824742268	-0.804123711340206
			8.56701030927835	-0.804123711340206
			8.5979381443299	-0.804123711340206
			8.62886597938144	-0.804123711340206
			8.65979381443299	-0.804123711340206
			8.69072164948454	-0.804123711340206
			8.72164948453608	-0.804123711340206
			8.75257731958763	-0.804123711340206
			8.78350515463918	-0.835051546391753
			8.81443298969072	-0.835051546391753
			8.84536082474227	-0.835051546391753
			8.87628865979381	-0.835051546391753
			8.90721649484536	-0.835051546391753
			8.93814432989691	-0.835051546391753
			8.96907216494845	-0.835051546391753
			9	-0.835051546391753
			9.03092783505155	-0.835051546391753
			9.06185567010309	-0.835051546391753
			9.09278350515464	-0.835051546391753
			9.09278350515464	-0.865979381443299
			9.12371134020619	-0.865979381443299
			9.15463917525773	-0.865979381443299
			9.18556701030928	-0.865979381443299
			9.21649484536083	-0.865979381443299
			9.24742268041237	-0.896907216494845
			9.27835051546392	-0.896907216494845
			9.30927835051546	-0.896907216494845
			9.34020618556701	-0.927835051546392
			9.37113402061856	-0.927835051546392
			9.4020618556701	-0.958762886597938
			9.43298969072165	-0.958762886597938
			9.4639175257732	-0.989690721649485
			9.49484536082474	-0.989690721649485
			9.52577319587629	-1.02061855670103
			9.55670103092783	-1.02061855670103
			9.58762886597938	-1.05154639175258
			9.61855670103093	-1.05154639175258
			9.64948453608248	-1.08247422680412
			9.68041237113402	-1.08247422680412
			9.71134020618557	-1.11340206185567
			9.71134020618557	-1.14432989690722
			9.74226804123711	-1.17525773195876
			9.77319587628866	-1.17525773195876
			9.80412371134021	-1.20618556701031
			9.83505154639175	-1.23711340206186
			9.8659793814433	-1.2680412371134
			9.89690721649485	-1.29896907216495
			9.92783505154639	-1.29896907216495
			9.95876288659794	-1.3298969072165
			9.98969072164948	-1.36082474226804
			10.020618556701	-1.39175257731959
			10.0515463917526	-1.42268041237113
			10.0824742268041	-1.45360824742268
			10.1134020618557	-1.48453608247423
			10.1443298969072	-1.51546391752577
			10.1752577319588	-1.54639175257732
			10.2061855670103	-1.57731958762887
			10.2371134020619	-1.60824742268041
			10.2680412371134	-1.63917525773196
			10.2680412371134	-1.67010309278351
			10.2989690721649	-1.70103092783505
			10.3298969072165	-1.7319587628866
			10.360824742268	-1.76288659793814
			10.3917525773196	-1.79381443298969
			10.4226804123711	-1.82474226804124
			10.4226804123711	-1.85567010309278
			10.4536082474227	-1.88659793814433
			10.4845360824742	-1.91752577319588
			10.5154639175258	-1.94845360824742
			10.5154639175258	-1.97938144329897
			10.5463917525773	-2.01030927835052
			10.5773195876289	-2.04123711340206
			10.5773195876289	-2.07216494845361
			10.6082474226804	-2.10309278350515
			10.639175257732	-2.1340206185567
			10.6701030927835	-2.16494845360825
			10.6701030927835	-2.19587628865979
			10.7010309278351	-2.22680412371134
			10.7319587628866	-2.25773195876289
			10.7319587628866	-2.28865979381443
			10.7628865979381	-2.31958762886598
			10.7938144329897	-2.35051546391753
			10.7938144329897	-2.38144329896907
			10.8247422680412	-2.41237113402062
			10.8247422680412	-2.44329896907217
			10.8556701030928	-2.47422680412371
			10.8865979381443	-2.50515463917526
			10.8865979381443	-2.5360824742268
			10.9175257731959	-2.56701030927835
			10.9484536082474	-2.5979381443299
			10.9484536082474	-2.62886597938144
			10.979381443299	-2.65979381443299
			11.0103092783505	-2.69072164948454
			11.0103092783505	-2.72164948453608
			11.0103092783505	-2.75257731958763
			11.0412371134021	-2.75257731958763
			11.0412371134021	-2.78350515463918
			11.0721649484536	-2.81443298969072
			11.1030927835052	-2.81443298969072
			11.1340206185567	-2.84536082474227
			11.1649484536082	-2.87628865979381
			11.1958762886598	-2.87628865979381
			11.2268041237113	-2.90721649484536
			11.2577319587629	-2.90721649484536
			11.2886597938144	-2.93814432989691
			11.319587628866	-2.93814432989691
			11.3505154639175	-2.96907216494845
			11.3814432989691	-2.96907216494845
			11.4123711340206	-3
			11.4432989690722	-3
			11.4742268041237	-3.03092783505155
			11.5051546391753	-3.03092783505155
			11.5360824742268	-3.06185567010309
			11.5670103092784	-3.06185567010309
			11.5979381443299	-3.09278350515464
			11.6288659793814	-3.09278350515464
			11.659793814433	-3.12371134020619
			11.6907216494845	-3.12371134020619
			11.7216494845361	-3.15463917525773
			11.7525773195876	-3.15463917525773
			11.7835051546392	-3.18556701030928
			11.8144329896907	-3.18556701030928
			11.8453608247423	-3.21649484536082
			11.8762886597938	-3.21649484536082
			11.9072164948454	-3.21649484536082
			11.9381443298969	-3.24742268041237
			11.9690721649485	-3.24742268041237
			12	-3.27835051546392
			12.0309278350515	-3.27835051546392
			12.0618556701031	-3.30927835051546
			12.0927835051546	-3.30927835051546
			12.1237113402062	-3.34020618556701
			12.1546391752577	-3.34020618556701
			12.1855670103093	-3.34020618556701
			12.2164948453608	-3.37113402061856
			12.2474226804124	-3.37113402061856
			12.2783505154639	-3.4020618556701
			12.3092783505155	-3.4020618556701
			12.340206185567	-3.43298969072165
			12.3711340206186	-3.43298969072165
			12.4020618556701	-3.43298969072165
			12.4329896907216	-3.4639175257732
			12.4639175257732	-3.4639175257732
			12.4948453608247	-3.49484536082474
			12.5257731958763	-3.49484536082474
			12.5567010309278	-3.52577319587629
			12.5876288659794	-3.52577319587629
			12.6185567010309	-3.55670103092784
			12.6494845360825	-3.55670103092784
			12.680412371134	-3.58762886597938
			12.7113402061856	-3.58762886597938
			12.7422680412371	-3.61855670103093
			12.7731958762887	-3.61855670103093
			12.8041237113402	-3.61855670103093
			12.8350515463918	-3.64948453608247
			12.8659793814433	-3.68041237113402
			12.8969072164948	-3.71134020618557
			12.9278350515464	-3.71134020618557
			12.9587628865979	-3.71134020618557
			12.9587628865979	-3.74226804123711
			12.9896907216495	-3.74226804123711
			13.020618556701	-3.74226804123711
			13.020618556701	-3.77319587628866
			13.0515463917526	-3.77319587628866
			13.0824742268041	-3.80412371134021
			13.1134020618557	-3.80412371134021
			13.1443298969072	-3.83505154639175
			13.1752577319588	-3.8659793814433
			13.2061855670103	-3.8659793814433
			13.2371134020619	-3.89690721649485
			13.2680412371134	-3.89690721649485
			13.2680412371134	-3.92783505154639
			13.2989690721649	-3.92783505154639
			13.3298969072165	-3.95876288659794
			13.360824742268	-3.95876288659794
			13.360824742268	-3.98969072164948
			13.3917525773196	-3.98969072164948
			13.4226804123711	-4.02061855670103
			13.4536082474227	-4.05154639175258
			13.4845360824742	-4.05154639175258
			13.5154639175258	-4.08247422680412
			13.5463917525773	-4.11340206185567
			13.5773195876289	-4.11340206185567
			13.5773195876289	-4.14432989690722
			13.6082474226804	-4.17525773195876
			13.639175257732	-4.17525773195876
			13.6701030927835	-4.20618556701031
			13.7010309278351	-4.20618556701031
			13.7319587628866	-4.23711340206186
			13.7319587628866	-4.2680412371134
			13.7628865979381	-4.2680412371134
			13.7938144329897	-4.29896907216495
			13.8247422680412	-4.3298969072165
			13.8556701030928	-4.3298969072165
			13.8556701030928	-4.36082474226804
			13.8865979381443	-4.39175257731959
			13.9175257731959	-4.42268041237113
			13.9484536082474	-4.42268041237113
			13.9484536082474	-4.45360824742268
			13.979381443299	-4.48453608247423
			14.0103092783505	-4.48453608247423
			14.0412371134021	-4.51546391752577
			14.0412371134021	-4.54639175257732
			14.0721649484536	-4.57731958762887
			14.1030927835052	-4.57731958762887
			14.1340206185567	-4.60824742268041
			14.1340206185567	-4.63917525773196
			14.1649484536082	-4.67010309278351
			14.1958762886598	-4.67010309278351
			14.2268041237113	-4.70103092783505
			14.2268041237113	-4.7319587628866
			14.2577319587629	-4.76288659793814
			14.2886597938144	-4.76288659793814
			14.2886597938144	-4.79381443298969
			14.319587628866	-4.82474226804124
			14.3505154639175	-4.85567010309278
			14.3505154639175	-4.88659793814433
			14.3814432989691	-4.88659793814433
			14.4123711340206	-4.91752577319588
			14.4123711340206	-4.94845360824742
			14.4432989690722	-4.97938144329897
			14.4742268041237	-5.01030927835052
			14.5051546391753	-5.04123711340206
		</anterior>
		<posterior type=matrix rownames=FALSE colnames=FALSE nrow=922 ncol=2 as.numeric=TRUE >
			6.30927835051546	-5.04123711340206
			6.34020618556701	-5.04123711340206
			6.37113402061856	-5.04123711340206
			6.4020618556701	-5.04123711340206
			6.43298969072165	-5.04123711340206
			6.4639175257732	-5.04123711340206
			6.49484536082474	-5.04123711340206
			6.52577319587629	-5.04123711340206
			6.55670103092783	-5.04123711340206
			6.58762886597938	-5.04123711340206
			6.61855670103093	-5.04123711340206
			6.64948453608247	-5.04123711340206
			6.68041237113402	-5.04123711340206
			6.71134020618557	-5.04123711340206
			6.74226804123711	-5.04123711340206
			6.77319587628866	-5.04123711340206
			6.80412371134021	-5.04123711340206
			6.83505154639175	-5.04123711340206
			6.8659793814433	-5.01030927835052
			6.89690721649485	-5.01030927835052
			6.92783505154639	-5.01030927835052
			6.95876288659794	-5.01030927835052
			6.98969072164948	-5.01030927835052
			7.02061855670103	-5.01030927835052
			7.05154639175258	-5.01030927835052
			7.08247422680412	-5.01030927835052
			7.08247422680412	-4.97938144329897
			7.11340206185567	-4.97938144329897
			7.14432989690722	-4.97938144329897
			7.17525773195876	-4.97938144329897
			7.20618556701031	-4.97938144329897
			7.23711340206186	-4.97938144329897
			7.2680412371134	-4.94845360824742
			7.29896907216495	-4.94845360824742
			7.3298969072165	-4.94845360824742
			7.36082474226804	-4.94845360824742
			7.39175257731959	-4.94845360824742
			7.42268041237113	-4.94845360824742
			7.42268041237113	-4.91752577319588
			7.45360824742268	-4.91752577319588
			7.48453608247423	-4.91752577319588
			7.51546391752577	-4.91752577319588
			7.54639175257732	-4.91752577319588
			7.57731958762887	-4.88659793814433
			7.60824742268041	-4.88659793814433
			7.63917525773196	-4.88659793814433
			7.67010309278351	-4.88659793814433
			7.70103092783505	-4.88659793814433
			7.7319587628866	-4.88659793814433
			7.76288659793814	-4.85567010309278
			7.79381443298969	-4.85567010309278
			7.82474226804124	-4.85567010309278
			7.85567010309278	-4.85567010309278
			7.88659793814433	-4.85567010309278
			7.91752577319588	-4.85567010309278
			7.94845360824742	-4.85567010309278
			7.97938144329897	-4.85567010309278
			8.01030927835052	-4.85567010309278
			8.04123711340206	-4.85567010309278
			8.07216494845361	-4.82474226804124
			8.10309278350515	-4.82474226804124
			8.1340206185567	-4.82474226804124
			8.16494845360825	-4.82474226804124
			8.19587628865979	-4.82474226804124
			8.22680412371134	-4.82474226804124
			8.25773195876289	-4.82474226804124
			8.28865979381443	-4.82474226804124
			8.31958762886598	-4.82474226804124
			8.35051546391753	-4.82474226804124
			8.38144329896907	-4.82474226804124
			8.41237113402062	-4.82474226804124
			8.44329896907217	-4.79381443298969
			8.47422680412371	-4.79381443298969
			8.50515463917526	-4.79381443298969
			8.5360824742268	-4.79381443298969
			8.56701030927835	-4.79381443298969
			8.5979381443299	-4.79381443298969
			8.62886597938144	-4.79381443298969
			8.65979381443299	-4.79381443298969
			8.69072164948454	-4.79381443298969
			8.72164948453608	-4.79381443298969
			8.75257731958763	-4.79381443298969
			8.78350515463918	-4.79381443298969
			8.81443298969072	-4.79381443298969
			8.84536082474227	-4.79381443298969
			8.87628865979381	-4.79381443298969
			8.90721649484536	-4.79381443298969
			8.93814432989691	-4.79381443298969
			8.96907216494845	-4.79381443298969
			9	-4.79381443298969
			9.03092783505155	-4.79381443298969
			9.06185567010309	-4.79381443298969
			9.09278350515464	-4.79381443298969
			9.12371134020619	-4.79381443298969
			9.15463917525773	-4.76288659793814
			9.18556701030928	-4.76288659793814
			9.21649484536083	-4.76288659793814
			9.24742268041237	-4.76288659793814
			9.27835051546392	-4.76288659793814
			9.30927835051546	-4.76288659793814
			9.34020618556701	-4.76288659793814
			9.37113402061856	-4.76288659793814
			9.4020618556701	-4.76288659793814
			9.43298969072165	-4.76288659793814
			9.4639175257732	-4.76288659793814
			9.49484536082474	-4.76288659793814
			9.52577319587629	-4.76288659793814
			9.55670103092783	-4.79381443298969
			9.58762886597938	-4.79381443298969
			9.61855670103093	-4.79381443298969
			9.64948453608248	-4.79381443298969
			9.68041237113402	-4.79381443298969
			9.71134020618557	-4.79381443298969
			9.74226804123711	-4.79381443298969
			9.77319587628866	-4.79381443298969
			9.80412371134021	-4.79381443298969
			9.83505154639175	-4.79381443298969
			9.8659793814433	-4.79381443298969
			9.89690721649485	-4.79381443298969
			9.92783505154639	-4.79381443298969
			9.95876288659794	-4.79381443298969
			9.98969072164948	-4.79381443298969
			10.020618556701	-4.79381443298969
			10.0515463917526	-4.79381443298969
			10.0824742268041	-4.79381443298969
			10.1134020618557	-4.79381443298969
			10.1443298969072	-4.79381443298969
			10.1752577319588	-4.79381443298969
			10.2061855670103	-4.82474226804124
			10.2371134020619	-4.82474226804124
			10.2680412371134	-4.82474226804124
			10.2989690721649	-4.82474226804124
			10.3298969072165	-4.82474226804124
			10.360824742268	-4.82474226804124
			10.3917525773196	-4.82474226804124
			10.4226804123711	-4.82474226804124
			10.4536082474227	-4.82474226804124
			10.4845360824742	-4.82474226804124
			10.5154639175258	-4.82474226804124
			10.5463917525773	-4.85567010309278
			10.5773195876289	-4.85567010309278
			10.6082474226804	-4.85567010309278
			10.639175257732	-4.85567010309278
			10.6701030927835	-4.85567010309278
			10.7010309278351	-4.85567010309278
			10.7319587628866	-4.85567010309278
			10.7628865979381	-4.88659793814433
			10.7938144329897	-4.88659793814433
			10.8247422680412	-4.88659793814433
			10.8556701030928	-4.88659793814433
			10.8865979381443	-4.88659793814433
			10.9175257731959	-4.88659793814433
			10.9484536082474	-4.88659793814433
			10.979381443299	-4.91752577319588
			11.0103092783505	-4.91752577319588
			11.0412371134021	-4.91752577319588
			11.0721649484536	-4.91752577319588
			11.1030927835052	-4.91752577319588
			11.1340206185567	-4.91752577319588
			11.1649484536082	-4.94845360824742
			11.1958762886598	-4.94845360824742
			11.2268041237113	-4.94845360824742
			11.2577319587629	-4.94845360824742
			11.2577319587629	-4.91752577319588
			11.2886597938144	-4.91752577319588
			11.319587628866	-4.91752577319588
			11.3505154639175	-4.88659793814433
			11.3814432989691	-4.85567010309278
			11.4123711340206	-4.85567010309278
			11.4432989690722	-4.82474226804124
			11.4742268041237	-4.82474226804124
			11.4742268041237	-4.79381443298969
			11.5051546391753	-4.76288659793814
			11.5360824742268	-4.7319587628866
			11.5670103092784	-4.7319587628866
			11.5979381443299	-4.70103092783505
			11.5979381443299	-4.67010309278351
			11.6288659793814	-4.67010309278351
			11.659793814433	-4.63917525773196
			11.6907216494845	-4.60824742268041
			11.6907216494845	-4.57731958762887
			11.7216494845361	-4.54639175257732
			11.7216494845361	-4.51546391752577
			11.7525773195876	-4.48453608247423
			11.7835051546392	-4.48453608247423
			11.7835051546392	-4.45360824742268
			11.8144329896907	-4.42268041237113
			11.8144329896907	-4.39175257731959
			11.8453608247423	-4.36082474226804
			11.8453608247423	-4.3298969072165
			11.8453608247423	-4.29896907216495
			11.8762886597938	-4.2680412371134
			11.8762886597938	-4.23711340206186
			11.9072164948454	-4.20618556701031
			11.9072164948454	-4.17525773195876
			11.9072164948454	-4.14432989690722
			11.9072164948454	-4.11340206185567
			11.9381443298969	-4.08247422680412
			11.9381443298969	-4.05154639175258
			11.9381443298969	-4.02061855670103
			11.9690721649485	-4.02061855670103
			11.9690721649485	-3.98969072164948
			12	-3.98969072164948
			12.0309278350515	-3.95876288659794
			12.0618556701031	-3.95876288659794
			12.0927835051546	-3.95876288659794
			12.1237113402062	-3.95876288659794
			12.1546391752577	-3.95876288659794
			12.1855670103093	-3.95876288659794
			12.2164948453608	-3.95876288659794
			12.2474226804124	-3.95876288659794
			12.2783505154639	-3.95876288659794
			12.3092783505155	-3.95876288659794
			12.340206185567	-3.95876288659794
			12.340206185567	-3.98969072164948
			12.3711340206186	-3.98969072164948
			12.4020618556701	-3.98969072164948
			12.4329896907216	-3.98969072164948
			12.4639175257732	-3.98969072164948
			12.4948453608247	-4.02061855670103
			12.5257731958763	-4.02061855670103
			12.5567010309278	-4.02061855670103
			12.5876288659794	-4.02061855670103
			12.6185567010309	-4.05154639175258
			12.6494845360825	-4.05154639175258
			12.680412371134	-4.05154639175258
			12.7113402061856	-4.08247422680412
			12.7422680412371	-4.08247422680412
			12.7731958762887	-4.08247422680412
			12.8041237113402	-4.11340206185567
			12.8350515463918	-4.11340206185567
			12.8350515463918	-4.14432989690722
			12.8659793814433	-4.14432989690722
			12.8969072164948	-4.17525773195876
			12.9278350515464	-4.17525773195876
			12.9587628865979	-4.20618556701031
			12.9896907216495	-4.20618556701031
			13.020618556701	-4.23711340206186
			13.0515463917526	-4.2680412371134
			13.0824742268041	-4.2680412371134
			13.1134020618557	-4.29896907216495
			13.1443298969072	-4.29896907216495
			13.1443298969072	-4.3298969072165
			13.1752577319588	-4.36082474226804
			13.2061855670103	-4.36082474226804
			13.2371134020619	-4.39175257731959
			13.2680412371134	-4.42268041237113
			13.2989690721649	-4.42268041237113
			13.3298969072165	-4.45360824742268
			13.360824742268	-4.48453608247423
			13.3917525773196	-4.48453608247423
			13.4226804123711	-4.51546391752577
			13.4536082474227	-4.54639175257732
			13.4845360824742	-4.57731958762887
			13.5154639175258	-4.57731958762887
			13.5154639175258	-4.60824742268041
			13.5463917525773	-4.63917525773196
			13.5773195876289	-4.67010309278351
			13.6082474226804	-4.67010309278351
			13.639175257732	-4.70103092783505
			13.6701030927835	-4.7319587628866
			13.7010309278351	-4.76288659793814
			13.7319587628866	-4.79381443298969
			13.7628865979381	-4.82474226804124
			13.7938144329897	-4.85567010309278
			13.8247422680412	-4.85567010309278
			13.8556701030928	-4.88659793814433
			13.8865979381443	-4.91752577319588
			13.9175257731959	-4.94845360824742
			13.9175257731959	-4.97938144329897
			13.9484536082474	-5.01030927835052
			13.979381443299	-5.04123711340206
			14.0103092783505	-5.07216494845361
			14.0412371134021	-5.10309278350516
			14.0721649484536	-5.1340206185567
			14.1030927835052	-5.16494845360825
			14.1340206185567	-5.19587628865979
			14.1649484536082	-5.22680412371134
			14.1958762886598	-5.25773195876289
			14.2268041237113	-5.28865979381443
			14.2577319587629	-5.31958762886598
			14.2886597938144	-5.35051546391753
			14.319587628866	-5.38144329896907
			14.3505154639175	-5.41237113402062
			14.3814432989691	-5.44329896907217
			14.3814432989691	-5.47422680412371
			14.4123711340206	-5.50515463917526
			14.4432989690722	-5.5360824742268
			14.4432989690722	-5.56701030927835
			14.4742268041237	-5.5979381443299
			14.4742268041237	-5.62886597938144
			14.5051546391753	-5.65979381443299
			14.5360824742268	-5.69072164948454
			14.5360824742268	-5.72164948453608
			14.5670103092784	-5.75257731958763
			14.5979381443299	-5.78350515463918
			14.5979381443299	-5.81443298969072
			14.6288659793814	-5.84536082474227
			14.6288659793814	-5.87628865979381
			14.659793814433	-5.90721649484536
			14.659793814433	-5.93814432989691
			14.6907216494845	-5.93814432989691
			14.6907216494845	-5.96907216494845
			14.6907216494845	-6
			14.7216494845361	-6.03092783505155
			14.7216494845361	-6.06185567010309
			14.7525773195876	-6.09278350515464
			14.7835051546392	-6.12371134020619
			14.7835051546392	-6.15463917525773
			14.7835051546392	-6.18556701030928
			14.8144329896907	-6.21649484536082
			14.8144329896907	-6.24742268041237
			14.8453608247423	-6.27835051546392
			14.8453608247423	-6.30927835051546
			14.8762886597938	-6.34020618556701
			14.8762886597938	-6.37113402061856
			14.9072164948454	-6.4020618556701
			14.9072164948454	-6.43298969072165
			14.9072164948454	-6.4639175257732
			14.9381443298969	-6.49484536082474
			14.9381443298969	-6.52577319587629
			14.9690721649485	-6.55670103092783
			14.9690721649485	-6.58762886597938
			15	-6.61855670103093
			15	-6.64948453608247
			15.0309278350515	-6.68041237113402
			15.0309278350515	-6.71134020618557
			15.0309278350515	-6.74226804123711
			15.0618556701031	-6.77319587628866
			15.0618556701031	-6.80412371134021
			15.0927835051546	-6.83505154639175
			15.0927835051546	-6.8659793814433
			15.0927835051546	-6.89690721649485
			15.1237113402062	-6.92783505154639
			15.1237113402062	-6.95876288659794
			15.1546391752577	-6.98969072164948
			15.1546391752577	-7.02061855670103
			15.1546391752577	-7.05154639175258
			15.1855670103093	-7.08247422680412
			15.1855670103093	-7.11340206185567
			15.1855670103093	-7.14432989690722
			15.2164948453608	-7.17525773195876
			15.2164948453608	-7.20618556701031
			15.2474226804124	-7.23711340206186
			15.2474226804124	-7.2680412371134
			15.2474226804124	-7.29896907216495
			15.2474226804124	-7.3298969072165
			15.2783505154639	-7.36082474226804
			15.2783505154639	-7.39175257731959
			15.3092783505155	-7.42268041237113
			15.3092783505155	-7.45360824742268
			15.3092783505155	-7.48453608247423
			15.3092783505155	-7.51546391752577
			15.340206185567	-7.54639175257732
			15.340206185567	-7.57731958762887
			15.3711340206186	-7.60824742268041
			15.3711340206186	-7.63917525773196
			15.3711340206186	-7.67010309278351
			15.3711340206186	-7.70103092783505
			15.4020618556701	-7.7319587628866
			15.4020618556701	-7.76288659793814
			15.4020618556701	-7.79381443298969
			15.4329896907216	-7.82474226804124
			15.4329896907216	-7.85567010309278
			15.4329896907216	-7.88659793814433
			15.4639175257732	-7.91752577319588
			15.4639175257732	-7.94845360824742
			15.4639175257732	-7.97938144329897
			15.4639175257732	-8.01030927835052
			15.4948453608247	-8.04123711340206
			15.4948453608247	-8.07216494845361
			15.4948453608247	-8.10309278350515
			15.4948453608247	-8.1340206185567
			15.5257731958763	-8.16494845360825
			15.5257731958763	-8.19587628865979
			15.5257731958763	-8.22680412371134
			15.5257731958763	-8.25773195876289
			15.5257731958763	-8.28865979381443
			15.5257731958763	-8.31958762886598
			15.5567010309278	-8.35051546391753
			15.5567010309278	-8.38144329896907
			15.5567010309278	-8.41237113402062
			15.5567010309278	-8.44329896907217
			15.5567010309278	-8.47422680412371
			15.5876288659794	-8.50515463917526
			15.5876288659794	-8.5360824742268
			15.5876288659794	-8.56701030927835
			15.5876288659794	-8.5979381443299
			15.5876288659794	-8.62886597938144
			15.5876288659794	-8.65979381443299
			15.5876288659794	-8.69072164948454
			15.6185567010309	-8.72164948453608
			15.6185567010309	-8.75257731958763
			15.6185567010309	-8.78350515463918
			15.6185567010309	-8.81443298969072
			15.6185567010309	-8.84536082474227
			15.6185567010309	-8.87628865979381
			15.6185567010309	-8.90721649484536
			15.6185567010309	-8.93814432989691
			15.6494845360825	-8.96907216494845
			15.6494845360825	-9
			15.6494845360825	-9.03092783505155
			15.6494845360825	-9.06185567010309
			15.6494845360825	-9.09278350515464
			15.6494845360825	-9.12371134020619
			15.6494845360825	-9.15463917525773
			15.6494845360825	-9.18556701030928
			15.6494845360825	-9.21649484536083
			15.6494845360825	-9.24742268041237
			15.6494845360825	-9.27835051546392
			15.680412371134	-9.30927835051546
			15.680412371134	-9.34020618556701
			15.680412371134	-9.37113402061856
			15.680412371134	-9.4020618556701
			15.680412371134	-9.43298969072165
			15.680412371134	-9.4639175257732
			15.680412371134	-9.49484536082474
			15.680412371134	-9.52577319587629
			15.680412371134	-9.55670103092783
			15.680412371134	-9.58762886597938
			15.680412371134	-9.61855670103093
			15.680412371134	-9.64948453608248
			15.680412371134	-9.68041237113402
			15.680412371134	-9.71134020618557
			15.680412371134	-9.74226804123711
			15.680412371134	-9.77319587628866
			15.680412371134	-9.80412371134021
			15.680412371134	-9.83505154639175
			15.6494845360825	-9.8659793814433
			15.6494845360825	-9.89690721649485
			15.6494845360825	-9.92783505154639
			15.6494845360825	-9.95876288659794
			15.6494845360825	-9.98969072164948
			15.6494845360825	-10.020618556701
			15.6494845360825	-10.0515463917526
			15.6185567010309	-10.0824742268041
			15.6185567010309	-10.1134020618557
			15.6185567010309	-10.1443298969072
			15.6185567010309	-10.1752577319588
			15.6185567010309	-10.2061855670103
			15.5876288659794	-10.2371134020619
			15.5876288659794	-10.2680412371134
			15.5876288659794	-10.2989690721649
			15.5876288659794	-10.3298969072165
			15.5876288659794	-10.360824742268
			15.5876288659794	-10.3917525773196
			15.5567010309278	-10.4226804123711
			15.5567010309278	-10.4536082474227
			15.5567010309278	-10.4845360824742
			15.5567010309278	-10.5154639175258
			15.5567010309278	-10.5463917525773
			15.5257731958763	-10.5773195876289
			15.5257731958763	-10.6082474226804
			15.5257731958763	-10.639175257732
			15.5257731958763	-10.6701030927835
			15.5257731958763	-10.7010309278351
			15.5257731958763	-10.7319587628866
			15.4948453608247	-10.7628865979381
			15.4948453608247	-10.7938144329897
			15.4948453608247	-10.8247422680412
			15.4948453608247	-10.8556701030928
			15.4948453608247	-10.8865979381443
			15.4639175257732	-10.9175257731959
			15.4639175257732	-10.9484536082474
			15.4639175257732	-10.979381443299
			15.4639175257732	-11.0103092783505
			15.4639175257732	-11.0412371134021
			15.4329896907216	-11.0721649484536
			15.4329896907216	-11.1030927835052
			15.4329896907216	-11.1340206185567
			15.4329896907216	-11.1649484536082
			15.4020618556701	-11.1958762886598
			15.4020618556701	-11.2268041237113
			15.4020618556701	-11.2577319587629
			15.4020618556701	-11.2886597938144
			15.4020618556701	-11.319587628866
			15.3711340206186	-11.3505154639175
			15.3711340206186	-11.3814432989691
			15.3711340206186	-11.4123711340206
			15.3711340206186	-11.4432989690722
			15.3711340206186	-11.4742268041237
			15.340206185567	-11.5051546391753
			15.340206185567	-11.5360824742268
			15.340206185567	-11.5670103092784
			15.340206185567	-11.5979381443299
			15.3092783505155	-11.6288659793814
			15.3092783505155	-11.659793814433
			15.3092783505155	-11.6907216494845
			15.3092783505155	-11.7216494845361
			15.3092783505155	-11.7525773195876
			15.2783505154639	-11.7835051546392
			15.2783505154639	-11.8144329896907
			15.2783505154639	-11.8453608247423
			15.2783505154639	-11.8762886597938
			15.2474226804124	-11.9072164948454
			15.2474226804124	-11.9381443298969
			15.2474226804124	-11.9690721649485
			15.2474226804124	-12
			15.2164948453608	-12.0309278350515
			15.2164948453608	-12.0618556701031
			15.2164948453608	-12.0927835051546
			15.2164948453608	-12.1237113402062
			15.1855670103093	-12.1546391752577
			15.1855670103093	-12.1855670103093
			15.1855670103093	-12.2164948453608
			15.1855670103093	-12.2474226804124
			15.1855670103093	-12.2783505154639
			15.1546391752577	-12.3092783505155
			15.1546391752577	-12.340206185567
			15.1546391752577	-12.3711340206186
			15.1546391752577	-12.4020618556701
			15.1237113402062	-12.4329896907216
			15.1237113402062	-12.4639175257732
			15.1237113402062	-12.4948453608247
			15.1237113402062	-12.5257731958763
			15.0927835051546	-12.5567010309278
			15.0927835051546	-12.5876288659794
			15.0927835051546	-12.6185567010309
			15.0927835051546	-12.6494845360825
			15.0618556701031	-12.6494845360825
			15.0618556701031	-12.680412371134
			15.0618556701031	-12.7113402061856
			15.0618556701031	-12.7422680412371
			15.0309278350515	-12.7731958762887
			15.0309278350515	-12.8041237113402
			15.0309278350515	-12.8350515463918
			15.0309278350515	-12.8659793814433
			15	-12.8969072164948
			15	-12.9278350515464
			15	-12.9587628865979
			14.9690721649485	-12.9896907216495
			14.9690721649485	-13.020618556701
			14.9690721649485	-13.0515463917526
			14.9690721649485	-13.0824742268041
			14.9381443298969	-13.1134020618557
			14.9381443298969	-13.1443298969072
			14.9381443298969	-13.1752577319588
			14.9381443298969	-13.2061855670103
			14.9072164948454	-13.2061855670103
			14.9072164948454	-13.2371134020619
			14.9072164948454	-13.2680412371134
			14.9072164948454	-13.2989690721649
			14.8762886597938	-13.3298969072165
			14.8762886597938	-13.360824742268
			14.8762886597938	-13.3917525773196
			14.8453608247423	-13.4226804123711
			14.8453608247423	-13.4536082474227
			14.8453608247423	-13.4845360824742
			14.8453608247423	-13.5154639175258
			14.8144329896907	-13.5463917525773
			14.8144329896907	-13.5773195876289
			14.8144329896907	-13.6082474226804
			14.7835051546392	-13.639175257732
			14.7835051546392	-13.6701030927835
			14.7835051546392	-13.7010309278351
			14.7525773195876	-13.7319587628866
			14.7525773195876	-13.7628865979381
			14.7525773195876	-13.7938144329897
			14.7216494845361	-13.8247422680412
			14.7216494845361	-13.8556701030928
			14.7216494845361	-13.8865979381443
			14.6907216494845	-13.9175257731959
			14.6907216494845	-13.9484536082474
			14.6907216494845	-13.979381443299
			14.6907216494845	-14.0103092783505
			14.659793814433	-14.0412371134021
			14.659793814433	-14.0721649484536
			14.6288659793814	-14.1030927835052
			14.6288659793814	-14.1340206185567
			14.6288659793814	-14.1649484536082
			14.5979381443299	-14.1958762886598
			14.5979381443299	-14.2268041237113
			14.5979381443299	-14.2577319587629
			14.5670103092784	-14.2886597938144
			14.5670103092784	-14.319587628866
			14.5670103092784	-14.3505154639175
			14.5360824742268	-14.3814432989691
			14.5360824742268	-14.4123711340206
			14.5360824742268	-14.4432989690722
			14.5051546391753	-14.4742268041237
			14.5051546391753	-14.5051546391753
			14.5051546391753	-14.5360824742268
			14.4742268041237	-14.5670103092784
			14.4742268041237	-14.5979381443299
			14.4432989690722	-14.6288659793814
			14.4432989690722	-14.659793814433
			14.4432989690722	-14.6907216494845
			14.4123711340206	-14.7216494845361
			14.4123711340206	-14.7525773195876
			14.3814432989691	-14.7835051546392
			14.3814432989691	-14.8144329896907
			14.3814432989691	-14.8453608247423
			14.3814432989691	-14.8762886597938
			14.3505154639175	-14.8762886597938
			14.3505154639175	-14.9072164948454
			14.3505154639175	-14.8762886597938
			14.3814432989691	-14.8453608247423
			14.3814432989691	-14.8144329896907
			14.4123711340206	-14.8144329896907
			14.4123711340206	-14.7835051546392
			14.4432989690722	-14.7525773195876
			14.4432989690722	-14.7216494845361
			14.4742268041237	-14.6907216494845
			14.4742268041237	-14.659793814433
			14.5051546391753	-14.6288659793814
			14.5051546391753	-14.5979381443299
			14.5360824742268	-14.5670103092784
			14.5360824742268	-14.5360824742268
			14.5360824742268	-14.5051546391753
			14.5670103092784	-14.4742268041237
			14.5670103092784	-14.4432989690722
			14.5979381443299	-14.4123711340206
			14.5979381443299	-14.3814432989691
			14.6288659793814	-14.3505154639175
			14.6288659793814	-14.319587628866
			14.659793814433	-14.2886597938144
			14.659793814433	-14.2577319587629
			14.659793814433	-14.2268041237113
			14.6907216494845	-14.1958762886598
			14.6907216494845	-14.1649484536082
			14.7216494845361	-14.1340206185567
			14.7216494845361	-14.1030927835052
			14.7216494845361	-14.0721649484536
			14.7525773195876	-14.0721649484536
			14.7525773195876	-14.0412371134021
			14.7525773195876	-14.0103092783505
			14.7835051546392	-13.979381443299
			14.7835051546392	-13.9484536082474
			14.7835051546392	-13.9175257731959
			14.8144329896907	-13.8865979381443
			14.8144329896907	-13.8556701030928
			14.8453608247423	-13.8247422680412
			14.8453608247423	-13.7938144329897
			14.8762886597938	-13.7628865979381
			14.8762886597938	-13.7319587628866
			14.8762886597938	-13.7010309278351
			14.9072164948454	-13.6701030927835
			14.9072164948454	-13.639175257732
			14.9072164948454	-13.6082474226804
			14.9381443298969	-13.5773195876289
			14.9381443298969	-13.5463917525773
			14.9381443298969	-13.5154639175258
			14.9690721649485	-13.4845360824742
			14.9690721649485	-13.4536082474227
			15	-13.4226804123711
			15	-13.3917525773196
			15	-13.360824742268
			15.0309278350515	-13.3298969072165
			15.0309278350515	-13.2989690721649
			15.0309278350515	-13.2680412371134
			15.0618556701031	-13.2371134020619
			15.0618556701031	-13.2061855670103
			15.0618556701031	-13.1752577319588
			15.0927835051546	-13.1443298969072
			15.0927835051546	-13.1134020618557
			15.0927835051546	-13.0824742268041
			15.0927835051546	-13.0515463917526
			15.1237113402062	-13.0515463917526
			15.1237113402062	-13.020618556701
			15.1237113402062	-12.9896907216495
			15.1546391752577	-12.9587628865979
			15.1546391752577	-12.9278350515464
			15.1546391752577	-12.8969072164948
			15.1855670103093	-12.8659793814433
			15.1855670103093	-12.8350515463918
			15.1855670103093	-12.8041237113402
			15.2164948453608	-12.7731958762887
			15.2164948453608	-12.7422680412371
			15.2164948453608	-12.7113402061856
			15.2474226804124	-12.680412371134
			15.2474226804124	-12.6494845360825
			15.2474226804124	-12.6185567010309
			15.2783505154639	-12.5876288659794
			15.2783505154639	-12.5567010309278
			15.2783505154639	-12.5257731958763
			15.2783505154639	-12.4948453608247
			15.3092783505155	-12.4639175257732
			15.3092783505155	-12.4329896907216
			15.3092783505155	-12.4020618556701
			15.340206185567	-12.3711340206186
			15.340206185567	-12.340206185567
			15.340206185567	-12.3092783505155
			15.3711340206186	-12.2783505154639
			15.3711340206186	-12.2474226804124
			15.3711340206186	-12.2164948453608
			15.3711340206186	-12.1855670103093
			15.4020618556701	-12.1546391752577
			15.4020618556701	-12.1237113402062
			15.4020618556701	-12.0927835051546
			15.4329896907216	-12.0618556701031
			15.4329896907216	-12.0309278350515
			15.4329896907216	-12
			15.4639175257732	-11.9690721649485
			15.4639175257732	-11.9381443298969
			15.4639175257732	-11.9072164948454
			15.4639175257732	-11.8762886597938
			15.4948453608247	-11.8453608247423
			15.4948453608247	-11.8144329896907
			15.4948453608247	-11.7835051546392
			15.4948453608247	-11.7525773195876
			15.5257731958763	-11.7216494845361
			15.5257731958763	-11.6907216494845
			15.5257731958763	-11.659793814433
			15.5567010309278	-11.6288659793814
			15.5567010309278	-11.5979381443299
			15.5567010309278	-11.5670103092784
			15.5567010309278	-11.5360824742268
			15.5876288659794	-11.5051546391753
			15.5876288659794	-11.4742268041237
			15.5876288659794	-11.4432989690722
			15.6185567010309	-11.4123711340206
			15.6185567010309	-11.3814432989691
			15.6185567010309	-11.3505154639175
			15.6185567010309	-11.319587628866
			15.6494845360825	-11.2886597938144
			15.6494845360825	-11.2577319587629
			15.6494845360825	-11.2268041237113
			15.680412371134	-11.1958762886598
			15.680412371134	-11.1649484536082
			15.680412371134	-11.1340206185567
			15.680412371134	-11.1030927835052
			15.7113402061856	-11.0721649484536
			15.7113402061856	-11.0412371134021
			15.7113402061856	-11.0103092783505
			15.7113402061856	-10.979381443299
			15.7422680412371	-10.9484536082474
			15.7422680412371	-10.9175257731959
			15.7422680412371	-10.8865979381443
			15.7422680412371	-10.8556701030928
			15.7422680412371	-10.8247422680412
			15.7731958762887	-10.7938144329897
			15.7731958762887	-10.7628865979381
			15.7731958762887	-10.7319587628866
			15.7731958762887	-10.7010309278351
			15.7731958762887	-10.6701030927835
			15.7731958762887	-10.639175257732
			15.7731958762887	-10.6082474226804
			15.7731958762887	-10.5773195876289
			15.8041237113402	-10.5463917525773
			15.8041237113402	-10.5154639175258
			15.8041237113402	-10.4845360824742
			15.8041237113402	-10.4536082474227
			15.8041237113402	-10.4226804123711
			15.8041237113402	-10.3917525773196
			15.8041237113402	-10.360824742268
			15.8041237113402	-10.3298969072165
			15.8041237113402	-10.2989690721649
			15.8041237113402	-10.2680412371134
			15.8350515463918	-10.2371134020619
			15.8350515463918	-10.2061855670103
			15.8350515463918	-10.1752577319588
			15.8350515463918	-10.1443298969072
			15.8350515463918	-10.1134020618557
			15.8350515463918	-10.0824742268041
			15.8350515463918	-10.0515463917526
			15.8350515463918	-10.020618556701
			15.8350515463918	-9.98969072164948
			15.8350515463918	-9.95876288659794
			15.8350515463918	-9.92783505154639
			15.8350515463918	-9.89690721649485
			15.8350515463918	-9.8659793814433
			15.8350515463918	-9.83505154639175
			15.8659793814433	-9.80412371134021
			15.8659793814433	-9.77319587628866
			15.8659793814433	-9.74226804123711
			15.8659793814433	-9.71134020618557
			15.8659793814433	-9.68041237113402
			15.8659793814433	-9.64948453608248
			15.8659793814433	-9.61855670103093
			15.8659793814433	-9.58762886597938
			15.8659793814433	-9.55670103092783
			15.8659793814433	-9.52577319587629
			15.8659793814433	-9.49484536082474
			15.8659793814433	-9.4639175257732
			15.8659793814433	-9.43298969072165
			15.8659793814433	-9.4020618556701
			15.8659793814433	-9.37113402061856
			15.8659793814433	-9.34020618556701
			15.8659793814433	-9.30927835051546
			15.8659793814433	-9.27835051546392
			15.8659793814433	-9.24742268041237
			15.8659793814433	-9.21649484536083
			15.8659793814433	-9.18556701030928
			15.8659793814433	-9.15463917525773
			15.8659793814433	-9.12371134020619
			15.8659793814433	-9.09278350515464
			15.8659793814433	-9.06185567010309
			15.8659793814433	-9.03092783505155
			15.8659793814433	-9
			15.8659793814433	-8.96907216494845
			15.8659793814433	-8.93814432989691
			15.8659793814433	-8.90721649484536
			15.8659793814433	-8.87628865979381
			15.8659793814433	-8.84536082474227
			15.8350515463918	-8.84536082474227
			15.8350515463918	-8.81443298969072
			15.8350515463918	-8.78350515463918
			15.8350515463918	-8.75257731958763
			15.8350515463918	-8.72164948453608
			15.8350515463918	-8.69072164948454
			15.8350515463918	-8.65979381443299
			15.8350515463918	-8.62886597938144
			15.8350515463918	-8.5979381443299
			15.8350515463918	-8.56701030927835
			15.8350515463918	-8.5360824742268
			15.8350515463918	-8.50515463917526
			15.8350515463918	-8.47422680412371
			15.8350515463918	-8.44329896907217
			15.8041237113402	-8.41237113402062
			15.8041237113402	-8.38144329896907
			15.8041237113402	-8.35051546391753
			15.8041237113402	-8.31958762886598
			15.8041237113402	-8.28865979381443
			15.8041237113402	-8.25773195876289
			15.8041237113402	-8.22680412371134
			15.8041237113402	-8.19587628865979
			15.7731958762887	-8.16494845360825
			15.7731958762887	-8.1340206185567
			15.7731958762887	-8.10309278350515
			15.7731958762887	-8.07216494845361
			15.7731958762887	-8.04123711340206
			15.7731958762887	-8.01030927835052
			15.7731958762887	-7.97938144329897
			15.7731958762887	-7.94845360824742
			15.7422680412371	-7.91752577319588
			15.7422680412371	-7.88659793814433
			15.7422680412371	-7.85567010309278
			15.7422680412371	-7.82474226804124
			15.7422680412371	-7.79381443298969
			15.7113402061856	-7.76288659793814
			15.7113402061856	-7.7319587628866
			15.7113402061856	-7.70103092783505
			15.7113402061856	-7.67010309278351
			15.7113402061856	-7.63917525773196
			15.680412371134	-7.60824742268041
			15.680412371134	-7.57731958762887
			15.680412371134	-7.54639175257732
			15.680412371134	-7.51546391752577
			15.680412371134	-7.48453608247423
			15.6494845360825	-7.45360824742268
			15.6494845360825	-7.42268041237113
			15.6494845360825	-7.39175257731959
			15.6494845360825	-7.36082474226804
			15.6185567010309	-7.36082474226804
			15.6185567010309	-7.3298969072165
			15.6185567010309	-7.29896907216495
			15.6185567010309	-7.2680412371134
			15.5876288659794	-7.23711340206186
			15.5876288659794	-7.20618556701031
			15.5876288659794	-7.17525773195876
			15.5876288659794	-7.14432989690722
			15.5567010309278	-7.11340206185567
			15.5567010309278	-7.08247422680412
			15.5567010309278	-7.05154639175258
			15.5257731958763	-7.02061855670103
			15.5257731958763	-6.98969072164948
			15.5257731958763	-6.95876288659794
			15.5257731958763	-6.92783505154639
			15.4948453608247	-6.89690721649485
			15.4948453608247	-6.8659793814433
			15.4639175257732	-6.83505154639175
			15.4639175257732	-6.80412371134021
			15.4639175257732	-6.77319587628866
			15.4329896907216	-6.74226804123711
			15.4329896907216	-6.71134020618557
			15.4329896907216	-6.68041237113402
			15.4020618556701	-6.64948453608247
			15.4020618556701	-6.61855670103093
			15.4020618556701	-6.58762886597938
			15.3711340206186	-6.58762886597938
			15.3711340206186	-6.55670103092783
			15.3711340206186	-6.52577319587629
			15.340206185567	-6.49484536082474
			15.340206185567	-6.4639175257732
			15.340206185567	-6.43298969072165
			15.3092783505155	-6.4020618556701
			15.3092783505155	-6.37113402061856
			15.2783505154639	-6.34020618556701
			15.2783505154639	-6.30927835051546
			15.2474226804124	-6.27835051546392
			15.2474226804124	-6.24742268041237
			15.2164948453608	-6.21649484536082
			15.2164948453608	-6.18556701030928
			15.1855670103093	-6.15463917525773
			15.1855670103093	-6.12371134020619
			15.1546391752577	-6.09278350515464
			15.1546391752577	-6.06185567010309
			15.1237113402062	-6.03092783505155
			15.1237113402062	-6
			15.0927835051546	-5.96907216494845
			15.0927835051546	-5.93814432989691
			15.0618556701031	-5.90721649484536
			15.0618556701031	-5.87628865979381
			15.0309278350515	-5.84536082474227
			15.0309278350515	-5.81443298969072
			15	-5.78350515463918
			15	-5.75257731958763
			14.9690721649485	-5.72164948453608
			14.9690721649485	-5.69072164948454
			14.9381443298969	-5.65979381443299
			14.9072164948454	-5.62886597938144
			14.9072164948454	-5.5979381443299
			14.8762886597938	-5.56701030927835
			14.8762886597938	-5.5360824742268
			14.8453608247423	-5.5360824742268
			14.8453608247423	-5.50515463917526
			14.8144329896907	-5.47422680412371
			14.7835051546392	-5.44329896907217
			14.7835051546392	-5.41237113402062
			14.7525773195876	-5.38144329896907
			14.7216494845361	-5.35051546391753
			14.7216494845361	-5.31958762886598
			14.6907216494845	-5.28865979381443
			14.6907216494845	-5.25773195876289
			14.659793814433	-5.22680412371134
			14.6288659793814	-5.22680412371134
			14.6288659793814	-5.19587628865979
			14.5979381443299	-5.16494845360825
			14.5670103092784	-5.1340206185567
			14.5670103092784	-5.10309278350516
			14.5360824742268	-5.07216494845361
			14.5051546391753	-5.04123711340206
		</posterior>
	</curves.scaled>
	<ruler.points type=matrix rownames=TRUE colnames=FALSE nrow=2 ncol=2 as.numeric=TRUE >
		Ruler point 1	429	558
		Ruler point 2	526	558
	</ruler.points>
</shapes>

