<shapes type=list>
	<ruler.pixel type=vector names=FALSE length=1 as.numeric=TRUE >57</ruler.pixel>
	<ruler.interval type=vector names=FALSE length=1 as.numeric=TRUE >1</ruler.interval>
	<scaling.units type=vector names=FALSE length=1 as.numeric=FALSE >mm</scaling.units>
	<scaling type=vector names=FALSE length=1 as.numeric=TRUE >0.0175438596491228</scaling>
	<landmarks.pixel type=matrix rownames=TRUE colnames=FALSE nrow=16 ncol=2 as.numeric=TRUE >
		LM1	283	15
		LM2	283	19
		LM3	286	221
		LM4	285	253
		LM5	365	61
		LM6	354	232
		LM7	359	252
		LM8	411	121
		LM9	429	167
		LM10	283	19
		LM11	478	202
		LM12	485	210
		LM13	283	15
		LM14	444	142
		LM15	501	253
		LM16	503	302
	</landmarks.pixel>
	<landmarks.scaled type=matrix rownames=TRUE colnames=FALSE nrow=16 ncol=2 as.numeric=TRUE >
		LM1	4.96491228070175	-0.263157894736842
		LM2	4.96491228070175	-0.333333333333333
		LM3	5.01754385964912	-3.87719298245614
		LM4	5	-4.43859649122807
		LM5	6.40350877192982	-1.07017543859649
		LM6	6.21052631578947	-4.07017543859649
		LM7	6.29824561403509	-4.42105263157895
		LM8	7.21052631578947	-2.12280701754386
		LM9	7.52631578947368	-2.92982456140351
		LM10	4.96491228070175	-0.333333333333333
		LM11	8.3859649122807	-3.54385964912281
		LM12	8.50877192982456	-3.68421052631579
		LM13	4.96491228070175	-0.263157894736842
		LM14	7.78947368421053	-2.49122807017544
		LM15	8.78947368421053	-4.43859649122807
		LM16	8.82456140350877	-5.29824561403509
	</landmarks.scaled>
	<curves.control type=list>
		<glabella type=matrix rownames=FALSE colnames=FALSE nrow=15 ncol=2 as.numeric=TRUE >
			283	19
			303	21
			334	31
			350	42
			360	49
			372	61
			360	75
			351	101
			321	211
			318	220
			340	227
			350	231
			362	236
			365	250
			359	252
		</glabella>
		<suture type=matrix rownames=FALSE colnames=FALSE nrow=19 ncol=2 as.numeric=TRUE >
			283	19
			303	21
			334	31
			350	42
			360	49
			368	56
			371	67
			369	77
			379	88
			401	96
			416	109
			419	117
			424	121
			392	126
			432	174
			442	182
			449	182
			462	187
			485	210
		</suture>
		<anterior type=matrix rownames=FALSE colnames=FALSE nrow=9 ncol=2 as.numeric=TRUE >
			283	15
			327	22
			358	41
			381	62
			416	97
			444	129
			462	160
			488	209
			501	253
		</anterior>
		<posterior type=matrix rownames=FALSE colnames=FALSE nrow=13 ncol=2 as.numeric=TRUE >
			285	253
			303	254
			348	253
			365	257
			403	263
			431	270
			441	272
			460	278
			488	293
			495	298
			503	302
			505	281
			501	253
		</posterior>
	</curves.control>
	<curves.pixel type=list>
		<glabella type=matrix rownames=FALSE colnames=FALSE nrow=314 ncol=2 as.numeric=TRUE >
			283	19
			284	19
			285	19
			286	19
			287	19
			287	20
			288	20
			289	20
			290	20
			291	20
			292	20
			293	20
			294	21
			295	21
			296	21
			297	21
			298	21
			299	22
			300	22
			301	22
			302	22
			303	22
			304	23
			305	23
			306	23
			307	23
			308	24
			309	24
			310	24
			311	24
			312	25
			313	25
			314	25
			315	25
			316	26
			317	26
			318	26
			319	26
			320	27
			321	27
			322	27
			323	28
			324	28
			325	28
			326	29
			327	29
			328	29
			329	29
			330	30
			331	30
			332	30
			333	31
			334	31
			335	31
			335	32
			336	32
			337	33
			338	33
			339	34
			340	35
			341	36
			342	37
			343	37
			343	38
			344	38
			345	38
			345	39
			346	39
			347	40
			348	41
			349	41
			350	42
			351	43
			352	44
			353	44
			354	45
			355	46
			356	46
			357	47
			358	47
			358	48
			359	48
			360	49
			361	50
			362	51
			363	52
			363	53
			364	54
			365	55
			365	56
			365	57
			366	58
			366	59
			366	60
			366	61
			366	62
			366	63
			366	64
			366	65
			365	66
			365	67
			364	68
			364	69
			364	70
			363	71
			362	72
			361	73
			361	74
			360	75
			360	76
			359	77
			359	78
			359	79
			358	80
			358	81
			358	82
			357	83
			357	84
			357	85
			356	86
			356	87
			356	88
			355	89
			355	90
			355	91
			355	92
			354	93
			354	94
			354	95
			353	96
			353	97
			353	98
			352	99
			352	100
			352	101
			352	102
			351	102
			351	103
			351	104
			351	105
			350	106
			350	107
			350	108
			350	109
			349	110
			349	111
			349	112
			348	113
			348	114
			348	115
			348	116
			347	117
			347	118
			347	119
			346	120
			346	121
			346	122
			346	123
			345	124
			345	125
			345	126
			344	127
			344	128
			344	129
			343	130
			343	131
			343	132
			343	133
			342	134
			342	135
			342	136
			342	137
			341	137
			341	138
			341	139
			341	140
			340	141
			340	142
			340	143
			340	144
			339	144
			339	145
			339	146
			339	147
			338	148
			338	149
			338	150
			338	151
			337	152
			337	153
			337	154
			337	155
			336	156
			336	157
			336	158
			335	159
			335	160
			335	161
			335	162
			334	163
			334	164
			334	165
			333	166
			333	167
			333	168
			333	169
			332	170
			332	171
			332	172
			331	173
			331	174
			331	175
			331	176
			330	177
			330	178
			330	179
			329	180
			329	181
			329	182
			329	183
			328	184
			328	185
			328	186
			328	187
			327	188
			327	189
			327	190
			326	191
			326	192
			326	193
			326	194
			325	195
			325	196
			325	197
			324	198
			324	199
			324	200
			324	201
			323	202
			323	203
			323	204
			323	205
			322	206
			322	207
			322	208
			322	209
			321	210
			321	211
			321	212
			321	213
			321	214
			321	215
			321	216
			322	217
			323	218
			323	219
			324	219
			325	220
			326	221
			327	222
			328	222
			329	223
			330	223
			331	224
			332	224
			333	225
			334	225
			335	225
			336	226
			337	226
			338	226
			339	227
			340	227
			341	227
			342	228
			343	228
			344	229
			345	229
			346	230
			347	230
			348	230
			349	231
			350	231
			351	231
			352	232
			353	232
			354	232
			354	233
			355	233
			356	234
			357	234
			358	234
			359	235
			360	235
			361	236
			362	236
			362	237
			362	238
			363	239
			363	240
			363	241
			363	242
			363	243
			363	244
			363	245
			363	246
			363	247
			363	248
			362	248
			362	249
			362	250
			361	251
			360	251
			359	252
		</glabella>
		<suture type=matrix rownames=FALSE colnames=FALSE nrow=290 ncol=2 as.numeric=TRUE >
			283	19
			284	19
			285	19
			286	19
			287	19
			288	20
			289	20
			290	20
			291	20
			292	20
			293	20
			294	21
			295	21
			296	21
			297	21
			298	21
			299	22
			300	22
			301	22
			302	22
			303	22
			304	23
			305	23
			306	23
			307	23
			308	24
			309	24
			310	24
			311	24
			312	24
			313	25
			314	25
			315	25
			316	26
			317	26
			318	26
			319	26
			320	27
			321	27
			322	27
			323	28
			324	28
			325	28
			326	28
			327	29
			328	29
			329	30
			330	30
			331	30
			332	30
			333	31
			334	31
			335	32
			336	32
			336	33
			337	33
			338	34
			339	35
			340	35
			341	36
			342	36
			343	37
			343	38
			344	38
			345	39
			346	39
			346	40
			347	40
			348	40
			348	41
			349	41
			350	42
			351	43
			352	44
			353	44
			354	45
			355	45
			355	46
			356	46
			357	47
			358	48
			359	49
			360	49
			361	50
			362	51
			363	52
			364	53
			365	54
			366	55
			366	56
			367	57
			367	58
			368	58
			368	59
			368	60
			369	61
			369	62
			370	63
			370	64
			370	65
			371	66
			371	67
			371	68
			371	69
			371	70
			371	71
			371	72
			371	73
			371	74
			371	75
			372	76
			372	77
			372	78
			373	79
			373	80
			374	81
			375	82
			375	83
			376	84
			377	85
			378	86
			378	87
			379	88
			380	88
			381	89
			382	89
			383	89
			384	90
			385	90
			386	91
			387	91
			388	92
			389	92
			390	92
			391	93
			392	94
			393	94
			394	94
			395	95
			396	95
			397	96
			398	96
			399	97
			400	97
			400	98
			401	98
			402	99
			403	100
			404	100
			405	101
			406	101
			407	102
			408	103
			409	104
			410	104
			411	105
			412	106
			413	106
			414	107
			415	108
			416	109
			416	110
			417	111
			417	112
			418	113
			418	114
			419	115
			420	116
			420	117
			421	118
			422	119
			423	120
			424	121
			423	121
			422	121
			421	122
			420	122
			419	122
			418	123
			417	123
			416	124
			415	124
			414	125
			413	125
			413	126
			412	127
			411	128
			411	129
			410	130
			410	131
			410	132
			410	133
			410	134
			410	135
			410	136
			410	137
			410	138
			411	139
			411	140
			411	141
			411	142
			412	142
			412	143
			412	144
			412	145
			413	145
			413	146
			413	147
			414	148
			415	149
			415	150
			416	151
			416	152
			417	153
			417	154
			418	155
			419	156
			419	157
			420	158
			421	159
			421	160
			422	161
			423	162
			423	163
			424	164
			425	165
			425	166
			426	166
			427	167
			427	168
			428	169
			429	170
			429	171
			430	172
			431	173
			432	174
			433	175
			434	176
			435	176
			436	177
			437	178
			438	178
			439	179
			440	180
			441	180
			442	180
			443	181
			444	181
			445	181
			446	182
			447	182
			448	182
			449	182
			450	183
			451	183
			452	183
			453	184
			454	184
			455	185
			456	186
			457	186
			458	187
			459	188
			460	188
			461	189
			462	190
			463	190
			464	191
			465	192
			466	193
			467	194
			468	195
			469	195
			470	196
			471	197
			472	198
			473	198
			474	199
			474	200
			475	201
			476	202
			477	202
			478	203
			479	204
			480	205
			481	206
			482	207
			483	208
			484	209
			485	210
		</suture>
		<anterior type=matrix rownames=FALSE colnames=FALSE nrow=310 ncol=2 as.numeric=TRUE >
			283	15
			284	15
			285	15
			286	16
			287	16
			288	16
			289	16
			290	16
			291	16
			292	17
			293	17
			294	17
			295	17
			296	17
			297	18
			298	18
			299	18
			300	18
			301	19
			302	19
			303	19
			304	19
			305	19
			306	20
			307	20
			308	20
			309	20
			310	21
			311	21
			312	21
			313	22
			314	22
			315	22
			316	22
			317	23
			318	23
			319	23
			320	24
			321	24
			322	24
			323	25
			324	25
			325	25
			326	26
			327	26
			328	26
			329	27
			330	27
			331	28
			332	28
			333	29
			334	29
			335	29
			336	30
			337	30
			338	31
			339	31
			340	31
			341	32
			342	32
			343	33
			344	33
			345	34
			346	34
			346	35
			347	35
			348	35
			349	36
			350	36
			351	37
			352	38
			353	38
			354	39
			355	39
			356	40
			357	40
			358	41
			359	42
			360	43
			361	44
			362	44
			363	45
			364	46
			364	47
			365	48
			366	49
			367	50
			368	50
			369	51
			370	52
			371	53
			372	54
			373	55
			374	56
			375	57
			376	58
			377	59
			378	60
			379	61
			380	62
			381	62
			382	63
			383	64
			383	65
			384	65
			384	66
			385	67
			386	67
			386	68
			387	68
			388	69
			388	70
			389	70
			390	71
			390	72
			391	72
			392	73
			392	74
			393	74
			394	75
			394	76
			395	76
			396	77
			396	78
			397	78
			398	79
			398	80
			399	80
			400	81
			401	82
			402	83
			403	84
			404	85
			405	86
			406	87
			407	88
			408	89
			409	90
			410	91
			411	92
			412	93
			413	94
			414	95
			415	96
			416	97
			417	98
			418	99
			418	100
			419	100
			420	101
			420	102
			421	103
			422	104
			423	105
			424	106
			424	107
			425	108
			426	108
			426	109
			427	110
			428	111
			429	112
			429	113
			430	114
			431	114
			431	115
			432	116
			433	117
			433	118
			434	119
			435	120
			435	121
			436	121
			437	122
			437	123
			438	124
			439	125
			439	126
			440	127
			441	128
			442	129
			443	130
			443	131
			444	132
			445	133
			446	134
			446	135
			447	136
			448	137
			448	138
			449	139
			449	140
			450	141
			451	142
			452	143
			452	144
			452	145
			453	145
			453	146
			454	147
			454	148
			455	148
			455	149
			456	150
			457	151
			457	152
			458	153
			458	154
			459	155
			459	156
			460	156
			460	157
			461	158
			461	159
			462	160
			463	161
			463	162
			464	163
			464	164
			464	165
			465	165
			465	166
			466	167
			466	168
			467	169
			467	170
			468	171
			468	172
			469	173
			469	174
			470	175
			470	176
			471	177
			471	178
			472	179
			472	180
			473	181
			473	182
			474	183
			474	184
			475	185
			475	186
			475	187
			476	188
			476	189
			477	190
			477	191
			478	192
			478	193
			479	194
			479	195
			480	196
			480	197
			480	198
			481	199
			481	200
			482	201
			482	202
			483	203
			483	204
			483	205
			484	205
			484	206
			484	207
			485	208
			485	209
			486	210
			486	211
			487	212
			487	213
			487	214
			488	215
			488	216
			489	217
			489	218
			489	219
			490	220
			490	221
			490	222
			491	223
			491	224
			492	225
			492	226
			492	227
			493	228
			493	229
			493	230
			494	231
			494	232
			495	233
			495	234
			495	235
			496	236
			496	237
			496	238
			497	239
			497	240
			497	241
			498	242
			498	243
			498	244
			499	245
			499	246
			499	247
			499	248
			500	249
			500	250
			500	251
			501	252
			501	253
		</anterior>
		<posterior type=matrix rownames=FALSE colnames=FALSE nrow=271 ncol=2 as.numeric=TRUE >
			285	253
			286	253
			287	253
			288	253
			289	253
			290	253
			291	253
			292	253
			293	253
			294	253
			295	253
			296	253
			297	253
			298	253
			299	253
			300	253
			301	253
			302	253
			303	253
			304	253
			305	253
			306	253
			307	253
			308	253
			309	253
			310	253
			311	253
			312	253
			313	253
			314	253
			315	253
			316	253
			317	253
			318	253
			319	253
			320	253
			321	253
			322	253
			323	253
			324	253
			325	253
			326	253
			327	253
			328	253
			329	253
			330	253
			331	253
			332	253
			333	253
			334	253
			335	253
			336	253
			337	253
			338	253
			339	253
			340	253
			341	253
			342	253
			343	253
			344	253
			345	253
			346	253
			347	253
			348	253
			349	253
			350	253
			351	254
			352	254
			353	254
			354	254
			355	255
			356	255
			357	255
			358	255
			359	255
			360	256
			361	256
			362	256
			363	256
			364	256
			365	256
			365	257
			366	257
			367	257
			368	257
			369	257
			370	257
			371	258
			372	258
			373	258
			374	258
			375	258
			376	259
			377	259
			378	259
			379	259
			380	259
			381	259
			382	260
			383	260
			384	260
			385	260
			386	260
			387	260
			388	261
			389	261
			390	261
			391	261
			392	261
			393	261
			394	262
			395	262
			396	262
			397	262
			398	262
			399	262
			400	263
			401	263
			402	263
			403	263
			404	263
			405	264
			406	264
			407	264
			408	264
			409	264
			410	265
			411	265
			412	265
			413	266
			414	266
			415	266
			416	266
			417	266
			418	267
			419	267
			420	267
			421	268
			422	268
			423	268
			424	268
			425	268
			426	269
			427	269
			428	269
			429	269
			430	270
			431	270
			432	270
			433	270
			434	270
			434	271
			435	271
			436	271
			437	271
			438	271
			439	272
			440	272
			441	272
			442	272
			443	273
			444	273
			445	273
			446	274
			447	274
			448	275
			449	275
			450	275
			451	276
			452	276
			453	276
			454	277
			455	277
			456	278
			457	278
			458	279
			459	279
			460	279
			461	280
			462	280
			463	281
			464	281
			465	281
			466	282
			467	282
			467	283
			468	283
			469	283
			470	284
			471	284
			472	285
			473	285
			474	286
			475	286
			476	287
			477	288
			478	288
			479	288
			480	289
			481	289
			482	290
			483	290
			484	291
			485	292
			486	292
			487	293
			488	293
			489	293
			489	294
			490	294
			491	295
			492	295
			493	296
			494	297
			495	297
			496	298
			497	299
			498	299
			499	300
			500	300
			501	301
			502	302
			503	301
			503	300
			503	299
			503	298
			503	297
			503	296
			503	295
			504	294
			504	293
			504	292
			504	291
			504	290
			504	289
			504	288
			504	287
			504	286
			504	285
			504	284
			504	283
			504	282
			504	281
			504	280
			503	279
			503	278
			503	277
			503	276
			503	275
			503	274
			503	273
			503	272
			503	271
			503	270
			503	269
			503	268
			503	267
			503	266
			502	265
			502	264
			502	263
			502	262
			502	261
			502	260
			502	259
			502	258
			502	257
			501	256
			501	255
			501	254
			501	253
		</posterior>
	</curves.pixel>
	<curves.scaled type=list>
		<glabella type=matrix rownames=FALSE colnames=FALSE nrow=314 ncol=2 as.numeric=TRUE >
			4.96491228070175	-0.333333333333333
			4.98245614035088	-0.333333333333333
			5	-0.333333333333333
			5.01754385964912	-0.333333333333333
			5.03508771929825	-0.333333333333333
			5.03508771929825	-0.350877192982456
			5.05263157894737	-0.350877192982456
			5.07017543859649	-0.350877192982456
			5.08771929824561	-0.350877192982456
			5.10526315789474	-0.350877192982456
			5.12280701754386	-0.350877192982456
			5.14035087719298	-0.350877192982456
			5.15789473684211	-0.368421052631579
			5.17543859649123	-0.368421052631579
			5.19298245614035	-0.368421052631579
			5.21052631578947	-0.368421052631579
			5.2280701754386	-0.368421052631579
			5.24561403508772	-0.385964912280702
			5.26315789473684	-0.385964912280702
			5.28070175438596	-0.385964912280702
			5.29824561403509	-0.385964912280702
			5.31578947368421	-0.385964912280702
			5.33333333333333	-0.403508771929825
			5.35087719298246	-0.403508771929825
			5.36842105263158	-0.403508771929825
			5.3859649122807	-0.403508771929825
			5.40350877192982	-0.421052631578947
			5.42105263157895	-0.421052631578947
			5.43859649122807	-0.421052631578947
			5.45614035087719	-0.421052631578947
			5.47368421052632	-0.43859649122807
			5.49122807017544	-0.43859649122807
			5.50877192982456	-0.43859649122807
			5.52631578947368	-0.43859649122807
			5.54385964912281	-0.456140350877193
			5.56140350877193	-0.456140350877193
			5.57894736842105	-0.456140350877193
			5.59649122807018	-0.456140350877193
			5.6140350877193	-0.473684210526316
			5.63157894736842	-0.473684210526316
			5.64912280701754	-0.473684210526316
			5.66666666666667	-0.491228070175439
			5.68421052631579	-0.491228070175439
			5.70175438596491	-0.491228070175439
			5.71929824561404	-0.508771929824561
			5.73684210526316	-0.508771929824561
			5.75438596491228	-0.508771929824561
			5.7719298245614	-0.508771929824561
			5.78947368421053	-0.526315789473684
			5.80701754385965	-0.526315789473684
			5.82456140350877	-0.526315789473684
			5.84210526315789	-0.543859649122807
			5.85964912280702	-0.543859649122807
			5.87719298245614	-0.543859649122807
			5.87719298245614	-0.56140350877193
			5.89473684210526	-0.56140350877193
			5.91228070175439	-0.578947368421053
			5.92982456140351	-0.578947368421053
			5.94736842105263	-0.596491228070175
			5.96491228070175	-0.614035087719298
			5.98245614035088	-0.631578947368421
			6	-0.649122807017544
			6.01754385964912	-0.649122807017544
			6.01754385964912	-0.666666666666667
			6.03508771929824	-0.666666666666667
			6.05263157894737	-0.666666666666667
			6.05263157894737	-0.684210526315789
			6.07017543859649	-0.684210526315789
			6.08771929824561	-0.701754385964912
			6.10526315789474	-0.719298245614035
			6.12280701754386	-0.719298245614035
			6.14035087719298	-0.736842105263158
			6.15789473684211	-0.754385964912281
			6.17543859649123	-0.771929824561403
			6.19298245614035	-0.771929824561403
			6.21052631578947	-0.789473684210526
			6.2280701754386	-0.807017543859649
			6.24561403508772	-0.807017543859649
			6.26315789473684	-0.824561403508772
			6.28070175438596	-0.824561403508772
			6.28070175438596	-0.842105263157895
			6.29824561403509	-0.842105263157895
			6.31578947368421	-0.859649122807018
			6.33333333333333	-0.87719298245614
			6.35087719298246	-0.894736842105263
			6.36842105263158	-0.912280701754386
			6.36842105263158	-0.929824561403509
			6.3859649122807	-0.947368421052632
			6.40350877192982	-0.964912280701754
			6.40350877192982	-0.982456140350877
			6.40350877192982	-1
			6.42105263157895	-1.01754385964912
			6.42105263157895	-1.03508771929825
			6.42105263157895	-1.05263157894737
			6.42105263157895	-1.07017543859649
			6.42105263157895	-1.08771929824561
			6.42105263157895	-1.10526315789474
			6.42105263157895	-1.12280701754386
			6.42105263157895	-1.14035087719298
			6.40350877192982	-1.15789473684211
			6.40350877192982	-1.17543859649123
			6.3859649122807	-1.19298245614035
			6.3859649122807	-1.21052631578947
			6.3859649122807	-1.2280701754386
			6.36842105263158	-1.24561403508772
			6.35087719298246	-1.26315789473684
			6.33333333333333	-1.28070175438596
			6.33333333333333	-1.29824561403509
			6.31578947368421	-1.31578947368421
			6.31578947368421	-1.33333333333333
			6.29824561403509	-1.35087719298246
			6.29824561403509	-1.36842105263158
			6.29824561403509	-1.3859649122807
			6.28070175438596	-1.40350877192982
			6.28070175438596	-1.42105263157895
			6.28070175438596	-1.43859649122807
			6.26315789473684	-1.45614035087719
			6.26315789473684	-1.47368421052632
			6.26315789473684	-1.49122807017544
			6.24561403508772	-1.50877192982456
			6.24561403508772	-1.52631578947368
			6.24561403508772	-1.54385964912281
			6.2280701754386	-1.56140350877193
			6.2280701754386	-1.57894736842105
			6.2280701754386	-1.59649122807018
			6.2280701754386	-1.6140350877193
			6.21052631578947	-1.63157894736842
			6.21052631578947	-1.64912280701754
			6.21052631578947	-1.66666666666667
			6.19298245614035	-1.68421052631579
			6.19298245614035	-1.70175438596491
			6.19298245614035	-1.71929824561404
			6.17543859649123	-1.73684210526316
			6.17543859649123	-1.75438596491228
			6.17543859649123	-1.7719298245614
			6.17543859649123	-1.78947368421053
			6.15789473684211	-1.78947368421053
			6.15789473684211	-1.80701754385965
			6.15789473684211	-1.82456140350877
			6.15789473684211	-1.84210526315789
			6.14035087719298	-1.85964912280702
			6.14035087719298	-1.87719298245614
			6.14035087719298	-1.89473684210526
			6.14035087719298	-1.91228070175439
			6.12280701754386	-1.92982456140351
			6.12280701754386	-1.94736842105263
			6.12280701754386	-1.96491228070175
			6.10526315789474	-1.98245614035088
			6.10526315789474	-2
			6.10526315789474	-2.01754385964912
			6.10526315789474	-2.03508771929825
			6.08771929824561	-2.05263157894737
			6.08771929824561	-2.07017543859649
			6.08771929824561	-2.08771929824561
			6.07017543859649	-2.10526315789474
			6.07017543859649	-2.12280701754386
			6.07017543859649	-2.14035087719298
			6.07017543859649	-2.15789473684211
			6.05263157894737	-2.17543859649123
			6.05263157894737	-2.19298245614035
			6.05263157894737	-2.21052631578947
			6.03508771929824	-2.2280701754386
			6.03508771929824	-2.24561403508772
			6.03508771929824	-2.26315789473684
			6.01754385964912	-2.28070175438596
			6.01754385964912	-2.29824561403509
			6.01754385964912	-2.31578947368421
			6.01754385964912	-2.33333333333333
			6	-2.35087719298246
			6	-2.36842105263158
			6	-2.3859649122807
			6	-2.40350877192982
			5.98245614035088	-2.40350877192982
			5.98245614035088	-2.42105263157895
			5.98245614035088	-2.43859649122807
			5.98245614035088	-2.45614035087719
			5.96491228070175	-2.47368421052632
			5.96491228070175	-2.49122807017544
			5.96491228070175	-2.50877192982456
			5.96491228070175	-2.52631578947368
			5.94736842105263	-2.52631578947368
			5.94736842105263	-2.54385964912281
			5.94736842105263	-2.56140350877193
			5.94736842105263	-2.57894736842105
			5.92982456140351	-2.59649122807018
			5.92982456140351	-2.6140350877193
			5.92982456140351	-2.63157894736842
			5.92982456140351	-2.64912280701754
			5.91228070175439	-2.66666666666667
			5.91228070175439	-2.68421052631579
			5.91228070175439	-2.70175438596491
			5.91228070175439	-2.71929824561404
			5.89473684210526	-2.73684210526316
			5.89473684210526	-2.75438596491228
			5.89473684210526	-2.7719298245614
			5.87719298245614	-2.78947368421053
			5.87719298245614	-2.80701754385965
			5.87719298245614	-2.82456140350877
			5.87719298245614	-2.84210526315789
			5.85964912280702	-2.85964912280702
			5.85964912280702	-2.87719298245614
			5.85964912280702	-2.89473684210526
			5.84210526315789	-2.91228070175439
			5.84210526315789	-2.92982456140351
			5.84210526315789	-2.94736842105263
			5.84210526315789	-2.96491228070175
			5.82456140350877	-2.98245614035088
			5.82456140350877	-3
			5.82456140350877	-3.01754385964912
			5.80701754385965	-3.03508771929825
			5.80701754385965	-3.05263157894737
			5.80701754385965	-3.07017543859649
			5.80701754385965	-3.08771929824561
			5.78947368421053	-3.10526315789474
			5.78947368421053	-3.12280701754386
			5.78947368421053	-3.14035087719298
			5.7719298245614	-3.15789473684211
			5.7719298245614	-3.17543859649123
			5.7719298245614	-3.19298245614035
			5.7719298245614	-3.21052631578947
			5.75438596491228	-3.2280701754386
			5.75438596491228	-3.24561403508772
			5.75438596491228	-3.26315789473684
			5.75438596491228	-3.28070175438596
			5.73684210526316	-3.29824561403509
			5.73684210526316	-3.31578947368421
			5.73684210526316	-3.33333333333333
			5.71929824561404	-3.35087719298246
			5.71929824561404	-3.36842105263158
			5.71929824561404	-3.3859649122807
			5.71929824561404	-3.40350877192982
			5.70175438596491	-3.42105263157895
			5.70175438596491	-3.43859649122807
			5.70175438596491	-3.45614035087719
			5.68421052631579	-3.47368421052632
			5.68421052631579	-3.49122807017544
			5.68421052631579	-3.50877192982456
			5.68421052631579	-3.52631578947368
			5.66666666666667	-3.54385964912281
			5.66666666666667	-3.56140350877193
			5.66666666666667	-3.57894736842105
			5.66666666666667	-3.59649122807018
			5.64912280701754	-3.6140350877193
			5.64912280701754	-3.63157894736842
			5.64912280701754	-3.64912280701754
			5.64912280701754	-3.66666666666667
			5.63157894736842	-3.68421052631579
			5.63157894736842	-3.70175438596491
			5.63157894736842	-3.71929824561404
			5.63157894736842	-3.73684210526316
			5.63157894736842	-3.75438596491228
			5.63157894736842	-3.7719298245614
			5.63157894736842	-3.78947368421053
			5.64912280701754	-3.80701754385965
			5.66666666666667	-3.82456140350877
			5.66666666666667	-3.84210526315789
			5.68421052631579	-3.84210526315789
			5.70175438596491	-3.85964912280702
			5.71929824561404	-3.87719298245614
			5.73684210526316	-3.89473684210526
			5.75438596491228	-3.89473684210526
			5.7719298245614	-3.91228070175439
			5.78947368421053	-3.91228070175439
			5.80701754385965	-3.92982456140351
			5.82456140350877	-3.92982456140351
			5.84210526315789	-3.94736842105263
			5.85964912280702	-3.94736842105263
			5.87719298245614	-3.94736842105263
			5.89473684210526	-3.96491228070175
			5.91228070175439	-3.96491228070175
			5.92982456140351	-3.96491228070175
			5.94736842105263	-3.98245614035088
			5.96491228070175	-3.98245614035088
			5.98245614035088	-3.98245614035088
			6	-4
			6.01754385964912	-4
			6.03508771929824	-4.01754385964912
			6.05263157894737	-4.01754385964912
			6.07017543859649	-4.03508771929825
			6.08771929824561	-4.03508771929825
			6.10526315789474	-4.03508771929825
			6.12280701754386	-4.05263157894737
			6.14035087719298	-4.05263157894737
			6.15789473684211	-4.05263157894737
			6.17543859649123	-4.07017543859649
			6.19298245614035	-4.07017543859649
			6.21052631578947	-4.07017543859649
			6.21052631578947	-4.08771929824561
			6.2280701754386	-4.08771929824561
			6.24561403508772	-4.10526315789474
			6.26315789473684	-4.10526315789474
			6.28070175438596	-4.10526315789474
			6.29824561403509	-4.12280701754386
			6.31578947368421	-4.12280701754386
			6.33333333333333	-4.14035087719298
			6.35087719298246	-4.14035087719298
			6.35087719298246	-4.15789473684211
			6.35087719298246	-4.17543859649123
			6.36842105263158	-4.19298245614035
			6.36842105263158	-4.21052631578947
			6.36842105263158	-4.2280701754386
			6.36842105263158	-4.24561403508772
			6.36842105263158	-4.26315789473684
			6.36842105263158	-4.28070175438596
			6.36842105263158	-4.29824561403509
			6.36842105263158	-4.31578947368421
			6.36842105263158	-4.33333333333333
			6.36842105263158	-4.35087719298246
			6.35087719298246	-4.35087719298246
			6.35087719298246	-4.36842105263158
			6.35087719298246	-4.3859649122807
			6.33333333333333	-4.40350877192982
			6.31578947368421	-4.40350877192982
			6.29824561403509	-4.42105263157895
		</glabella>
		<suture type=matrix rownames=FALSE colnames=FALSE nrow=290 ncol=2 as.numeric=TRUE >
			4.96491228070175	-0.333333333333333
			4.98245614035088	-0.333333333333333
			5	-0.333333333333333
			5.01754385964912	-0.333333333333333
			5.03508771929825	-0.333333333333333
			5.05263157894737	-0.350877192982456
			5.07017543859649	-0.350877192982456
			5.08771929824561	-0.350877192982456
			5.10526315789474	-0.350877192982456
			5.12280701754386	-0.350877192982456
			5.14035087719298	-0.350877192982456
			5.15789473684211	-0.368421052631579
			5.17543859649123	-0.368421052631579
			5.19298245614035	-0.368421052631579
			5.21052631578947	-0.368421052631579
			5.2280701754386	-0.368421052631579
			5.24561403508772	-0.385964912280702
			5.26315789473684	-0.385964912280702
			5.28070175438596	-0.385964912280702
			5.29824561403509	-0.385964912280702
			5.31578947368421	-0.385964912280702
			5.33333333333333	-0.403508771929825
			5.35087719298246	-0.403508771929825
			5.36842105263158	-0.403508771929825
			5.3859649122807	-0.403508771929825
			5.40350877192982	-0.421052631578947
			5.42105263157895	-0.421052631578947
			5.43859649122807	-0.421052631578947
			5.45614035087719	-0.421052631578947
			5.47368421052632	-0.421052631578947
			5.49122807017544	-0.43859649122807
			5.50877192982456	-0.43859649122807
			5.52631578947368	-0.43859649122807
			5.54385964912281	-0.456140350877193
			5.56140350877193	-0.456140350877193
			5.57894736842105	-0.456140350877193
			5.59649122807018	-0.456140350877193
			5.6140350877193	-0.473684210526316
			5.63157894736842	-0.473684210526316
			5.64912280701754	-0.473684210526316
			5.66666666666667	-0.491228070175439
			5.68421052631579	-0.491228070175439
			5.70175438596491	-0.491228070175439
			5.71929824561404	-0.491228070175439
			5.73684210526316	-0.508771929824561
			5.75438596491228	-0.508771929824561
			5.7719298245614	-0.526315789473684
			5.78947368421053	-0.526315789473684
			5.80701754385965	-0.526315789473684
			5.82456140350877	-0.526315789473684
			5.84210526315789	-0.543859649122807
			5.85964912280702	-0.543859649122807
			5.87719298245614	-0.56140350877193
			5.89473684210526	-0.56140350877193
			5.89473684210526	-0.578947368421053
			5.91228070175439	-0.578947368421053
			5.92982456140351	-0.596491228070175
			5.94736842105263	-0.614035087719298
			5.96491228070175	-0.614035087719298
			5.98245614035088	-0.631578947368421
			6	-0.631578947368421
			6.01754385964912	-0.649122807017544
			6.01754385964912	-0.666666666666667
			6.03508771929824	-0.666666666666667
			6.05263157894737	-0.684210526315789
			6.07017543859649	-0.684210526315789
			6.07017543859649	-0.701754385964912
			6.08771929824561	-0.701754385964912
			6.10526315789474	-0.701754385964912
			6.10526315789474	-0.719298245614035
			6.12280701754386	-0.719298245614035
			6.14035087719298	-0.736842105263158
			6.15789473684211	-0.754385964912281
			6.17543859649123	-0.771929824561403
			6.19298245614035	-0.771929824561403
			6.21052631578947	-0.789473684210526
			6.2280701754386	-0.789473684210526
			6.2280701754386	-0.807017543859649
			6.24561403508772	-0.807017543859649
			6.26315789473684	-0.824561403508772
			6.28070175438596	-0.842105263157895
			6.29824561403509	-0.859649122807018
			6.31578947368421	-0.859649122807018
			6.33333333333333	-0.87719298245614
			6.35087719298246	-0.894736842105263
			6.36842105263158	-0.912280701754386
			6.3859649122807	-0.929824561403509
			6.40350877192982	-0.947368421052632
			6.42105263157895	-0.964912280701754
			6.42105263157895	-0.982456140350877
			6.43859649122807	-1
			6.43859649122807	-1.01754385964912
			6.45614035087719	-1.01754385964912
			6.45614035087719	-1.03508771929825
			6.45614035087719	-1.05263157894737
			6.47368421052632	-1.07017543859649
			6.47368421052632	-1.08771929824561
			6.49122807017544	-1.10526315789474
			6.49122807017544	-1.12280701754386
			6.49122807017544	-1.14035087719298
			6.50877192982456	-1.15789473684211
			6.50877192982456	-1.17543859649123
			6.50877192982456	-1.19298245614035
			6.50877192982456	-1.21052631578947
			6.50877192982456	-1.2280701754386
			6.50877192982456	-1.24561403508772
			6.50877192982456	-1.26315789473684
			6.50877192982456	-1.28070175438596
			6.50877192982456	-1.29824561403509
			6.50877192982456	-1.31578947368421
			6.52631578947368	-1.33333333333333
			6.52631578947368	-1.35087719298246
			6.52631578947368	-1.36842105263158
			6.54385964912281	-1.3859649122807
			6.54385964912281	-1.40350877192982
			6.56140350877193	-1.42105263157895
			6.57894736842105	-1.43859649122807
			6.57894736842105	-1.45614035087719
			6.59649122807017	-1.47368421052632
			6.6140350877193	-1.49122807017544
			6.63157894736842	-1.50877192982456
			6.63157894736842	-1.52631578947368
			6.64912280701754	-1.54385964912281
			6.66666666666667	-1.54385964912281
			6.68421052631579	-1.56140350877193
			6.70175438596491	-1.56140350877193
			6.71929824561404	-1.56140350877193
			6.73684210526316	-1.57894736842105
			6.75438596491228	-1.57894736842105
			6.7719298245614	-1.59649122807018
			6.78947368421053	-1.59649122807018
			6.80701754385965	-1.6140350877193
			6.82456140350877	-1.6140350877193
			6.84210526315789	-1.6140350877193
			6.85964912280702	-1.63157894736842
			6.87719298245614	-1.64912280701754
			6.89473684210526	-1.64912280701754
			6.91228070175439	-1.64912280701754
			6.92982456140351	-1.66666666666667
			6.94736842105263	-1.66666666666667
			6.96491228070175	-1.68421052631579
			6.98245614035088	-1.68421052631579
			7	-1.70175438596491
			7.01754385964912	-1.70175438596491
			7.01754385964912	-1.71929824561404
			7.03508771929824	-1.71929824561404
			7.05263157894737	-1.73684210526316
			7.07017543859649	-1.75438596491228
			7.08771929824561	-1.75438596491228
			7.10526315789474	-1.7719298245614
			7.12280701754386	-1.7719298245614
			7.14035087719298	-1.78947368421053
			7.1578947368421	-1.80701754385965
			7.17543859649123	-1.82456140350877
			7.19298245614035	-1.82456140350877
			7.21052631578947	-1.84210526315789
			7.2280701754386	-1.85964912280702
			7.24561403508772	-1.85964912280702
			7.26315789473684	-1.87719298245614
			7.28070175438596	-1.89473684210526
			7.29824561403509	-1.91228070175439
			7.29824561403509	-1.92982456140351
			7.31578947368421	-1.94736842105263
			7.31578947368421	-1.96491228070175
			7.33333333333333	-1.98245614035088
			7.33333333333333	-2
			7.35087719298246	-2.01754385964912
			7.36842105263158	-2.03508771929825
			7.36842105263158	-2.05263157894737
			7.3859649122807	-2.07017543859649
			7.40350877192982	-2.08771929824561
			7.42105263157895	-2.10526315789474
			7.43859649122807	-2.12280701754386
			7.42105263157895	-2.12280701754386
			7.40350877192982	-2.12280701754386
			7.3859649122807	-2.14035087719298
			7.36842105263158	-2.14035087719298
			7.35087719298246	-2.14035087719298
			7.33333333333333	-2.15789473684211
			7.31578947368421	-2.15789473684211
			7.29824561403509	-2.17543859649123
			7.28070175438596	-2.17543859649123
			7.26315789473684	-2.19298245614035
			7.24561403508772	-2.19298245614035
			7.24561403508772	-2.21052631578947
			7.2280701754386	-2.2280701754386
			7.21052631578947	-2.24561403508772
			7.21052631578947	-2.26315789473684
			7.19298245614035	-2.28070175438596
			7.19298245614035	-2.29824561403509
			7.19298245614035	-2.31578947368421
			7.19298245614035	-2.33333333333333
			7.19298245614035	-2.35087719298246
			7.19298245614035	-2.36842105263158
			7.19298245614035	-2.3859649122807
			7.19298245614035	-2.40350877192982
			7.19298245614035	-2.42105263157895
			7.21052631578947	-2.43859649122807
			7.21052631578947	-2.45614035087719
			7.21052631578947	-2.47368421052632
			7.21052631578947	-2.49122807017544
			7.2280701754386	-2.49122807017544
			7.2280701754386	-2.50877192982456
			7.2280701754386	-2.52631578947368
			7.2280701754386	-2.54385964912281
			7.24561403508772	-2.54385964912281
			7.24561403508772	-2.56140350877193
			7.24561403508772	-2.57894736842105
			7.26315789473684	-2.59649122807018
			7.28070175438596	-2.6140350877193
			7.28070175438596	-2.63157894736842
			7.29824561403509	-2.64912280701754
			7.29824561403509	-2.66666666666667
			7.31578947368421	-2.68421052631579
			7.31578947368421	-2.70175438596491
			7.33333333333333	-2.71929824561404
			7.35087719298246	-2.73684210526316
			7.35087719298246	-2.75438596491228
			7.36842105263158	-2.7719298245614
			7.3859649122807	-2.78947368421053
			7.3859649122807	-2.80701754385965
			7.40350877192982	-2.82456140350877
			7.42105263157895	-2.84210526315789
			7.42105263157895	-2.85964912280702
			7.43859649122807	-2.87719298245614
			7.45614035087719	-2.89473684210526
			7.45614035087719	-2.91228070175439
			7.47368421052632	-2.91228070175439
			7.49122807017544	-2.92982456140351
			7.49122807017544	-2.94736842105263
			7.50877192982456	-2.96491228070175
			7.52631578947368	-2.98245614035088
			7.52631578947368	-3
			7.54385964912281	-3.01754385964912
			7.56140350877193	-3.03508771929825
			7.57894736842105	-3.05263157894737
			7.59649122807017	-3.07017543859649
			7.6140350877193	-3.08771929824561
			7.63157894736842	-3.08771929824561
			7.64912280701754	-3.10526315789474
			7.66666666666667	-3.12280701754386
			7.68421052631579	-3.12280701754386
			7.70175438596491	-3.14035087719298
			7.71929824561403	-3.15789473684211
			7.73684210526316	-3.15789473684211
			7.75438596491228	-3.15789473684211
			7.7719298245614	-3.17543859649123
			7.78947368421053	-3.17543859649123
			7.80701754385965	-3.17543859649123
			7.82456140350877	-3.19298245614035
			7.84210526315789	-3.19298245614035
			7.85964912280702	-3.19298245614035
			7.87719298245614	-3.19298245614035
			7.89473684210526	-3.21052631578947
			7.91228070175439	-3.21052631578947
			7.92982456140351	-3.21052631578947
			7.94736842105263	-3.2280701754386
			7.96491228070175	-3.2280701754386
			7.98245614035088	-3.24561403508772
			8	-3.26315789473684
			8.01754385964912	-3.26315789473684
			8.03508771929824	-3.28070175438596
			8.05263157894737	-3.29824561403509
			8.07017543859649	-3.29824561403509
			8.08771929824561	-3.31578947368421
			8.10526315789474	-3.33333333333333
			8.12280701754386	-3.33333333333333
			8.14035087719298	-3.35087719298246
			8.1578947368421	-3.36842105263158
			8.17543859649123	-3.3859649122807
			8.19298245614035	-3.40350877192982
			8.21052631578947	-3.42105263157895
			8.2280701754386	-3.42105263157895
			8.24561403508772	-3.43859649122807
			8.26315789473684	-3.45614035087719
			8.28070175438596	-3.47368421052632
			8.29824561403509	-3.47368421052632
			8.31578947368421	-3.49122807017544
			8.31578947368421	-3.50877192982456
			8.33333333333333	-3.52631578947368
			8.35087719298246	-3.54385964912281
			8.36842105263158	-3.54385964912281
			8.3859649122807	-3.56140350877193
			8.40350877192982	-3.57894736842105
			8.42105263157895	-3.59649122807018
			8.43859649122807	-3.6140350877193
			8.45614035087719	-3.63157894736842
			8.47368421052632	-3.64912280701754
			8.49122807017544	-3.66666666666667
			8.50877192982456	-3.68421052631579
		</suture>
		<anterior type=matrix rownames=FALSE colnames=FALSE nrow=310 ncol=2 as.numeric=TRUE >
			4.96491228070175	-0.263157894736842
			4.98245614035088	-0.263157894736842
			5	-0.263157894736842
			5.01754385964912	-0.280701754385965
			5.03508771929825	-0.280701754385965
			5.05263157894737	-0.280701754385965
			5.07017543859649	-0.280701754385965
			5.08771929824561	-0.280701754385965
			5.10526315789474	-0.280701754385965
			5.12280701754386	-0.298245614035088
			5.14035087719298	-0.298245614035088
			5.15789473684211	-0.298245614035088
			5.17543859649123	-0.298245614035088
			5.19298245614035	-0.298245614035088
			5.21052631578947	-0.315789473684211
			5.2280701754386	-0.315789473684211
			5.24561403508772	-0.315789473684211
			5.26315789473684	-0.315789473684211
			5.28070175438596	-0.333333333333333
			5.29824561403509	-0.333333333333333
			5.31578947368421	-0.333333333333333
			5.33333333333333	-0.333333333333333
			5.35087719298246	-0.333333333333333
			5.36842105263158	-0.350877192982456
			5.3859649122807	-0.350877192982456
			5.40350877192982	-0.350877192982456
			5.42105263157895	-0.350877192982456
			5.43859649122807	-0.368421052631579
			5.45614035087719	-0.368421052631579
			5.47368421052632	-0.368421052631579
			5.49122807017544	-0.385964912280702
			5.50877192982456	-0.385964912280702
			5.52631578947368	-0.385964912280702
			5.54385964912281	-0.385964912280702
			5.56140350877193	-0.403508771929825
			5.57894736842105	-0.403508771929825
			5.59649122807018	-0.403508771929825
			5.6140350877193	-0.421052631578947
			5.63157894736842	-0.421052631578947
			5.64912280701754	-0.421052631578947
			5.66666666666667	-0.43859649122807
			5.68421052631579	-0.43859649122807
			5.70175438596491	-0.43859649122807
			5.71929824561404	-0.456140350877193
			5.73684210526316	-0.456140350877193
			5.75438596491228	-0.456140350877193
			5.7719298245614	-0.473684210526316
			5.78947368421053	-0.473684210526316
			5.80701754385965	-0.491228070175439
			5.82456140350877	-0.491228070175439
			5.84210526315789	-0.508771929824561
			5.85964912280702	-0.508771929824561
			5.87719298245614	-0.508771929824561
			5.89473684210526	-0.526315789473684
			5.91228070175439	-0.526315789473684
			5.92982456140351	-0.543859649122807
			5.94736842105263	-0.543859649122807
			5.96491228070175	-0.543859649122807
			5.98245614035088	-0.56140350877193
			6	-0.56140350877193
			6.01754385964912	-0.578947368421053
			6.03508771929824	-0.578947368421053
			6.05263157894737	-0.596491228070175
			6.07017543859649	-0.596491228070175
			6.07017543859649	-0.614035087719298
			6.08771929824561	-0.614035087719298
			6.10526315789474	-0.614035087719298
			6.12280701754386	-0.631578947368421
			6.14035087719298	-0.631578947368421
			6.15789473684211	-0.649122807017544
			6.17543859649123	-0.666666666666667
			6.19298245614035	-0.666666666666667
			6.21052631578947	-0.684210526315789
			6.2280701754386	-0.684210526315789
			6.24561403508772	-0.701754385964912
			6.26315789473684	-0.701754385964912
			6.28070175438596	-0.719298245614035
			6.29824561403509	-0.736842105263158
			6.31578947368421	-0.754385964912281
			6.33333333333333	-0.771929824561403
			6.35087719298246	-0.771929824561403
			6.36842105263158	-0.789473684210526
			6.3859649122807	-0.807017543859649
			6.3859649122807	-0.824561403508772
			6.40350877192982	-0.842105263157895
			6.42105263157895	-0.859649122807018
			6.43859649122807	-0.87719298245614
			6.45614035087719	-0.87719298245614
			6.47368421052632	-0.894736842105263
			6.49122807017544	-0.912280701754386
			6.50877192982456	-0.929824561403509
			6.52631578947368	-0.947368421052632
			6.54385964912281	-0.964912280701754
			6.56140350877193	-0.982456140350877
			6.57894736842105	-1
			6.59649122807017	-1.01754385964912
			6.6140350877193	-1.03508771929825
			6.63157894736842	-1.05263157894737
			6.64912280701754	-1.07017543859649
			6.66666666666667	-1.08771929824561
			6.68421052631579	-1.08771929824561
			6.70175438596491	-1.10526315789474
			6.71929824561404	-1.12280701754386
			6.71929824561404	-1.14035087719298
			6.73684210526316	-1.14035087719298
			6.73684210526316	-1.15789473684211
			6.75438596491228	-1.17543859649123
			6.7719298245614	-1.17543859649123
			6.7719298245614	-1.19298245614035
			6.78947368421053	-1.19298245614035
			6.80701754385965	-1.21052631578947
			6.80701754385965	-1.2280701754386
			6.82456140350877	-1.2280701754386
			6.84210526315789	-1.24561403508772
			6.84210526315789	-1.26315789473684
			6.85964912280702	-1.26315789473684
			6.87719298245614	-1.28070175438596
			6.87719298245614	-1.29824561403509
			6.89473684210526	-1.29824561403509
			6.91228070175439	-1.31578947368421
			6.91228070175439	-1.33333333333333
			6.92982456140351	-1.33333333333333
			6.94736842105263	-1.35087719298246
			6.94736842105263	-1.36842105263158
			6.96491228070175	-1.36842105263158
			6.98245614035088	-1.3859649122807
			6.98245614035088	-1.40350877192982
			7	-1.40350877192982
			7.01754385964912	-1.42105263157895
			7.03508771929824	-1.43859649122807
			7.05263157894737	-1.45614035087719
			7.07017543859649	-1.47368421052632
			7.08771929824561	-1.49122807017544
			7.10526315789474	-1.50877192982456
			7.12280701754386	-1.52631578947368
			7.14035087719298	-1.54385964912281
			7.1578947368421	-1.56140350877193
			7.17543859649123	-1.57894736842105
			7.19298245614035	-1.59649122807018
			7.21052631578947	-1.6140350877193
			7.2280701754386	-1.63157894736842
			7.24561403508772	-1.64912280701754
			7.26315789473684	-1.66666666666667
			7.28070175438596	-1.68421052631579
			7.29824561403509	-1.70175438596491
			7.31578947368421	-1.71929824561404
			7.33333333333333	-1.73684210526316
			7.33333333333333	-1.75438596491228
			7.35087719298246	-1.75438596491228
			7.36842105263158	-1.7719298245614
			7.36842105263158	-1.78947368421053
			7.3859649122807	-1.80701754385965
			7.40350877192982	-1.82456140350877
			7.42105263157895	-1.84210526315789
			7.43859649122807	-1.85964912280702
			7.43859649122807	-1.87719298245614
			7.45614035087719	-1.89473684210526
			7.47368421052632	-1.89473684210526
			7.47368421052632	-1.91228070175439
			7.49122807017544	-1.92982456140351
			7.50877192982456	-1.94736842105263
			7.52631578947368	-1.96491228070175
			7.52631578947368	-1.98245614035088
			7.54385964912281	-2
			7.56140350877193	-2
			7.56140350877193	-2.01754385964912
			7.57894736842105	-2.03508771929825
			7.59649122807017	-2.05263157894737
			7.59649122807017	-2.07017543859649
			7.6140350877193	-2.08771929824561
			7.63157894736842	-2.10526315789474
			7.63157894736842	-2.12280701754386
			7.64912280701754	-2.12280701754386
			7.66666666666667	-2.14035087719298
			7.66666666666667	-2.15789473684211
			7.68421052631579	-2.17543859649123
			7.70175438596491	-2.19298245614035
			7.70175438596491	-2.21052631578947
			7.71929824561403	-2.2280701754386
			7.73684210526316	-2.24561403508772
			7.75438596491228	-2.26315789473684
			7.7719298245614	-2.28070175438596
			7.7719298245614	-2.29824561403509
			7.78947368421053	-2.31578947368421
			7.80701754385965	-2.33333333333333
			7.82456140350877	-2.35087719298246
			7.82456140350877	-2.36842105263158
			7.84210526315789	-2.3859649122807
			7.85964912280702	-2.40350877192982
			7.85964912280702	-2.42105263157895
			7.87719298245614	-2.43859649122807
			7.87719298245614	-2.45614035087719
			7.89473684210526	-2.47368421052632
			7.91228070175439	-2.49122807017544
			7.92982456140351	-2.50877192982456
			7.92982456140351	-2.52631578947368
			7.92982456140351	-2.54385964912281
			7.94736842105263	-2.54385964912281
			7.94736842105263	-2.56140350877193
			7.96491228070175	-2.57894736842105
			7.96491228070175	-2.59649122807018
			7.98245614035088	-2.59649122807018
			7.98245614035088	-2.6140350877193
			8	-2.63157894736842
			8.01754385964912	-2.64912280701754
			8.01754385964912	-2.66666666666667
			8.03508771929824	-2.68421052631579
			8.03508771929824	-2.70175438596491
			8.05263157894737	-2.71929824561404
			8.05263157894737	-2.73684210526316
			8.07017543859649	-2.73684210526316
			8.07017543859649	-2.75438596491228
			8.08771929824561	-2.7719298245614
			8.08771929824561	-2.78947368421053
			8.10526315789474	-2.80701754385965
			8.12280701754386	-2.82456140350877
			8.12280701754386	-2.84210526315789
			8.14035087719298	-2.85964912280702
			8.14035087719298	-2.87719298245614
			8.14035087719298	-2.89473684210526
			8.1578947368421	-2.89473684210526
			8.1578947368421	-2.91228070175439
			8.17543859649123	-2.92982456140351
			8.17543859649123	-2.94736842105263
			8.19298245614035	-2.96491228070175
			8.19298245614035	-2.98245614035088
			8.21052631578947	-3
			8.21052631578947	-3.01754385964912
			8.2280701754386	-3.03508771929825
			8.2280701754386	-3.05263157894737
			8.24561403508772	-3.07017543859649
			8.24561403508772	-3.08771929824561
			8.26315789473684	-3.10526315789474
			8.26315789473684	-3.12280701754386
			8.28070175438596	-3.14035087719298
			8.28070175438596	-3.15789473684211
			8.29824561403509	-3.17543859649123
			8.29824561403509	-3.19298245614035
			8.31578947368421	-3.21052631578947
			8.31578947368421	-3.2280701754386
			8.33333333333333	-3.24561403508772
			8.33333333333333	-3.26315789473684
			8.33333333333333	-3.28070175438596
			8.35087719298246	-3.29824561403509
			8.35087719298246	-3.31578947368421
			8.36842105263158	-3.33333333333333
			8.36842105263158	-3.35087719298246
			8.3859649122807	-3.36842105263158
			8.3859649122807	-3.3859649122807
			8.40350877192982	-3.40350877192982
			8.40350877192982	-3.42105263157895
			8.42105263157895	-3.43859649122807
			8.42105263157895	-3.45614035087719
			8.42105263157895	-3.47368421052632
			8.43859649122807	-3.49122807017544
			8.43859649122807	-3.50877192982456
			8.45614035087719	-3.52631578947368
			8.45614035087719	-3.54385964912281
			8.47368421052632	-3.56140350877193
			8.47368421052632	-3.57894736842105
			8.47368421052632	-3.59649122807018
			8.49122807017544	-3.59649122807018
			8.49122807017544	-3.6140350877193
			8.49122807017544	-3.63157894736842
			8.50877192982456	-3.64912280701754
			8.50877192982456	-3.66666666666667
			8.52631578947368	-3.68421052631579
			8.52631578947368	-3.70175438596491
			8.54385964912281	-3.71929824561404
			8.54385964912281	-3.73684210526316
			8.54385964912281	-3.75438596491228
			8.56140350877193	-3.7719298245614
			8.56140350877193	-3.78947368421053
			8.57894736842105	-3.80701754385965
			8.57894736842105	-3.82456140350877
			8.57894736842105	-3.84210526315789
			8.59649122807017	-3.85964912280702
			8.59649122807017	-3.87719298245614
			8.59649122807017	-3.89473684210526
			8.6140350877193	-3.91228070175439
			8.6140350877193	-3.92982456140351
			8.63157894736842	-3.94736842105263
			8.63157894736842	-3.96491228070175
			8.63157894736842	-3.98245614035088
			8.64912280701754	-4
			8.64912280701754	-4.01754385964912
			8.64912280701754	-4.03508771929825
			8.66666666666667	-4.05263157894737
			8.66666666666667	-4.07017543859649
			8.68421052631579	-4.08771929824561
			8.68421052631579	-4.10526315789474
			8.68421052631579	-4.12280701754386
			8.70175438596491	-4.14035087719298
			8.70175438596491	-4.15789473684211
			8.70175438596491	-4.17543859649123
			8.71929824561403	-4.19298245614035
			8.71929824561403	-4.21052631578947
			8.71929824561403	-4.2280701754386
			8.73684210526316	-4.24561403508772
			8.73684210526316	-4.26315789473684
			8.73684210526316	-4.28070175438596
			8.75438596491228	-4.29824561403509
			8.75438596491228	-4.31578947368421
			8.75438596491228	-4.33333333333333
			8.75438596491228	-4.35087719298246
			8.7719298245614	-4.36842105263158
			8.7719298245614	-4.3859649122807
			8.7719298245614	-4.40350877192982
			8.78947368421053	-4.42105263157895
			8.78947368421053	-4.43859649122807
		</anterior>
		<posterior type=matrix rownames=FALSE colnames=FALSE nrow=271 ncol=2 as.numeric=TRUE >
			5	-4.43859649122807
			5.01754385964912	-4.43859649122807
			5.03508771929825	-4.43859649122807
			5.05263157894737	-4.43859649122807
			5.07017543859649	-4.43859649122807
			5.08771929824561	-4.43859649122807
			5.10526315789474	-4.43859649122807
			5.12280701754386	-4.43859649122807
			5.14035087719298	-4.43859649122807
			5.15789473684211	-4.43859649122807
			5.17543859649123	-4.43859649122807
			5.19298245614035	-4.43859649122807
			5.21052631578947	-4.43859649122807
			5.2280701754386	-4.43859649122807
			5.24561403508772	-4.43859649122807
			5.26315789473684	-4.43859649122807
			5.28070175438596	-4.43859649122807
			5.29824561403509	-4.43859649122807
			5.31578947368421	-4.43859649122807
			5.33333333333333	-4.43859649122807
			5.35087719298246	-4.43859649122807
			5.36842105263158	-4.43859649122807
			5.3859649122807	-4.43859649122807
			5.40350877192982	-4.43859649122807
			5.42105263157895	-4.43859649122807
			5.43859649122807	-4.43859649122807
			5.45614035087719	-4.43859649122807
			5.47368421052632	-4.43859649122807
			5.49122807017544	-4.43859649122807
			5.50877192982456	-4.43859649122807
			5.52631578947368	-4.43859649122807
			5.54385964912281	-4.43859649122807
			5.56140350877193	-4.43859649122807
			5.57894736842105	-4.43859649122807
			5.59649122807018	-4.43859649122807
			5.6140350877193	-4.43859649122807
			5.63157894736842	-4.43859649122807
			5.64912280701754	-4.43859649122807
			5.66666666666667	-4.43859649122807
			5.68421052631579	-4.43859649122807
			5.70175438596491	-4.43859649122807
			5.71929824561404	-4.43859649122807
			5.73684210526316	-4.43859649122807
			5.75438596491228	-4.43859649122807
			5.7719298245614	-4.43859649122807
			5.78947368421053	-4.43859649122807
			5.80701754385965	-4.43859649122807
			5.82456140350877	-4.43859649122807
			5.84210526315789	-4.43859649122807
			5.85964912280702	-4.43859649122807
			5.87719298245614	-4.43859649122807
			5.89473684210526	-4.43859649122807
			5.91228070175439	-4.43859649122807
			5.92982456140351	-4.43859649122807
			5.94736842105263	-4.43859649122807
			5.96491228070175	-4.43859649122807
			5.98245614035088	-4.43859649122807
			6	-4.43859649122807
			6.01754385964912	-4.43859649122807
			6.03508771929824	-4.43859649122807
			6.05263157894737	-4.43859649122807
			6.07017543859649	-4.43859649122807
			6.08771929824561	-4.43859649122807
			6.10526315789474	-4.43859649122807
			6.12280701754386	-4.43859649122807
			6.14035087719298	-4.43859649122807
			6.15789473684211	-4.45614035087719
			6.17543859649123	-4.45614035087719
			6.19298245614035	-4.45614035087719
			6.21052631578947	-4.45614035087719
			6.2280701754386	-4.47368421052632
			6.24561403508772	-4.47368421052632
			6.26315789473684	-4.47368421052632
			6.28070175438596	-4.47368421052632
			6.29824561403509	-4.47368421052632
			6.31578947368421	-4.49122807017544
			6.33333333333333	-4.49122807017544
			6.35087719298246	-4.49122807017544
			6.36842105263158	-4.49122807017544
			6.3859649122807	-4.49122807017544
			6.40350877192982	-4.49122807017544
			6.40350877192982	-4.50877192982456
			6.42105263157895	-4.50877192982456
			6.43859649122807	-4.50877192982456
			6.45614035087719	-4.50877192982456
			6.47368421052632	-4.50877192982456
			6.49122807017544	-4.50877192982456
			6.50877192982456	-4.52631578947368
			6.52631578947368	-4.52631578947368
			6.54385964912281	-4.52631578947368
			6.56140350877193	-4.52631578947368
			6.57894736842105	-4.52631578947368
			6.59649122807017	-4.54385964912281
			6.6140350877193	-4.54385964912281
			6.63157894736842	-4.54385964912281
			6.64912280701754	-4.54385964912281
			6.66666666666667	-4.54385964912281
			6.68421052631579	-4.54385964912281
			6.70175438596491	-4.56140350877193
			6.71929824561404	-4.56140350877193
			6.73684210526316	-4.56140350877193
			6.75438596491228	-4.56140350877193
			6.7719298245614	-4.56140350877193
			6.78947368421053	-4.56140350877193
			6.80701754385965	-4.57894736842105
			6.82456140350877	-4.57894736842105
			6.84210526315789	-4.57894736842105
			6.85964912280702	-4.57894736842105
			6.87719298245614	-4.57894736842105
			6.89473684210526	-4.57894736842105
			6.91228070175439	-4.59649122807018
			6.92982456140351	-4.59649122807018
			6.94736842105263	-4.59649122807018
			6.96491228070175	-4.59649122807018
			6.98245614035088	-4.59649122807018
			7	-4.59649122807018
			7.01754385964912	-4.6140350877193
			7.03508771929824	-4.6140350877193
			7.05263157894737	-4.6140350877193
			7.07017543859649	-4.6140350877193
			7.08771929824561	-4.6140350877193
			7.10526315789474	-4.63157894736842
			7.12280701754386	-4.63157894736842
			7.14035087719298	-4.63157894736842
			7.1578947368421	-4.63157894736842
			7.17543859649123	-4.63157894736842
			7.19298245614035	-4.64912280701754
			7.21052631578947	-4.64912280701754
			7.2280701754386	-4.64912280701754
			7.24561403508772	-4.66666666666667
			7.26315789473684	-4.66666666666667
			7.28070175438596	-4.66666666666667
			7.29824561403509	-4.66666666666667
			7.31578947368421	-4.66666666666667
			7.33333333333333	-4.68421052631579
			7.35087719298246	-4.68421052631579
			7.36842105263158	-4.68421052631579
			7.3859649122807	-4.70175438596491
			7.40350877192982	-4.70175438596491
			7.42105263157895	-4.70175438596491
			7.43859649122807	-4.70175438596491
			7.45614035087719	-4.70175438596491
			7.47368421052632	-4.71929824561404
			7.49122807017544	-4.71929824561404
			7.50877192982456	-4.71929824561404
			7.52631578947368	-4.71929824561404
			7.54385964912281	-4.73684210526316
			7.56140350877193	-4.73684210526316
			7.57894736842105	-4.73684210526316
			7.59649122807017	-4.73684210526316
			7.6140350877193	-4.73684210526316
			7.6140350877193	-4.75438596491228
			7.63157894736842	-4.75438596491228
			7.64912280701754	-4.75438596491228
			7.66666666666667	-4.75438596491228
			7.68421052631579	-4.75438596491228
			7.70175438596491	-4.7719298245614
			7.71929824561403	-4.7719298245614
			7.73684210526316	-4.7719298245614
			7.75438596491228	-4.7719298245614
			7.7719298245614	-4.78947368421053
			7.78947368421053	-4.78947368421053
			7.80701754385965	-4.78947368421053
			7.82456140350877	-4.80701754385965
			7.84210526315789	-4.80701754385965
			7.85964912280702	-4.82456140350877
			7.87719298245614	-4.82456140350877
			7.89473684210526	-4.82456140350877
			7.91228070175439	-4.84210526315789
			7.92982456140351	-4.84210526315789
			7.94736842105263	-4.84210526315789
			7.96491228070175	-4.85964912280702
			7.98245614035088	-4.85964912280702
			8	-4.87719298245614
			8.01754385964912	-4.87719298245614
			8.03508771929824	-4.89473684210526
			8.05263157894737	-4.89473684210526
			8.07017543859649	-4.89473684210526
			8.08771929824561	-4.91228070175439
			8.10526315789474	-4.91228070175439
			8.12280701754386	-4.92982456140351
			8.14035087719298	-4.92982456140351
			8.1578947368421	-4.92982456140351
			8.17543859649123	-4.94736842105263
			8.19298245614035	-4.94736842105263
			8.19298245614035	-4.96491228070175
			8.21052631578947	-4.96491228070175
			8.2280701754386	-4.96491228070175
			8.24561403508772	-4.98245614035088
			8.26315789473684	-4.98245614035088
			8.28070175438596	-5
			8.29824561403509	-5
			8.31578947368421	-5.01754385964912
			8.33333333333333	-5.01754385964912
			8.35087719298246	-5.03508771929825
			8.36842105263158	-5.05263157894737
			8.3859649122807	-5.05263157894737
			8.40350877192982	-5.05263157894737
			8.42105263157895	-5.07017543859649
			8.43859649122807	-5.07017543859649
			8.45614035087719	-5.08771929824561
			8.47368421052632	-5.08771929824561
			8.49122807017544	-5.10526315789474
			8.50877192982456	-5.12280701754386
			8.52631578947368	-5.12280701754386
			8.54385964912281	-5.14035087719298
			8.56140350877193	-5.14035087719298
			8.57894736842105	-5.14035087719298
			8.57894736842105	-5.15789473684211
			8.59649122807017	-5.15789473684211
			8.6140350877193	-5.17543859649123
			8.63157894736842	-5.17543859649123
			8.64912280701754	-5.19298245614035
			8.66666666666667	-5.21052631578947
			8.68421052631579	-5.21052631578947
			8.70175438596491	-5.2280701754386
			8.71929824561403	-5.24561403508772
			8.73684210526316	-5.24561403508772
			8.75438596491228	-5.26315789473684
			8.7719298245614	-5.26315789473684
			8.78947368421053	-5.28070175438596
			8.80701754385965	-5.29824561403509
			8.82456140350877	-5.28070175438596
			8.82456140350877	-5.26315789473684
			8.82456140350877	-5.24561403508772
			8.82456140350877	-5.2280701754386
			8.82456140350877	-5.21052631578947
			8.82456140350877	-5.19298245614035
			8.82456140350877	-5.17543859649123
			8.84210526315789	-5.15789473684211
			8.84210526315789	-5.14035087719298
			8.84210526315789	-5.12280701754386
			8.84210526315789	-5.10526315789474
			8.84210526315789	-5.08771929824561
			8.84210526315789	-5.07017543859649
			8.84210526315789	-5.05263157894737
			8.84210526315789	-5.03508771929825
			8.84210526315789	-5.01754385964912
			8.84210526315789	-5
			8.84210526315789	-4.98245614035088
			8.84210526315789	-4.96491228070175
			8.84210526315789	-4.94736842105263
			8.84210526315789	-4.92982456140351
			8.84210526315789	-4.91228070175439
			8.82456140350877	-4.89473684210526
			8.82456140350877	-4.87719298245614
			8.82456140350877	-4.85964912280702
			8.82456140350877	-4.84210526315789
			8.82456140350877	-4.82456140350877
			8.82456140350877	-4.80701754385965
			8.82456140350877	-4.78947368421053
			8.82456140350877	-4.7719298245614
			8.82456140350877	-4.75438596491228
			8.82456140350877	-4.73684210526316
			8.82456140350877	-4.71929824561404
			8.82456140350877	-4.70175438596491
			8.82456140350877	-4.68421052631579
			8.82456140350877	-4.66666666666667
			8.80701754385965	-4.64912280701754
			8.80701754385965	-4.63157894736842
			8.80701754385965	-4.6140350877193
			8.80701754385965	-4.59649122807018
			8.80701754385965	-4.57894736842105
			8.80701754385965	-4.56140350877193
			8.80701754385965	-4.54385964912281
			8.80701754385965	-4.52631578947368
			8.80701754385965	-4.50877192982456
			8.78947368421053	-4.49122807017544
			8.78947368421053	-4.47368421052632
			8.78947368421053	-4.45614035087719
			8.78947368421053	-4.43859649122807
		</posterior>
	</curves.scaled>
	<ruler.points type=matrix rownames=TRUE colnames=FALSE nrow=2 ncol=2 as.numeric=TRUE >
		Ruler point 1	528	68
		Ruler point 2	528	125
	</ruler.points>
</shapes>

