<shapes type=list>
	<ruler.pixel type=vector names=FALSE length=1 as.numeric=TRUE >111</ruler.pixel>
	<ruler.interval type=vector names=FALSE length=1 as.numeric=TRUE >1</ruler.interval>
	<scaling.units type=vector names=FALSE length=1 as.numeric=FALSE >mm</scaling.units>
	<scaling type=vector names=FALSE length=1 as.numeric=TRUE >0.00900900900900901</scaling>
	<landmarks.pixel type=matrix rownames=TRUE colnames=FALSE nrow=16 ncol=2 as.numeric=TRUE >
		LM1	440	56
		LM2	440	56
		LM3	431	343
		LM4	430	388
		LM5	550	125
		LM6	510	360
		LM7	507	391
		LM8	591	175
		LM9	594	233
		LM10	440	56
		LM11	687	220
		LM12	739	259
		LM13	440	56
		LM14	631	209
		LM15	793	391
		LM16	809	438
	</landmarks.pixel>
	<landmarks.scaled type=matrix rownames=TRUE colnames=FALSE nrow=16 ncol=2 as.numeric=TRUE >
		LM1	3.96396396396396	-0.504504504504504
		LM2	3.96396396396396	-0.504504504504504
		LM3	3.88288288288288	-3.09009009009009
		LM4	3.87387387387387	-3.4954954954955
		LM5	4.95495495495495	-1.12612612612613
		LM6	4.59459459459459	-3.24324324324324
		LM7	4.56756756756757	-3.52252252252252
		LM8	5.32432432432432	-1.57657657657658
		LM9	5.35135135135135	-2.0990990990991
		LM10	3.96396396396396	-0.504504504504504
		LM11	6.18918918918919	-1.98198198198198
		LM12	6.65765765765766	-2.33333333333333
		LM13	3.96396396396396	-0.504504504504504
		LM14	5.68468468468468	-1.88288288288288
		LM15	7.14414414414414	-3.52252252252252
		LM16	7.28828828828829	-3.94594594594595
	</landmarks.scaled>
	<curves.control type=list>
		<glabella type=matrix rownames=FALSE colnames=FALSE nrow=9 ncol=2 as.numeric=TRUE >
			440	56
			493	56
			535	96
			571	130
			521	298
			524	347
			510	359
			518	378
			507	391
		</glabella>
		<suture type=matrix rownames=FALSE colnames=FALSE nrow=17 ncol=2 as.numeric=TRUE >
			440	56
			548	60
			566	151
			558	174
			593	177
			650	186
			621	231
			604	232
			592	231
			572	242
			619	237
			638	224
			662	220
			678	219
			707	221
			719	226
			739	259
		</suture>
		<anterior type=matrix rownames=FALSE colnames=FALSE nrow=11 ncol=2 as.numeric=TRUE >
			440	56
			486	54
			535	76
			572	91
			614	108
			646	124
			696	168
			728	195
			747	278
			753	306
			793	391
		</anterior>
		<posterior type=matrix rownames=FALSE colnames=FALSE nrow=13 ncol=2 as.numeric=TRUE >
			430	388
			448	391
			474	394
			496	397
			532	386
			555	363
			675	379
			741	377
			782	400
			791	401
			801	424
			822	465
			793	391
		</posterior>
	</curves.control>
	<curves.pixel type=list>
		<glabella type=matrix rownames=FALSE colnames=FALSE nrow=400 ncol=2 as.numeric=TRUE >
			440	56
			441	56
			442	56
			443	56
			444	56
			445	56
			446	56
			447	56
			448	56
			449	56
			450	56
			451	56
			452	57
			453	57
			454	57
			455	57
			456	57
			457	57
			458	57
			459	57
			460	58
			461	58
			462	58
			463	58
			464	58
			465	58
			466	59
			467	59
			468	59
			469	59
			470	59
			471	60
			472	60
			473	60
			474	60
			475	61
			476	61
			477	61
			478	61
			479	62
			480	62
			481	63
			482	63
			483	63
			484	64
			485	64
			486	64
			487	65
			488	65
			489	65
			489	66
			490	66
			491	66
			492	67
			493	67
			494	68
			495	68
			496	69
			497	69
			498	70
			499	70
			500	71
			501	71
			502	72
			503	72
			504	73
			505	73
			505	74
			506	74
			507	75
			508	75
			509	76
			510	76
			511	77
			512	78
			513	78
			514	79
			515	79
			515	80
			516	81
			517	81
			518	82
			519	82
			520	83
			521	84
			522	84
			523	85
			523	86
			524	87
			525	87
			526	88
			527	89
			528	89
			529	90
			529	91
			530	92
			531	92
			532	93
			533	94
			534	95
			535	96
			536	97
			537	98
			538	99
			538	100
			539	101
			540	102
			541	103
			541	104
			542	105
			543	106
			543	107
			543	108
			544	109
			544	110
			545	111
			545	112
			545	113
			546	114
			546	115
			546	116
			547	117
			547	118
			547	119
			547	120
			547	121
			548	121
			548	122
			548	123
			548	124
			548	125
			548	126
			549	127
			549	128
			549	129
			549	130
			549	131
			549	132
			549	133
			549	134
			550	134
			550	135
			550	136
			550	137
			550	138
			550	139
			550	140
			550	141
			550	142
			550	143
			550	144
			550	145
			550	146
			550	147
			550	148
			550	149
			550	150
			550	151
			550	152
			550	153
			550	154
			550	155
			550	156
			550	157
			550	158
			550	159
			550	160
			550	161
			550	162
			550	163
			549	164
			549	165
			549	166
			549	167
			549	168
			549	169
			549	170
			549	171
			549	172
			549	173
			549	174
			548	175
			548	176
			548	177
			548	178
			548	179
			548	180
			548	181
			548	182
			547	183
			547	184
			547	185
			547	186
			547	187
			547	188
			547	189
			547	190
			546	191
			546	192
			546	193
			546	194
			546	195
			546	196
			545	197
			545	198
			545	199
			545	200
			545	201
			545	202
			544	203
			544	204
			544	205
			544	206
			544	207
			543	208
			543	209
			543	210
			543	211
			543	212
			542	213
			542	214
			542	215
			542	216
			542	217
			542	218
			541	219
			541	220
			541	221
			541	222
			541	223
			540	224
			540	225
			540	226
			540	227
			539	228
			539	229
			539	230
			539	231
			539	232
			538	233
			538	234
			538	235
			538	236
			537	237
			537	238
			537	239
			537	240
			536	241
			536	242
			536	243
			536	244
			535	245
			535	246
			535	247
			535	248
			534	249
			534	250
			534	251
			534	252
			533	253
			533	254
			533	255
			533	256
			532	257
			532	258
			532	259
			532	260
			531	261
			531	262
			531	263
			531	264
			530	265
			530	266
			530	267
			530	268
			529	269
			529	270
			529	271
			529	272
			528	273
			528	274
			528	275
			527	276
			527	277
			527	278
			527	279
			526	280
			526	281
			526	282
			525	283
			525	284
			525	285
			525	286
			524	287
			524	288
			524	289
			523	290
			523	291
			523	292
			523	293
			522	294
			522	295
			522	296
			521	297
			521	298
			521	299
			521	300
			521	301
			521	302
			521	303
			521	304
			521	305
			521	306
			521	307
			521	308
			521	309
			521	310
			522	311
			522	312
			522	313
			522	314
			522	315
			522	316
			522	317
			521	318
			521	319
			521	320
			521	321
			521	322
			521	323
			521	324
			521	325
			521	326
			521	327
			521	328
			521	329
			521	330
			521	331
			521	332
			521	333
			520	333
			520	334
			520	335
			520	336
			520	337
			520	338
			519	339
			519	340
			519	341
			519	342
			519	343
			518	344
			518	345
			518	346
			517	347
			517	348
			517	349
			516	350
			516	351
			515	352
			515	353
			514	354
			514	355
			513	355
			513	356
			512	357
			511	358
			510	359
			511	360
			511	361
			511	362
			512	363
			512	364
			512	365
			512	366
			513	367
			513	368
			513	369
			513	370
			513	371
			513	372
			513	373
			513	374
			513	375
			513	376
			513	377
			513	378
			513	379
			513	380
			512	381
			512	382
			512	383
			511	384
			511	385
			510	386
			510	387
			509	388
			509	389
			508	390
			507	391
		</glabella>
		<suture type=matrix rownames=FALSE colnames=FALSE nrow=484 ncol=2 as.numeric=TRUE >
			440	56
			441	56
			442	56
			443	56
			444	56
			445	56
			446	56
			447	56
			448	56
			449	57
			450	57
			451	57
			452	57
			453	57
			454	57
			455	57
			456	57
			457	57
			458	57
			459	57
			460	58
			461	58
			462	58
			463	58
			464	58
			465	58
			466	58
			467	59
			468	59
			469	59
			470	59
			471	59
			472	60
			473	60
			474	60
			475	60
			476	60
			477	61
			478	61
			479	61
			480	61
			481	61
			482	62
			483	62
			484	62
			485	62
			486	63
			487	63
			488	63
			489	64
			490	64
			491	64
			492	65
			493	65
			494	65
			495	66
			496	66
			497	66
			498	67
			499	67
			500	68
			501	68
			502	68
			503	69
			504	69
			505	70
			506	70
			507	71
			508	71
			509	71
			510	72
			511	73
			512	73
			513	74
			514	74
			515	75
			516	76
			517	76
			518	77
			519	78
			520	78
			521	79
			522	79
			523	80
			524	81
			525	81
			526	82
			527	83
			528	84
			529	84
			530	85
			530	86
			531	87
			532	87
			533	88
			534	89
			535	90
			536	91
			537	92
			538	93
			539	94
			540	95
			541	96
			542	97
			543	98
			544	99
			544	100
			545	101
			545	102
			546	102
			546	103
			547	104
			548	105
			548	106
			549	107
			549	108
			550	108
			550	109
			551	110
			551	111
			552	112
			552	113
			553	114
			553	115
			554	116
			555	117
			555	118
			556	119
			556	120
			557	121
			557	122
			557	123
			558	124
			558	125
			559	126
			559	127
			560	128
			560	129
			560	130
			561	131
			561	132
			561	133
			562	134
			562	135
			562	136
			562	137
			563	137
			563	138
			563	139
			563	140
			564	141
			564	142
			564	143
			565	144
			565	145
			565	146
			565	147
			565	148
			566	149
			566	150
			566	151
			566	152
			565	153
			565	154
			565	155
			565	156
			565	157
			565	158
			565	159
			565	160
			565	161
			565	162
			565	163
			565	164
			566	165
			566	166
			567	167
			567	168
			568	168
			569	169
			569	170
			570	170
			571	171
			572	172
			573	172
			574	173
			575	173
			576	173
			577	174
			578	174
			579	175
			580	175
			581	175
			582	175
			583	176
			584	176
			585	176
			586	176
			587	176
			588	176
			589	177
			590	177
			591	177
			592	177
			593	177
			594	177
			595	177
			596	178
			597	178
			598	178
			599	178
			600	178
			601	179
			602	179
			603	179
			604	179
			605	180
			606	180
			607	180
			608	180
			609	181
			610	181
			611	181
			611	182
			612	182
			613	182
			614	183
			615	183
			616	184
			617	184
			618	185
			619	185
			620	186
			621	187
			622	187
			623	188
			624	189
			625	190
			626	191
			627	192
			627	193
			628	194
			629	195
			629	196
			629	197
			630	198
			630	199
			630	200
			630	201
			631	202
			631	203
			631	204
			631	205
			631	206
			631	207
			631	208
			630	209
			630	210
			630	211
			630	212
			630	213
			629	213
			629	214
			629	215
			629	216
			628	217
			628	218
			627	219
			627	220
			626	221
			626	222
			625	223
			625	224
			625	225
			624	226
			623	227
			623	228
			622	229
			622	230
			621	231
			620	231
			619	231
			618	231
			617	231
			616	231
			615	231
			614	231
			613	231
			612	231
			611	231
			610	231
			609	231
			608	231
			607	231
			606	231
			605	231
			604	231
			603	231
			602	231
			601	231
			600	231
			599	231
			598	231
			597	231
			596	231
			595	231
			594	231
			593	231
			592	231
			591	232
			590	232
			589	233
			588	233
			587	234
			587	235
			586	236
			586	237
			587	238
			588	238
			589	238
			590	238
			591	238
			592	238
			593	238
			594	239
			595	239
			596	239
			597	239
			598	239
			599	239
			600	238
			601	238
			602	238
			603	238
			604	238
			605	238
			606	238
			607	238
			608	238
			609	238
			610	238
			611	238
			612	238
			613	238
			614	238
			615	237
			616	237
			617	237
			618	237
			619	237
			620	236
			621	236
			622	235
			623	234
			624	234
			625	233
			626	233
			627	232
			628	232
			629	231
			630	230
			631	230
			632	229
			633	229
			634	228
			635	228
			636	228
			636	227
			637	227
			638	227
			639	226
			640	226
			641	226
			642	225
			643	225
			644	224
			645	224
			646	224
			647	224
			648	223
			649	223
			650	223
			651	222
			652	222
			653	222
			654	222
			655	221
			656	221
			657	221
			658	221
			659	221
			660	220
			661	220
			662	220
			663	220
			664	220
			665	220
			666	220
			667	220
			668	220
			669	220
			670	220
			671	220
			672	220
			673	220
			674	220
			675	220
			676	220
			677	220
			678	220
			679	220
			680	220
			681	220
			682	220
			683	220
			684	220
			685	220
			686	220
			687	220
			688	220
			689	220
			690	220
			691	220
			692	220
			693	220
			694	220
			695	220
			696	220
			697	220
			698	220
			699	221
			700	221
			701	221
			702	221
			703	221
			704	221
			705	221
			706	221
			707	221
			708	222
			709	222
			710	223
			711	223
			712	224
			713	224
			713	225
			714	226
			715	227
			716	228
			717	229
			718	230
			719	231
			720	232
			721	233
			722	234
			722	235
			723	236
			724	236
			724	237
			725	238
			726	239
			726	240
			727	241
			728	242
			729	243
			729	244
			730	245
			731	246
			732	247
			732	248
			733	249
			733	250
			734	251
			734	252
			735	252
			735	253
			736	254
			736	255
			737	255
			737	256
			738	257
			738	258
			739	258
			739	259
		</suture>
		<anterior type=matrix rownames=FALSE colnames=FALSE nrow=505 ncol=2 as.numeric=TRUE >
			440	56
			441	56
			442	56
			443	56
			444	56
			445	56
			446	56
			447	56
			448	56
			449	56
			450	56
			451	56
			452	56
			453	56
			454	56
			455	56
			456	56
			457	56
			458	56
			459	56
			460	56
			461	56
			462	56
			463	56
			463	57
			464	57
			465	57
			466	57
			467	57
			468	57
			469	57
			470	57
			471	57
			472	57
			473	58
			474	58
			475	58
			476	58
			477	58
			478	58
			479	58
			480	59
			481	59
			482	59
			483	59
			484	59
			485	60
			486	60
			487	60
			488	60
			489	60
			490	61
			491	61
			492	61
			493	61
			494	62
			495	62
			496	62
			497	63
			498	63
			499	63
			500	63
			501	64
			502	64
			503	64
			504	65
			505	65
			506	65
			507	65
			508	66
			509	66
			510	66
			511	67
			512	67
			513	67
			514	68
			515	68
			516	68
			517	69
			518	69
			519	70
			520	70
			521	70
			522	70
			522	71
			523	71
			524	71
			525	72
			526	72
			527	73
			528	73
			529	73
			530	74
			531	74
			532	75
			533	75
			534	75
			535	76
			536	76
			537	77
			538	77
			539	78
			540	78
			541	78
			541	79
			542	79
			543	79
			544	80
			545	80
			546	80
			546	81
			547	81
			548	81
			549	82
			550	82
			551	83
			552	83
			553	83
			554	84
			555	84
			556	85
			557	85
			558	85
			559	86
			560	86
			561	87
			562	87
			563	88
			564	88
			565	88
			566	89
			567	89
			568	90
			569	90
			570	90
			571	91
			572	91
			573	92
			574	92
			575	92
			576	92
			576	93
			577	93
			578	93
			579	94
			580	94
			581	95
			582	95
			583	95
			584	96
			585	96
			586	96
			587	97
			588	98
			589	98
			590	98
			591	99
			592	99
			593	100
			594	100
			595	100
			596	101
			597	101
			598	102
			599	102
			600	102
			601	103
			602	103
			603	104
			604	104
			605	104
			606	105
			607	105
			608	106
			609	106
			610	106
			611	107
			612	107
			613	107
			614	108
			615	108
			615	109
			616	109
			617	109
			618	110
			619	111
			620	111
			621	112
			622	112
			623	113
			624	113
			625	114
			626	115
			627	115
			628	116
			629	116
			630	117
			631	118
			632	118
			633	119
			634	120
			635	120
			636	121
			637	122
			638	122
			639	123
			640	124
			641	124
			642	125
			643	126
			644	127
			645	127
			646	128
			647	128
			648	129
			648	130
			649	130
			650	131
			651	131
			652	132
			653	133
			654	134
			655	135
			656	135
			657	136
			658	137
			659	138
			660	138
			661	139
			662	140
			663	141
			664	141
			665	142
			666	142
			666	143
			667	144
			668	144
			669	145
			669	146
			670	146
			671	147
			672	148
			673	148
			673	149
			674	149
			675	150
			676	151
			677	151
			677	152
			678	153
			679	153
			680	154
			681	155
			682	156
			683	157
			684	158
			685	159
			686	160
			687	160
			688	161
			689	162
			690	163
			691	164
			692	165
			693	166
			694	167
			695	168
			696	168
			697	169
			698	169
			698	170
			699	171
			700	171
			700	172
			701	173
			702	173
			702	174
			703	175
			704	175
			704	176
			705	177
			705	178
			706	178
			707	179
			707	180
			708	181
			709	181
			709	182
			710	183
			710	184
			711	185
			712	186
			713	187
			714	188
			714	189
			714	190
			715	190
			715	191
			716	192
			716	193
			717	194
			717	195
			718	196
			718	197
			719	197
			719	198
			720	199
			720	200
			721	201
			721	202
			722	203
			722	204
			723	205
			723	206
			724	207
			724	208
			725	209
			725	210
			726	211
			726	212
			726	213
			727	214
			727	215
			728	216
			728	217
			729	218
			729	219
			730	220
			730	221
			730	222
			731	223
			731	224
			732	225
			732	226
			732	227
			732	228
			733	228
			733	229
			733	230
			734	231
			734	232
			734	233
			735	234
			735	235
			735	236
			736	237
			736	238
			736	239
			737	240
			737	241
			737	242
			738	243
			738	244
			738	245
			739	246
			739	247
			739	248
			740	249
			740	250
			740	251
			740	252
			741	253
			741	254
			741	255
			742	256
			742	257
			742	258
			742	259
			743	260
			743	261
			743	262
			743	263
			744	264
			744	265
			744	266
			744	267
			745	268
			745	269
			745	270
			745	271
			746	272
			746	273
			746	274
			746	275
			747	276
			747	277
			747	278
			747	279
			747	280
			748	281
			748	282
			748	283
			749	284
			749	285
			749	286
			749	287
			750	288
			750	289
			750	290
			751	291
			751	292
			751	293
			752	294
			752	295
			752	296
			753	297
			753	298
			753	299
			754	300
			754	301
			754	302
			755	302
			755	303
			755	304
			756	305
			756	306
			756	307
			757	308
			757	309
			757	310
			758	310
			758	311
			758	312
			759	313
			759	314
			759	315
			760	316
			760	317
			761	318
			761	319
			761	320
			762	321
			762	322
			763	323
			763	324
			763	325
			764	326
			764	327
			765	328
			765	329
			766	330
			766	331
			766	332
			767	333
			767	334
			768	335
			768	336
			768	337
			769	338
			769	339
			770	340
			770	341
			771	342
			771	343
			771	344
			772	344
			772	345
			773	346
			773	347
			773	348
			774	349
			774	350
			775	351
			775	352
			776	353
			776	354
			776	355
			777	356
			777	357
			778	358
			778	359
			778	360
			779	360
			779	361
			780	362
			780	363
			780	364
			781	364
			781	365
			781	366
			782	367
			782	368
			783	369
			783	370
			784	371
			784	372
			785	373
			785	374
			786	375
			786	376
			787	377
			787	378
			787	379
			788	380
			788	381
			789	382
			789	383
			790	384
			790	385
			791	386
			791	387
			792	388
			792	389
			792	390
			793	391
		</anterior>
		<posterior type=matrix rownames=FALSE colnames=FALSE nrow=450 ncol=2 as.numeric=TRUE >
			430	388
			431	388
			432	388
			433	388
			434	389
			435	389
			436	389
			437	389
			438	389
			439	389
			440	390
			441	390
			442	390
			443	390
			444	390
			445	390
			446	391
			447	391
			448	391
			449	391
			450	391
			451	391
			452	391
			453	391
			454	392
			455	392
			456	392
			457	392
			458	392
			459	392
			460	392
			461	392
			462	393
			463	393
			464	393
			465	393
			466	393
			467	393
			468	393
			469	393
			470	394
			471	394
			472	394
			473	394
			474	394
			475	394
			476	394
			477	394
			478	394
			479	394
			480	395
			481	395
			482	395
			483	395
			484	395
			485	395
			486	395
			487	395
			488	395
			489	394
			490	394
			491	394
			492	394
			493	394
			494	394
			495	394
			496	394
			497	394
			498	394
			499	394
			500	393
			501	393
			502	393
			503	393
			504	393
			505	393
			506	392
			507	392
			508	392
			509	392
			510	392
			511	391
			512	391
			513	391
			514	391
			515	391
			516	390
			517	390
			518	390
			519	390
			520	389
			521	389
			522	389
			523	389
			524	388
			525	388
			526	388
			527	387
			528	387
			529	387
			530	387
			531	386
			532	386
			533	385
			534	384
			535	383
			536	383
			537	382
			538	382
			539	381
			540	380
			541	380
			542	380
			543	379
			544	379
			545	378
			546	378
			547	378
			548	377
			549	377
			550	377
			551	377
			552	376
			553	376
			554	376
			555	376
			556	375
			557	375
			558	375
			559	375
			560	375
			561	374
			562	374
			563	374
			564	374
			565	374
			566	374
			567	374
			568	374
			569	373
			570	373
			571	373
			572	373
			573	373
			574	373
			575	373
			576	373
			577	373
			578	373
			579	373
			580	373
			581	373
			582	373
			583	373
			584	373
			585	373
			586	373
			587	372
			588	372
			589	372
			590	372
			591	372
			592	372
			593	372
			594	372
			595	372
			596	372
			597	372
			598	372
			599	372
			600	373
			601	373
			602	373
			603	373
			604	373
			605	373
			606	373
			607	373
			608	373
			609	373
			610	373
			611	373
			612	373
			613	373
			614	373
			615	373
			616	373
			617	373
			618	373
			619	373
			620	373
			621	373
			622	374
			623	374
			624	374
			625	374
			626	374
			627	374
			628	374
			629	374
			630	374
			631	374
			632	374
			633	374
			634	374
			635	375
			636	375
			637	375
			638	375
			639	375
			640	375
			641	375
			642	375
			643	375
			644	375
			645	375
			646	376
			647	376
			648	376
			649	376
			650	376
			651	376
			652	376
			653	376
			654	376
			655	377
			656	377
			657	377
			658	377
			659	377
			660	377
			661	377
			662	377
			663	377
			664	378
			665	378
			666	378
			667	378
			668	378
			669	378
			670	378
			671	378
			672	379
			673	379
			674	379
			675	379
			676	379
			677	379
			678	379
			679	379
			680	379
			681	379
			682	379
			683	379
			684	379
			685	379
			686	379
			687	379
			688	379
			689	379
			690	379
			691	379
			692	379
			693	379
			694	379
			695	379
			696	379
			697	379
			698	379
			699	379
			700	379
			701	379
			702	379
			703	379
			704	379
			705	379
			706	380
			707	380
			708	380
			709	380
			710	380
			711	380
			712	380
			713	380
			714	380
			715	380
			716	380
			717	380
			718	381
			719	381
			720	381
			721	381
			722	381
			723	381
			724	381
			725	382
			726	382
			727	382
			728	382
			729	382
			730	382
			731	383
			732	383
			733	383
			734	383
			735	383
			736	383
			737	384
			738	384
			739	384
			740	384
			741	385
			742	385
			743	385
			744	385
			745	386
			746	386
			747	386
			748	386
			749	387
			750	387
			751	387
			752	388
			753	388
			754	388
			755	388
			756	389
			757	389
			758	389
			759	390
			760	390
			761	390
			762	391
			763	391
			764	392
			765	392
			766	392
			767	393
			768	393
			769	394
			770	394
			771	394
			772	395
			773	395
			774	396
			775	396
			776	397
			777	397
			778	398
			779	398
			780	399
			781	400
			782	400
			783	400
			784	400
			785	401
			786	401
			787	402
			788	403
			789	404
			790	405
			791	406
			791	407
			792	408
			793	408
			793	409
			794	410
			794	411
			795	412
			796	413
			796	414
			797	415
			797	416
			798	417
			798	418
			799	419
			799	420
			800	421
			800	422
			801	423
			801	424
			802	425
			802	426
			802	427
			803	427
			803	428
			803	429
			804	429
			804	430
			805	431
			805	432
			806	433
			806	434
			807	435
			807	436
			808	437
			809	438
			810	439
			810	438
			810	437
			809	436
			809	435
			809	434
			808	433
			808	432
			808	431
			808	430
			807	429
			807	428
			806	427
			806	426
			806	425
			806	424
			805	424
			805	423
			805	422
			805	421
			804	420
			804	419
			803	418
			803	417
			803	416
			802	416
			802	415
			802	414
			802	413
			801	413
			801	412
			801	411
			800	410
			800	409
			800	408
			799	407
			799	406
			798	405
			798	404
			798	403
			797	402
			797	401
			796	400
			796	399
			796	398
			795	397
			795	396
			795	395
			794	395
			794	394
			794	393
			793	392
			793	391
		</posterior>
	</curves.pixel>
	<curves.scaled type=list>
		<glabella type=matrix rownames=FALSE colnames=FALSE nrow=400 ncol=2 as.numeric=TRUE >
			3.96396396396396	-0.504504504504504
			3.97297297297297	-0.504504504504504
			3.98198198198198	-0.504504504504504
			3.99099099099099	-0.504504504504504
			4	-0.504504504504504
			4.00900900900901	-0.504504504504504
			4.01801801801802	-0.504504504504504
			4.02702702702703	-0.504504504504504
			4.03603603603604	-0.504504504504504
			4.04504504504505	-0.504504504504504
			4.05405405405405	-0.504504504504504
			4.06306306306306	-0.504504504504504
			4.07207207207207	-0.513513513513513
			4.08108108108108	-0.513513513513513
			4.09009009009009	-0.513513513513513
			4.0990990990991	-0.513513513513513
			4.10810810810811	-0.513513513513513
			4.11711711711712	-0.513513513513513
			4.12612612612613	-0.513513513513513
			4.13513513513514	-0.513513513513513
			4.14414414414414	-0.522522522522523
			4.15315315315315	-0.522522522522523
			4.16216216216216	-0.522522522522523
			4.17117117117117	-0.522522522522523
			4.18018018018018	-0.522522522522523
			4.18918918918919	-0.522522522522523
			4.1981981981982	-0.531531531531532
			4.20720720720721	-0.531531531531532
			4.21621621621622	-0.531531531531532
			4.22522522522523	-0.531531531531532
			4.23423423423423	-0.531531531531532
			4.24324324324324	-0.540540540540541
			4.25225225225225	-0.540540540540541
			4.26126126126126	-0.540540540540541
			4.27027027027027	-0.540540540540541
			4.27927927927928	-0.54954954954955
			4.28828828828829	-0.54954954954955
			4.2972972972973	-0.54954954954955
			4.30630630630631	-0.54954954954955
			4.31531531531532	-0.558558558558559
			4.32432432432432	-0.558558558558559
			4.33333333333333	-0.567567567567568
			4.34234234234234	-0.567567567567568
			4.35135135135135	-0.567567567567568
			4.36036036036036	-0.576576576576577
			4.36936936936937	-0.576576576576577
			4.37837837837838	-0.576576576576577
			4.38738738738739	-0.585585585585586
			4.3963963963964	-0.585585585585586
			4.40540540540541	-0.585585585585586
			4.40540540540541	-0.594594594594595
			4.41441441441441	-0.594594594594595
			4.42342342342342	-0.594594594594595
			4.43243243243243	-0.603603603603604
			4.44144144144144	-0.603603603603604
			4.45045045045045	-0.612612612612613
			4.45945945945946	-0.612612612612613
			4.46846846846847	-0.621621621621622
			4.47747747747748	-0.621621621621622
			4.48648648648649	-0.630630630630631
			4.4954954954955	-0.630630630630631
			4.5045045045045	-0.63963963963964
			4.51351351351351	-0.63963963963964
			4.52252252252252	-0.648648648648649
			4.53153153153153	-0.648648648648649
			4.54054054054054	-0.657657657657658
			4.54954954954955	-0.657657657657658
			4.54954954954955	-0.666666666666667
			4.55855855855856	-0.666666666666667
			4.56756756756757	-0.675675675675676
			4.57657657657658	-0.675675675675676
			4.58558558558559	-0.684684684684685
			4.59459459459459	-0.684684684684685
			4.6036036036036	-0.693693693693694
			4.61261261261261	-0.702702702702703
			4.62162162162162	-0.702702702702703
			4.63063063063063	-0.711711711711712
			4.63963963963964	-0.711711711711712
			4.63963963963964	-0.720720720720721
			4.64864864864865	-0.72972972972973
			4.65765765765766	-0.72972972972973
			4.66666666666667	-0.738738738738739
			4.67567567567568	-0.738738738738739
			4.68468468468468	-0.747747747747748
			4.69369369369369	-0.756756756756757
			4.7027027027027	-0.756756756756757
			4.71171171171171	-0.765765765765766
			4.71171171171171	-0.774774774774775
			4.72072072072072	-0.783783783783784
			4.72972972972973	-0.783783783783784
			4.73873873873874	-0.792792792792793
			4.74774774774775	-0.801801801801802
			4.75675675675676	-0.801801801801802
			4.76576576576577	-0.810810810810811
			4.76576576576577	-0.81981981981982
			4.77477477477477	-0.828828828828829
			4.78378378378378	-0.828828828828829
			4.79279279279279	-0.837837837837838
			4.8018018018018	-0.846846846846847
			4.81081081081081	-0.855855855855856
			4.81981981981982	-0.864864864864865
			4.82882882882883	-0.873873873873874
			4.83783783783784	-0.882882882882883
			4.84684684684685	-0.891891891891892
			4.84684684684685	-0.900900900900901
			4.85585585585586	-0.90990990990991
			4.86486486486486	-0.918918918918919
			4.87387387387387	-0.927927927927928
			4.87387387387387	-0.936936936936937
			4.88288288288288	-0.945945945945946
			4.89189189189189	-0.954954954954955
			4.89189189189189	-0.963963963963964
			4.89189189189189	-0.972972972972973
			4.9009009009009	-0.981981981981982
			4.9009009009009	-0.990990990990991
			4.90990990990991	-1
			4.90990990990991	-1.00900900900901
			4.90990990990991	-1.01801801801802
			4.91891891891892	-1.02702702702703
			4.91891891891892	-1.03603603603604
			4.91891891891892	-1.04504504504505
			4.92792792792793	-1.05405405405405
			4.92792792792793	-1.06306306306306
			4.92792792792793	-1.07207207207207
			4.92792792792793	-1.08108108108108
			4.92792792792793	-1.09009009009009
			4.93693693693694	-1.09009009009009
			4.93693693693694	-1.0990990990991
			4.93693693693694	-1.10810810810811
			4.93693693693694	-1.11711711711712
			4.93693693693694	-1.12612612612613
			4.93693693693694	-1.13513513513514
			4.94594594594595	-1.14414414414414
			4.94594594594595	-1.15315315315315
			4.94594594594595	-1.16216216216216
			4.94594594594595	-1.17117117117117
			4.94594594594595	-1.18018018018018
			4.94594594594595	-1.18918918918919
			4.94594594594595	-1.1981981981982
			4.94594594594595	-1.20720720720721
			4.95495495495495	-1.20720720720721
			4.95495495495495	-1.21621621621622
			4.95495495495495	-1.22522522522523
			4.95495495495495	-1.23423423423423
			4.95495495495495	-1.24324324324324
			4.95495495495495	-1.25225225225225
			4.95495495495495	-1.26126126126126
			4.95495495495495	-1.27027027027027
			4.95495495495495	-1.27927927927928
			4.95495495495495	-1.28828828828829
			4.95495495495495	-1.2972972972973
			4.95495495495495	-1.30630630630631
			4.95495495495495	-1.31531531531532
			4.95495495495495	-1.32432432432432
			4.95495495495495	-1.33333333333333
			4.95495495495495	-1.34234234234234
			4.95495495495495	-1.35135135135135
			4.95495495495495	-1.36036036036036
			4.95495495495495	-1.36936936936937
			4.95495495495495	-1.37837837837838
			4.95495495495495	-1.38738738738739
			4.95495495495495	-1.3963963963964
			4.95495495495495	-1.40540540540541
			4.95495495495495	-1.41441441441441
			4.95495495495495	-1.42342342342342
			4.95495495495495	-1.43243243243243
			4.95495495495495	-1.44144144144144
			4.95495495495495	-1.45045045045045
			4.95495495495495	-1.45945945945946
			4.95495495495495	-1.46846846846847
			4.94594594594595	-1.47747747747748
			4.94594594594595	-1.48648648648649
			4.94594594594595	-1.4954954954955
			4.94594594594595	-1.5045045045045
			4.94594594594595	-1.51351351351351
			4.94594594594595	-1.52252252252252
			4.94594594594595	-1.53153153153153
			4.94594594594595	-1.54054054054054
			4.94594594594595	-1.54954954954955
			4.94594594594595	-1.55855855855856
			4.94594594594595	-1.56756756756757
			4.93693693693694	-1.57657657657658
			4.93693693693694	-1.58558558558559
			4.93693693693694	-1.59459459459459
			4.93693693693694	-1.6036036036036
			4.93693693693694	-1.61261261261261
			4.93693693693694	-1.62162162162162
			4.93693693693694	-1.63063063063063
			4.93693693693694	-1.63963963963964
			4.92792792792793	-1.64864864864865
			4.92792792792793	-1.65765765765766
			4.92792792792793	-1.66666666666667
			4.92792792792793	-1.67567567567568
			4.92792792792793	-1.68468468468468
			4.92792792792793	-1.69369369369369
			4.92792792792793	-1.7027027027027
			4.92792792792793	-1.71171171171171
			4.91891891891892	-1.72072072072072
			4.91891891891892	-1.72972972972973
			4.91891891891892	-1.73873873873874
			4.91891891891892	-1.74774774774775
			4.91891891891892	-1.75675675675676
			4.91891891891892	-1.76576576576577
			4.90990990990991	-1.77477477477477
			4.90990990990991	-1.78378378378378
			4.90990990990991	-1.79279279279279
			4.90990990990991	-1.8018018018018
			4.90990990990991	-1.81081081081081
			4.90990990990991	-1.81981981981982
			4.9009009009009	-1.82882882882883
			4.9009009009009	-1.83783783783784
			4.9009009009009	-1.84684684684685
			4.9009009009009	-1.85585585585586
			4.9009009009009	-1.86486486486486
			4.89189189189189	-1.87387387387387
			4.89189189189189	-1.88288288288288
			4.89189189189189	-1.89189189189189
			4.89189189189189	-1.9009009009009
			4.89189189189189	-1.90990990990991
			4.88288288288288	-1.91891891891892
			4.88288288288288	-1.92792792792793
			4.88288288288288	-1.93693693693694
			4.88288288288288	-1.94594594594595
			4.88288288288288	-1.95495495495495
			4.88288288288288	-1.96396396396396
			4.87387387387387	-1.97297297297297
			4.87387387387387	-1.98198198198198
			4.87387387387387	-1.99099099099099
			4.87387387387387	-2
			4.87387387387387	-2.00900900900901
			4.86486486486486	-2.01801801801802
			4.86486486486486	-2.02702702702703
			4.86486486486486	-2.03603603603604
			4.86486486486486	-2.04504504504505
			4.85585585585586	-2.05405405405405
			4.85585585585586	-2.06306306306306
			4.85585585585586	-2.07207207207207
			4.85585585585586	-2.08108108108108
			4.85585585585586	-2.09009009009009
			4.84684684684685	-2.0990990990991
			4.84684684684685	-2.10810810810811
			4.84684684684685	-2.11711711711712
			4.84684684684685	-2.12612612612613
			4.83783783783784	-2.13513513513514
			4.83783783783784	-2.14414414414414
			4.83783783783784	-2.15315315315315
			4.83783783783784	-2.16216216216216
			4.82882882882883	-2.17117117117117
			4.82882882882883	-2.18018018018018
			4.82882882882883	-2.18918918918919
			4.82882882882883	-2.1981981981982
			4.81981981981982	-2.20720720720721
			4.81981981981982	-2.21621621621622
			4.81981981981982	-2.22522522522523
			4.81981981981982	-2.23423423423423
			4.81081081081081	-2.24324324324324
			4.81081081081081	-2.25225225225225
			4.81081081081081	-2.26126126126126
			4.81081081081081	-2.27027027027027
			4.8018018018018	-2.27927927927928
			4.8018018018018	-2.28828828828829
			4.8018018018018	-2.2972972972973
			4.8018018018018	-2.30630630630631
			4.79279279279279	-2.31531531531532
			4.79279279279279	-2.32432432432432
			4.79279279279279	-2.33333333333333
			4.79279279279279	-2.34234234234234
			4.78378378378378	-2.35135135135135
			4.78378378378378	-2.36036036036036
			4.78378378378378	-2.36936936936937
			4.78378378378378	-2.37837837837838
			4.77477477477477	-2.38738738738739
			4.77477477477477	-2.3963963963964
			4.77477477477477	-2.40540540540541
			4.77477477477477	-2.41441441441441
			4.76576576576577	-2.42342342342342
			4.76576576576577	-2.43243243243243
			4.76576576576577	-2.44144144144144
			4.76576576576577	-2.45045045045045
			4.75675675675676	-2.45945945945946
			4.75675675675676	-2.46846846846847
			4.75675675675676	-2.47747747747748
			4.74774774774775	-2.48648648648649
			4.74774774774775	-2.4954954954955
			4.74774774774775	-2.5045045045045
			4.74774774774775	-2.51351351351351
			4.73873873873874	-2.52252252252252
			4.73873873873874	-2.53153153153153
			4.73873873873874	-2.54054054054054
			4.72972972972973	-2.54954954954955
			4.72972972972973	-2.55855855855856
			4.72972972972973	-2.56756756756757
			4.72972972972973	-2.57657657657658
			4.72072072072072	-2.58558558558559
			4.72072072072072	-2.59459459459459
			4.72072072072072	-2.6036036036036
			4.71171171171171	-2.61261261261261
			4.71171171171171	-2.62162162162162
			4.71171171171171	-2.63063063063063
			4.71171171171171	-2.63963963963964
			4.7027027027027	-2.64864864864865
			4.7027027027027	-2.65765765765766
			4.7027027027027	-2.66666666666667
			4.69369369369369	-2.67567567567568
			4.69369369369369	-2.68468468468468
			4.69369369369369	-2.69369369369369
			4.69369369369369	-2.7027027027027
			4.69369369369369	-2.71171171171171
			4.69369369369369	-2.72072072072072
			4.69369369369369	-2.72972972972973
			4.69369369369369	-2.73873873873874
			4.69369369369369	-2.74774774774775
			4.69369369369369	-2.75675675675676
			4.69369369369369	-2.76576576576577
			4.69369369369369	-2.77477477477477
			4.69369369369369	-2.78378378378378
			4.69369369369369	-2.79279279279279
			4.7027027027027	-2.8018018018018
			4.7027027027027	-2.81081081081081
			4.7027027027027	-2.81981981981982
			4.7027027027027	-2.82882882882883
			4.7027027027027	-2.83783783783784
			4.7027027027027	-2.84684684684685
			4.7027027027027	-2.85585585585586
			4.69369369369369	-2.86486486486486
			4.69369369369369	-2.87387387387387
			4.69369369369369	-2.88288288288288
			4.69369369369369	-2.89189189189189
			4.69369369369369	-2.9009009009009
			4.69369369369369	-2.90990990990991
			4.69369369369369	-2.91891891891892
			4.69369369369369	-2.92792792792793
			4.69369369369369	-2.93693693693694
			4.69369369369369	-2.94594594594595
			4.69369369369369	-2.95495495495495
			4.69369369369369	-2.96396396396396
			4.69369369369369	-2.97297297297297
			4.69369369369369	-2.98198198198198
			4.69369369369369	-2.99099099099099
			4.69369369369369	-3
			4.68468468468468	-3
			4.68468468468468	-3.00900900900901
			4.68468468468468	-3.01801801801802
			4.68468468468468	-3.02702702702703
			4.68468468468468	-3.03603603603604
			4.68468468468468	-3.04504504504505
			4.67567567567568	-3.05405405405405
			4.67567567567568	-3.06306306306306
			4.67567567567568	-3.07207207207207
			4.67567567567568	-3.08108108108108
			4.67567567567568	-3.09009009009009
			4.66666666666667	-3.0990990990991
			4.66666666666667	-3.10810810810811
			4.66666666666667	-3.11711711711712
			4.65765765765766	-3.12612612612613
			4.65765765765766	-3.13513513513514
			4.65765765765766	-3.14414414414414
			4.64864864864865	-3.15315315315315
			4.64864864864865	-3.16216216216216
			4.63963963963964	-3.17117117117117
			4.63963963963964	-3.18018018018018
			4.63063063063063	-3.18918918918919
			4.63063063063063	-3.1981981981982
			4.62162162162162	-3.1981981981982
			4.62162162162162	-3.20720720720721
			4.61261261261261	-3.21621621621622
			4.6036036036036	-3.22522522522523
			4.59459459459459	-3.23423423423423
			4.6036036036036	-3.24324324324324
			4.6036036036036	-3.25225225225225
			4.6036036036036	-3.26126126126126
			4.61261261261261	-3.27027027027027
			4.61261261261261	-3.27927927927928
			4.61261261261261	-3.28828828828829
			4.61261261261261	-3.2972972972973
			4.62162162162162	-3.30630630630631
			4.62162162162162	-3.31531531531532
			4.62162162162162	-3.32432432432432
			4.62162162162162	-3.33333333333333
			4.62162162162162	-3.34234234234234
			4.62162162162162	-3.35135135135135
			4.62162162162162	-3.36036036036036
			4.62162162162162	-3.36936936936937
			4.62162162162162	-3.37837837837838
			4.62162162162162	-3.38738738738739
			4.62162162162162	-3.3963963963964
			4.62162162162162	-3.40540540540541
			4.62162162162162	-3.41441441441441
			4.62162162162162	-3.42342342342342
			4.61261261261261	-3.43243243243243
			4.61261261261261	-3.44144144144144
			4.61261261261261	-3.45045045045045
			4.6036036036036	-3.45945945945946
			4.6036036036036	-3.46846846846847
			4.59459459459459	-3.47747747747748
			4.59459459459459	-3.48648648648649
			4.58558558558559	-3.4954954954955
			4.58558558558559	-3.5045045045045
			4.57657657657658	-3.51351351351351
			4.56756756756757	-3.52252252252252
		</glabella>
		<suture type=matrix rownames=FALSE colnames=FALSE nrow=484 ncol=2 as.numeric=TRUE >
			3.96396396396396	-0.504504504504504
			3.97297297297297	-0.504504504504504
			3.98198198198198	-0.504504504504504
			3.99099099099099	-0.504504504504504
			4	-0.504504504504504
			4.00900900900901	-0.504504504504504
			4.01801801801802	-0.504504504504504
			4.02702702702703	-0.504504504504504
			4.03603603603604	-0.504504504504504
			4.04504504504505	-0.513513513513513
			4.05405405405405	-0.513513513513513
			4.06306306306306	-0.513513513513513
			4.07207207207207	-0.513513513513513
			4.08108108108108	-0.513513513513513
			4.09009009009009	-0.513513513513513
			4.0990990990991	-0.513513513513513
			4.10810810810811	-0.513513513513513
			4.11711711711712	-0.513513513513513
			4.12612612612613	-0.513513513513513
			4.13513513513514	-0.513513513513513
			4.14414414414414	-0.522522522522523
			4.15315315315315	-0.522522522522523
			4.16216216216216	-0.522522522522523
			4.17117117117117	-0.522522522522523
			4.18018018018018	-0.522522522522523
			4.18918918918919	-0.522522522522523
			4.1981981981982	-0.522522522522523
			4.20720720720721	-0.531531531531532
			4.21621621621622	-0.531531531531532
			4.22522522522523	-0.531531531531532
			4.23423423423423	-0.531531531531532
			4.24324324324324	-0.531531531531532
			4.25225225225225	-0.540540540540541
			4.26126126126126	-0.540540540540541
			4.27027027027027	-0.540540540540541
			4.27927927927928	-0.540540540540541
			4.28828828828829	-0.540540540540541
			4.2972972972973	-0.54954954954955
			4.30630630630631	-0.54954954954955
			4.31531531531532	-0.54954954954955
			4.32432432432432	-0.54954954954955
			4.33333333333333	-0.54954954954955
			4.34234234234234	-0.558558558558559
			4.35135135135135	-0.558558558558559
			4.36036036036036	-0.558558558558559
			4.36936936936937	-0.558558558558559
			4.37837837837838	-0.567567567567568
			4.38738738738739	-0.567567567567568
			4.3963963963964	-0.567567567567568
			4.40540540540541	-0.576576576576577
			4.41441441441441	-0.576576576576577
			4.42342342342342	-0.576576576576577
			4.43243243243243	-0.585585585585586
			4.44144144144144	-0.585585585585586
			4.45045045045045	-0.585585585585586
			4.45945945945946	-0.594594594594595
			4.46846846846847	-0.594594594594595
			4.47747747747748	-0.594594594594595
			4.48648648648649	-0.603603603603604
			4.4954954954955	-0.603603603603604
			4.5045045045045	-0.612612612612613
			4.51351351351351	-0.612612612612613
			4.52252252252252	-0.612612612612613
			4.53153153153153	-0.621621621621622
			4.54054054054054	-0.621621621621622
			4.54954954954955	-0.630630630630631
			4.55855855855856	-0.630630630630631
			4.56756756756757	-0.63963963963964
			4.57657657657658	-0.63963963963964
			4.58558558558559	-0.63963963963964
			4.59459459459459	-0.648648648648649
			4.6036036036036	-0.657657657657658
			4.61261261261261	-0.657657657657658
			4.62162162162162	-0.666666666666667
			4.63063063063063	-0.666666666666667
			4.63963963963964	-0.675675675675676
			4.64864864864865	-0.684684684684685
			4.65765765765766	-0.684684684684685
			4.66666666666667	-0.693693693693694
			4.67567567567568	-0.702702702702703
			4.68468468468468	-0.702702702702703
			4.69369369369369	-0.711711711711712
			4.7027027027027	-0.711711711711712
			4.71171171171171	-0.720720720720721
			4.72072072072072	-0.72972972972973
			4.72972972972973	-0.72972972972973
			4.73873873873874	-0.738738738738739
			4.74774774774775	-0.747747747747748
			4.75675675675676	-0.756756756756757
			4.76576576576577	-0.756756756756757
			4.77477477477477	-0.765765765765766
			4.77477477477477	-0.774774774774775
			4.78378378378378	-0.783783783783784
			4.79279279279279	-0.783783783783784
			4.8018018018018	-0.792792792792793
			4.81081081081081	-0.801801801801802
			4.81981981981982	-0.810810810810811
			4.82882882882883	-0.81981981981982
			4.83783783783784	-0.828828828828829
			4.84684684684685	-0.837837837837838
			4.85585585585586	-0.846846846846847
			4.86486486486486	-0.855855855855856
			4.87387387387387	-0.864864864864865
			4.88288288288288	-0.873873873873874
			4.89189189189189	-0.882882882882883
			4.9009009009009	-0.891891891891892
			4.9009009009009	-0.900900900900901
			4.90990990990991	-0.90990990990991
			4.90990990990991	-0.918918918918919
			4.91891891891892	-0.918918918918919
			4.91891891891892	-0.927927927927928
			4.92792792792793	-0.936936936936937
			4.93693693693694	-0.945945945945946
			4.93693693693694	-0.954954954954955
			4.94594594594595	-0.963963963963964
			4.94594594594595	-0.972972972972973
			4.95495495495495	-0.972972972972973
			4.95495495495495	-0.981981981981982
			4.96396396396396	-0.990990990990991
			4.96396396396396	-1
			4.97297297297297	-1.00900900900901
			4.97297297297297	-1.01801801801802
			4.98198198198198	-1.02702702702703
			4.98198198198198	-1.03603603603604
			4.99099099099099	-1.04504504504505
			5	-1.05405405405405
			5	-1.06306306306306
			5.00900900900901	-1.07207207207207
			5.00900900900901	-1.08108108108108
			5.01801801801802	-1.09009009009009
			5.01801801801802	-1.0990990990991
			5.01801801801802	-1.10810810810811
			5.02702702702703	-1.11711711711712
			5.02702702702703	-1.12612612612613
			5.03603603603604	-1.13513513513514
			5.03603603603604	-1.14414414414414
			5.04504504504505	-1.15315315315315
			5.04504504504505	-1.16216216216216
			5.04504504504505	-1.17117117117117
			5.05405405405405	-1.18018018018018
			5.05405405405405	-1.18918918918919
			5.05405405405405	-1.1981981981982
			5.06306306306306	-1.20720720720721
			5.06306306306306	-1.21621621621622
			5.06306306306306	-1.22522522522523
			5.06306306306306	-1.23423423423423
			5.07207207207207	-1.23423423423423
			5.07207207207207	-1.24324324324324
			5.07207207207207	-1.25225225225225
			5.07207207207207	-1.26126126126126
			5.08108108108108	-1.27027027027027
			5.08108108108108	-1.27927927927928
			5.08108108108108	-1.28828828828829
			5.09009009009009	-1.2972972972973
			5.09009009009009	-1.30630630630631
			5.09009009009009	-1.31531531531532
			5.09009009009009	-1.32432432432432
			5.09009009009009	-1.33333333333333
			5.0990990990991	-1.34234234234234
			5.0990990990991	-1.35135135135135
			5.0990990990991	-1.36036036036036
			5.0990990990991	-1.36936936936937
			5.09009009009009	-1.37837837837838
			5.09009009009009	-1.38738738738739
			5.09009009009009	-1.3963963963964
			5.09009009009009	-1.40540540540541
			5.09009009009009	-1.41441441441441
			5.09009009009009	-1.42342342342342
			5.09009009009009	-1.43243243243243
			5.09009009009009	-1.44144144144144
			5.09009009009009	-1.45045045045045
			5.09009009009009	-1.45945945945946
			5.09009009009009	-1.46846846846847
			5.09009009009009	-1.47747747747748
			5.0990990990991	-1.48648648648649
			5.0990990990991	-1.4954954954955
			5.10810810810811	-1.5045045045045
			5.10810810810811	-1.51351351351351
			5.11711711711712	-1.51351351351351
			5.12612612612613	-1.52252252252252
			5.12612612612613	-1.53153153153153
			5.13513513513514	-1.53153153153153
			5.14414414414414	-1.54054054054054
			5.15315315315315	-1.54954954954955
			5.16216216216216	-1.54954954954955
			5.17117117117117	-1.55855855855856
			5.18018018018018	-1.55855855855856
			5.18918918918919	-1.55855855855856
			5.1981981981982	-1.56756756756757
			5.20720720720721	-1.56756756756757
			5.21621621621622	-1.57657657657658
			5.22522522522523	-1.57657657657658
			5.23423423423423	-1.57657657657658
			5.24324324324324	-1.57657657657658
			5.25225225225225	-1.58558558558559
			5.26126126126126	-1.58558558558559
			5.27027027027027	-1.58558558558559
			5.27927927927928	-1.58558558558559
			5.28828828828829	-1.58558558558559
			5.2972972972973	-1.58558558558559
			5.30630630630631	-1.59459459459459
			5.31531531531532	-1.59459459459459
			5.32432432432432	-1.59459459459459
			5.33333333333333	-1.59459459459459
			5.34234234234234	-1.59459459459459
			5.35135135135135	-1.59459459459459
			5.36036036036036	-1.59459459459459
			5.36936936936937	-1.6036036036036
			5.37837837837838	-1.6036036036036
			5.38738738738739	-1.6036036036036
			5.3963963963964	-1.6036036036036
			5.40540540540541	-1.6036036036036
			5.41441441441441	-1.61261261261261
			5.42342342342342	-1.61261261261261
			5.43243243243243	-1.61261261261261
			5.44144144144144	-1.61261261261261
			5.45045045045045	-1.62162162162162
			5.45945945945946	-1.62162162162162
			5.46846846846847	-1.62162162162162
			5.47747747747748	-1.62162162162162
			5.48648648648649	-1.63063063063063
			5.4954954954955	-1.63063063063063
			5.5045045045045	-1.63063063063063
			5.5045045045045	-1.63963963963964
			5.51351351351351	-1.63963963963964
			5.52252252252252	-1.63963963963964
			5.53153153153153	-1.64864864864865
			5.54054054054054	-1.64864864864865
			5.54954954954955	-1.65765765765766
			5.55855855855856	-1.65765765765766
			5.56756756756757	-1.66666666666667
			5.57657657657658	-1.66666666666667
			5.58558558558559	-1.67567567567568
			5.59459459459459	-1.68468468468468
			5.6036036036036	-1.68468468468468
			5.61261261261261	-1.69369369369369
			5.62162162162162	-1.7027027027027
			5.63063063063063	-1.71171171171171
			5.63963963963964	-1.72072072072072
			5.64864864864865	-1.72972972972973
			5.64864864864865	-1.73873873873874
			5.65765765765766	-1.74774774774775
			5.66666666666667	-1.75675675675676
			5.66666666666667	-1.76576576576577
			5.66666666666667	-1.77477477477477
			5.67567567567568	-1.78378378378378
			5.67567567567568	-1.79279279279279
			5.67567567567568	-1.8018018018018
			5.67567567567568	-1.81081081081081
			5.68468468468468	-1.81981981981982
			5.68468468468468	-1.82882882882883
			5.68468468468468	-1.83783783783784
			5.68468468468468	-1.84684684684685
			5.68468468468468	-1.85585585585586
			5.68468468468468	-1.86486486486486
			5.68468468468468	-1.87387387387387
			5.67567567567568	-1.88288288288288
			5.67567567567568	-1.89189189189189
			5.67567567567568	-1.9009009009009
			5.67567567567568	-1.90990990990991
			5.67567567567568	-1.91891891891892
			5.66666666666667	-1.91891891891892
			5.66666666666667	-1.92792792792793
			5.66666666666667	-1.93693693693694
			5.66666666666667	-1.94594594594595
			5.65765765765766	-1.95495495495495
			5.65765765765766	-1.96396396396396
			5.64864864864865	-1.97297297297297
			5.64864864864865	-1.98198198198198
			5.63963963963964	-1.99099099099099
			5.63963963963964	-2
			5.63063063063063	-2.00900900900901
			5.63063063063063	-2.01801801801802
			5.63063063063063	-2.02702702702703
			5.62162162162162	-2.03603603603604
			5.61261261261261	-2.04504504504505
			5.61261261261261	-2.05405405405405
			5.6036036036036	-2.06306306306306
			5.6036036036036	-2.07207207207207
			5.59459459459459	-2.08108108108108
			5.58558558558559	-2.08108108108108
			5.57657657657658	-2.08108108108108
			5.56756756756757	-2.08108108108108
			5.55855855855856	-2.08108108108108
			5.54954954954955	-2.08108108108108
			5.54054054054054	-2.08108108108108
			5.53153153153153	-2.08108108108108
			5.52252252252252	-2.08108108108108
			5.51351351351351	-2.08108108108108
			5.5045045045045	-2.08108108108108
			5.4954954954955	-2.08108108108108
			5.48648648648649	-2.08108108108108
			5.47747747747748	-2.08108108108108
			5.46846846846847	-2.08108108108108
			5.45945945945946	-2.08108108108108
			5.45045045045045	-2.08108108108108
			5.44144144144144	-2.08108108108108
			5.43243243243243	-2.08108108108108
			5.42342342342342	-2.08108108108108
			5.41441441441441	-2.08108108108108
			5.40540540540541	-2.08108108108108
			5.3963963963964	-2.08108108108108
			5.38738738738739	-2.08108108108108
			5.37837837837838	-2.08108108108108
			5.36936936936937	-2.08108108108108
			5.36036036036036	-2.08108108108108
			5.35135135135135	-2.08108108108108
			5.34234234234234	-2.08108108108108
			5.33333333333333	-2.08108108108108
			5.32432432432432	-2.09009009009009
			5.31531531531532	-2.09009009009009
			5.30630630630631	-2.0990990990991
			5.2972972972973	-2.0990990990991
			5.28828828828829	-2.10810810810811
			5.28828828828829	-2.11711711711712
			5.27927927927928	-2.12612612612613
			5.27927927927928	-2.13513513513514
			5.28828828828829	-2.14414414414414
			5.2972972972973	-2.14414414414414
			5.30630630630631	-2.14414414414414
			5.31531531531532	-2.14414414414414
			5.32432432432432	-2.14414414414414
			5.33333333333333	-2.14414414414414
			5.34234234234234	-2.14414414414414
			5.35135135135135	-2.15315315315315
			5.36036036036036	-2.15315315315315
			5.36936936936937	-2.15315315315315
			5.37837837837838	-2.15315315315315
			5.38738738738739	-2.15315315315315
			5.3963963963964	-2.15315315315315
			5.40540540540541	-2.14414414414414
			5.41441441441441	-2.14414414414414
			5.42342342342342	-2.14414414414414
			5.43243243243243	-2.14414414414414
			5.44144144144144	-2.14414414414414
			5.45045045045045	-2.14414414414414
			5.45945945945946	-2.14414414414414
			5.46846846846847	-2.14414414414414
			5.47747747747748	-2.14414414414414
			5.48648648648649	-2.14414414414414
			5.4954954954955	-2.14414414414414
			5.5045045045045	-2.14414414414414
			5.51351351351351	-2.14414414414414
			5.52252252252252	-2.14414414414414
			5.53153153153153	-2.14414414414414
			5.54054054054054	-2.13513513513514
			5.54954954954955	-2.13513513513514
			5.55855855855856	-2.13513513513514
			5.56756756756757	-2.13513513513514
			5.57657657657658	-2.13513513513514
			5.58558558558559	-2.12612612612613
			5.59459459459459	-2.12612612612613
			5.6036036036036	-2.11711711711712
			5.61261261261261	-2.10810810810811
			5.62162162162162	-2.10810810810811
			5.63063063063063	-2.0990990990991
			5.63963963963964	-2.0990990990991
			5.64864864864865	-2.09009009009009
			5.65765765765766	-2.09009009009009
			5.66666666666667	-2.08108108108108
			5.67567567567568	-2.07207207207207
			5.68468468468468	-2.07207207207207
			5.69369369369369	-2.06306306306306
			5.7027027027027	-2.06306306306306
			5.71171171171171	-2.05405405405405
			5.72072072072072	-2.05405405405405
			5.72972972972973	-2.05405405405405
			5.72972972972973	-2.04504504504505
			5.73873873873874	-2.04504504504505
			5.74774774774775	-2.04504504504505
			5.75675675675676	-2.03603603603604
			5.76576576576577	-2.03603603603604
			5.77477477477477	-2.03603603603604
			5.78378378378378	-2.02702702702703
			5.79279279279279	-2.02702702702703
			5.8018018018018	-2.01801801801802
			5.81081081081081	-2.01801801801802
			5.81981981981982	-2.01801801801802
			5.82882882882883	-2.01801801801802
			5.83783783783784	-2.00900900900901
			5.84684684684685	-2.00900900900901
			5.85585585585586	-2.00900900900901
			5.86486486486486	-2
			5.87387387387387	-2
			5.88288288288288	-2
			5.89189189189189	-2
			5.9009009009009	-1.99099099099099
			5.90990990990991	-1.99099099099099
			5.91891891891892	-1.99099099099099
			5.92792792792793	-1.99099099099099
			5.93693693693694	-1.99099099099099
			5.94594594594595	-1.98198198198198
			5.95495495495495	-1.98198198198198
			5.96396396396396	-1.98198198198198
			5.97297297297297	-1.98198198198198
			5.98198198198198	-1.98198198198198
			5.99099099099099	-1.98198198198198
			6	-1.98198198198198
			6.00900900900901	-1.98198198198198
			6.01801801801802	-1.98198198198198
			6.02702702702703	-1.98198198198198
			6.03603603603604	-1.98198198198198
			6.04504504504505	-1.98198198198198
			6.05405405405405	-1.98198198198198
			6.06306306306306	-1.98198198198198
			6.07207207207207	-1.98198198198198
			6.08108108108108	-1.98198198198198
			6.09009009009009	-1.98198198198198
			6.0990990990991	-1.98198198198198
			6.10810810810811	-1.98198198198198
			6.11711711711712	-1.98198198198198
			6.12612612612613	-1.98198198198198
			6.13513513513514	-1.98198198198198
			6.14414414414414	-1.98198198198198
			6.15315315315315	-1.98198198198198
			6.16216216216216	-1.98198198198198
			6.17117117117117	-1.98198198198198
			6.18018018018018	-1.98198198198198
			6.18918918918919	-1.98198198198198
			6.1981981981982	-1.98198198198198
			6.20720720720721	-1.98198198198198
			6.21621621621622	-1.98198198198198
			6.22522522522523	-1.98198198198198
			6.23423423423423	-1.98198198198198
			6.24324324324324	-1.98198198198198
			6.25225225225225	-1.98198198198198
			6.26126126126126	-1.98198198198198
			6.27027027027027	-1.98198198198198
			6.27927927927928	-1.98198198198198
			6.28828828828829	-1.98198198198198
			6.2972972972973	-1.99099099099099
			6.30630630630631	-1.99099099099099
			6.31531531531532	-1.99099099099099
			6.32432432432432	-1.99099099099099
			6.33333333333333	-1.99099099099099
			6.34234234234234	-1.99099099099099
			6.35135135135135	-1.99099099099099
			6.36036036036036	-1.99099099099099
			6.36936936936937	-1.99099099099099
			6.37837837837838	-2
			6.38738738738739	-2
			6.3963963963964	-2.00900900900901
			6.40540540540541	-2.00900900900901
			6.41441441441441	-2.01801801801802
			6.42342342342342	-2.01801801801802
			6.42342342342342	-2.02702702702703
			6.43243243243243	-2.03603603603604
			6.44144144144144	-2.04504504504505
			6.45045045045045	-2.05405405405405
			6.45945945945946	-2.06306306306306
			6.46846846846847	-2.07207207207207
			6.47747747747748	-2.08108108108108
			6.48648648648649	-2.09009009009009
			6.4954954954955	-2.0990990990991
			6.5045045045045	-2.10810810810811
			6.5045045045045	-2.11711711711712
			6.51351351351351	-2.12612612612613
			6.52252252252252	-2.12612612612613
			6.52252252252252	-2.13513513513514
			6.53153153153153	-2.14414414414414
			6.54054054054054	-2.15315315315315
			6.54054054054054	-2.16216216216216
			6.54954954954955	-2.17117117117117
			6.55855855855856	-2.18018018018018
			6.56756756756757	-2.18918918918919
			6.56756756756757	-2.1981981981982
			6.57657657657658	-2.20720720720721
			6.58558558558559	-2.21621621621622
			6.59459459459459	-2.22522522522523
			6.59459459459459	-2.23423423423423
			6.6036036036036	-2.24324324324324
			6.6036036036036	-2.25225225225225
			6.61261261261261	-2.26126126126126
			6.61261261261261	-2.27027027027027
			6.62162162162162	-2.27027027027027
			6.62162162162162	-2.27927927927928
			6.63063063063063	-2.28828828828829
			6.63063063063063	-2.2972972972973
			6.63963963963964	-2.2972972972973
			6.63963963963964	-2.30630630630631
			6.64864864864865	-2.31531531531532
			6.64864864864865	-2.32432432432432
			6.65765765765766	-2.32432432432432
			6.65765765765766	-2.33333333333333
		</suture>
		<anterior type=matrix rownames=FALSE colnames=FALSE nrow=505 ncol=2 as.numeric=TRUE >
			3.96396396396396	-0.504504504504504
			3.97297297297297	-0.504504504504504
			3.98198198198198	-0.504504504504504
			3.99099099099099	-0.504504504504504
			4	-0.504504504504504
			4.00900900900901	-0.504504504504504
			4.01801801801802	-0.504504504504504
			4.02702702702703	-0.504504504504504
			4.03603603603604	-0.504504504504504
			4.04504504504505	-0.504504504504504
			4.05405405405405	-0.504504504504504
			4.06306306306306	-0.504504504504504
			4.07207207207207	-0.504504504504504
			4.08108108108108	-0.504504504504504
			4.09009009009009	-0.504504504504504
			4.0990990990991	-0.504504504504504
			4.10810810810811	-0.504504504504504
			4.11711711711712	-0.504504504504504
			4.12612612612613	-0.504504504504504
			4.13513513513514	-0.504504504504504
			4.14414414414414	-0.504504504504504
			4.15315315315315	-0.504504504504504
			4.16216216216216	-0.504504504504504
			4.17117117117117	-0.504504504504504
			4.17117117117117	-0.513513513513513
			4.18018018018018	-0.513513513513513
			4.18918918918919	-0.513513513513513
			4.1981981981982	-0.513513513513513
			4.20720720720721	-0.513513513513513
			4.21621621621622	-0.513513513513513
			4.22522522522523	-0.513513513513513
			4.23423423423423	-0.513513513513513
			4.24324324324324	-0.513513513513513
			4.25225225225225	-0.513513513513513
			4.26126126126126	-0.522522522522523
			4.27027027027027	-0.522522522522523
			4.27927927927928	-0.522522522522523
			4.28828828828829	-0.522522522522523
			4.2972972972973	-0.522522522522523
			4.30630630630631	-0.522522522522523
			4.31531531531532	-0.522522522522523
			4.32432432432432	-0.531531531531532
			4.33333333333333	-0.531531531531532
			4.34234234234234	-0.531531531531532
			4.35135135135135	-0.531531531531532
			4.36036036036036	-0.531531531531532
			4.36936936936937	-0.540540540540541
			4.37837837837838	-0.540540540540541
			4.38738738738739	-0.540540540540541
			4.3963963963964	-0.540540540540541
			4.40540540540541	-0.540540540540541
			4.41441441441441	-0.54954954954955
			4.42342342342342	-0.54954954954955
			4.43243243243243	-0.54954954954955
			4.44144144144144	-0.54954954954955
			4.45045045045045	-0.558558558558559
			4.45945945945946	-0.558558558558559
			4.46846846846847	-0.558558558558559
			4.47747747747748	-0.567567567567568
			4.48648648648649	-0.567567567567568
			4.4954954954955	-0.567567567567568
			4.5045045045045	-0.567567567567568
			4.51351351351351	-0.576576576576577
			4.52252252252252	-0.576576576576577
			4.53153153153153	-0.576576576576577
			4.54054054054054	-0.585585585585586
			4.54954954954955	-0.585585585585586
			4.55855855855856	-0.585585585585586
			4.56756756756757	-0.585585585585586
			4.57657657657658	-0.594594594594595
			4.58558558558559	-0.594594594594595
			4.59459459459459	-0.594594594594595
			4.6036036036036	-0.603603603603604
			4.61261261261261	-0.603603603603604
			4.62162162162162	-0.603603603603604
			4.63063063063063	-0.612612612612613
			4.63963963963964	-0.612612612612613
			4.64864864864865	-0.612612612612613
			4.65765765765766	-0.621621621621622
			4.66666666666667	-0.621621621621622
			4.67567567567568	-0.630630630630631
			4.68468468468468	-0.630630630630631
			4.69369369369369	-0.630630630630631
			4.7027027027027	-0.630630630630631
			4.7027027027027	-0.63963963963964
			4.71171171171171	-0.63963963963964
			4.72072072072072	-0.63963963963964
			4.72972972972973	-0.648648648648649
			4.73873873873874	-0.648648648648649
			4.74774774774775	-0.657657657657658
			4.75675675675676	-0.657657657657658
			4.76576576576577	-0.657657657657658
			4.77477477477477	-0.666666666666667
			4.78378378378378	-0.666666666666667
			4.79279279279279	-0.675675675675676
			4.8018018018018	-0.675675675675676
			4.81081081081081	-0.675675675675676
			4.81981981981982	-0.684684684684685
			4.82882882882883	-0.684684684684685
			4.83783783783784	-0.693693693693694
			4.84684684684685	-0.693693693693694
			4.85585585585586	-0.702702702702703
			4.86486486486486	-0.702702702702703
			4.87387387387387	-0.702702702702703
			4.87387387387387	-0.711711711711712
			4.88288288288288	-0.711711711711712
			4.89189189189189	-0.711711711711712
			4.9009009009009	-0.720720720720721
			4.90990990990991	-0.720720720720721
			4.91891891891892	-0.720720720720721
			4.91891891891892	-0.72972972972973
			4.92792792792793	-0.72972972972973
			4.93693693693694	-0.72972972972973
			4.94594594594595	-0.738738738738739
			4.95495495495495	-0.738738738738739
			4.96396396396396	-0.747747747747748
			4.97297297297297	-0.747747747747748
			4.98198198198198	-0.747747747747748
			4.99099099099099	-0.756756756756757
			5	-0.756756756756757
			5.00900900900901	-0.765765765765766
			5.01801801801802	-0.765765765765766
			5.02702702702703	-0.765765765765766
			5.03603603603604	-0.774774774774775
			5.04504504504505	-0.774774774774775
			5.05405405405405	-0.783783783783784
			5.06306306306306	-0.783783783783784
			5.07207207207207	-0.792792792792793
			5.08108108108108	-0.792792792792793
			5.09009009009009	-0.792792792792793
			5.0990990990991	-0.801801801801802
			5.10810810810811	-0.801801801801802
			5.11711711711712	-0.810810810810811
			5.12612612612613	-0.810810810810811
			5.13513513513514	-0.810810810810811
			5.14414414414414	-0.81981981981982
			5.15315315315315	-0.81981981981982
			5.16216216216216	-0.828828828828829
			5.17117117117117	-0.828828828828829
			5.18018018018018	-0.828828828828829
			5.18918918918919	-0.828828828828829
			5.18918918918919	-0.837837837837838
			5.1981981981982	-0.837837837837838
			5.20720720720721	-0.837837837837838
			5.21621621621622	-0.846846846846847
			5.22522522522523	-0.846846846846847
			5.23423423423423	-0.855855855855856
			5.24324324324324	-0.855855855855856
			5.25225225225225	-0.855855855855856
			5.26126126126126	-0.864864864864865
			5.27027027027027	-0.864864864864865
			5.27927927927928	-0.864864864864865
			5.28828828828829	-0.873873873873874
			5.2972972972973	-0.882882882882883
			5.30630630630631	-0.882882882882883
			5.31531531531532	-0.882882882882883
			5.32432432432432	-0.891891891891892
			5.33333333333333	-0.891891891891892
			5.34234234234234	-0.900900900900901
			5.35135135135135	-0.900900900900901
			5.36036036036036	-0.900900900900901
			5.36936936936937	-0.90990990990991
			5.37837837837838	-0.90990990990991
			5.38738738738739	-0.918918918918919
			5.3963963963964	-0.918918918918919
			5.40540540540541	-0.918918918918919
			5.41441441441441	-0.927927927927928
			5.42342342342342	-0.927927927927928
			5.43243243243243	-0.936936936936937
			5.44144144144144	-0.936936936936937
			5.45045045045045	-0.936936936936937
			5.45945945945946	-0.945945945945946
			5.46846846846847	-0.945945945945946
			5.47747747747748	-0.954954954954955
			5.48648648648649	-0.954954954954955
			5.4954954954955	-0.954954954954955
			5.5045045045045	-0.963963963963964
			5.51351351351351	-0.963963963963964
			5.52252252252252	-0.963963963963964
			5.53153153153153	-0.972972972972973
			5.54054054054054	-0.972972972972973
			5.54054054054054	-0.981981981981982
			5.54954954954955	-0.981981981981982
			5.55855855855856	-0.981981981981982
			5.56756756756757	-0.990990990990991
			5.57657657657658	-1
			5.58558558558559	-1
			5.59459459459459	-1.00900900900901
			5.6036036036036	-1.00900900900901
			5.61261261261261	-1.01801801801802
			5.62162162162162	-1.01801801801802
			5.63063063063063	-1.02702702702703
			5.63963963963964	-1.03603603603604
			5.64864864864865	-1.03603603603604
			5.65765765765766	-1.04504504504505
			5.66666666666667	-1.04504504504505
			5.67567567567568	-1.05405405405405
			5.68468468468468	-1.06306306306306
			5.69369369369369	-1.06306306306306
			5.7027027027027	-1.07207207207207
			5.71171171171171	-1.08108108108108
			5.72072072072072	-1.08108108108108
			5.72972972972973	-1.09009009009009
			5.73873873873874	-1.0990990990991
			5.74774774774775	-1.0990990990991
			5.75675675675676	-1.10810810810811
			5.76576576576577	-1.11711711711712
			5.77477477477477	-1.11711711711712
			5.78378378378378	-1.12612612612613
			5.79279279279279	-1.13513513513514
			5.8018018018018	-1.14414414414414
			5.81081081081081	-1.14414414414414
			5.81981981981982	-1.15315315315315
			5.82882882882883	-1.15315315315315
			5.83783783783784	-1.16216216216216
			5.83783783783784	-1.17117117117117
			5.84684684684685	-1.17117117117117
			5.85585585585586	-1.18018018018018
			5.86486486486486	-1.18018018018018
			5.87387387387387	-1.18918918918919
			5.88288288288288	-1.1981981981982
			5.89189189189189	-1.20720720720721
			5.9009009009009	-1.21621621621622
			5.90990990990991	-1.21621621621622
			5.91891891891892	-1.22522522522523
			5.92792792792793	-1.23423423423423
			5.93693693693694	-1.24324324324324
			5.94594594594595	-1.24324324324324
			5.95495495495495	-1.25225225225225
			5.96396396396396	-1.26126126126126
			5.97297297297297	-1.27027027027027
			5.98198198198198	-1.27027027027027
			5.99099099099099	-1.27927927927928
			6	-1.27927927927928
			6	-1.28828828828829
			6.00900900900901	-1.2972972972973
			6.01801801801802	-1.2972972972973
			6.02702702702703	-1.30630630630631
			6.02702702702703	-1.31531531531532
			6.03603603603604	-1.31531531531532
			6.04504504504505	-1.32432432432432
			6.05405405405405	-1.33333333333333
			6.06306306306306	-1.33333333333333
			6.06306306306306	-1.34234234234234
			6.07207207207207	-1.34234234234234
			6.08108108108108	-1.35135135135135
			6.09009009009009	-1.36036036036036
			6.0990990990991	-1.36036036036036
			6.0990990990991	-1.36936936936937
			6.10810810810811	-1.37837837837838
			6.11711711711712	-1.37837837837838
			6.12612612612613	-1.38738738738739
			6.13513513513514	-1.3963963963964
			6.14414414414414	-1.40540540540541
			6.15315315315315	-1.41441441441441
			6.16216216216216	-1.42342342342342
			6.17117117117117	-1.43243243243243
			6.18018018018018	-1.44144144144144
			6.18918918918919	-1.44144144144144
			6.1981981981982	-1.45045045045045
			6.20720720720721	-1.45945945945946
			6.21621621621622	-1.46846846846847
			6.22522522522523	-1.47747747747748
			6.23423423423423	-1.48648648648649
			6.24324324324324	-1.4954954954955
			6.25225225225225	-1.5045045045045
			6.26126126126126	-1.51351351351351
			6.27027027027027	-1.51351351351351
			6.27927927927928	-1.52252252252252
			6.28828828828829	-1.52252252252252
			6.28828828828829	-1.53153153153153
			6.2972972972973	-1.54054054054054
			6.30630630630631	-1.54054054054054
			6.30630630630631	-1.54954954954955
			6.31531531531532	-1.55855855855856
			6.32432432432432	-1.55855855855856
			6.32432432432432	-1.56756756756757
			6.33333333333333	-1.57657657657658
			6.34234234234234	-1.57657657657658
			6.34234234234234	-1.58558558558559
			6.35135135135135	-1.59459459459459
			6.35135135135135	-1.6036036036036
			6.36036036036036	-1.6036036036036
			6.36936936936937	-1.61261261261261
			6.36936936936937	-1.62162162162162
			6.37837837837838	-1.63063063063063
			6.38738738738739	-1.63063063063063
			6.38738738738739	-1.63963963963964
			6.3963963963964	-1.64864864864865
			6.3963963963964	-1.65765765765766
			6.40540540540541	-1.66666666666667
			6.41441441441441	-1.67567567567568
			6.42342342342342	-1.68468468468468
			6.43243243243243	-1.69369369369369
			6.43243243243243	-1.7027027027027
			6.43243243243243	-1.71171171171171
			6.44144144144144	-1.71171171171171
			6.44144144144144	-1.72072072072072
			6.45045045045045	-1.72972972972973
			6.45045045045045	-1.73873873873874
			6.45945945945946	-1.74774774774775
			6.45945945945946	-1.75675675675676
			6.46846846846847	-1.76576576576577
			6.46846846846847	-1.77477477477477
			6.47747747747748	-1.77477477477477
			6.47747747747748	-1.78378378378378
			6.48648648648649	-1.79279279279279
			6.48648648648649	-1.8018018018018
			6.4954954954955	-1.81081081081081
			6.4954954954955	-1.81981981981982
			6.5045045045045	-1.82882882882883
			6.5045045045045	-1.83783783783784
			6.51351351351351	-1.84684684684685
			6.51351351351351	-1.85585585585586
			6.52252252252252	-1.86486486486486
			6.52252252252252	-1.87387387387387
			6.53153153153153	-1.88288288288288
			6.53153153153153	-1.89189189189189
			6.54054054054054	-1.9009009009009
			6.54054054054054	-1.90990990990991
			6.54054054054054	-1.91891891891892
			6.54954954954955	-1.92792792792793
			6.54954954954955	-1.93693693693694
			6.55855855855856	-1.94594594594595
			6.55855855855856	-1.95495495495495
			6.56756756756757	-1.96396396396396
			6.56756756756757	-1.97297297297297
			6.57657657657658	-1.98198198198198
			6.57657657657658	-1.99099099099099
			6.57657657657658	-2
			6.58558558558559	-2.00900900900901
			6.58558558558559	-2.01801801801802
			6.59459459459459	-2.02702702702703
			6.59459459459459	-2.03603603603604
			6.59459459459459	-2.04504504504505
			6.59459459459459	-2.05405405405405
			6.6036036036036	-2.05405405405405
			6.6036036036036	-2.06306306306306
			6.6036036036036	-2.07207207207207
			6.61261261261261	-2.08108108108108
			6.61261261261261	-2.09009009009009
			6.61261261261261	-2.0990990990991
			6.62162162162162	-2.10810810810811
			6.62162162162162	-2.11711711711712
			6.62162162162162	-2.12612612612613
			6.63063063063063	-2.13513513513514
			6.63063063063063	-2.14414414414414
			6.63063063063063	-2.15315315315315
			6.63963963963964	-2.16216216216216
			6.63963963963964	-2.17117117117117
			6.63963963963964	-2.18018018018018
			6.64864864864865	-2.18918918918919
			6.64864864864865	-2.1981981981982
			6.64864864864865	-2.20720720720721
			6.65765765765766	-2.21621621621622
			6.65765765765766	-2.22522522522523
			6.65765765765766	-2.23423423423423
			6.66666666666667	-2.24324324324324
			6.66666666666667	-2.25225225225225
			6.66666666666667	-2.26126126126126
			6.66666666666667	-2.27027027027027
			6.67567567567568	-2.27927927927928
			6.67567567567568	-2.28828828828829
			6.67567567567568	-2.2972972972973
			6.68468468468468	-2.30630630630631
			6.68468468468468	-2.31531531531532
			6.68468468468468	-2.32432432432432
			6.68468468468468	-2.33333333333333
			6.69369369369369	-2.34234234234234
			6.69369369369369	-2.35135135135135
			6.69369369369369	-2.36036036036036
			6.69369369369369	-2.36936936936937
			6.7027027027027	-2.37837837837838
			6.7027027027027	-2.38738738738739
			6.7027027027027	-2.3963963963964
			6.7027027027027	-2.40540540540541
			6.71171171171171	-2.41441441441441
			6.71171171171171	-2.42342342342342
			6.71171171171171	-2.43243243243243
			6.71171171171171	-2.44144144144144
			6.72072072072072	-2.45045045045045
			6.72072072072072	-2.45945945945946
			6.72072072072072	-2.46846846846847
			6.72072072072072	-2.47747747747748
			6.72972972972973	-2.48648648648649
			6.72972972972973	-2.4954954954955
			6.72972972972973	-2.5045045045045
			6.72972972972973	-2.51351351351351
			6.72972972972973	-2.52252252252252
			6.73873873873874	-2.53153153153153
			6.73873873873874	-2.54054054054054
			6.73873873873874	-2.54954954954955
			6.74774774774775	-2.55855855855856
			6.74774774774775	-2.56756756756757
			6.74774774774775	-2.57657657657658
			6.74774774774775	-2.58558558558559
			6.75675675675676	-2.59459459459459
			6.75675675675676	-2.6036036036036
			6.75675675675676	-2.61261261261261
			6.76576576576577	-2.62162162162162
			6.76576576576577	-2.63063063063063
			6.76576576576577	-2.63963963963964
			6.77477477477477	-2.64864864864865
			6.77477477477477	-2.65765765765766
			6.77477477477477	-2.66666666666667
			6.78378378378378	-2.67567567567568
			6.78378378378378	-2.68468468468468
			6.78378378378378	-2.69369369369369
			6.79279279279279	-2.7027027027027
			6.79279279279279	-2.71171171171171
			6.79279279279279	-2.72072072072072
			6.8018018018018	-2.72072072072072
			6.8018018018018	-2.72972972972973
			6.8018018018018	-2.73873873873874
			6.81081081081081	-2.74774774774775
			6.81081081081081	-2.75675675675676
			6.81081081081081	-2.76576576576577
			6.81981981981982	-2.77477477477477
			6.81981981981982	-2.78378378378378
			6.81981981981982	-2.79279279279279
			6.82882882882883	-2.79279279279279
			6.82882882882883	-2.8018018018018
			6.82882882882883	-2.81081081081081
			6.83783783783784	-2.81981981981982
			6.83783783783784	-2.82882882882883
			6.83783783783784	-2.83783783783784
			6.84684684684685	-2.84684684684685
			6.84684684684685	-2.85585585585586
			6.85585585585586	-2.86486486486486
			6.85585585585586	-2.87387387387387
			6.85585585585586	-2.88288288288288
			6.86486486486486	-2.89189189189189
			6.86486486486486	-2.9009009009009
			6.87387387387387	-2.90990990990991
			6.87387387387387	-2.91891891891892
			6.87387387387387	-2.92792792792793
			6.88288288288288	-2.93693693693694
			6.88288288288288	-2.94594594594595
			6.89189189189189	-2.95495495495495
			6.89189189189189	-2.96396396396396
			6.9009009009009	-2.97297297297297
			6.9009009009009	-2.98198198198198
			6.9009009009009	-2.99099099099099
			6.90990990990991	-3
			6.90990990990991	-3.00900900900901
			6.91891891891892	-3.01801801801802
			6.91891891891892	-3.02702702702703
			6.91891891891892	-3.03603603603604
			6.92792792792793	-3.04504504504505
			6.92792792792793	-3.05405405405405
			6.93693693693694	-3.06306306306306
			6.93693693693694	-3.07207207207207
			6.94594594594595	-3.08108108108108
			6.94594594594595	-3.09009009009009
			6.94594594594595	-3.0990990990991
			6.95495495495495	-3.0990990990991
			6.95495495495495	-3.10810810810811
			6.96396396396396	-3.11711711711712
			6.96396396396396	-3.12612612612613
			6.96396396396396	-3.13513513513514
			6.97297297297297	-3.14414414414414
			6.97297297297297	-3.15315315315315
			6.98198198198198	-3.16216216216216
			6.98198198198198	-3.17117117117117
			6.99099099099099	-3.18018018018018
			6.99099099099099	-3.18918918918919
			6.99099099099099	-3.1981981981982
			7	-3.20720720720721
			7	-3.21621621621622
			7.00900900900901	-3.22522522522523
			7.00900900900901	-3.23423423423423
			7.00900900900901	-3.24324324324324
			7.01801801801802	-3.24324324324324
			7.01801801801802	-3.25225225225225
			7.02702702702703	-3.26126126126126
			7.02702702702703	-3.27027027027027
			7.02702702702703	-3.27927927927928
			7.03603603603604	-3.27927927927928
			7.03603603603604	-3.28828828828829
			7.03603603603604	-3.2972972972973
			7.04504504504505	-3.30630630630631
			7.04504504504505	-3.31531531531532
			7.05405405405405	-3.32432432432432
			7.05405405405405	-3.33333333333333
			7.06306306306306	-3.34234234234234
			7.06306306306306	-3.35135135135135
			7.07207207207207	-3.36036036036036
			7.07207207207207	-3.36936936936937
			7.08108108108108	-3.37837837837838
			7.08108108108108	-3.38738738738739
			7.09009009009009	-3.3963963963964
			7.09009009009009	-3.40540540540541
			7.09009009009009	-3.41441441441441
			7.0990990990991	-3.42342342342342
			7.0990990990991	-3.43243243243243
			7.10810810810811	-3.44144144144144
			7.10810810810811	-3.45045045045045
			7.11711711711712	-3.45945945945946
			7.11711711711712	-3.46846846846847
			7.12612612612613	-3.47747747747748
			7.12612612612613	-3.48648648648649
			7.13513513513514	-3.4954954954955
			7.13513513513514	-3.5045045045045
			7.13513513513514	-3.51351351351351
			7.14414414414414	-3.52252252252252
		</anterior>
		<posterior type=matrix rownames=FALSE colnames=FALSE nrow=450 ncol=2 as.numeric=TRUE >
			3.87387387387387	-3.4954954954955
			3.88288288288288	-3.4954954954955
			3.89189189189189	-3.4954954954955
			3.9009009009009	-3.4954954954955
			3.90990990990991	-3.5045045045045
			3.91891891891892	-3.5045045045045
			3.92792792792793	-3.5045045045045
			3.93693693693694	-3.5045045045045
			3.94594594594595	-3.5045045045045
			3.95495495495495	-3.5045045045045
			3.96396396396396	-3.51351351351351
			3.97297297297297	-3.51351351351351
			3.98198198198198	-3.51351351351351
			3.99099099099099	-3.51351351351351
			4	-3.51351351351351
			4.00900900900901	-3.51351351351351
			4.01801801801802	-3.52252252252252
			4.02702702702703	-3.52252252252252
			4.03603603603604	-3.52252252252252
			4.04504504504505	-3.52252252252252
			4.05405405405405	-3.52252252252252
			4.06306306306306	-3.52252252252252
			4.07207207207207	-3.52252252252252
			4.08108108108108	-3.52252252252252
			4.09009009009009	-3.53153153153153
			4.0990990990991	-3.53153153153153
			4.10810810810811	-3.53153153153153
			4.11711711711712	-3.53153153153153
			4.12612612612613	-3.53153153153153
			4.13513513513514	-3.53153153153153
			4.14414414414414	-3.53153153153153
			4.15315315315315	-3.53153153153153
			4.16216216216216	-3.54054054054054
			4.17117117117117	-3.54054054054054
			4.18018018018018	-3.54054054054054
			4.18918918918919	-3.54054054054054
			4.1981981981982	-3.54054054054054
			4.20720720720721	-3.54054054054054
			4.21621621621622	-3.54054054054054
			4.22522522522523	-3.54054054054054
			4.23423423423423	-3.54954954954955
			4.24324324324324	-3.54954954954955
			4.25225225225225	-3.54954954954955
			4.26126126126126	-3.54954954954955
			4.27027027027027	-3.54954954954955
			4.27927927927928	-3.54954954954955
			4.28828828828829	-3.54954954954955
			4.2972972972973	-3.54954954954955
			4.30630630630631	-3.54954954954955
			4.31531531531532	-3.54954954954955
			4.32432432432432	-3.55855855855856
			4.33333333333333	-3.55855855855856
			4.34234234234234	-3.55855855855856
			4.35135135135135	-3.55855855855856
			4.36036036036036	-3.55855855855856
			4.36936936936937	-3.55855855855856
			4.37837837837838	-3.55855855855856
			4.38738738738739	-3.55855855855856
			4.3963963963964	-3.55855855855856
			4.40540540540541	-3.54954954954955
			4.41441441441441	-3.54954954954955
			4.42342342342342	-3.54954954954955
			4.43243243243243	-3.54954954954955
			4.44144144144144	-3.54954954954955
			4.45045045045045	-3.54954954954955
			4.45945945945946	-3.54954954954955
			4.46846846846847	-3.54954954954955
			4.47747747747748	-3.54954954954955
			4.48648648648649	-3.54954954954955
			4.4954954954955	-3.54954954954955
			4.5045045045045	-3.54054054054054
			4.51351351351351	-3.54054054054054
			4.52252252252252	-3.54054054054054
			4.53153153153153	-3.54054054054054
			4.54054054054054	-3.54054054054054
			4.54954954954955	-3.54054054054054
			4.55855855855856	-3.53153153153153
			4.56756756756757	-3.53153153153153
			4.57657657657658	-3.53153153153153
			4.58558558558559	-3.53153153153153
			4.59459459459459	-3.53153153153153
			4.6036036036036	-3.52252252252252
			4.61261261261261	-3.52252252252252
			4.62162162162162	-3.52252252252252
			4.63063063063063	-3.52252252252252
			4.63963963963964	-3.52252252252252
			4.64864864864865	-3.51351351351351
			4.65765765765766	-3.51351351351351
			4.66666666666667	-3.51351351351351
			4.67567567567568	-3.51351351351351
			4.68468468468468	-3.5045045045045
			4.69369369369369	-3.5045045045045
			4.7027027027027	-3.5045045045045
			4.71171171171171	-3.5045045045045
			4.72072072072072	-3.4954954954955
			4.72972972972973	-3.4954954954955
			4.73873873873874	-3.4954954954955
			4.74774774774775	-3.48648648648649
			4.75675675675676	-3.48648648648649
			4.76576576576577	-3.48648648648649
			4.77477477477477	-3.48648648648649
			4.78378378378378	-3.47747747747748
			4.79279279279279	-3.47747747747748
			4.8018018018018	-3.46846846846847
			4.81081081081081	-3.45945945945946
			4.81981981981982	-3.45045045045045
			4.82882882882883	-3.45045045045045
			4.83783783783784	-3.44144144144144
			4.84684684684685	-3.44144144144144
			4.85585585585586	-3.43243243243243
			4.86486486486486	-3.42342342342342
			4.87387387387387	-3.42342342342342
			4.88288288288288	-3.42342342342342
			4.89189189189189	-3.41441441441441
			4.9009009009009	-3.41441441441441
			4.90990990990991	-3.40540540540541
			4.91891891891892	-3.40540540540541
			4.92792792792793	-3.40540540540541
			4.93693693693694	-3.3963963963964
			4.94594594594595	-3.3963963963964
			4.95495495495495	-3.3963963963964
			4.96396396396396	-3.3963963963964
			4.97297297297297	-3.38738738738739
			4.98198198198198	-3.38738738738739
			4.99099099099099	-3.38738738738739
			5	-3.38738738738739
			5.00900900900901	-3.37837837837838
			5.01801801801802	-3.37837837837838
			5.02702702702703	-3.37837837837838
			5.03603603603604	-3.37837837837838
			5.04504504504505	-3.37837837837838
			5.05405405405405	-3.36936936936937
			5.06306306306306	-3.36936936936937
			5.07207207207207	-3.36936936936937
			5.08108108108108	-3.36936936936937
			5.09009009009009	-3.36936936936937
			5.0990990990991	-3.36936936936937
			5.10810810810811	-3.36936936936937
			5.11711711711712	-3.36936936936937
			5.12612612612613	-3.36036036036036
			5.13513513513514	-3.36036036036036
			5.14414414414414	-3.36036036036036
			5.15315315315315	-3.36036036036036
			5.16216216216216	-3.36036036036036
			5.17117117117117	-3.36036036036036
			5.18018018018018	-3.36036036036036
			5.18918918918919	-3.36036036036036
			5.1981981981982	-3.36036036036036
			5.20720720720721	-3.36036036036036
			5.21621621621622	-3.36036036036036
			5.22522522522523	-3.36036036036036
			5.23423423423423	-3.36036036036036
			5.24324324324324	-3.36036036036036
			5.25225225225225	-3.36036036036036
			5.26126126126126	-3.36036036036036
			5.27027027027027	-3.36036036036036
			5.27927927927928	-3.36036036036036
			5.28828828828829	-3.35135135135135
			5.2972972972973	-3.35135135135135
			5.30630630630631	-3.35135135135135
			5.31531531531532	-3.35135135135135
			5.32432432432432	-3.35135135135135
			5.33333333333333	-3.35135135135135
			5.34234234234234	-3.35135135135135
			5.35135135135135	-3.35135135135135
			5.36036036036036	-3.35135135135135
			5.36936936936937	-3.35135135135135
			5.37837837837838	-3.35135135135135
			5.38738738738739	-3.35135135135135
			5.3963963963964	-3.35135135135135
			5.40540540540541	-3.36036036036036
			5.41441441441441	-3.36036036036036
			5.42342342342342	-3.36036036036036
			5.43243243243243	-3.36036036036036
			5.44144144144144	-3.36036036036036
			5.45045045045045	-3.36036036036036
			5.45945945945946	-3.36036036036036
			5.46846846846847	-3.36036036036036
			5.47747747747748	-3.36036036036036
			5.48648648648649	-3.36036036036036
			5.4954954954955	-3.36036036036036
			5.5045045045045	-3.36036036036036
			5.51351351351351	-3.36036036036036
			5.52252252252252	-3.36036036036036
			5.53153153153153	-3.36036036036036
			5.54054054054054	-3.36036036036036
			5.54954954954955	-3.36036036036036
			5.55855855855856	-3.36036036036036
			5.56756756756757	-3.36036036036036
			5.57657657657658	-3.36036036036036
			5.58558558558559	-3.36036036036036
			5.59459459459459	-3.36036036036036
			5.6036036036036	-3.36936936936937
			5.61261261261261	-3.36936936936937
			5.62162162162162	-3.36936936936937
			5.63063063063063	-3.36936936936937
			5.63963963963964	-3.36936936936937
			5.64864864864865	-3.36936936936937
			5.65765765765766	-3.36936936936937
			5.66666666666667	-3.36936936936937
			5.67567567567568	-3.36936936936937
			5.68468468468468	-3.36936936936937
			5.69369369369369	-3.36936936936937
			5.7027027027027	-3.36936936936937
			5.71171171171171	-3.36936936936937
			5.72072072072072	-3.37837837837838
			5.72972972972973	-3.37837837837838
			5.73873873873874	-3.37837837837838
			5.74774774774775	-3.37837837837838
			5.75675675675676	-3.37837837837838
			5.76576576576577	-3.37837837837838
			5.77477477477477	-3.37837837837838
			5.78378378378378	-3.37837837837838
			5.79279279279279	-3.37837837837838
			5.8018018018018	-3.37837837837838
			5.81081081081081	-3.37837837837838
			5.81981981981982	-3.38738738738739
			5.82882882882883	-3.38738738738739
			5.83783783783784	-3.38738738738739
			5.84684684684685	-3.38738738738739
			5.85585585585586	-3.38738738738739
			5.86486486486486	-3.38738738738739
			5.87387387387387	-3.38738738738739
			5.88288288288288	-3.38738738738739
			5.89189189189189	-3.38738738738739
			5.9009009009009	-3.3963963963964
			5.90990990990991	-3.3963963963964
			5.91891891891892	-3.3963963963964
			5.92792792792793	-3.3963963963964
			5.93693693693694	-3.3963963963964
			5.94594594594595	-3.3963963963964
			5.95495495495495	-3.3963963963964
			5.96396396396396	-3.3963963963964
			5.97297297297297	-3.3963963963964
			5.98198198198198	-3.40540540540541
			5.99099099099099	-3.40540540540541
			6	-3.40540540540541
			6.00900900900901	-3.40540540540541
			6.01801801801802	-3.40540540540541
			6.02702702702703	-3.40540540540541
			6.03603603603604	-3.40540540540541
			6.04504504504505	-3.40540540540541
			6.05405405405405	-3.41441441441441
			6.06306306306306	-3.41441441441441
			6.07207207207207	-3.41441441441441
			6.08108108108108	-3.41441441441441
			6.09009009009009	-3.41441441441441
			6.0990990990991	-3.41441441441441
			6.10810810810811	-3.41441441441441
			6.11711711711712	-3.41441441441441
			6.12612612612613	-3.41441441441441
			6.13513513513514	-3.41441441441441
			6.14414414414414	-3.41441441441441
			6.15315315315315	-3.41441441441441
			6.16216216216216	-3.41441441441441
			6.17117117117117	-3.41441441441441
			6.18018018018018	-3.41441441441441
			6.18918918918919	-3.41441441441441
			6.1981981981982	-3.41441441441441
			6.20720720720721	-3.41441441441441
			6.21621621621622	-3.41441441441441
			6.22522522522523	-3.41441441441441
			6.23423423423423	-3.41441441441441
			6.24324324324324	-3.41441441441441
			6.25225225225225	-3.41441441441441
			6.26126126126126	-3.41441441441441
			6.27027027027027	-3.41441441441441
			6.27927927927928	-3.41441441441441
			6.28828828828829	-3.41441441441441
			6.2972972972973	-3.41441441441441
			6.30630630630631	-3.41441441441441
			6.31531531531532	-3.41441441441441
			6.32432432432432	-3.41441441441441
			6.33333333333333	-3.41441441441441
			6.34234234234234	-3.41441441441441
			6.35135135135135	-3.41441441441441
			6.36036036036036	-3.42342342342342
			6.36936936936937	-3.42342342342342
			6.37837837837838	-3.42342342342342
			6.38738738738739	-3.42342342342342
			6.3963963963964	-3.42342342342342
			6.40540540540541	-3.42342342342342
			6.41441441441441	-3.42342342342342
			6.42342342342342	-3.42342342342342
			6.43243243243243	-3.42342342342342
			6.44144144144144	-3.42342342342342
			6.45045045045045	-3.42342342342342
			6.45945945945946	-3.42342342342342
			6.46846846846847	-3.43243243243243
			6.47747747747748	-3.43243243243243
			6.48648648648649	-3.43243243243243
			6.4954954954955	-3.43243243243243
			6.5045045045045	-3.43243243243243
			6.51351351351351	-3.43243243243243
			6.52252252252252	-3.43243243243243
			6.53153153153153	-3.44144144144144
			6.54054054054054	-3.44144144144144
			6.54954954954955	-3.44144144144144
			6.55855855855856	-3.44144144144144
			6.56756756756757	-3.44144144144144
			6.57657657657658	-3.44144144144144
			6.58558558558559	-3.45045045045045
			6.59459459459459	-3.45045045045045
			6.6036036036036	-3.45045045045045
			6.61261261261261	-3.45045045045045
			6.62162162162162	-3.45045045045045
			6.63063063063063	-3.45045045045045
			6.63963963963964	-3.45945945945946
			6.64864864864865	-3.45945945945946
			6.65765765765766	-3.45945945945946
			6.66666666666667	-3.45945945945946
			6.67567567567568	-3.46846846846847
			6.68468468468468	-3.46846846846847
			6.69369369369369	-3.46846846846847
			6.7027027027027	-3.46846846846847
			6.71171171171171	-3.47747747747748
			6.72072072072072	-3.47747747747748
			6.72972972972973	-3.47747747747748
			6.73873873873874	-3.47747747747748
			6.74774774774775	-3.48648648648649
			6.75675675675676	-3.48648648648649
			6.76576576576577	-3.48648648648649
			6.77477477477477	-3.4954954954955
			6.78378378378378	-3.4954954954955
			6.79279279279279	-3.4954954954955
			6.8018018018018	-3.4954954954955
			6.81081081081081	-3.5045045045045
			6.81981981981982	-3.5045045045045
			6.82882882882883	-3.5045045045045
			6.83783783783784	-3.51351351351351
			6.84684684684685	-3.51351351351351
			6.85585585585586	-3.51351351351351
			6.86486486486486	-3.52252252252252
			6.87387387387387	-3.52252252252252
			6.88288288288288	-3.53153153153153
			6.89189189189189	-3.53153153153153
			6.9009009009009	-3.53153153153153
			6.90990990990991	-3.54054054054054
			6.91891891891892	-3.54054054054054
			6.92792792792793	-3.54954954954955
			6.93693693693694	-3.54954954954955
			6.94594594594595	-3.54954954954955
			6.95495495495495	-3.55855855855856
			6.96396396396396	-3.55855855855856
			6.97297297297297	-3.56756756756757
			6.98198198198198	-3.56756756756757
			6.99099099099099	-3.57657657657658
			7	-3.57657657657658
			7.00900900900901	-3.58558558558559
			7.01801801801802	-3.58558558558559
			7.02702702702703	-3.59459459459459
			7.03603603603604	-3.6036036036036
			7.04504504504505	-3.6036036036036
			7.05405405405405	-3.6036036036036
			7.06306306306306	-3.6036036036036
			7.07207207207207	-3.61261261261261
			7.08108108108108	-3.61261261261261
			7.09009009009009	-3.62162162162162
			7.0990990990991	-3.63063063063063
			7.10810810810811	-3.63963963963964
			7.11711711711712	-3.64864864864865
			7.12612612612613	-3.65765765765766
			7.12612612612613	-3.66666666666667
			7.13513513513514	-3.67567567567568
			7.14414414414414	-3.67567567567568
			7.14414414414414	-3.68468468468468
			7.15315315315315	-3.69369369369369
			7.15315315315315	-3.7027027027027
			7.16216216216216	-3.71171171171171
			7.17117117117117	-3.72072072072072
			7.17117117117117	-3.72972972972973
			7.18018018018018	-3.73873873873874
			7.18018018018018	-3.74774774774775
			7.18918918918919	-3.75675675675676
			7.18918918918919	-3.76576576576577
			7.1981981981982	-3.77477477477477
			7.1981981981982	-3.78378378378378
			7.20720720720721	-3.79279279279279
			7.20720720720721	-3.8018018018018
			7.21621621621622	-3.81081081081081
			7.21621621621622	-3.81981981981982
			7.22522522522523	-3.82882882882883
			7.22522522522523	-3.83783783783784
			7.22522522522523	-3.84684684684685
			7.23423423423423	-3.84684684684685
			7.23423423423423	-3.85585585585586
			7.23423423423423	-3.86486486486486
			7.24324324324324	-3.86486486486486
			7.24324324324324	-3.87387387387387
			7.25225225225225	-3.88288288288288
			7.25225225225225	-3.89189189189189
			7.26126126126126	-3.9009009009009
			7.26126126126126	-3.90990990990991
			7.27027027027027	-3.91891891891892
			7.27027027027027	-3.92792792792793
			7.27927927927928	-3.93693693693694
			7.28828828828829	-3.94594594594595
			7.2972972972973	-3.95495495495495
			7.2972972972973	-3.94594594594595
			7.2972972972973	-3.93693693693694
			7.28828828828829	-3.92792792792793
			7.28828828828829	-3.91891891891892
			7.28828828828829	-3.90990990990991
			7.27927927927928	-3.9009009009009
			7.27927927927928	-3.89189189189189
			7.27927927927928	-3.88288288288288
			7.27927927927928	-3.87387387387387
			7.27027027027027	-3.86486486486486
			7.27027027027027	-3.85585585585586
			7.26126126126126	-3.84684684684685
			7.26126126126126	-3.83783783783784
			7.26126126126126	-3.82882882882883
			7.26126126126126	-3.81981981981982
			7.25225225225225	-3.81981981981982
			7.25225225225225	-3.81081081081081
			7.25225225225225	-3.8018018018018
			7.25225225225225	-3.79279279279279
			7.24324324324324	-3.78378378378378
			7.24324324324324	-3.77477477477477
			7.23423423423423	-3.76576576576577
			7.23423423423423	-3.75675675675676
			7.23423423423423	-3.74774774774775
			7.22522522522523	-3.74774774774775
			7.22522522522523	-3.73873873873874
			7.22522522522523	-3.72972972972973
			7.22522522522523	-3.72072072072072
			7.21621621621622	-3.72072072072072
			7.21621621621622	-3.71171171171171
			7.21621621621622	-3.7027027027027
			7.20720720720721	-3.69369369369369
			7.20720720720721	-3.68468468468468
			7.20720720720721	-3.67567567567568
			7.1981981981982	-3.66666666666667
			7.1981981981982	-3.65765765765766
			7.18918918918919	-3.64864864864865
			7.18918918918919	-3.63963963963964
			7.18918918918919	-3.63063063063063
			7.18018018018018	-3.62162162162162
			7.18018018018018	-3.61261261261261
			7.17117117117117	-3.6036036036036
			7.17117117117117	-3.59459459459459
			7.17117117117117	-3.58558558558559
			7.16216216216216	-3.57657657657658
			7.16216216216216	-3.56756756756757
			7.16216216216216	-3.55855855855856
			7.15315315315315	-3.55855855855856
			7.15315315315315	-3.54954954954955
			7.15315315315315	-3.54054054054054
			7.14414414414414	-3.53153153153153
			7.14414414414414	-3.52252252252252
		</posterior>
	</curves.scaled>
	<ruler.points type=matrix rownames=TRUE colnames=FALSE nrow=2 ncol=2 as.numeric=TRUE >
		Ruler point 1	156	76
		Ruler point 2	156	187
	</ruler.points>
</shapes>

