<shapes type=list>
	<ruler.pixel type=vector names=FALSE length=1 as.numeric=TRUE >71</ruler.pixel>
	<ruler.interval type=vector names=FALSE length=1 as.numeric=TRUE >5</ruler.interval>
	<scaling.units type=vector names=FALSE length=1 as.numeric=FALSE >mm</scaling.units>
	<scaling type=vector names=FALSE length=1 as.numeric=TRUE >0.0704225352112676</scaling>
	<landmarks.pixel type=matrix rownames=TRUE colnames=FALSE nrow=10 ncol=2 as.numeric=TRUE >
		LM1	146	16
		LM2	146	16
		LM3	154	91
		LM4	157	101
		LM5	212	77
		LM6	195	101
		LM7	194	110
		LM13	146	16
		LM15	269	84
		LM16	317	233
	</landmarks.pixel>
	<landmarks.scaled type=matrix rownames=TRUE colnames=FALSE nrow=10 ncol=2 as.numeric=TRUE >
		LM1	10.2816901408451	-1.12676056338028
		LM2	10.2816901408451	-1.12676056338028
		LM3	10.8450704225352	-6.40845070422535
		LM4	11.056338028169	-7.11267605633803
		LM5	14.9295774647887	-5.42253521126761
		LM6	13.7323943661972	-7.11267605633803
		LM7	13.6619718309859	-7.74647887323944
		LM13	10.2816901408451	-1.12676056338028
		LM15	18.943661971831	-5.91549295774648
		LM16	22.3239436619718	-16.4084507042254
	</landmarks.scaled>
	<curves.control type=list>
		<glabella type=matrix rownames=FALSE colnames=FALSE nrow=21 ncol=2 as.numeric=TRUE >
			146	16
			155	14
			167	16
			180	21
			188	29
			195	35
			195	41
			197	46
			195	56
			191	58
			192	60
			200	65
			205	70
			210	73
			212	79
			211	85
			203	89
			197	92
			193	96
			195	99
			194	110
		</glabella>
		<anterior type=matrix rownames=FALSE colnames=FALSE nrow=31 ncol=2 as.numeric=TRUE >
			146	16
			155	14
			167	16
			180	21
			188	29
			195	35
			195	41
			197	46
			200	49
			202	48
			206	47
			210	46
			212	50
			215	54
			222	53
			227	51
			231	53
			233	56
			235	59
			240	60
			242	62
			247	65
			248	69
			249	73
			250	77
			254	79
			260	78
			264	78
			266	77
			271	78
			269	84
		</anterior>
		<posterior type=matrix rownames=FALSE colnames=FALSE nrow=49 ncol=2 as.numeric=TRUE >
			157	101
			163	97
			174	99
			188	106
			191	110
			196	112
			204	110
			214	109
			231	103
			245	103
			250	102
			258	106
			269	110
			279	121
			294	143
			302	171
			308	192
			308	203
			312	215
			316	227
			317	233
			320	231
			319	216
			319	206
			319	195
			316	179
			315	158
			313	154
			310	148
			306	142
			307	136
			307	132
			302	129
			300	126
			301	123
			299	121
			299	117
			291	112
			292	106
			292	101
			290	99
			281	102
			282	96
			282	92
			281	89
			274	87
			273	87
			270	86
			269	84
		</posterior>
	</curves.control>
	<curves.pixel type=list>
		<glabella type=matrix rownames=FALSE colnames=FALSE nrow=142 ncol=2 as.numeric=TRUE >
			146	16
			147	16
			148	16
			149	15
			150	15
			151	15
			152	15
			153	15
			154	15
			155	15
			156	15
			157	15
			158	15
			159	15
			160	15
			161	15
			162	15
			163	15
			164	16
			165	16
			166	16
			167	16
			168	16
			169	17
			170	17
			171	18
			172	18
			173	19
			174	19
			175	20
			176	20
			177	21
			178	21
			179	22
			180	22
			181	23
			182	24
			183	25
			184	25
			185	26
			186	27
			187	28
			188	29
			189	30
			190	31
			191	32
			192	33
			193	34
			193	35
			194	36
			194	37
			195	38
			195	39
			195	40
			195	41
			195	42
			196	43
			196	44
			196	45
			196	46
			196	47
			196	48
			196	49
			196	50
			196	51
			196	52
			196	53
			195	54
			195	55
			195	56
			194	56
			194	57
			193	57
			192	58
			192	59
			192	60
			193	61
			194	61
			195	62
			196	63
			197	63
			198	64
			199	64
			199	65
			200	66
			201	66
			202	67
			203	68
			204	69
			205	70
			206	71
			207	72
			208	72
			208	73
			209	73
			210	74
			210	75
			211	76
			211	77
			212	78
			212	79
			212	80
			212	81
			211	81
			211	82
			211	83
			210	83
			210	84
			209	84
			209	85
			208	85
			208	86
			207	86
			206	87
			205	88
			204	88
			203	89
			202	89
			201	90
			200	91
			199	91
			198	92
			197	92
			197	93
			196	93
			195	94
			194	95
			193	96
			194	97
			194	98
			194	99
			194	100
			194	101
			194	102
			194	103
			194	104
			194	105
			194	106
			194	107
			194	108
			194	109
			194	110
		</glabella>
		<anterior type=matrix rownames=FALSE colnames=FALSE nrow=153 ncol=2 as.numeric=TRUE >
			146	16
			147	16
			148	16
			149	15
			150	15
			151	15
			152	15
			153	15
			154	15
			155	15
			156	15
			157	15
			158	15
			159	15
			160	15
			161	15
			162	15
			163	15
			164	16
			165	16
			166	16
			167	16
			168	16
			169	17
			170	17
			171	18
			172	18
			173	18
			174	19
			175	20
			176	20
			177	21
			178	21
			179	22
			180	22
			181	23
			182	24
			183	25
			184	26
			185	27
			186	27
			187	28
			188	29
			189	30
			190	31
			191	32
			192	33
			193	34
			193	35
			194	36
			194	37
			194	38
			195	38
			195	39
			195	40
			195	41
			195	42
			196	42
			196	43
			196	44
			197	45
			198	46
			199	47
			199	48
			200	49
			201	49
			201	48
			202	48
			203	48
			204	48
			205	47
			206	47
			207	47
			208	47
			209	47
			210	47
			211	48
			211	49
			212	50
			213	51
			214	52
			215	52
			216	53
			217	53
			218	53
			219	53
			220	53
			221	53
			222	53
			223	53
			224	52
			225	52
			226	52
			227	52
			228	52
			229	52
			230	52
			230	53
			231	53
			232	54
			232	55
			233	56
			234	57
			234	58
			235	59
			236	59
			237	59
			238	60
			239	60
			240	60
			240	61
			241	61
			242	62
			243	62
			244	63
			245	64
			246	65
			247	66
			247	67
			248	68
			248	69
			248	70
			249	71
			249	72
			249	73
			249	74
			250	75
			250	76
			250	77
			251	78
			252	78
			253	78
			254	78
			255	78
			256	78
			257	78
			258	78
			259	78
			260	78
			261	78
			262	78
			263	78
			264	78
			265	77
			266	77
			267	77
			268	78
			269	79
			270	80
			270	81
			269	82
			269	83
			269	84
		</anterior>
		<posterior type=matrix rownames=FALSE colnames=FALSE nrow=410 ncol=2 as.numeric=TRUE >
			157	101
			158	101
			158	100
			159	100
			160	100
			161	99
			162	99
			163	99
			164	99
			165	98
			166	98
			167	98
			168	98
			169	98
			170	98
			171	99
			172	99
			173	99
			174	99
			175	100
			176	100
			177	100
			178	101
			179	102
			180	102
			181	103
			182	103
			183	104
			184	104
			185	105
			186	106
			187	107
			188	107
			189	108
			190	109
			191	110
			192	110
			193	111
			194	111
			195	111
			196	111
			197	111
			198	111
			199	111
			200	111
			201	111
			202	110
			203	110
			204	110
			205	110
			206	110
			207	110
			208	109
			209	109
			210	109
			211	109
			212	109
			213	108
			214	108
			215	108
			216	108
			217	108
			217	107
			218	107
			219	107
			220	107
			220	106
			221	106
			222	106
			223	106
			224	105
			225	105
			226	105
			227	104
			228	104
			229	104
			230	103
			231	103
			232	103
			233	103
			234	103
			235	103
			236	103
			237	103
			238	103
			239	103
			240	103
			241	103
			242	103
			243	103
			244	103
			245	103
			246	103
			247	102
			248	102
			249	102
			250	102
			251	103
			252	103
			253	104
			254	104
			255	105
			256	105
			257	105
			258	106
			259	106
			260	107
			261	107
			262	107
			263	108
			264	108
			265	108
			266	109
			267	109
			268	110
			269	110
			270	111
			271	112
			272	113
			273	114
			274	115
			274	116
			275	117
			276	118
			277	119
			278	120
			278	121
			279	122
			280	123
			280	124
			281	124
			281	125
			282	126
			283	127
			283	128
			284	129
			285	130
			285	131
			286	132
			287	133
			288	134
			289	135
			289	136
			290	137
			291	138
			292	139
			292	140
			293	141
			293	142
			294	143
			294	144
			295	145
			295	146
			295	147
			295	148
			296	149
			296	150
			296	151
			297	152
			297	153
			297	154
			298	155
			298	156
			298	157
			298	158
			299	159
			299	160
			299	161
			299	162
			300	163
			300	164
			300	165
			300	166
			301	166
			301	167
			301	168
			301	169
			302	170
			302	171
			302	172
			302	173
			303	173
			303	174
			303	175
			303	176
			304	177
			304	178
			304	179
			305	180
			305	181
			305	182
			305	183
			306	184
			306	185
			306	186
			307	187
			307	188
			307	189
			307	190
			308	191
			308	192
			308	193
			308	194
			308	195
			308	196
			308	197
			308	198
			308	199
			308	200
			309	201
			309	202
			309	203
			309	204
			309	205
			309	206
			310	207
			310	208
			310	209
			310	210
			311	211
			311	212
			311	213
			312	214
			312	215
			312	216
			313	217
			313	218
			313	219
			314	220
			314	221
			314	222
			315	223
			315	224
			315	225
			315	226
			316	227
			316	228
			316	229
			316	230
			317	231
			317	232
			317	233
			318	232
			318	231
			319	230
			319	229
			319	228
			319	227
			319	226
			319	225
			319	224
			319	223
			319	222
			319	221
			319	220
			319	219
			319	218
			319	217
			319	216
			319	215
			319	214
			319	213
			319	212
			319	211
			319	210
			319	209
			319	208
			319	207
			319	206
			319	205
			319	204
			319	203
			319	202
			319	201
			319	200
			319	199
			319	198
			319	197
			319	196
			319	195
			319	194
			319	193
			318	192
			318	191
			318	190
			318	189
			318	188
			318	187
			318	186
			317	185
			317	184
			317	183
			317	182
			317	181
			317	180
			317	179
			317	178
			316	177
			316	176
			316	175
			316	174
			316	173
			316	172
			316	171
			316	170
			316	169
			316	168
			316	167
			315	166
			315	165
			315	164
			315	163
			315	162
			315	161
			315	160
			315	159
			315	158
			315	157
			314	156
			314	155
			313	155
			313	154
			312	153
			312	152
			311	151
			311	150
			311	149
			310	149
			310	148
			309	147
			309	146
			308	145
			308	144
			307	143
			307	142
			307	141
			307	140
			307	139
			307	138
			307	137
			307	136
			307	135
			307	134
			306	133
			306	132
			305	131
			304	130
			303	130
			302	129
			302	128
			301	128
			301	127
			301	126
			301	125
			301	124
			301	123
			300	122
			300	121
			299	120
			299	119
			299	118
			298	117
			297	116
			296	115
			295	114
			294	113
			293	112
			293	111
			292	110
			292	109
			292	108
			292	107
			292	106
			292	105
			292	104
			292	103
			291	102
			291	101
			291	100
			290	99
			289	99
			288	100
			287	100
			286	100
			285	100
			284	100
			283	99
			282	99
			282	98
			282	97
			282	96
			282	95
			282	94
			282	93
			282	92
			282	91
			281	90
			281	89
			280	89
			279	88
			278	88
			277	88
			276	88
			275	87
			274	87
			273	87
			272	86
			271	86
			270	85
			269	84
		</posterior>
	</curves.pixel>
	<curves.scaled type=list>
		<glabella type=matrix rownames=FALSE colnames=FALSE nrow=142 ncol=2 as.numeric=TRUE >
			10.2816901408451	-1.12676056338028
			10.3521126760563	-1.12676056338028
			10.4225352112676	-1.12676056338028
			10.4929577464789	-1.05633802816901
			10.5633802816901	-1.05633802816901
			10.6338028169014	-1.05633802816901
			10.7042253521127	-1.05633802816901
			10.7746478873239	-1.05633802816901
			10.8450704225352	-1.05633802816901
			10.9154929577465	-1.05633802816901
			10.9859154929577	-1.05633802816901
			11.056338028169	-1.05633802816901
			11.1267605633803	-1.05633802816901
			11.1971830985915	-1.05633802816901
			11.2676056338028	-1.05633802816901
			11.3380281690141	-1.05633802816901
			11.4084507042254	-1.05633802816901
			11.4788732394366	-1.05633802816901
			11.5492957746479	-1.12676056338028
			11.6197183098592	-1.12676056338028
			11.6901408450704	-1.12676056338028
			11.7605633802817	-1.12676056338028
			11.830985915493	-1.12676056338028
			11.9014084507042	-1.19718309859155
			11.9718309859155	-1.19718309859155
			12.0422535211268	-1.26760563380282
			12.112676056338	-1.26760563380282
			12.1830985915493	-1.33802816901408
			12.2535211267606	-1.33802816901408
			12.3239436619718	-1.40845070422535
			12.3943661971831	-1.40845070422535
			12.4647887323944	-1.47887323943662
			12.5352112676056	-1.47887323943662
			12.6056338028169	-1.54929577464789
			12.6760563380282	-1.54929577464789
			12.7464788732394	-1.61971830985915
			12.8169014084507	-1.69014084507042
			12.887323943662	-1.76056338028169
			12.9577464788732	-1.76056338028169
			13.0281690140845	-1.83098591549296
			13.0985915492958	-1.90140845070423
			13.169014084507	-1.97183098591549
			13.2394366197183	-2.04225352112676
			13.3098591549296	-2.11267605633803
			13.3802816901408	-2.1830985915493
			13.4507042253521	-2.25352112676056
			13.5211267605634	-2.32394366197183
			13.5915492957746	-2.3943661971831
			13.5915492957746	-2.46478873239437
			13.6619718309859	-2.53521126760563
			13.6619718309859	-2.6056338028169
			13.7323943661972	-2.67605633802817
			13.7323943661972	-2.74647887323944
			13.7323943661972	-2.8169014084507
			13.7323943661972	-2.88732394366197
			13.7323943661972	-2.95774647887324
			13.8028169014085	-3.02816901408451
			13.8028169014085	-3.09859154929577
			13.8028169014085	-3.16901408450704
			13.8028169014085	-3.23943661971831
			13.8028169014085	-3.30985915492958
			13.8028169014085	-3.38028169014085
			13.8028169014085	-3.45070422535211
			13.8028169014085	-3.52112676056338
			13.8028169014085	-3.59154929577465
			13.8028169014085	-3.66197183098592
			13.8028169014085	-3.73239436619718
			13.7323943661972	-3.80281690140845
			13.7323943661972	-3.87323943661972
			13.7323943661972	-3.94366197183099
			13.6619718309859	-3.94366197183099
			13.6619718309859	-4.01408450704225
			13.5915492957746	-4.01408450704225
			13.5211267605634	-4.08450704225352
			13.5211267605634	-4.15492957746479
			13.5211267605634	-4.22535211267606
			13.5915492957746	-4.29577464788732
			13.6619718309859	-4.29577464788732
			13.7323943661972	-4.36619718309859
			13.8028169014085	-4.43661971830986
			13.8732394366197	-4.43661971830986
			13.943661971831	-4.50704225352113
			14.0140845070423	-4.50704225352113
			14.0140845070423	-4.57746478873239
			14.0845070422535	-4.64788732394366
			14.1549295774648	-4.64788732394366
			14.2253521126761	-4.71830985915493
			14.2957746478873	-4.7887323943662
			14.3661971830986	-4.85915492957746
			14.4366197183099	-4.92957746478873
			14.5070422535211	-5
			14.5774647887324	-5.07042253521127
			14.6478873239437	-5.07042253521127
			14.6478873239437	-5.14084507042254
			14.7183098591549	-5.14084507042254
			14.7887323943662	-5.2112676056338
			14.7887323943662	-5.28169014084507
			14.8591549295775	-5.35211267605634
			14.8591549295775	-5.42253521126761
			14.9295774647887	-5.49295774647887
			14.9295774647887	-5.56338028169014
			14.9295774647887	-5.63380281690141
			14.9295774647887	-5.70422535211268
			14.8591549295775	-5.70422535211268
			14.8591549295775	-5.77464788732394
			14.8591549295775	-5.84507042253521
			14.7887323943662	-5.84507042253521
			14.7887323943662	-5.91549295774648
			14.7183098591549	-5.91549295774648
			14.7183098591549	-5.98591549295775
			14.6478873239437	-5.98591549295775
			14.6478873239437	-6.05633802816901
			14.5774647887324	-6.05633802816901
			14.5070422535211	-6.12676056338028
			14.4366197183099	-6.19718309859155
			14.3661971830986	-6.19718309859155
			14.2957746478873	-6.26760563380282
			14.2253521126761	-6.26760563380282
			14.1549295774648	-6.33802816901408
			14.0845070422535	-6.40845070422535
			14.0140845070423	-6.40845070422535
			13.943661971831	-6.47887323943662
			13.8732394366197	-6.47887323943662
			13.8732394366197	-6.54929577464789
			13.8028169014085	-6.54929577464789
			13.7323943661972	-6.61971830985915
			13.6619718309859	-6.69014084507042
			13.5915492957746	-6.76056338028169
			13.6619718309859	-6.83098591549296
			13.6619718309859	-6.90140845070423
			13.6619718309859	-6.97183098591549
			13.6619718309859	-7.04225352112676
			13.6619718309859	-7.11267605633803
			13.6619718309859	-7.1830985915493
			13.6619718309859	-7.25352112676056
			13.6619718309859	-7.32394366197183
			13.6619718309859	-7.3943661971831
			13.6619718309859	-7.46478873239437
			13.6619718309859	-7.53521126760563
			13.6619718309859	-7.6056338028169
			13.6619718309859	-7.67605633802817
			13.6619718309859	-7.74647887323944
		</glabella>
		<anterior type=matrix rownames=FALSE colnames=FALSE nrow=153 ncol=2 as.numeric=TRUE >
			10.2816901408451	-1.12676056338028
			10.3521126760563	-1.12676056338028
			10.4225352112676	-1.12676056338028
			10.4929577464789	-1.05633802816901
			10.5633802816901	-1.05633802816901
			10.6338028169014	-1.05633802816901
			10.7042253521127	-1.05633802816901
			10.7746478873239	-1.05633802816901
			10.8450704225352	-1.05633802816901
			10.9154929577465	-1.05633802816901
			10.9859154929577	-1.05633802816901
			11.056338028169	-1.05633802816901
			11.1267605633803	-1.05633802816901
			11.1971830985915	-1.05633802816901
			11.2676056338028	-1.05633802816901
			11.3380281690141	-1.05633802816901
			11.4084507042254	-1.05633802816901
			11.4788732394366	-1.05633802816901
			11.5492957746479	-1.12676056338028
			11.6197183098592	-1.12676056338028
			11.6901408450704	-1.12676056338028
			11.7605633802817	-1.12676056338028
			11.830985915493	-1.12676056338028
			11.9014084507042	-1.19718309859155
			11.9718309859155	-1.19718309859155
			12.0422535211268	-1.26760563380282
			12.112676056338	-1.26760563380282
			12.1830985915493	-1.26760563380282
			12.2535211267606	-1.33802816901408
			12.3239436619718	-1.40845070422535
			12.3943661971831	-1.40845070422535
			12.4647887323944	-1.47887323943662
			12.5352112676056	-1.47887323943662
			12.6056338028169	-1.54929577464789
			12.6760563380282	-1.54929577464789
			12.7464788732394	-1.61971830985915
			12.8169014084507	-1.69014084507042
			12.887323943662	-1.76056338028169
			12.9577464788732	-1.83098591549296
			13.0281690140845	-1.90140845070423
			13.0985915492958	-1.90140845070423
			13.169014084507	-1.97183098591549
			13.2394366197183	-2.04225352112676
			13.3098591549296	-2.11267605633803
			13.3802816901408	-2.1830985915493
			13.4507042253521	-2.25352112676056
			13.5211267605634	-2.32394366197183
			13.5915492957746	-2.3943661971831
			13.5915492957746	-2.46478873239437
			13.6619718309859	-2.53521126760563
			13.6619718309859	-2.6056338028169
			13.6619718309859	-2.67605633802817
			13.7323943661972	-2.67605633802817
			13.7323943661972	-2.74647887323944
			13.7323943661972	-2.8169014084507
			13.7323943661972	-2.88732394366197
			13.7323943661972	-2.95774647887324
			13.8028169014085	-2.95774647887324
			13.8028169014085	-3.02816901408451
			13.8028169014085	-3.09859154929577
			13.8732394366197	-3.16901408450704
			13.943661971831	-3.23943661971831
			14.0140845070423	-3.30985915492958
			14.0140845070423	-3.38028169014085
			14.0845070422535	-3.45070422535211
			14.1549295774648	-3.45070422535211
			14.1549295774648	-3.38028169014085
			14.2253521126761	-3.38028169014085
			14.2957746478873	-3.38028169014085
			14.3661971830986	-3.38028169014085
			14.4366197183099	-3.30985915492958
			14.5070422535211	-3.30985915492958
			14.5774647887324	-3.30985915492958
			14.6478873239437	-3.30985915492958
			14.7183098591549	-3.30985915492958
			14.7887323943662	-3.30985915492958
			14.8591549295775	-3.38028169014085
			14.8591549295775	-3.45070422535211
			14.9295774647887	-3.52112676056338
			15	-3.59154929577465
			15.0704225352113	-3.66197183098592
			15.1408450704225	-3.66197183098592
			15.2112676056338	-3.73239436619718
			15.2816901408451	-3.73239436619718
			15.3521126760563	-3.73239436619718
			15.4225352112676	-3.73239436619718
			15.4929577464789	-3.73239436619718
			15.5633802816901	-3.73239436619718
			15.6338028169014	-3.73239436619718
			15.7042253521127	-3.73239436619718
			15.7746478873239	-3.66197183098592
			15.8450704225352	-3.66197183098592
			15.9154929577465	-3.66197183098592
			15.9859154929577	-3.66197183098592
			16.056338028169	-3.66197183098592
			16.1267605633803	-3.66197183098592
			16.1971830985916	-3.66197183098592
			16.1971830985916	-3.73239436619718
			16.2676056338028	-3.73239436619718
			16.3380281690141	-3.80281690140845
			16.3380281690141	-3.87323943661972
			16.4084507042254	-3.94366197183099
			16.4788732394366	-4.01408450704225
			16.4788732394366	-4.08450704225352
			16.5492957746479	-4.15492957746479
			16.6197183098592	-4.15492957746479
			16.6901408450704	-4.15492957746479
			16.7605633802817	-4.22535211267606
			16.830985915493	-4.22535211267606
			16.9014084507042	-4.22535211267606
			16.9014084507042	-4.29577464788732
			16.9718309859155	-4.29577464788732
			17.0422535211268	-4.36619718309859
			17.112676056338	-4.36619718309859
			17.1830985915493	-4.43661971830986
			17.2535211267606	-4.50704225352113
			17.3239436619718	-4.57746478873239
			17.3943661971831	-4.64788732394366
			17.3943661971831	-4.71830985915493
			17.4647887323944	-4.7887323943662
			17.4647887323944	-4.85915492957746
			17.4647887323944	-4.92957746478873
			17.5352112676056	-5
			17.5352112676056	-5.07042253521127
			17.5352112676056	-5.14084507042254
			17.5352112676056	-5.2112676056338
			17.6056338028169	-5.28169014084507
			17.6056338028169	-5.35211267605634
			17.6056338028169	-5.42253521126761
			17.6760563380282	-5.49295774647887
			17.7464788732394	-5.49295774647887
			17.8169014084507	-5.49295774647887
			17.887323943662	-5.49295774647887
			17.9577464788732	-5.49295774647887
			18.0281690140845	-5.49295774647887
			18.0985915492958	-5.49295774647887
			18.169014084507	-5.49295774647887
			18.2394366197183	-5.49295774647887
			18.3098591549296	-5.49295774647887
			18.3802816901408	-5.49295774647887
			18.4507042253521	-5.49295774647887
			18.5211267605634	-5.49295774647887
			18.5915492957746	-5.49295774647887
			18.6619718309859	-5.42253521126761
			18.7323943661972	-5.42253521126761
			18.8028169014085	-5.42253521126761
			18.8732394366197	-5.49295774647887
			18.943661971831	-5.56338028169014
			19.0140845070423	-5.63380281690141
			19.0140845070423	-5.70422535211268
			18.943661971831	-5.77464788732394
			18.943661971831	-5.84507042253521
			18.943661971831	-5.91549295774648
		</anterior>
		<posterior type=matrix rownames=FALSE colnames=FALSE nrow=410 ncol=2 as.numeric=TRUE >
			11.056338028169	-7.11267605633803
			11.1267605633803	-7.11267605633803
			11.1267605633803	-7.04225352112676
			11.1971830985915	-7.04225352112676
			11.2676056338028	-7.04225352112676
			11.3380281690141	-6.97183098591549
			11.4084507042254	-6.97183098591549
			11.4788732394366	-6.97183098591549
			11.5492957746479	-6.97183098591549
			11.6197183098592	-6.90140845070423
			11.6901408450704	-6.90140845070423
			11.7605633802817	-6.90140845070423
			11.830985915493	-6.90140845070423
			11.9014084507042	-6.90140845070423
			11.9718309859155	-6.90140845070423
			12.0422535211268	-6.97183098591549
			12.112676056338	-6.97183098591549
			12.1830985915493	-6.97183098591549
			12.2535211267606	-6.97183098591549
			12.3239436619718	-7.04225352112676
			12.3943661971831	-7.04225352112676
			12.4647887323944	-7.04225352112676
			12.5352112676056	-7.11267605633803
			12.6056338028169	-7.1830985915493
			12.6760563380282	-7.1830985915493
			12.7464788732394	-7.25352112676056
			12.8169014084507	-7.25352112676056
			12.887323943662	-7.32394366197183
			12.9577464788732	-7.32394366197183
			13.0281690140845	-7.3943661971831
			13.0985915492958	-7.46478873239437
			13.169014084507	-7.53521126760563
			13.2394366197183	-7.53521126760563
			13.3098591549296	-7.6056338028169
			13.3802816901408	-7.67605633802817
			13.4507042253521	-7.74647887323944
			13.5211267605634	-7.74647887323944
			13.5915492957746	-7.8169014084507
			13.6619718309859	-7.8169014084507
			13.7323943661972	-7.8169014084507
			13.8028169014085	-7.8169014084507
			13.8732394366197	-7.8169014084507
			13.943661971831	-7.8169014084507
			14.0140845070423	-7.8169014084507
			14.0845070422535	-7.8169014084507
			14.1549295774648	-7.8169014084507
			14.2253521126761	-7.74647887323944
			14.2957746478873	-7.74647887323944
			14.3661971830986	-7.74647887323944
			14.4366197183099	-7.74647887323944
			14.5070422535211	-7.74647887323944
			14.5774647887324	-7.74647887323944
			14.6478873239437	-7.67605633802817
			14.7183098591549	-7.67605633802817
			14.7887323943662	-7.67605633802817
			14.8591549295775	-7.67605633802817
			14.9295774647887	-7.67605633802817
			15	-7.6056338028169
			15.0704225352113	-7.6056338028169
			15.1408450704225	-7.6056338028169
			15.2112676056338	-7.6056338028169
			15.2816901408451	-7.6056338028169
			15.2816901408451	-7.53521126760563
			15.3521126760563	-7.53521126760563
			15.4225352112676	-7.53521126760563
			15.4929577464789	-7.53521126760563
			15.4929577464789	-7.46478873239437
			15.5633802816901	-7.46478873239437
			15.6338028169014	-7.46478873239437
			15.7042253521127	-7.46478873239437
			15.7746478873239	-7.3943661971831
			15.8450704225352	-7.3943661971831
			15.9154929577465	-7.3943661971831
			15.9859154929577	-7.32394366197183
			16.056338028169	-7.32394366197183
			16.1267605633803	-7.32394366197183
			16.1971830985916	-7.25352112676056
			16.2676056338028	-7.25352112676056
			16.3380281690141	-7.25352112676056
			16.4084507042254	-7.25352112676056
			16.4788732394366	-7.25352112676056
			16.5492957746479	-7.25352112676056
			16.6197183098592	-7.25352112676056
			16.6901408450704	-7.25352112676056
			16.7605633802817	-7.25352112676056
			16.830985915493	-7.25352112676056
			16.9014084507042	-7.25352112676056
			16.9718309859155	-7.25352112676056
			17.0422535211268	-7.25352112676056
			17.112676056338	-7.25352112676056
			17.1830985915493	-7.25352112676056
			17.2535211267606	-7.25352112676056
			17.3239436619718	-7.25352112676056
			17.3943661971831	-7.1830985915493
			17.4647887323944	-7.1830985915493
			17.5352112676056	-7.1830985915493
			17.6056338028169	-7.1830985915493
			17.6760563380282	-7.25352112676056
			17.7464788732394	-7.25352112676056
			17.8169014084507	-7.32394366197183
			17.887323943662	-7.32394366197183
			17.9577464788732	-7.3943661971831
			18.0281690140845	-7.3943661971831
			18.0985915492958	-7.3943661971831
			18.169014084507	-7.46478873239437
			18.2394366197183	-7.46478873239437
			18.3098591549296	-7.53521126760563
			18.3802816901408	-7.53521126760563
			18.4507042253521	-7.53521126760563
			18.5211267605634	-7.6056338028169
			18.5915492957746	-7.6056338028169
			18.6619718309859	-7.6056338028169
			18.7323943661972	-7.67605633802817
			18.8028169014085	-7.67605633802817
			18.8732394366197	-7.74647887323944
			18.943661971831	-7.74647887323944
			19.0140845070423	-7.8169014084507
			19.0845070422535	-7.88732394366197
			19.1549295774648	-7.95774647887324
			19.2253521126761	-8.02816901408451
			19.2957746478873	-8.09859154929578
			19.2957746478873	-8.16901408450704
			19.3661971830986	-8.23943661971831
			19.4366197183099	-8.30985915492958
			19.5070422535211	-8.38028169014085
			19.5774647887324	-8.45070422535211
			19.5774647887324	-8.52112676056338
			19.6478873239437	-8.59154929577465
			19.7183098591549	-8.66197183098592
			19.7183098591549	-8.73239436619718
			19.7887323943662	-8.73239436619718
			19.7887323943662	-8.80281690140845
			19.8591549295775	-8.87323943661972
			19.9295774647887	-8.94366197183099
			19.9295774647887	-9.01408450704225
			20	-9.08450704225352
			20.0704225352113	-9.15492957746479
			20.0704225352113	-9.22535211267606
			20.1408450704225	-9.29577464788732
			20.2112676056338	-9.36619718309859
			20.2816901408451	-9.43661971830986
			20.3521126760563	-9.50704225352113
			20.3521126760563	-9.57746478873239
			20.4225352112676	-9.64788732394366
			20.4929577464789	-9.71830985915493
			20.5633802816901	-9.7887323943662
			20.5633802816901	-9.85915492957747
			20.6338028169014	-9.92957746478873
			20.6338028169014	-10
			20.7042253521127	-10.0704225352113
			20.7042253521127	-10.1408450704225
			20.7746478873239	-10.2112676056338
			20.7746478873239	-10.2816901408451
			20.7746478873239	-10.3521126760563
			20.7746478873239	-10.4225352112676
			20.8450704225352	-10.4929577464789
			20.8450704225352	-10.5633802816901
			20.8450704225352	-10.6338028169014
			20.9154929577465	-10.7042253521127
			20.9154929577465	-10.7746478873239
			20.9154929577465	-10.8450704225352
			20.9859154929577	-10.9154929577465
			20.9859154929577	-10.9859154929577
			20.9859154929577	-11.056338028169
			20.9859154929577	-11.1267605633803
			21.056338028169	-11.1971830985915
			21.056338028169	-11.2676056338028
			21.056338028169	-11.3380281690141
			21.056338028169	-11.4084507042254
			21.1267605633803	-11.4788732394366
			21.1267605633803	-11.5492957746479
			21.1267605633803	-11.6197183098592
			21.1267605633803	-11.6901408450704
			21.1971830985916	-11.6901408450704
			21.1971830985916	-11.7605633802817
			21.1971830985916	-11.830985915493
			21.1971830985916	-11.9014084507042
			21.2676056338028	-11.9718309859155
			21.2676056338028	-12.0422535211268
			21.2676056338028	-12.112676056338
			21.2676056338028	-12.1830985915493
			21.3380281690141	-12.1830985915493
			21.3380281690141	-12.2535211267606
			21.3380281690141	-12.3239436619718
			21.3380281690141	-12.3943661971831
			21.4084507042254	-12.4647887323944
			21.4084507042254	-12.5352112676056
			21.4084507042254	-12.6056338028169
			21.4788732394366	-12.6760563380282
			21.4788732394366	-12.7464788732394
			21.4788732394366	-12.8169014084507
			21.4788732394366	-12.887323943662
			21.5492957746479	-12.9577464788732
			21.5492957746479	-13.0281690140845
			21.5492957746479	-13.0985915492958
			21.6197183098592	-13.169014084507
			21.6197183098592	-13.2394366197183
			21.6197183098592	-13.3098591549296
			21.6197183098592	-13.3802816901408
			21.6901408450704	-13.4507042253521
			21.6901408450704	-13.5211267605634
			21.6901408450704	-13.5915492957746
			21.6901408450704	-13.6619718309859
			21.6901408450704	-13.7323943661972
			21.6901408450704	-13.8028169014085
			21.6901408450704	-13.8732394366197
			21.6901408450704	-13.943661971831
			21.6901408450704	-14.0140845070423
			21.6901408450704	-14.0845070422535
			21.7605633802817	-14.1549295774648
			21.7605633802817	-14.2253521126761
			21.7605633802817	-14.2957746478873
			21.7605633802817	-14.3661971830986
			21.7605633802817	-14.4366197183099
			21.7605633802817	-14.5070422535211
			21.830985915493	-14.5774647887324
			21.830985915493	-14.6478873239437
			21.830985915493	-14.7183098591549
			21.830985915493	-14.7887323943662
			21.9014084507042	-14.8591549295775
			21.9014084507042	-14.9295774647887
			21.9014084507042	-15
			21.9718309859155	-15.0704225352113
			21.9718309859155	-15.1408450704225
			21.9718309859155	-15.2112676056338
			22.0422535211268	-15.2816901408451
			22.0422535211268	-15.3521126760563
			22.0422535211268	-15.4225352112676
			22.112676056338	-15.4929577464789
			22.112676056338	-15.5633802816901
			22.112676056338	-15.6338028169014
			22.1830985915493	-15.7042253521127
			22.1830985915493	-15.7746478873239
			22.1830985915493	-15.8450704225352
			22.1830985915493	-15.9154929577465
			22.2535211267606	-15.9859154929577
			22.2535211267606	-16.056338028169
			22.2535211267606	-16.1267605633803
			22.2535211267606	-16.1971830985916
			22.3239436619718	-16.2676056338028
			22.3239436619718	-16.3380281690141
			22.3239436619718	-16.4084507042254
			22.3943661971831	-16.3380281690141
			22.3943661971831	-16.2676056338028
			22.4647887323944	-16.1971830985916
			22.4647887323944	-16.1267605633803
			22.4647887323944	-16.056338028169
			22.4647887323944	-15.9859154929577
			22.4647887323944	-15.9154929577465
			22.4647887323944	-15.8450704225352
			22.4647887323944	-15.7746478873239
			22.4647887323944	-15.7042253521127
			22.4647887323944	-15.6338028169014
			22.4647887323944	-15.5633802816901
			22.4647887323944	-15.4929577464789
			22.4647887323944	-15.4225352112676
			22.4647887323944	-15.3521126760563
			22.4647887323944	-15.2816901408451
			22.4647887323944	-15.2112676056338
			22.4647887323944	-15.1408450704225
			22.4647887323944	-15.0704225352113
			22.4647887323944	-15
			22.4647887323944	-14.9295774647887
			22.4647887323944	-14.8591549295775
			22.4647887323944	-14.7887323943662
			22.4647887323944	-14.7183098591549
			22.4647887323944	-14.6478873239437
			22.4647887323944	-14.5774647887324
			22.4647887323944	-14.5070422535211
			22.4647887323944	-14.4366197183099
			22.4647887323944	-14.3661971830986
			22.4647887323944	-14.2957746478873
			22.4647887323944	-14.2253521126761
			22.4647887323944	-14.1549295774648
			22.4647887323944	-14.0845070422535
			22.4647887323944	-14.0140845070423
			22.4647887323944	-13.943661971831
			22.4647887323944	-13.8732394366197
			22.4647887323944	-13.8028169014085
			22.4647887323944	-13.7323943661972
			22.4647887323944	-13.6619718309859
			22.4647887323944	-13.5915492957746
			22.3943661971831	-13.5211267605634
			22.3943661971831	-13.4507042253521
			22.3943661971831	-13.3802816901408
			22.3943661971831	-13.3098591549296
			22.3943661971831	-13.2394366197183
			22.3943661971831	-13.169014084507
			22.3943661971831	-13.0985915492958
			22.3239436619718	-13.0281690140845
			22.3239436619718	-12.9577464788732
			22.3239436619718	-12.887323943662
			22.3239436619718	-12.8169014084507
			22.3239436619718	-12.7464788732394
			22.3239436619718	-12.6760563380282
			22.3239436619718	-12.6056338028169
			22.3239436619718	-12.5352112676056
			22.2535211267606	-12.4647887323944
			22.2535211267606	-12.3943661971831
			22.2535211267606	-12.3239436619718
			22.2535211267606	-12.2535211267606
			22.2535211267606	-12.1830985915493
			22.2535211267606	-12.112676056338
			22.2535211267606	-12.0422535211268
			22.2535211267606	-11.9718309859155
			22.2535211267606	-11.9014084507042
			22.2535211267606	-11.830985915493
			22.2535211267606	-11.7605633802817
			22.1830985915493	-11.6901408450704
			22.1830985915493	-11.6197183098592
			22.1830985915493	-11.5492957746479
			22.1830985915493	-11.4788732394366
			22.1830985915493	-11.4084507042254
			22.1830985915493	-11.3380281690141
			22.1830985915493	-11.2676056338028
			22.1830985915493	-11.1971830985915
			22.1830985915493	-11.1267605633803
			22.1830985915493	-11.056338028169
			22.112676056338	-10.9859154929577
			22.112676056338	-10.9154929577465
			22.0422535211268	-10.9154929577465
			22.0422535211268	-10.8450704225352
			21.9718309859155	-10.7746478873239
			21.9718309859155	-10.7042253521127
			21.9014084507042	-10.6338028169014
			21.9014084507042	-10.5633802816901
			21.9014084507042	-10.4929577464789
			21.830985915493	-10.4929577464789
			21.830985915493	-10.4225352112676
			21.7605633802817	-10.3521126760563
			21.7605633802817	-10.2816901408451
			21.6901408450704	-10.2112676056338
			21.6901408450704	-10.1408450704225
			21.6197183098592	-10.0704225352113
			21.6197183098592	-10
			21.6197183098592	-9.92957746478873
			21.6197183098592	-9.85915492957747
			21.6197183098592	-9.7887323943662
			21.6197183098592	-9.71830985915493
			21.6197183098592	-9.64788732394366
			21.6197183098592	-9.57746478873239
			21.6197183098592	-9.50704225352113
			21.6197183098592	-9.43661971830986
			21.5492957746479	-9.36619718309859
			21.5492957746479	-9.29577464788732
			21.4788732394366	-9.22535211267606
			21.4084507042254	-9.15492957746479
			21.3380281690141	-9.15492957746479
			21.2676056338028	-9.08450704225352
			21.2676056338028	-9.01408450704225
			21.1971830985916	-9.01408450704225
			21.1971830985916	-8.94366197183099
			21.1971830985916	-8.87323943661972
			21.1971830985916	-8.80281690140845
			21.1971830985916	-8.73239436619718
			21.1971830985916	-8.66197183098592
			21.1267605633803	-8.59154929577465
			21.1267605633803	-8.52112676056338
			21.056338028169	-8.45070422535211
			21.056338028169	-8.38028169014085
			21.056338028169	-8.30985915492958
			20.9859154929577	-8.23943661971831
			20.9154929577465	-8.16901408450704
			20.8450704225352	-8.09859154929578
			20.7746478873239	-8.02816901408451
			20.7042253521127	-7.95774647887324
			20.6338028169014	-7.88732394366197
			20.6338028169014	-7.8169014084507
			20.5633802816901	-7.74647887323944
			20.5633802816901	-7.67605633802817
			20.5633802816901	-7.6056338028169
			20.5633802816901	-7.53521126760563
			20.5633802816901	-7.46478873239437
			20.5633802816901	-7.3943661971831
			20.5633802816901	-7.32394366197183
			20.5633802816901	-7.25352112676056
			20.4929577464789	-7.1830985915493
			20.4929577464789	-7.11267605633803
			20.4929577464789	-7.04225352112676
			20.4225352112676	-6.97183098591549
			20.3521126760563	-6.97183098591549
			20.2816901408451	-7.04225352112676
			20.2112676056338	-7.04225352112676
			20.1408450704225	-7.04225352112676
			20.0704225352113	-7.04225352112676
			20	-7.04225352112676
			19.9295774647887	-6.97183098591549
			19.8591549295775	-6.97183098591549
			19.8591549295775	-6.90140845070423
			19.8591549295775	-6.83098591549296
			19.8591549295775	-6.76056338028169
			19.8591549295775	-6.69014084507042
			19.8591549295775	-6.61971830985915
			19.8591549295775	-6.54929577464789
			19.8591549295775	-6.47887323943662
			19.8591549295775	-6.40845070422535
			19.7887323943662	-6.33802816901408
			19.7887323943662	-6.26760563380282
			19.7183098591549	-6.26760563380282
			19.6478873239437	-6.19718309859155
			19.5774647887324	-6.19718309859155
			19.5070422535211	-6.19718309859155
			19.4366197183099	-6.19718309859155
			19.3661971830986	-6.12676056338028
			19.2957746478873	-6.12676056338028
			19.2253521126761	-6.12676056338028
			19.1549295774648	-6.05633802816901
			19.0845070422535	-6.05633802816901
			19.0140845070423	-5.98591549295775
			18.943661971831	-5.91549295774648
		</posterior>
	</curves.scaled>
	<ruler.points type=matrix rownames=TRUE colnames=FALSE nrow=2 ncol=2 as.numeric=TRUE >
		Ruler point 1	248	381
		Ruler point 2	319	381
	</ruler.points>
</shapes>

