<shapes type=list>
	<ruler.pixel type=vector names=FALSE length=1 as.numeric=TRUE >195</ruler.pixel>
	<ruler.interval type=vector names=FALSE length=1 as.numeric=TRUE >2.67</ruler.interval>
	<scaling.units type=vector names=FALSE length=1 as.numeric=FALSE >mm</scaling.units>
	<scaling type=vector names=FALSE length=1 as.numeric=TRUE >0.0136923076923077</scaling>
	<landmarks.pixel type=matrix rownames=TRUE colnames=FALSE nrow=16 ncol=2 as.numeric=TRUE >
		LM1	149	30
		LM2	148	44
		LM3	139	159
		LM4	139	176
		LM5	182	134
		LM6	181	159
		LM7	182	169
		LM8	218	74
		LM9	224	108
		LM10	149	30
		LM11	258	142
		LM12	258	151
		LM13	149	30
		LM14	240	90
		LM15	273	176
		LM16	281	190
	</landmarks.pixel>
	<landmarks.scaled type=matrix rownames=TRUE colnames=FALSE nrow=16 ncol=2 as.numeric=TRUE >
		LM1	2.04015384615385	-0.410769230769231
		LM2	2.02646153846154	-0.602461538461538
		LM3	1.90323076923077	-2.17707692307692
		LM4	1.90323076923077	-2.40984615384615
		LM5	2.492	-1.83476923076923
		LM6	2.47830769230769	-2.17707692307692
		LM7	2.492	-2.314
		LM8	2.98492307692308	-1.01323076923077
		LM9	3.06707692307692	-1.47876923076923
		LM10	2.04015384615385	-0.410769230769231
		LM11	3.53261538461538	-1.94430769230769
		LM12	3.53261538461538	-2.06753846153846
		LM13	2.04015384615385	-0.410769230769231
		LM14	3.28615384615385	-1.23230769230769
		LM15	3.738	-2.40984615384615
		LM16	3.84753846153846	-2.60153846153846
	</landmarks.scaled>
	<curves.control type=list>
		<glabella type=matrix rownames=FALSE colnames=FALSE nrow=3 ncol=2 as.numeric=TRUE >
			148	44
			188	39
			182	169
		</glabella>
		<suture type=matrix rownames=FALSE colnames=FALSE nrow=13 ncol=2 as.numeric=TRUE >
			149	30
			164	30
			185	33
			209	31
			214	44
			224	61
			217	75
			231	73
			237	84
			239	99
			223	109
			254	129
			258	151
		</suture>
		<anterior type=matrix rownames=FALSE colnames=FALSE nrow=11 ncol=2 as.numeric=TRUE >
			149	30
			185	33
			219	27
			261	28
			275	53
			289	88
			281	122
			274	135
			258	151
			259	153
			273	176
		</anterior>
		<posterior type=matrix rownames=FALSE colnames=FALSE nrow=11 ncol=2 as.numeric=TRUE >
			139	176
			159	176
			182	170
			197	167
			210	166
			233	163
			251	157
			255	160
			281	191
			281	189
			273	176
		</posterior>
	</curves.control>
	<curves.pixel type=list>
		<glabella type=matrix rownames=FALSE colnames=FALSE nrow=142 ncol=2 as.numeric=TRUE >
			148	44
			149	44
			150	44
			151	44
			152	44
			153	44
			154	44
			155	44
			156	44
			157	45
			158	45
			159	45
			160	46
			161	46
			162	47
			162	48
			163	48
			164	49
			165	50
			166	51
			167	52
			168	53
			169	54
			169	55
			170	56
			170	57
			171	57
			171	58
			172	59
			172	60
			172	61
			173	62
			173	63
			174	64
			174	65
			174	66
			175	67
			175	68
			175	69
			176	70
			176	71
			176	72
			176	73
			177	73
			177	74
			177	75
			177	76
			178	77
			178	78
			178	79
			178	80
			178	81
			179	82
			179	83
			179	84
			179	85
			179	86
			180	87
			180	88
			180	89
			180	90
			180	91
			180	92
			180	93
			181	94
			181	95
			181	96
			181	97
			181	98
			181	99
			181	100
			181	101
			181	102
			181	103
			181	104
			182	104
			182	105
			182	106
			182	107
			182	108
			182	109
			182	110
			182	111
			182	112
			182	113
			182	114
			182	115
			182	116
			182	117
			182	118
			182	119
			182	120
			182	121
			183	121
			183	122
			183	123
			183	124
			183	125
			183	126
			183	127
			183	128
			183	129
			183	130
			183	131
			183	132
			183	133
			183	134
			183	135
			183	136
			183	137
			183	138
			183	139
			183	140
			183	141
			183	142
			183	143
			183	144
			183	145
			183	146
			183	147
			183	148
			183	149
			183	150
			183	151
			183	152
			183	153
			183	154
			183	155
			182	156
			182	157
			182	158
			182	159
			182	160
			182	161
			182	162
			182	163
			182	164
			182	165
			182	166
			182	167
			182	168
			182	169
		</glabella>
		<suture type=matrix rownames=FALSE colnames=FALSE nrow=197 ncol=2 as.numeric=TRUE >
			149	30
			150	30
			151	30
			152	30
			153	30
			154	30
			155	30
			156	30
			157	30
			158	30
			159	30
			160	30
			161	30
			162	30
			163	31
			164	31
			165	31
			166	31
			167	31
			168	31
			169	31
			170	31
			171	31
			172	31
			173	31
			174	32
			175	32
			176	32
			177	32
			178	32
			179	32
			180	32
			181	32
			182	33
			183	33
			184	33
			185	33
			186	33
			187	33
			188	33
			189	33
			190	33
			191	33
			192	33
			193	33
			194	33
			195	33
			196	33
			197	33
			198	33
			199	33
			200	34
			201	34
			202	34
			203	34
			204	35
			205	35
			206	35
			207	36
			208	36
			208	37
			209	37
			210	38
			211	39
			212	40
			213	41
			213	42
			214	43
			214	44
			215	45
			215	46
			216	47
			216	48
			216	49
			217	49
			217	50
			217	51
			218	52
			218	53
			219	54
			219	55
			219	56
			219	57
			219	58
			220	58
			220	59
			220	60
			220	61
			220	62
			220	63
			220	64
			220	65
			220	66
			220	67
			219	68
			219	69
			219	70
			219	71
			218	72
			218	73
			218	74
			217	75
			218	75
			219	75
			220	75
			221	75
			222	75
			223	75
			224	75
			225	75
			226	75
			227	75
			228	76
			229	76
			230	77
			231	77
			232	78
			233	79
			234	80
			235	81
			236	82
			237	83
			237	84
			237	85
			237	86
			237	87
			237	88
			237	89
			237	90
			237	91
			237	92
			237	93
			236	94
			236	95
			235	96
			235	97
			234	98
			233	99
			233	100
			232	101
			231	102
			230	103
			229	104
			228	105
			227	106
			226	107
			225	108
			224	108
			223	109
			224	110
			225	110
			226	111
			227	112
			228	112
			229	113
			230	114
			231	115
			232	115
			233	116
			234	117
			235	118
			236	118
			237	119
			238	120
			239	121
			240	122
			241	123
			242	124
			243	125
			244	126
			245	126
			245	127
			246	128
			247	129
			248	130
			248	131
			249	132
			250	133
			251	134
			252	135
			252	136
			252	137
			253	137
			253	138
			254	139
			254	140
			255	141
			255	142
			256	143
			256	144
			256	145
			257	146
			257	147
			257	148
			258	149
			258	150
			258	151
		</suture>
		<anterior type=matrix rownames=FALSE colnames=FALSE nrow=261 ncol=2 as.numeric=TRUE >
			149	30
			150	30
			151	30
			152	30
			153	30
			154	30
			155	30
			156	31
			157	31
			158	31
			159	31
			160	31
			161	31
			162	31
			163	31
			164	31
			165	31
			166	31
			167	31
			168	31
			169	31
			170	31
			171	31
			172	31
			173	31
			174	31
			175	31
			176	31
			177	31
			178	31
			179	31
			180	31
			181	31
			182	31
			183	31
			184	31
			185	31
			186	31
			187	31
			188	31
			189	31
			190	30
			191	30
			192	30
			193	30
			194	30
			195	30
			196	30
			197	30
			198	30
			199	30
			200	30
			201	30
			202	29
			203	29
			204	29
			205	29
			206	29
			207	29
			208	29
			209	29
			210	28
			211	28
			212	28
			213	28
			214	28
			215	28
			216	28
			217	27
			218	27
			219	27
			220	27
			221	27
			222	27
			223	27
			224	27
			225	27
			226	27
			227	27
			228	27
			228	28
			229	28
			230	28
			231	28
			232	28
			233	28
			234	28
			235	28
			236	29
			237	29
			238	29
			239	29
			240	29
			241	30
			242	30
			243	30
			244	30
			245	31
			246	31
			247	31
			248	32
			249	32
			250	32
			251	33
			252	33
			253	34
			254	34
			255	35
			256	35
			257	36
			258	36
			259	37
			260	37
			261	38
			262	38
			263	39
			263	40
			264	40
			265	41
			266	41
			266	42
			267	43
			268	44
			269	44
			269	45
			270	46
			271	47
			272	48
			272	49
			273	50
			274	51
			274	52
			275	53
			275	54
			276	55
			276	56
			276	57
			277	58
			277	59
			278	60
			278	61
			278	62
			279	63
			279	64
			279	65
			280	66
			280	67
			280	68
			280	69
			281	70
			281	71
			281	72
			281	73
			281	74
			282	75
			282	76
			282	77
			282	78
			282	79
			283	80
			283	81
			283	82
			283	83
			283	84
			283	85
			283	86
			283	87
			284	88
			284	89
			284	90
			284	91
			284	92
			284	93
			284	94
			284	95
			284	96
			284	97
			284	98
			284	99
			284	100
			284	101
			284	102
			284	103
			284	104
			284	105
			284	106
			283	107
			283	108
			283	109
			283	110
			283	111
			283	112
			283	113
			283	114
			282	115
			282	116
			282	117
			282	118
			282	119
			281	120
			281	121
			281	122
			281	123
			280	123
			280	124
			279	125
			279	126
			278	126
			278	127
			277	128
			277	129
			276	130
			275	131
			275	132
			274	133
			273	134
			272	135
			272	136
			271	137
			270	138
			269	139
			268	140
			267	141
			266	142
			265	143
			265	144
			264	145
			263	146
			262	147
			261	148
			260	149
			259	150
			258	151
			259	152
			259	153
			260	154
			260	155
			261	156
			261	157
			262	157
			262	158
			263	159
			263	160
			264	161
			265	162
			265	163
			266	164
			266	165
			267	166
			267	167
			268	167
			268	168
			269	169
			269	170
			270	171
			270	172
			271	173
			271	174
			272	174
			273	175
			273	176
		</anterior>
		<posterior type=matrix rownames=FALSE colnames=FALSE nrow=165 ncol=2 as.numeric=TRUE >
			139	176
			140	176
			141	176
			142	176
			143	176
			144	176
			145	176
			146	176
			147	176
			148	176
			149	176
			150	176
			151	176
			152	175
			153	175
			154	175
			155	175
			156	175
			157	175
			158	175
			159	175
			160	174
			161	174
			162	174
			163	174
			164	174
			165	174
			166	174
			166	173
			167	173
			168	173
			169	173
			170	173
			171	173
			172	172
			173	172
			174	172
			175	172
			176	172
			177	171
			178	171
			179	171
			180	171
			181	170
			182	170
			183	170
			184	170
			185	169
			186	169
			187	169
			188	169
			189	169
			190	168
			191	168
			192	168
			193	168
			194	168
			195	168
			196	168
			197	167
			198	167
			199	167
			200	167
			201	167
			202	167
			203	167
			204	167
			205	166
			206	166
			207	166
			208	166
			209	166
			210	166
			211	166
			212	166
			213	166
			214	165
			215	165
			216	165
			217	165
			218	165
			219	165
			220	165
			221	164
			222	164
			223	164
			224	164
			225	164
			226	163
			227	163
			228	163
			229	163
			230	163
			231	162
			232	162
			233	162
			234	162
			235	161
			236	161
			237	161
			238	161
			239	161
			240	160
			241	160
			242	160
			243	160
			243	159
			244	159
			245	159
			246	159
			247	158
			248	158
			249	158
			250	157
			251	157
			252	158
			253	159
			254	160
			255	161
			256	162
			257	163
			258	164
			259	165
			260	166
			261	167
			262	168
			263	169
			263	170
			264	171
			265	172
			265	173
			266	173
			267	174
			268	175
			268	176
			269	177
			270	178
			271	179
			272	180
			272	181
			273	182
			274	183
			275	184
			276	185
			277	186
			278	187
			279	188
			279	189
			280	190
			281	191
			281	190
			280	189
			280	188
			279	187
			279	186
			278	185
			278	184
			277	183
			276	182
			276	181
			275	180
			275	179
			274	178
			274	177
			273	176
		</posterior>
	</curves.pixel>
	<curves.scaled type=list>
		<glabella type=matrix rownames=FALSE colnames=FALSE nrow=142 ncol=2 as.numeric=TRUE >
			2.02646153846154	-0.602461538461538
			2.04015384615385	-0.602461538461538
			2.05384615384615	-0.602461538461538
			2.06753846153846	-0.602461538461538
			2.08123076923077	-0.602461538461538
			2.09492307692308	-0.602461538461538
			2.10861538461538	-0.602461538461538
			2.12230769230769	-0.602461538461538
			2.136	-0.602461538461538
			2.14969230769231	-0.616153846153846
			2.16338461538462	-0.616153846153846
			2.17707692307692	-0.616153846153846
			2.19076923076923	-0.629846153846154
			2.20446153846154	-0.629846153846154
			2.21815384615385	-0.643538461538462
			2.21815384615385	-0.657230769230769
			2.23184615384615	-0.657230769230769
			2.24553846153846	-0.670923076923077
			2.25923076923077	-0.684615384615385
			2.27292307692308	-0.698307692307692
			2.28661538461538	-0.712
			2.30030769230769	-0.725692307692308
			2.314	-0.739384615384615
			2.314	-0.753076923076923
			2.32769230769231	-0.766769230769231
			2.32769230769231	-0.780461538461538
			2.34138461538462	-0.780461538461538
			2.34138461538462	-0.794153846153846
			2.35507692307692	-0.807846153846154
			2.35507692307692	-0.821538461538461
			2.35507692307692	-0.835230769230769
			2.36876923076923	-0.848923076923077
			2.36876923076923	-0.862615384615385
			2.38246153846154	-0.876307692307692
			2.38246153846154	-0.89
			2.38246153846154	-0.903692307692308
			2.39615384615385	-0.917384615384615
			2.39615384615385	-0.931076923076923
			2.39615384615385	-0.944769230769231
			2.40984615384615	-0.958461538461538
			2.40984615384615	-0.972153846153846
			2.40984615384615	-0.985846153846154
			2.40984615384615	-0.999538461538461
			2.42353846153846	-0.999538461538461
			2.42353846153846	-1.01323076923077
			2.42353846153846	-1.02692307692308
			2.42353846153846	-1.04061538461538
			2.43723076923077	-1.05430769230769
			2.43723076923077	-1.068
			2.43723076923077	-1.08169230769231
			2.43723076923077	-1.09538461538462
			2.43723076923077	-1.10907692307692
			2.45092307692308	-1.12276923076923
			2.45092307692308	-1.13646153846154
			2.45092307692308	-1.15015384615385
			2.45092307692308	-1.16384615384615
			2.45092307692308	-1.17753846153846
			2.46461538461538	-1.19123076923077
			2.46461538461538	-1.20492307692308
			2.46461538461538	-1.21861538461538
			2.46461538461538	-1.23230769230769
			2.46461538461538	-1.246
			2.46461538461538	-1.25969230769231
			2.46461538461538	-1.27338461538462
			2.47830769230769	-1.28707692307692
			2.47830769230769	-1.30076923076923
			2.47830769230769	-1.31446153846154
			2.47830769230769	-1.32815384615385
			2.47830769230769	-1.34184615384615
			2.47830769230769	-1.35553846153846
			2.47830769230769	-1.36923076923077
			2.47830769230769	-1.38292307692308
			2.47830769230769	-1.39661538461538
			2.47830769230769	-1.41030769230769
			2.47830769230769	-1.424
			2.492	-1.424
			2.492	-1.43769230769231
			2.492	-1.45138461538462
			2.492	-1.46507692307692
			2.492	-1.47876923076923
			2.492	-1.49246153846154
			2.492	-1.50615384615385
			2.492	-1.51984615384615
			2.492	-1.53353846153846
			2.492	-1.54723076923077
			2.492	-1.56092307692308
			2.492	-1.57461538461538
			2.492	-1.58830769230769
			2.492	-1.602
			2.492	-1.61569230769231
			2.492	-1.62938461538462
			2.492	-1.64307692307692
			2.492	-1.65676923076923
			2.50569230769231	-1.65676923076923
			2.50569230769231	-1.67046153846154
			2.50569230769231	-1.68415384615385
			2.50569230769231	-1.69784615384615
			2.50569230769231	-1.71153846153846
			2.50569230769231	-1.72523076923077
			2.50569230769231	-1.73892307692308
			2.50569230769231	-1.75261538461538
			2.50569230769231	-1.76630769230769
			2.50569230769231	-1.78
			2.50569230769231	-1.79369230769231
			2.50569230769231	-1.80738461538462
			2.50569230769231	-1.82107692307692
			2.50569230769231	-1.83476923076923
			2.50569230769231	-1.84846153846154
			2.50569230769231	-1.86215384615385
			2.50569230769231	-1.87584615384615
			2.50569230769231	-1.88953846153846
			2.50569230769231	-1.90323076923077
			2.50569230769231	-1.91692307692308
			2.50569230769231	-1.93061538461538
			2.50569230769231	-1.94430769230769
			2.50569230769231	-1.958
			2.50569230769231	-1.97169230769231
			2.50569230769231	-1.98538461538462
			2.50569230769231	-1.99907692307692
			2.50569230769231	-2.01276923076923
			2.50569230769231	-2.02646153846154
			2.50569230769231	-2.04015384615385
			2.50569230769231	-2.05384615384615
			2.50569230769231	-2.06753846153846
			2.50569230769231	-2.08123076923077
			2.50569230769231	-2.09492307692308
			2.50569230769231	-2.10861538461538
			2.50569230769231	-2.12230769230769
			2.492	-2.136
			2.492	-2.14969230769231
			2.492	-2.16338461538462
			2.492	-2.17707692307692
			2.492	-2.19076923076923
			2.492	-2.20446153846154
			2.492	-2.21815384615385
			2.492	-2.23184615384615
			2.492	-2.24553846153846
			2.492	-2.25923076923077
			2.492	-2.27292307692308
			2.492	-2.28661538461538
			2.492	-2.30030769230769
			2.492	-2.314
		</glabella>
		<suture type=matrix rownames=FALSE colnames=FALSE nrow=197 ncol=2 as.numeric=TRUE >
			2.04015384615385	-0.410769230769231
			2.05384615384615	-0.410769230769231
			2.06753846153846	-0.410769230769231
			2.08123076923077	-0.410769230769231
			2.09492307692308	-0.410769230769231
			2.10861538461538	-0.410769230769231
			2.12230769230769	-0.410769230769231
			2.136	-0.410769230769231
			2.14969230769231	-0.410769230769231
			2.16338461538462	-0.410769230769231
			2.17707692307692	-0.410769230769231
			2.19076923076923	-0.410769230769231
			2.20446153846154	-0.410769230769231
			2.21815384615385	-0.410769230769231
			2.23184615384615	-0.424461538461538
			2.24553846153846	-0.424461538461538
			2.25923076923077	-0.424461538461538
			2.27292307692308	-0.424461538461538
			2.28661538461538	-0.424461538461538
			2.30030769230769	-0.424461538461538
			2.314	-0.424461538461538
			2.32769230769231	-0.424461538461538
			2.34138461538462	-0.424461538461538
			2.35507692307692	-0.424461538461538
			2.36876923076923	-0.424461538461538
			2.38246153846154	-0.438153846153846
			2.39615384615385	-0.438153846153846
			2.40984615384615	-0.438153846153846
			2.42353846153846	-0.438153846153846
			2.43723076923077	-0.438153846153846
			2.45092307692308	-0.438153846153846
			2.46461538461538	-0.438153846153846
			2.47830769230769	-0.438153846153846
			2.492	-0.451846153846154
			2.50569230769231	-0.451846153846154
			2.51938461538462	-0.451846153846154
			2.53307692307692	-0.451846153846154
			2.54676923076923	-0.451846153846154
			2.56046153846154	-0.451846153846154
			2.57415384615385	-0.451846153846154
			2.58784615384615	-0.451846153846154
			2.60153846153846	-0.451846153846154
			2.61523076923077	-0.451846153846154
			2.62892307692308	-0.451846153846154
			2.64261538461538	-0.451846153846154
			2.65630769230769	-0.451846153846154
			2.67	-0.451846153846154
			2.68369230769231	-0.451846153846154
			2.69738461538462	-0.451846153846154
			2.71107692307692	-0.451846153846154
			2.72476923076923	-0.451846153846154
			2.73846153846154	-0.465538461538462
			2.75215384615385	-0.465538461538462
			2.76584615384615	-0.465538461538462
			2.77953846153846	-0.465538461538462
			2.79323076923077	-0.479230769230769
			2.80692307692308	-0.479230769230769
			2.82061538461538	-0.479230769230769
			2.83430769230769	-0.492923076923077
			2.848	-0.492923076923077
			2.848	-0.506615384615385
			2.86169230769231	-0.506615384615385
			2.87538461538462	-0.520307692307692
			2.88907692307692	-0.534
			2.90276923076923	-0.547692307692308
			2.91646153846154	-0.561384615384615
			2.91646153846154	-0.575076923076923
			2.93015384615385	-0.588769230769231
			2.93015384615385	-0.602461538461538
			2.94384615384615	-0.616153846153846
			2.94384615384615	-0.629846153846154
			2.95753846153846	-0.643538461538462
			2.95753846153846	-0.657230769230769
			2.95753846153846	-0.670923076923077
			2.97123076923077	-0.670923076923077
			2.97123076923077	-0.684615384615385
			2.97123076923077	-0.698307692307692
			2.98492307692308	-0.712
			2.98492307692308	-0.725692307692308
			2.99861538461538	-0.739384615384615
			2.99861538461538	-0.753076923076923
			2.99861538461538	-0.766769230769231
			2.99861538461538	-0.780461538461538
			2.99861538461538	-0.794153846153846
			3.01230769230769	-0.794153846153846
			3.01230769230769	-0.807846153846154
			3.01230769230769	-0.821538461538461
			3.01230769230769	-0.835230769230769
			3.01230769230769	-0.848923076923077
			3.01230769230769	-0.862615384615385
			3.01230769230769	-0.876307692307692
			3.01230769230769	-0.89
			3.01230769230769	-0.903692307692308
			3.01230769230769	-0.917384615384615
			2.99861538461538	-0.931076923076923
			2.99861538461538	-0.944769230769231
			2.99861538461538	-0.958461538461538
			2.99861538461538	-0.972153846153846
			2.98492307692308	-0.985846153846154
			2.98492307692308	-0.999538461538461
			2.98492307692308	-1.01323076923077
			2.97123076923077	-1.02692307692308
			2.98492307692308	-1.02692307692308
			2.99861538461538	-1.02692307692308
			3.01230769230769	-1.02692307692308
			3.026	-1.02692307692308
			3.03969230769231	-1.02692307692308
			3.05338461538462	-1.02692307692308
			3.06707692307692	-1.02692307692308
			3.08076923076923	-1.02692307692308
			3.09446153846154	-1.02692307692308
			3.10815384615385	-1.02692307692308
			3.12184615384615	-1.04061538461538
			3.13553846153846	-1.04061538461538
			3.14923076923077	-1.05430769230769
			3.16292307692308	-1.05430769230769
			3.17661538461538	-1.068
			3.19030769230769	-1.08169230769231
			3.204	-1.09538461538462
			3.21769230769231	-1.10907692307692
			3.23138461538462	-1.12276923076923
			3.24507692307692	-1.13646153846154
			3.24507692307692	-1.15015384615385
			3.24507692307692	-1.16384615384615
			3.24507692307692	-1.17753846153846
			3.24507692307692	-1.19123076923077
			3.24507692307692	-1.20492307692308
			3.24507692307692	-1.21861538461538
			3.24507692307692	-1.23230769230769
			3.24507692307692	-1.246
			3.24507692307692	-1.25969230769231
			3.24507692307692	-1.27338461538462
			3.23138461538462	-1.28707692307692
			3.23138461538462	-1.30076923076923
			3.21769230769231	-1.31446153846154
			3.21769230769231	-1.32815384615385
			3.204	-1.34184615384615
			3.19030769230769	-1.35553846153846
			3.19030769230769	-1.36923076923077
			3.17661538461538	-1.38292307692308
			3.16292307692308	-1.39661538461538
			3.14923076923077	-1.41030769230769
			3.13553846153846	-1.424
			3.12184615384615	-1.43769230769231
			3.10815384615385	-1.45138461538462
			3.09446153846154	-1.46507692307692
			3.08076923076923	-1.47876923076923
			3.06707692307692	-1.47876923076923
			3.05338461538462	-1.49246153846154
			3.06707692307692	-1.50615384615385
			3.08076923076923	-1.50615384615385
			3.09446153846154	-1.51984615384615
			3.10815384615385	-1.53353846153846
			3.12184615384615	-1.53353846153846
			3.13553846153846	-1.54723076923077
			3.14923076923077	-1.56092307692308
			3.16292307692308	-1.57461538461538
			3.17661538461538	-1.57461538461538
			3.19030769230769	-1.58830769230769
			3.204	-1.602
			3.21769230769231	-1.61569230769231
			3.23138461538462	-1.61569230769231
			3.24507692307692	-1.62938461538462
			3.25876923076923	-1.64307692307692
			3.27246153846154	-1.65676923076923
			3.28615384615385	-1.67046153846154
			3.29984615384615	-1.68415384615385
			3.31353846153846	-1.69784615384615
			3.32723076923077	-1.71153846153846
			3.34092307692308	-1.72523076923077
			3.35461538461538	-1.72523076923077
			3.35461538461538	-1.73892307692308
			3.36830769230769	-1.75261538461538
			3.382	-1.76630769230769
			3.39569230769231	-1.78
			3.39569230769231	-1.79369230769231
			3.40938461538462	-1.80738461538462
			3.42307692307692	-1.82107692307692
			3.43676923076923	-1.83476923076923
			3.45046153846154	-1.84846153846154
			3.45046153846154	-1.86215384615385
			3.45046153846154	-1.87584615384615
			3.46415384615385	-1.87584615384615
			3.46415384615385	-1.88953846153846
			3.47784615384615	-1.90323076923077
			3.47784615384615	-1.91692307692308
			3.49153846153846	-1.93061538461538
			3.49153846153846	-1.94430769230769
			3.50523076923077	-1.958
			3.50523076923077	-1.97169230769231
			3.50523076923077	-1.98538461538462
			3.51892307692308	-1.99907692307692
			3.51892307692308	-2.01276923076923
			3.51892307692308	-2.02646153846154
			3.53261538461538	-2.04015384615385
			3.53261538461538	-2.05384615384615
			3.53261538461538	-2.06753846153846
		</suture>
		<anterior type=matrix rownames=FALSE colnames=FALSE nrow=261 ncol=2 as.numeric=TRUE >
			2.04015384615385	-0.410769230769231
			2.05384615384615	-0.410769230769231
			2.06753846153846	-0.410769230769231
			2.08123076923077	-0.410769230769231
			2.09492307692308	-0.410769230769231
			2.10861538461538	-0.410769230769231
			2.12230769230769	-0.410769230769231
			2.136	-0.424461538461538
			2.14969230769231	-0.424461538461538
			2.16338461538462	-0.424461538461538
			2.17707692307692	-0.424461538461538
			2.19076923076923	-0.424461538461538
			2.20446153846154	-0.424461538461538
			2.21815384615385	-0.424461538461538
			2.23184615384615	-0.424461538461538
			2.24553846153846	-0.424461538461538
			2.25923076923077	-0.424461538461538
			2.27292307692308	-0.424461538461538
			2.28661538461538	-0.424461538461538
			2.30030769230769	-0.424461538461538
			2.314	-0.424461538461538
			2.32769230769231	-0.424461538461538
			2.34138461538462	-0.424461538461538
			2.35507692307692	-0.424461538461538
			2.36876923076923	-0.424461538461538
			2.38246153846154	-0.424461538461538
			2.39615384615385	-0.424461538461538
			2.40984615384615	-0.424461538461538
			2.42353846153846	-0.424461538461538
			2.43723076923077	-0.424461538461538
			2.45092307692308	-0.424461538461538
			2.46461538461538	-0.424461538461538
			2.47830769230769	-0.424461538461538
			2.492	-0.424461538461538
			2.50569230769231	-0.424461538461538
			2.51938461538462	-0.424461538461538
			2.53307692307692	-0.424461538461538
			2.54676923076923	-0.424461538461538
			2.56046153846154	-0.424461538461538
			2.57415384615385	-0.424461538461538
			2.58784615384615	-0.424461538461538
			2.60153846153846	-0.410769230769231
			2.61523076923077	-0.410769230769231
			2.62892307692308	-0.410769230769231
			2.64261538461538	-0.410769230769231
			2.65630769230769	-0.410769230769231
			2.67	-0.410769230769231
			2.68369230769231	-0.410769230769231
			2.69738461538462	-0.410769230769231
			2.71107692307692	-0.410769230769231
			2.72476923076923	-0.410769230769231
			2.73846153846154	-0.410769230769231
			2.75215384615385	-0.410769230769231
			2.76584615384615	-0.397076923076923
			2.77953846153846	-0.397076923076923
			2.79323076923077	-0.397076923076923
			2.80692307692308	-0.397076923076923
			2.82061538461538	-0.397076923076923
			2.83430769230769	-0.397076923076923
			2.848	-0.397076923076923
			2.86169230769231	-0.397076923076923
			2.87538461538462	-0.383384615384615
			2.88907692307692	-0.383384615384615
			2.90276923076923	-0.383384615384615
			2.91646153846154	-0.383384615384615
			2.93015384615385	-0.383384615384615
			2.94384615384615	-0.383384615384615
			2.95753846153846	-0.383384615384615
			2.97123076923077	-0.369692307692308
			2.98492307692308	-0.369692307692308
			2.99861538461538	-0.369692307692308
			3.01230769230769	-0.369692307692308
			3.026	-0.369692307692308
			3.03969230769231	-0.369692307692308
			3.05338461538462	-0.369692307692308
			3.06707692307692	-0.369692307692308
			3.08076923076923	-0.369692307692308
			3.09446153846154	-0.369692307692308
			3.10815384615385	-0.369692307692308
			3.12184615384615	-0.369692307692308
			3.12184615384615	-0.383384615384615
			3.13553846153846	-0.383384615384615
			3.14923076923077	-0.383384615384615
			3.16292307692308	-0.383384615384615
			3.17661538461538	-0.383384615384615
			3.19030769230769	-0.383384615384615
			3.204	-0.383384615384615
			3.21769230769231	-0.383384615384615
			3.23138461538462	-0.397076923076923
			3.24507692307692	-0.397076923076923
			3.25876923076923	-0.397076923076923
			3.27246153846154	-0.397076923076923
			3.28615384615385	-0.397076923076923
			3.29984615384615	-0.410769230769231
			3.31353846153846	-0.410769230769231
			3.32723076923077	-0.410769230769231
			3.34092307692308	-0.410769230769231
			3.35461538461538	-0.424461538461538
			3.36830769230769	-0.424461538461538
			3.382	-0.424461538461538
			3.39569230769231	-0.438153846153846
			3.40938461538462	-0.438153846153846
			3.42307692307692	-0.438153846153846
			3.43676923076923	-0.451846153846154
			3.45046153846154	-0.451846153846154
			3.46415384615385	-0.465538461538462
			3.47784615384615	-0.465538461538462
			3.49153846153846	-0.479230769230769
			3.50523076923077	-0.479230769230769
			3.51892307692308	-0.492923076923077
			3.53261538461538	-0.492923076923077
			3.54630769230769	-0.506615384615385
			3.56	-0.506615384615385
			3.57369230769231	-0.520307692307692
			3.58738461538461	-0.520307692307692
			3.60107692307692	-0.534
			3.60107692307692	-0.547692307692308
			3.61476923076923	-0.547692307692308
			3.62846153846154	-0.561384615384615
			3.64215384615385	-0.561384615384615
			3.64215384615385	-0.575076923076923
			3.65584615384615	-0.588769230769231
			3.66953846153846	-0.602461538461538
			3.68323076923077	-0.602461538461538
			3.68323076923077	-0.616153846153846
			3.69692307692308	-0.629846153846154
			3.71061538461538	-0.643538461538462
			3.72430769230769	-0.657230769230769
			3.72430769230769	-0.670923076923077
			3.738	-0.684615384615385
			3.75169230769231	-0.698307692307692
			3.75169230769231	-0.712
			3.76538461538461	-0.725692307692308
			3.76538461538461	-0.739384615384615
			3.77907692307692	-0.753076923076923
			3.77907692307692	-0.766769230769231
			3.77907692307692	-0.780461538461538
			3.79276923076923	-0.794153846153846
			3.79276923076923	-0.807846153846154
			3.80646153846154	-0.821538461538461
			3.80646153846154	-0.835230769230769
			3.80646153846154	-0.848923076923077
			3.82015384615385	-0.862615384615385
			3.82015384615385	-0.876307692307692
			3.82015384615385	-0.89
			3.83384615384615	-0.903692307692308
			3.83384615384615	-0.917384615384615
			3.83384615384615	-0.931076923076923
			3.83384615384615	-0.944769230769231
			3.84753846153846	-0.958461538461538
			3.84753846153846	-0.972153846153846
			3.84753846153846	-0.985846153846154
			3.84753846153846	-0.999538461538461
			3.84753846153846	-1.01323076923077
			3.86123076923077	-1.02692307692308
			3.86123076923077	-1.04061538461538
			3.86123076923077	-1.05430769230769
			3.86123076923077	-1.068
			3.86123076923077	-1.08169230769231
			3.87492307692308	-1.09538461538462
			3.87492307692308	-1.10907692307692
			3.87492307692308	-1.12276923076923
			3.87492307692308	-1.13646153846154
			3.87492307692308	-1.15015384615385
			3.87492307692308	-1.16384615384615
			3.87492307692308	-1.17753846153846
			3.87492307692308	-1.19123076923077
			3.88861538461538	-1.20492307692308
			3.88861538461538	-1.21861538461538
			3.88861538461538	-1.23230769230769
			3.88861538461538	-1.246
			3.88861538461538	-1.25969230769231
			3.88861538461538	-1.27338461538462
			3.88861538461538	-1.28707692307692
			3.88861538461538	-1.30076923076923
			3.88861538461538	-1.31446153846154
			3.88861538461538	-1.32815384615385
			3.88861538461538	-1.34184615384615
			3.88861538461538	-1.35553846153846
			3.88861538461538	-1.36923076923077
			3.88861538461538	-1.38292307692308
			3.88861538461538	-1.39661538461538
			3.88861538461538	-1.41030769230769
			3.88861538461538	-1.424
			3.88861538461538	-1.43769230769231
			3.88861538461538	-1.45138461538462
			3.87492307692308	-1.46507692307692
			3.87492307692308	-1.47876923076923
			3.87492307692308	-1.49246153846154
			3.87492307692308	-1.50615384615385
			3.87492307692308	-1.51984615384615
			3.87492307692308	-1.53353846153846
			3.87492307692308	-1.54723076923077
			3.87492307692308	-1.56092307692308
			3.86123076923077	-1.57461538461538
			3.86123076923077	-1.58830769230769
			3.86123076923077	-1.602
			3.86123076923077	-1.61569230769231
			3.86123076923077	-1.62938461538462
			3.84753846153846	-1.64307692307692
			3.84753846153846	-1.65676923076923
			3.84753846153846	-1.67046153846154
			3.84753846153846	-1.68415384615385
			3.83384615384615	-1.68415384615385
			3.83384615384615	-1.69784615384615
			3.82015384615385	-1.71153846153846
			3.82015384615385	-1.72523076923077
			3.80646153846154	-1.72523076923077
			3.80646153846154	-1.73892307692308
			3.79276923076923	-1.75261538461538
			3.79276923076923	-1.76630769230769
			3.77907692307692	-1.78
			3.76538461538461	-1.79369230769231
			3.76538461538461	-1.80738461538462
			3.75169230769231	-1.82107692307692
			3.738	-1.83476923076923
			3.72430769230769	-1.84846153846154
			3.72430769230769	-1.86215384615385
			3.71061538461538	-1.87584615384615
			3.69692307692308	-1.88953846153846
			3.68323076923077	-1.90323076923077
			3.66953846153846	-1.91692307692308
			3.65584615384615	-1.93061538461538
			3.64215384615385	-1.94430769230769
			3.62846153846154	-1.958
			3.62846153846154	-1.97169230769231
			3.61476923076923	-1.98538461538462
			3.60107692307692	-1.99907692307692
			3.58738461538461	-2.01276923076923
			3.57369230769231	-2.02646153846154
			3.56	-2.04015384615385
			3.54630769230769	-2.05384615384615
			3.53261538461538	-2.06753846153846
			3.54630769230769	-2.08123076923077
			3.54630769230769	-2.09492307692308
			3.56	-2.10861538461538
			3.56	-2.12230769230769
			3.57369230769231	-2.136
			3.57369230769231	-2.14969230769231
			3.58738461538461	-2.14969230769231
			3.58738461538461	-2.16338461538462
			3.60107692307692	-2.17707692307692
			3.60107692307692	-2.19076923076923
			3.61476923076923	-2.20446153846154
			3.62846153846154	-2.21815384615385
			3.62846153846154	-2.23184615384615
			3.64215384615385	-2.24553846153846
			3.64215384615385	-2.25923076923077
			3.65584615384615	-2.27292307692308
			3.65584615384615	-2.28661538461538
			3.66953846153846	-2.28661538461538
			3.66953846153846	-2.30030769230769
			3.68323076923077	-2.314
			3.68323076923077	-2.32769230769231
			3.69692307692308	-2.34138461538462
			3.69692307692308	-2.35507692307692
			3.71061538461538	-2.36876923076923
			3.71061538461538	-2.38246153846154
			3.72430769230769	-2.38246153846154
			3.738	-2.39615384615385
			3.738	-2.40984615384615
		</anterior>
		<posterior type=matrix rownames=FALSE colnames=FALSE nrow=165 ncol=2 as.numeric=TRUE >
			1.90323076923077	-2.40984615384615
			1.91692307692308	-2.40984615384615
			1.93061538461538	-2.40984615384615
			1.94430769230769	-2.40984615384615
			1.958	-2.40984615384615
			1.97169230769231	-2.40984615384615
			1.98538461538462	-2.40984615384615
			1.99907692307692	-2.40984615384615
			2.01276923076923	-2.40984615384615
			2.02646153846154	-2.40984615384615
			2.04015384615385	-2.40984615384615
			2.05384615384615	-2.40984615384615
			2.06753846153846	-2.40984615384615
			2.08123076923077	-2.39615384615385
			2.09492307692308	-2.39615384615385
			2.10861538461538	-2.39615384615385
			2.12230769230769	-2.39615384615385
			2.136	-2.39615384615385
			2.14969230769231	-2.39615384615385
			2.16338461538462	-2.39615384615385
			2.17707692307692	-2.39615384615385
			2.19076923076923	-2.38246153846154
			2.20446153846154	-2.38246153846154
			2.21815384615385	-2.38246153846154
			2.23184615384615	-2.38246153846154
			2.24553846153846	-2.38246153846154
			2.25923076923077	-2.38246153846154
			2.27292307692308	-2.38246153846154
			2.27292307692308	-2.36876923076923
			2.28661538461538	-2.36876923076923
			2.30030769230769	-2.36876923076923
			2.314	-2.36876923076923
			2.32769230769231	-2.36876923076923
			2.34138461538462	-2.36876923076923
			2.35507692307692	-2.35507692307692
			2.36876923076923	-2.35507692307692
			2.38246153846154	-2.35507692307692
			2.39615384615385	-2.35507692307692
			2.40984615384615	-2.35507692307692
			2.42353846153846	-2.34138461538462
			2.43723076923077	-2.34138461538462
			2.45092307692308	-2.34138461538462
			2.46461538461538	-2.34138461538462
			2.47830769230769	-2.32769230769231
			2.492	-2.32769230769231
			2.50569230769231	-2.32769230769231
			2.51938461538462	-2.32769230769231
			2.53307692307692	-2.314
			2.54676923076923	-2.314
			2.56046153846154	-2.314
			2.57415384615385	-2.314
			2.58784615384615	-2.314
			2.60153846153846	-2.30030769230769
			2.61523076923077	-2.30030769230769
			2.62892307692308	-2.30030769230769
			2.64261538461538	-2.30030769230769
			2.65630769230769	-2.30030769230769
			2.67	-2.30030769230769
			2.68369230769231	-2.30030769230769
			2.69738461538462	-2.28661538461538
			2.71107692307692	-2.28661538461538
			2.72476923076923	-2.28661538461538
			2.73846153846154	-2.28661538461538
			2.75215384615385	-2.28661538461538
			2.76584615384615	-2.28661538461538
			2.77953846153846	-2.28661538461538
			2.79323076923077	-2.28661538461538
			2.80692307692308	-2.27292307692308
			2.82061538461538	-2.27292307692308
			2.83430769230769	-2.27292307692308
			2.848	-2.27292307692308
			2.86169230769231	-2.27292307692308
			2.87538461538462	-2.27292307692308
			2.88907692307692	-2.27292307692308
			2.90276923076923	-2.27292307692308
			2.91646153846154	-2.27292307692308
			2.93015384615385	-2.25923076923077
			2.94384615384615	-2.25923076923077
			2.95753846153846	-2.25923076923077
			2.97123076923077	-2.25923076923077
			2.98492307692308	-2.25923076923077
			2.99861538461538	-2.25923076923077
			3.01230769230769	-2.25923076923077
			3.026	-2.24553846153846
			3.03969230769231	-2.24553846153846
			3.05338461538462	-2.24553846153846
			3.06707692307692	-2.24553846153846
			3.08076923076923	-2.24553846153846
			3.09446153846154	-2.23184615384615
			3.10815384615385	-2.23184615384615
			3.12184615384615	-2.23184615384615
			3.13553846153846	-2.23184615384615
			3.14923076923077	-2.23184615384615
			3.16292307692308	-2.21815384615385
			3.17661538461538	-2.21815384615385
			3.19030769230769	-2.21815384615385
			3.204	-2.21815384615385
			3.21769230769231	-2.20446153846154
			3.23138461538462	-2.20446153846154
			3.24507692307692	-2.20446153846154
			3.25876923076923	-2.20446153846154
			3.27246153846154	-2.20446153846154
			3.28615384615385	-2.19076923076923
			3.29984615384615	-2.19076923076923
			3.31353846153846	-2.19076923076923
			3.32723076923077	-2.19076923076923
			3.32723076923077	-2.17707692307692
			3.34092307692308	-2.17707692307692
			3.35461538461538	-2.17707692307692
			3.36830769230769	-2.17707692307692
			3.382	-2.16338461538462
			3.39569230769231	-2.16338461538462
			3.40938461538462	-2.16338461538462
			3.42307692307692	-2.14969230769231
			3.43676923076923	-2.14969230769231
			3.45046153846154	-2.16338461538462
			3.46415384615385	-2.17707692307692
			3.47784615384615	-2.19076923076923
			3.49153846153846	-2.20446153846154
			3.50523076923077	-2.21815384615385
			3.51892307692308	-2.23184615384615
			3.53261538461538	-2.24553846153846
			3.54630769230769	-2.25923076923077
			3.56	-2.27292307692308
			3.57369230769231	-2.28661538461538
			3.58738461538461	-2.30030769230769
			3.60107692307692	-2.314
			3.60107692307692	-2.32769230769231
			3.61476923076923	-2.34138461538462
			3.62846153846154	-2.35507692307692
			3.62846153846154	-2.36876923076923
			3.64215384615385	-2.36876923076923
			3.65584615384615	-2.38246153846154
			3.66953846153846	-2.39615384615385
			3.66953846153846	-2.40984615384615
			3.68323076923077	-2.42353846153846
			3.69692307692308	-2.43723076923077
			3.71061538461538	-2.45092307692308
			3.72430769230769	-2.46461538461538
			3.72430769230769	-2.47830769230769
			3.738	-2.492
			3.75169230769231	-2.50569230769231
			3.76538461538461	-2.51938461538462
			3.77907692307692	-2.53307692307692
			3.79276923076923	-2.54676923076923
			3.80646153846154	-2.56046153846154
			3.82015384615385	-2.57415384615385
			3.82015384615385	-2.58784615384615
			3.83384615384615	-2.60153846153846
			3.84753846153846	-2.61523076923077
			3.84753846153846	-2.60153846153846
			3.83384615384615	-2.58784615384615
			3.83384615384615	-2.57415384615385
			3.82015384615385	-2.56046153846154
			3.82015384615385	-2.54676923076923
			3.80646153846154	-2.53307692307692
			3.80646153846154	-2.51938461538462
			3.79276923076923	-2.50569230769231
			3.77907692307692	-2.492
			3.77907692307692	-2.47830769230769
			3.76538461538461	-2.46461538461538
			3.76538461538461	-2.45092307692308
			3.75169230769231	-2.43723076923077
			3.75169230769231	-2.42353846153846
			3.738	-2.40984615384615
		</posterior>
	</curves.scaled>
	<ruler.points type=matrix rownames=TRUE colnames=FALSE nrow=2 ncol=2 as.numeric=TRUE >
		Ruler point 1	295	11
		Ruler point 2	100	11
	</ruler.points>
</shapes>

