<shapes type=list>
	<ruler.pixel type=vector names=FALSE length=1 as.numeric=TRUE >484</ruler.pixel>
	<ruler.interval type=vector names=FALSE length=1 as.numeric=TRUE >3.23</ruler.interval>
	<scaling.units type=vector names=FALSE length=1 as.numeric=FALSE >mm</scaling.units>
	<scaling type=vector names=FALSE length=1 as.numeric=TRUE >0.00667355371900826</scaling>
	<landmarks.pixel type=matrix rownames=TRUE colnames=FALSE nrow=16 ncol=2 as.numeric=TRUE >
		LM1	355	46
		LM2	355	108
		LM3	355	265
		LM4	355	286
		LM5	403	164
		LM6	392	271
		LM7	393	285
		LM8	480	119
		LM9	488	151
		LM10	355	46
		LM11	623	197
		LM12	593	280
		LM13	355	46
		LM14	501	131
		LM15	633	286
		LM16	647	380
	</landmarks.pixel>
	<landmarks.scaled type=matrix rownames=TRUE colnames=FALSE nrow=16 ncol=2 as.numeric=TRUE >
		LM1	2.36911157024793	-0.30698347107438
		LM2	2.36911157024793	-0.720743801652893
		LM3	2.36911157024793	-1.76849173553719
		LM4	2.36911157024793	-1.90863636363636
		LM5	2.68944214876033	-1.09446280991736
		LM6	2.61603305785124	-1.80853305785124
		LM7	2.62270661157025	-1.90196280991736
		LM8	3.20330578512397	-0.794152892561984
		LM9	3.25669421487603	-1.00770661157025
		LM10	2.36911157024793	-0.30698347107438
		LM11	4.15762396694215	-1.31469008264463
		LM12	3.9574173553719	-1.86859504132231
		LM13	2.36911157024793	-0.30698347107438
		LM14	3.34345041322314	-0.874235537190083
		LM15	4.22435950413223	-1.90863636363636
		LM16	4.31778925619835	-2.53595041322314
	</landmarks.scaled>
	<curves.control type=list>
		<glabella type=matrix rownames=FALSE colnames=FALSE nrow=3 ncol=2 as.numeric=TRUE >
			355	108
			429	113
			393	285
		</glabella>
		<suture type=matrix rownames=FALSE colnames=FALSE nrow=11 ncol=2 as.numeric=TRUE >
			355	46
			385	48
			472	38
			507	53
			480	122
			510	129
			489	152
			552	160
			601	177
			656	200
			593	280
		</suture>
		<anterior type=matrix rownames=FALSE colnames=FALSE nrow=7 ncol=2 as.numeric=TRUE >
			355	46
			385	45
			474	38
			541	42
			569	74
			649	137
			633	286
		</anterior>
		<posterior type=matrix rownames=FALSE colnames=FALSE nrow=11 ncol=2 as.numeric=TRUE >
			355	286
			394	286
			483	286
			568	286
			593	279
			603	280
			613	289
			642	370
			646	382
			637	329
			633	286
		</posterior>
	</curves.control>
	<curves.pixel type=list>
		<glabella type=matrix rownames=FALSE colnames=FALSE nrow=196 ncol=2 as.numeric=TRUE >
			355	108
			356	108
			357	108
			358	108
			359	108
			360	109
			361	109
			362	109
			363	109
			364	109
			365	110
			366	110
			367	110
			368	110
			369	111
			370	111
			371	112
			372	112
			373	113
			374	113
			375	114
			376	114
			377	115
			378	115
			379	116
			380	117
			381	117
			382	118
			383	119
			384	120
			385	121
			386	122
			387	123
			388	124
			389	125
			390	126
			390	127
			391	128
			391	129
			392	130
			393	131
			393	132
			394	133
			394	134
			395	135
			395	136
			396	137
			396	138
			397	139
			397	140
			398	141
			398	142
			398	143
			399	144
			399	145
			399	146
			399	147
			400	147
			400	148
			400	149
			400	150
			401	151
			401	152
			401	153
			401	154
			402	155
			402	156
			402	157
			402	158
			402	159
			402	160
			403	161
			403	162
			403	163
			403	164
			403	165
			403	166
			403	167
			404	168
			404	169
			404	170
			404	171
			404	172
			404	173
			404	174
			404	175
			404	176
			404	177
			404	178
			405	179
			405	180
			405	181
			405	182
			405	183
			405	184
			405	185
			405	186
			405	187
			405	188
			405	189
			405	190
			405	191
			405	192
			405	193
			405	194
			405	195
			405	196
			405	197
			405	198
			405	199
			405	200
			405	201
			405	202
			404	203
			404	204
			404	205
			404	206
			404	207
			404	208
			404	209
			404	210
			404	211
			404	212
			404	213
			404	214
			404	215
			404	216
			404	217
			403	218
			403	219
			403	220
			403	221
			403	222
			403	223
			403	224
			403	225
			403	226
			403	227
			402	228
			402	229
			402	230
			402	231
			402	232
			402	233
			402	234
			402	235
			401	236
			401	237
			401	238
			401	239
			401	240
			401	241
			401	242
			401	243
			400	244
			400	245
			400	246
			400	247
			400	248
			400	249
			399	250
			399	251
			399	252
			399	253
			399	254
			399	255
			398	256
			398	257
			398	258
			398	259
			398	260
			398	261
			397	262
			397	263
			397	264
			397	265
			397	266
			397	267
			396	268
			396	269
			396	270
			396	271
			396	272
			395	273
			395	274
			395	275
			395	276
			395	277
			394	278
			394	279
			394	280
			394	281
			394	282
			393	283
			393	284
			393	285
		</glabella>
		<suture type=matrix rownames=FALSE colnames=FALSE nrow=477 ncol=2 as.numeric=TRUE >
			355	46
			356	46
			357	46
			358	46
			359	46
			360	46
			361	46
			362	46
			363	46
			364	46
			365	46
			366	46
			367	46
			368	46
			369	46
			370	46
			371	46
			372	46
			373	46
			374	46
			375	46
			376	46
			377	46
			378	46
			379	46
			380	46
			381	46
			382	46
			383	46
			384	46
			385	46
			386	46
			387	46
			388	46
			389	46
			390	46
			391	46
			392	45
			393	45
			394	45
			395	45
			396	45
			397	45
			398	45
			399	45
			400	45
			401	45
			402	45
			403	45
			404	45
			405	45
			406	45
			407	44
			408	44
			409	44
			410	44
			411	44
			412	44
			413	44
			414	44
			415	44
			416	44
			417	44
			418	44
			419	43
			420	43
			421	43
			422	43
			423	43
			424	43
			425	43
			426	43
			427	43
			428	43
			429	43
			430	42
			431	42
			432	42
			433	42
			434	42
			435	42
			436	42
			437	42
			438	42
			439	42
			440	41
			441	41
			442	41
			443	41
			444	41
			445	41
			446	41
			447	41
			448	41
			449	41
			450	40
			451	40
			452	40
			453	40
			454	40
			455	40
			456	40
			457	40
			458	40
			459	39
			460	39
			461	39
			462	39
			463	39
			464	39
			465	39
			466	39
			467	39
			468	38
			469	38
			470	38
			471	38
			472	38
			473	38
			473	39
			474	39
			475	39
			476	40
			477	40
			477	41
			478	41
			479	42
			480	43
			481	44
			482	45
			483	45
			483	46
			484	47
			485	48
			486	49
			487	50
			487	51
			488	52
			488	53
			488	54
			489	55
			489	56
			490	57
			490	58
			490	59
			490	60
			491	61
			491	62
			491	63
			491	64
			491	65
			491	66
			492	67
			492	68
			492	69
			492	70
			492	71
			492	72
			492	73
			492	74
			492	75
			492	76
			492	77
			491	78
			491	79
			491	80
			491	81
			491	82
			491	83
			491	84
			491	85
			491	86
			490	87
			490	88
			490	89
			490	90
			490	91
			489	92
			489	93
			489	94
			489	95
			488	96
			488	97
			488	98
			488	99
			487	100
			487	101
			487	102
			487	103
			486	104
			486	105
			486	106
			485	107
			485	108
			485	109
			484	110
			484	111
			484	112
			483	113
			483	114
			483	115
			482	116
			482	117
			482	118
			481	119
			481	120
			480	121
			480	122
			481	122
			482	123
			483	123
			484	123
			485	123
			486	124
			487	124
			488	125
			489	125
			490	125
			491	126
			492	127
			493	128
			494	129
			495	130
			496	131
			497	132
			497	133
			498	134
			498	135
			498	136
			498	137
			497	138
			497	139
			497	140
			496	141
			496	142
			496	143
			495	143
			495	144
			495	145
			494	146
			493	147
			492	148
			492	149
			491	150
			490	151
			489	152
			490	152
			491	152
			492	152
			493	153
			494	153
			495	153
			496	153
			497	153
			498	153
			499	153
			500	153
			501	154
			502	154
			503	154
			504	154
			505	154
			506	154
			507	154
			507	155
			508	155
			509	155
			510	155
			511	155
			512	155
			513	155
			514	156
			515	156
			516	156
			517	156
			518	156
			519	156
			520	157
			521	157
			522	157
			523	157
			524	157
			525	158
			526	158
			527	158
			528	158
			529	158
			530	159
			531	159
			532	159
			533	159
			534	159
			535	159
			536	160
			537	160
			538	160
			539	160
			540	160
			541	161
			542	161
			543	161
			544	161
			545	162
			546	162
			547	162
			548	162
			549	162
			550	163
			551	163
			552	163
			553	163
			554	164
			555	164
			556	164
			557	164
			558	164
			559	165
			560	165
			561	165
			562	165
			563	166
			564	166
			565	166
			566	166
			567	167
			568	167
			569	167
			570	168
			571	168
			572	168
			573	168
			574	169
			575	169
			576	169
			577	169
			578	170
			579	170
			580	170
			581	170
			581	171
			582	171
			583	171
			584	172
			585	172
			586	172
			587	172
			588	173
			589	173
			590	173
			591	174
			592	174
			593	174
			594	175
			595	175
			596	175
			597	176
			598	176
			599	176
			600	177
			601	177
			602	177
			603	178
			604	178
			604	179
			605	179
			606	179
			607	180
			608	180
			609	181
			610	182
			611	182
			612	183
			613	183
			613	184
			614	185
			615	185
			615	186
			616	186
			617	187
			618	188
			619	189
			620	190
			620	191
			621	192
			622	193
			623	194
			623	195
			624	196
			624	197
			624	198
			625	199
			625	200
			625	201
			626	202
			626	203
			626	204
			626	205
			626	206
			626	207
			627	208
			627	209
			627	210
			627	211
			627	212
			627	213
			627	214
			626	215
			626	216
			626	217
			626	218
			626	219
			626	220
			626	221
			625	221
			625	222
			625	223
			625	224
			624	225
			624	226
			624	227
			624	228
			623	229
			623	230
			623	231
			622	232
			622	233
			621	234
			621	235
			620	236
			620	237
			620	238
			619	239
			619	240
			618	241
			618	242
			617	243
			617	244
			617	245
			616	245
			616	246
			615	247
			615	248
			614	249
			614	250
			613	251
			612	252
			612	253
			611	254
			610	255
			610	256
			609	257
			609	258
			608	259
			607	260
			607	261
			606	262
			605	263
			605	264
			604	265
			604	266
			603	266
			603	267
			602	268
			601	269
			601	270
			600	270
			600	271
			599	272
			599	273
			598	274
			597	274
			597	275
			596	276
			595	277
			595	278
			594	279
			593	280
		</suture>
		<anterior type=matrix rownames=FALSE colnames=FALSE nrow=440 ncol=2 as.numeric=TRUE >
			355	46
			356	46
			357	46
			358	46
			359	46
			360	46
			361	46
			362	46
			363	46
			364	46
			365	46
			366	46
			367	45
			368	45
			369	45
			370	45
			371	45
			372	45
			373	45
			374	45
			375	45
			376	45
			377	45
			378	45
			379	45
			380	45
			381	45
			382	45
			383	45
			384	45
			385	44
			386	44
			387	44
			388	44
			389	44
			390	44
			391	44
			392	44
			393	44
			394	44
			395	44
			396	44
			397	44
			398	44
			399	44
			400	44
			400	43
			401	43
			402	43
			403	43
			404	43
			405	43
			406	43
			407	43
			408	43
			409	43
			410	43
			411	43
			412	43
			413	43
			414	42
			415	42
			416	42
			417	42
			418	42
			419	42
			420	42
			421	42
			422	42
			423	42
			424	42
			425	42
			426	42
			427	42
			428	42
			428	41
			429	41
			430	41
			431	41
			432	41
			433	41
			434	41
			435	41
			436	41
			437	41
			438	41
			439	41
			440	41
			441	41
			442	40
			443	40
			444	40
			445	40
			446	40
			447	40
			448	40
			449	40
			450	40
			451	40
			452	40
			453	40
			454	40
			455	39
			456	39
			457	39
			458	39
			459	39
			460	39
			461	39
			462	39
			463	39
			464	39
			465	39
			466	39
			467	39
			468	38
			469	38
			470	38
			471	38
			472	38
			473	38
			474	38
			475	38
			476	38
			477	38
			478	38
			479	38
			480	38
			481	39
			482	39
			483	39
			484	39
			485	39
			486	39
			487	39
			488	39
			489	39
			490	39
			491	40
			492	40
			493	40
			494	40
			495	40
			496	40
			497	40
			498	41
			499	41
			500	41
			501	41
			502	41
			503	41
			504	41
			504	42
			505	42
			506	42
			507	42
			508	42
			509	43
			510	43
			511	43
			512	43
			513	44
			514	44
			515	44
			516	44
			517	45
			518	45
			519	45
			520	45
			521	46
			522	46
			523	46
			524	47
			525	47
			526	47
			527	47
			528	48
			529	48
			530	48
			531	49
			532	49
			533	49
			533	50
			534	50
			535	51
			536	51
			537	51
			538	52
			539	52
			540	53
			541	53
			542	54
			543	54
			544	55
			545	55
			546	56
			547	56
			548	57
			549	57
			550	58
			551	58
			551	59
			552	60
			553	60
			554	61
			555	61
			556	62
			557	63
			558	64
			559	65
			560	65
			561	66
			562	67
			563	68
			564	68
			565	69
			565	70
			566	71
			567	72
			568	73
			569	74
			570	75
			571	76
			572	76
			573	77
			574	78
			575	79
			576	80
			577	81
			578	81
			579	82
			579	83
			580	84
			581	85
			582	85
			583	86
			584	87
			585	88
			585	89
			586	90
			587	91
			588	91
			589	92
			589	93
			590	94
			591	95
			592	96
			592	97
			593	98
			594	99
			595	99
			595	100
			596	101
			597	102
			598	103
			598	104
			599	105
			600	106
			600	107
			601	108
			602	109
			602	110
			603	111
			604	112
			604	113
			605	114
			606	115
			606	116
			607	117
			608	118
			608	119
			609	120
			609	121
			610	122
			611	123
			611	124
			611	125
			612	126
			612	127
			613	128
			614	129
			614	130
			614	131
			615	132
			615	133
			616	134
			616	135
			617	136
			617	137
			618	138
			618	139
			618	140
			619	141
			619	142
			620	143
			620	144
			620	145
			621	146
			621	147
			622	148
			622	149
			622	150
			623	151
			623	152
			623	153
			624	154
			624	155
			624	156
			625	157
			625	158
			625	159
			625	160
			626	160
			626	161
			626	162
			626	163
			626	164
			627	164
			627	165
			627	166
			627	167
			628	168
			628	169
			628	170
			628	171
			629	172
			629	173
			629	174
			629	175
			630	176
			630	177
			630	178
			630	179
			630	180
			631	181
			631	182
			631	183
			631	184
			631	185
			631	186
			632	187
			632	188
			632	189
			632	190
			632	191
			632	192
			633	193
			633	194
			633	195
			633	196
			633	197
			633	198
			633	199
			633	200
			634	201
			634	202
			634	203
			634	204
			634	205
			634	206
			634	207
			634	208
			634	209
			634	210
			635	211
			635	212
			635	213
			635	214
			635	215
			635	216
			635	217
			635	218
			635	219
			635	220
			635	221
			635	222
			635	223
			635	224
			635	225
			635	226
			635	227
			636	228
			636	229
			636	230
			636	231
			636	232
			636	233
			636	234
			636	235
			636	236
			636	237
			636	238
			636	239
			636	240
			636	241
			636	242
			636	243
			636	244
			636	245
			636	246
			636	247
			636	248
			636	249
			635	250
			635	251
			635	252
			635	253
			635	254
			635	255
			635	256
			635	257
			635	258
			635	259
			635	260
			635	261
			635	262
			635	263
			635	264
			635	265
			635	266
			635	267
			635	268
			635	269
			634	270
			634	271
			634	272
			634	273
			634	274
			634	275
			634	276
			634	277
			634	278
			634	279
			634	280
			633	281
			633	282
			633	283
			633	284
			633	285
			633	286
		</anterior>
		<posterior type=matrix rownames=FALSE colnames=FALSE nrow=453 ncol=2 as.numeric=TRUE >
			355	286
			356	286
			357	286
			358	286
			359	286
			360	286
			361	286
			362	286
			363	286
			364	286
			365	286
			366	286
			367	286
			368	286
			369	286
			370	286
			371	286
			372	286
			373	286
			374	286
			375	286
			376	286
			377	286
			378	286
			379	286
			380	286
			381	286
			382	286
			383	286
			384	286
			385	286
			386	286
			387	286
			388	286
			389	286
			390	286
			391	286
			392	286
			393	286
			394	286
			395	286
			396	286
			397	286
			398	286
			399	286
			400	286
			401	286
			402	286
			403	286
			404	286
			405	286
			406	286
			407	286
			408	286
			409	286
			410	286
			411	286
			412	286
			413	286
			414	286
			415	286
			416	286
			417	286
			418	286
			419	286
			420	286
			421	286
			422	286
			423	286
			424	286
			425	286
			426	286
			427	286
			428	286
			429	286
			430	286
			431	286
			432	286
			433	286
			434	286
			435	286
			436	286
			437	286
			438	286
			439	286
			440	286
			441	286
			442	286
			443	286
			444	286
			445	286
			446	286
			447	286
			448	286
			449	286
			450	286
			451	286
			452	286
			453	286
			454	286
			455	286
			456	286
			457	286
			458	286
			459	286
			460	286
			461	286
			462	286
			463	286
			464	286
			465	286
			466	286
			467	286
			468	286
			469	286
			470	286
			471	286
			472	286
			473	286
			474	286
			475	286
			476	286
			477	286
			478	286
			479	286
			480	286
			481	286
			482	286
			483	286
			484	286
			485	286
			486	286
			487	286
			488	286
			489	286
			490	286
			491	286
			492	286
			493	286
			494	286
			495	286
			496	286
			497	286
			498	286
			499	286
			500	286
			501	286
			502	286
			503	286
			504	286
			505	286
			506	286
			507	286
			508	286
			509	286
			510	286
			511	286
			512	286
			513	286
			514	286
			515	286
			516	286
			517	286
			518	286
			519	286
			520	286
			521	286
			522	286
			523	286
			524	285
			525	285
			526	285
			527	285
			528	285
			529	285
			530	285
			531	285
			532	285
			533	285
			534	285
			535	285
			536	285
			537	285
			538	285
			539	285
			540	285
			541	285
			542	285
			543	285
			544	285
			545	285
			546	285
			547	285
			548	285
			549	284
			550	284
			551	284
			552	284
			553	284
			554	284
			555	284
			556	284
			557	284
			558	284
			559	284
			560	284
			561	284
			562	284
			563	283
			564	283
			565	283
			566	283
			567	283
			568	283
			569	283
			570	283
			571	283
			572	283
			573	283
			574	282
			575	282
			576	282
			577	282
			578	282
			579	282
			580	282
			581	281
			582	281
			583	281
			584	281
			585	281
			586	281
			587	280
			588	280
			589	280
			590	280
			591	280
			592	279
			593	279
			594	279
			595	279
			596	279
			597	280
			598	280
			599	280
			600	281
			601	281
			602	282
			603	282
			604	282
			605	283
			606	283
			606	284
			607	285
			608	285
			609	286
			610	286
			611	287
			612	288
			613	289
			613	290
			614	291
			614	292
			614	293
			615	294
			615	295
			616	296
			616	297
			616	298
			617	299
			617	300
			617	301
			618	302
			618	303
			619	304
			619	305
			619	306
			619	307
			620	307
			620	308
			620	309
			621	310
			621	311
			621	312
			622	313
			622	314
			622	315
			623	316
			623	317
			623	318
			624	319
			624	320
			624	321
			625	322
			625	323
			625	324
			626	325
			626	326
			627	327
			627	328
			627	329
			628	330
			628	331
			629	332
			629	333
			629	334
			630	335
			630	336
			630	337
			631	338
			631	339
			631	340
			632	341
			632	342
			632	343
			633	344
			633	345
			633	346
			634	346
			634	347
			634	348
			634	349
			635	350
			635	351
			636	352
			636	353
			636	354
			637	355
			637	356
			637	357
			638	358
			638	359
			638	360
			639	361
			639	362
			639	363
			640	364
			640	365
			640	366
			641	367
			641	368
			642	369
			642	370
			642	371
			643	372
			643	373
			643	374
			644	375
			644	376
			644	377
			645	378
			645	379
			645	380
			646	381
			646	382
			646	381
			646	380
			646	379
			645	378
			645	377
			645	376
			645	375
			645	374
			644	373
			644	372
			644	371
			644	370
			644	369
			644	368
			644	367
			643	366
			643	365
			643	364
			643	363
			643	362
			643	361
			642	361
			642	360
			642	359
			642	358
			642	357
			642	356
			642	355
			642	354
			641	353
			641	352
			641	351
			641	350
			641	349
			641	348
			640	347
			640	346
			640	345
			640	344
			640	343
			640	342
			640	341
			639	340
			639	339
			639	338
			639	337
			639	336
			639	335
			639	334
			638	333
			638	332
			638	331
			638	330
			638	329
			638	328
			638	327
			638	326
			637	325
			637	324
			637	323
			637	322
			637	321
			637	320
			637	319
			636	318
			636	317
			636	316
			636	315
			636	314
			636	313
			636	312
			636	311
			636	310
			635	309
			635	308
			635	307
			635	306
			635	305
			635	304
			635	303
			635	302
			635	301
			634	301
			634	300
			634	299
			634	298
			634	297
			634	296
			634	295
			634	294
			634	293
			634	292
			633	291
			633	290
			633	289
			633	288
			633	287
			633	286
		</posterior>
	</curves.pixel>
	<curves.scaled type=list>
		<glabella type=matrix rownames=FALSE colnames=FALSE nrow=196 ncol=2 as.numeric=TRUE >
			2.36911157024793	-0.720743801652893
			2.37578512396694	-0.720743801652893
			2.38245867768595	-0.720743801652893
			2.38913223140496	-0.720743801652893
			2.39580578512397	-0.720743801652893
			2.40247933884298	-0.727417355371901
			2.40915289256198	-0.727417355371901
			2.41582644628099	-0.727417355371901
			2.4225	-0.727417355371901
			2.42917355371901	-0.727417355371901
			2.43584710743802	-0.734090909090909
			2.44252066115703	-0.734090909090909
			2.44919421487603	-0.734090909090909
			2.45586776859504	-0.734090909090909
			2.46254132231405	-0.740764462809917
			2.46921487603306	-0.740764462809917
			2.47588842975207	-0.747438016528926
			2.48256198347107	-0.747438016528926
			2.48923553719008	-0.754111570247934
			2.49590909090909	-0.754111570247934
			2.5025826446281	-0.760785123966942
			2.50925619834711	-0.760785123966942
			2.51592975206612	-0.76745867768595
			2.52260330578512	-0.76745867768595
			2.52927685950413	-0.774132231404959
			2.53595041322314	-0.780805785123967
			2.54262396694215	-0.780805785123967
			2.54929752066116	-0.787479338842975
			2.55597107438017	-0.794152892561984
			2.56264462809917	-0.800826446280992
			2.56931818181818	-0.8075
			2.57599173553719	-0.814173553719008
			2.5826652892562	-0.820847107438017
			2.58933884297521	-0.827520661157025
			2.59601239669422	-0.834194214876033
			2.60268595041322	-0.840867768595041
			2.60268595041322	-0.84754132231405
			2.60935950413223	-0.854214876033058
			2.60935950413223	-0.860888429752066
			2.61603305785124	-0.867561983471074
			2.62270661157025	-0.874235537190083
			2.62270661157025	-0.880909090909091
			2.62938016528926	-0.887582644628099
			2.62938016528926	-0.894256198347107
			2.63605371900826	-0.900929752066116
			2.63605371900826	-0.907603305785124
			2.64272727272727	-0.914276859504132
			2.64272727272727	-0.920950413223141
			2.64940082644628	-0.927623966942149
			2.64940082644628	-0.934297520661157
			2.65607438016529	-0.940971074380165
			2.65607438016529	-0.947644628099174
			2.65607438016529	-0.954318181818182
			2.6627479338843	-0.96099173553719
			2.6627479338843	-0.967665289256198
			2.6627479338843	-0.974338842975207
			2.6627479338843	-0.981012396694215
			2.66942148760331	-0.981012396694215
			2.66942148760331	-0.987685950413223
			2.66942148760331	-0.994359504132232
			2.66942148760331	-1.00103305785124
			2.67609504132231	-1.00770661157025
			2.67609504132231	-1.01438016528926
			2.67609504132231	-1.02105371900826
			2.67609504132231	-1.02772727272727
			2.68276859504132	-1.03440082644628
			2.68276859504132	-1.04107438016529
			2.68276859504132	-1.0477479338843
			2.68276859504132	-1.05442148760331
			2.68276859504132	-1.06109504132231
			2.68276859504132	-1.06776859504132
			2.68944214876033	-1.07444214876033
			2.68944214876033	-1.08111570247934
			2.68944214876033	-1.08778925619835
			2.68944214876033	-1.09446280991736
			2.68944214876033	-1.10113636363636
			2.68944214876033	-1.10780991735537
			2.68944214876033	-1.11448347107438
			2.69611570247934	-1.12115702479339
			2.69611570247934	-1.1278305785124
			2.69611570247934	-1.13450413223141
			2.69611570247934	-1.14117768595041
			2.69611570247934	-1.14785123966942
			2.69611570247934	-1.15452479338843
			2.69611570247934	-1.16119834710744
			2.69611570247934	-1.16787190082645
			2.69611570247934	-1.17454545454545
			2.69611570247934	-1.18121900826446
			2.69611570247934	-1.18789256198347
			2.70278925619835	-1.19456611570248
			2.70278925619835	-1.20123966942149
			2.70278925619835	-1.2079132231405
			2.70278925619835	-1.2145867768595
			2.70278925619835	-1.22126033057851
			2.70278925619835	-1.22793388429752
			2.70278925619835	-1.23460743801653
			2.70278925619835	-1.24128099173554
			2.70278925619835	-1.24795454545455
			2.70278925619835	-1.25462809917355
			2.70278925619835	-1.26130165289256
			2.70278925619835	-1.26797520661157
			2.70278925619835	-1.27464876033058
			2.70278925619835	-1.28132231404959
			2.70278925619835	-1.2879958677686
			2.70278925619835	-1.2946694214876
			2.70278925619835	-1.30134297520661
			2.70278925619835	-1.30801652892562
			2.70278925619835	-1.31469008264463
			2.70278925619835	-1.32136363636364
			2.70278925619835	-1.32803719008264
			2.70278925619835	-1.33471074380165
			2.70278925619835	-1.34138429752066
			2.70278925619835	-1.34805785123967
			2.69611570247934	-1.35473140495868
			2.69611570247934	-1.36140495867769
			2.69611570247934	-1.36807851239669
			2.69611570247934	-1.3747520661157
			2.69611570247934	-1.38142561983471
			2.69611570247934	-1.38809917355372
			2.69611570247934	-1.39477272727273
			2.69611570247934	-1.40144628099174
			2.69611570247934	-1.40811983471074
			2.69611570247934	-1.41479338842975
			2.69611570247934	-1.42146694214876
			2.69611570247934	-1.42814049586777
			2.69611570247934	-1.43481404958678
			2.69611570247934	-1.44148760330579
			2.69611570247934	-1.44816115702479
			2.68944214876033	-1.4548347107438
			2.68944214876033	-1.46150826446281
			2.68944214876033	-1.46818181818182
			2.68944214876033	-1.47485537190083
			2.68944214876033	-1.48152892561983
			2.68944214876033	-1.48820247933884
			2.68944214876033	-1.49487603305785
			2.68944214876033	-1.50154958677686
			2.68944214876033	-1.50822314049587
			2.68944214876033	-1.51489669421488
			2.68276859504132	-1.52157024793388
			2.68276859504132	-1.52824380165289
			2.68276859504132	-1.5349173553719
			2.68276859504132	-1.54159090909091
			2.68276859504132	-1.54826446280992
			2.68276859504132	-1.55493801652893
			2.68276859504132	-1.56161157024793
			2.68276859504132	-1.56828512396694
			2.67609504132231	-1.57495867768595
			2.67609504132231	-1.58163223140496
			2.67609504132231	-1.58830578512397
			2.67609504132231	-1.59497933884298
			2.67609504132231	-1.60165289256198
			2.67609504132231	-1.60832644628099
			2.67609504132231	-1.615
			2.67609504132231	-1.62167355371901
			2.66942148760331	-1.62834710743802
			2.66942148760331	-1.63502066115702
			2.66942148760331	-1.64169421487603
			2.66942148760331	-1.64836776859504
			2.66942148760331	-1.65504132231405
			2.66942148760331	-1.66171487603306
			2.6627479338843	-1.66838842975207
			2.6627479338843	-1.67506198347107
			2.6627479338843	-1.68173553719008
			2.6627479338843	-1.68840909090909
			2.6627479338843	-1.6950826446281
			2.6627479338843	-1.70175619834711
			2.65607438016529	-1.70842975206612
			2.65607438016529	-1.71510330578512
			2.65607438016529	-1.72177685950413
			2.65607438016529	-1.72845041322314
			2.65607438016529	-1.73512396694215
			2.65607438016529	-1.74179752066116
			2.64940082644628	-1.74847107438017
			2.64940082644628	-1.75514462809917
			2.64940082644628	-1.76181818181818
			2.64940082644628	-1.76849173553719
			2.64940082644628	-1.7751652892562
			2.64940082644628	-1.78183884297521
			2.64272727272727	-1.78851239669421
			2.64272727272727	-1.79518595041322
			2.64272727272727	-1.80185950413223
			2.64272727272727	-1.80853305785124
			2.64272727272727	-1.81520661157025
			2.63605371900826	-1.82188016528926
			2.63605371900826	-1.82855371900826
			2.63605371900826	-1.83522727272727
			2.63605371900826	-1.84190082644628
			2.63605371900826	-1.84857438016529
			2.62938016528926	-1.8552479338843
			2.62938016528926	-1.86192148760331
			2.62938016528926	-1.86859504132231
			2.62938016528926	-1.87526859504132
			2.62938016528926	-1.88194214876033
			2.62270661157025	-1.88861570247934
			2.62270661157025	-1.89528925619835
			2.62270661157025	-1.90196280991736
		</glabella>
		<suture type=matrix rownames=FALSE colnames=FALSE nrow=477 ncol=2 as.numeric=TRUE >
			2.36911157024793	-0.30698347107438
			2.37578512396694	-0.30698347107438
			2.38245867768595	-0.30698347107438
			2.38913223140496	-0.30698347107438
			2.39580578512397	-0.30698347107438
			2.40247933884298	-0.30698347107438
			2.40915289256198	-0.30698347107438
			2.41582644628099	-0.30698347107438
			2.4225	-0.30698347107438
			2.42917355371901	-0.30698347107438
			2.43584710743802	-0.30698347107438
			2.44252066115703	-0.30698347107438
			2.44919421487603	-0.30698347107438
			2.45586776859504	-0.30698347107438
			2.46254132231405	-0.30698347107438
			2.46921487603306	-0.30698347107438
			2.47588842975207	-0.30698347107438
			2.48256198347107	-0.30698347107438
			2.48923553719008	-0.30698347107438
			2.49590909090909	-0.30698347107438
			2.5025826446281	-0.30698347107438
			2.50925619834711	-0.30698347107438
			2.51592975206612	-0.30698347107438
			2.52260330578512	-0.30698347107438
			2.52927685950413	-0.30698347107438
			2.53595041322314	-0.30698347107438
			2.54262396694215	-0.30698347107438
			2.54929752066116	-0.30698347107438
			2.55597107438017	-0.30698347107438
			2.56264462809917	-0.30698347107438
			2.56931818181818	-0.30698347107438
			2.57599173553719	-0.30698347107438
			2.5826652892562	-0.30698347107438
			2.58933884297521	-0.30698347107438
			2.59601239669422	-0.30698347107438
			2.60268595041322	-0.30698347107438
			2.60935950413223	-0.30698347107438
			2.61603305785124	-0.300309917355372
			2.62270661157025	-0.300309917355372
			2.62938016528926	-0.300309917355372
			2.63605371900826	-0.300309917355372
			2.64272727272727	-0.300309917355372
			2.64940082644628	-0.300309917355372
			2.65607438016529	-0.300309917355372
			2.6627479338843	-0.300309917355372
			2.66942148760331	-0.300309917355372
			2.67609504132231	-0.300309917355372
			2.68276859504132	-0.300309917355372
			2.68944214876033	-0.300309917355372
			2.69611570247934	-0.300309917355372
			2.70278925619835	-0.300309917355372
			2.70946280991736	-0.300309917355372
			2.71613636363636	-0.293636363636364
			2.72280991735537	-0.293636363636364
			2.72948347107438	-0.293636363636364
			2.73615702479339	-0.293636363636364
			2.7428305785124	-0.293636363636364
			2.74950413223141	-0.293636363636364
			2.75617768595041	-0.293636363636364
			2.76285123966942	-0.293636363636364
			2.76952479338843	-0.293636363636364
			2.77619834710744	-0.293636363636364
			2.78287190082645	-0.293636363636364
			2.78954545454545	-0.293636363636364
			2.79621900826446	-0.286962809917355
			2.80289256198347	-0.286962809917355
			2.80956611570248	-0.286962809917355
			2.81623966942149	-0.286962809917355
			2.8229132231405	-0.286962809917355
			2.8295867768595	-0.286962809917355
			2.83626033057851	-0.286962809917355
			2.84293388429752	-0.286962809917355
			2.84960743801653	-0.286962809917355
			2.85628099173554	-0.286962809917355
			2.86295454545455	-0.286962809917355
			2.86962809917355	-0.280289256198347
			2.87630165289256	-0.280289256198347
			2.88297520661157	-0.280289256198347
			2.88964876033058	-0.280289256198347
			2.89632231404959	-0.280289256198347
			2.9029958677686	-0.280289256198347
			2.9096694214876	-0.280289256198347
			2.91634297520661	-0.280289256198347
			2.92301652892562	-0.280289256198347
			2.92969008264463	-0.280289256198347
			2.93636363636364	-0.273615702479339
			2.94303719008264	-0.273615702479339
			2.94971074380165	-0.273615702479339
			2.95638429752066	-0.273615702479339
			2.96305785123967	-0.273615702479339
			2.96973140495868	-0.273615702479339
			2.97640495867769	-0.273615702479339
			2.98307851239669	-0.273615702479339
			2.9897520661157	-0.273615702479339
			2.99642561983471	-0.273615702479339
			3.00309917355372	-0.266942148760331
			3.00977272727273	-0.266942148760331
			3.01644628099174	-0.266942148760331
			3.02311983471074	-0.266942148760331
			3.02979338842975	-0.266942148760331
			3.03646694214876	-0.266942148760331
			3.04314049586777	-0.266942148760331
			3.04981404958678	-0.266942148760331
			3.05648760330579	-0.266942148760331
			3.06316115702479	-0.260268595041322
			3.0698347107438	-0.260268595041322
			3.07650826446281	-0.260268595041322
			3.08318181818182	-0.260268595041322
			3.08985537190083	-0.260268595041322
			3.09652892561983	-0.260268595041322
			3.10320247933884	-0.260268595041322
			3.10987603305785	-0.260268595041322
			3.11654958677686	-0.260268595041322
			3.12322314049587	-0.253595041322314
			3.12989669421488	-0.253595041322314
			3.13657024793388	-0.253595041322314
			3.14324380165289	-0.253595041322314
			3.1499173553719	-0.253595041322314
			3.15659090909091	-0.253595041322314
			3.15659090909091	-0.260268595041322
			3.16326446280992	-0.260268595041322
			3.16993801652893	-0.260268595041322
			3.17661157024793	-0.266942148760331
			3.18328512396694	-0.266942148760331
			3.18328512396694	-0.273615702479339
			3.18995867768595	-0.273615702479339
			3.19663223140496	-0.280289256198347
			3.20330578512397	-0.286962809917355
			3.20997933884298	-0.293636363636364
			3.21665289256198	-0.300309917355372
			3.22332644628099	-0.300309917355372
			3.22332644628099	-0.30698347107438
			3.23	-0.313657024793388
			3.23667355371901	-0.320330578512397
			3.24334710743802	-0.327004132231405
			3.25002066115702	-0.333677685950413
			3.25002066115702	-0.340351239669421
			3.25669421487603	-0.34702479338843
			3.25669421487603	-0.353698347107438
			3.25669421487603	-0.360371900826446
			3.26336776859504	-0.367045454545455
			3.26336776859504	-0.373719008264463
			3.27004132231405	-0.380392561983471
			3.27004132231405	-0.387066115702479
			3.27004132231405	-0.393739669421488
			3.27004132231405	-0.400413223140496
			3.27671487603306	-0.407086776859504
			3.27671487603306	-0.413760330578512
			3.27671487603306	-0.420433884297521
			3.27671487603306	-0.427107438016529
			3.27671487603306	-0.433780991735537
			3.27671487603306	-0.440454545454545
			3.28338842975207	-0.447128099173554
			3.28338842975207	-0.453801652892562
			3.28338842975207	-0.46047520661157
			3.28338842975207	-0.467148760330579
			3.28338842975207	-0.473822314049587
			3.28338842975207	-0.480495867768595
			3.28338842975207	-0.487169421487603
			3.28338842975207	-0.493842975206612
			3.28338842975207	-0.50051652892562
			3.28338842975207	-0.507190082644628
			3.28338842975207	-0.513863636363636
			3.27671487603306	-0.520537190082645
			3.27671487603306	-0.527210743801653
			3.27671487603306	-0.533884297520661
			3.27671487603306	-0.540557851239669
			3.27671487603306	-0.547231404958678
			3.27671487603306	-0.553904958677686
			3.27671487603306	-0.560578512396694
			3.27671487603306	-0.567252066115703
			3.27671487603306	-0.573925619834711
			3.27004132231405	-0.580599173553719
			3.27004132231405	-0.587272727272727
			3.27004132231405	-0.593946280991736
			3.27004132231405	-0.600619834710744
			3.27004132231405	-0.607293388429752
			3.26336776859504	-0.61396694214876
			3.26336776859504	-0.620640495867769
			3.26336776859504	-0.627314049586777
			3.26336776859504	-0.633987603305785
			3.25669421487603	-0.640661157024793
			3.25669421487603	-0.647334710743802
			3.25669421487603	-0.65400826446281
			3.25669421487603	-0.660681818181818
			3.25002066115702	-0.667355371900826
			3.25002066115702	-0.674028925619835
			3.25002066115702	-0.680702479338843
			3.25002066115702	-0.687376033057851
			3.24334710743802	-0.69404958677686
			3.24334710743802	-0.700723140495868
			3.24334710743802	-0.707396694214876
			3.23667355371901	-0.714070247933884
			3.23667355371901	-0.720743801652893
			3.23667355371901	-0.727417355371901
			3.23	-0.734090909090909
			3.23	-0.740764462809917
			3.23	-0.747438016528926
			3.22332644628099	-0.754111570247934
			3.22332644628099	-0.760785123966942
			3.22332644628099	-0.76745867768595
			3.21665289256198	-0.774132231404959
			3.21665289256198	-0.780805785123967
			3.21665289256198	-0.787479338842975
			3.20997933884298	-0.794152892561984
			3.20997933884298	-0.800826446280992
			3.20330578512397	-0.8075
			3.20330578512397	-0.814173553719008
			3.20997933884298	-0.814173553719008
			3.21665289256198	-0.820847107438017
			3.22332644628099	-0.820847107438017
			3.23	-0.820847107438017
			3.23667355371901	-0.820847107438017
			3.24334710743802	-0.827520661157025
			3.25002066115702	-0.827520661157025
			3.25669421487603	-0.834194214876033
			3.26336776859504	-0.834194214876033
			3.27004132231405	-0.834194214876033
			3.27671487603306	-0.840867768595041
			3.28338842975207	-0.84754132231405
			3.29006198347107	-0.854214876033058
			3.29673553719008	-0.860888429752066
			3.30340909090909	-0.867561983471074
			3.3100826446281	-0.874235537190083
			3.31675619834711	-0.880909090909091
			3.31675619834711	-0.887582644628099
			3.32342975206612	-0.894256198347107
			3.32342975206612	-0.900929752066116
			3.32342975206612	-0.907603305785124
			3.32342975206612	-0.914276859504132
			3.31675619834711	-0.920950413223141
			3.31675619834711	-0.927623966942149
			3.31675619834711	-0.934297520661157
			3.3100826446281	-0.940971074380165
			3.3100826446281	-0.947644628099174
			3.3100826446281	-0.954318181818182
			3.30340909090909	-0.954318181818182
			3.30340909090909	-0.96099173553719
			3.30340909090909	-0.967665289256198
			3.29673553719008	-0.974338842975207
			3.29006198347107	-0.981012396694215
			3.28338842975207	-0.987685950413223
			3.28338842975207	-0.994359504132232
			3.27671487603306	-1.00103305785124
			3.27004132231405	-1.00770661157025
			3.26336776859504	-1.01438016528926
			3.27004132231405	-1.01438016528926
			3.27671487603306	-1.01438016528926
			3.28338842975207	-1.01438016528926
			3.29006198347107	-1.02105371900826
			3.29673553719008	-1.02105371900826
			3.30340909090909	-1.02105371900826
			3.3100826446281	-1.02105371900826
			3.31675619834711	-1.02105371900826
			3.32342975206612	-1.02105371900826
			3.33010330578512	-1.02105371900826
			3.33677685950413	-1.02105371900826
			3.34345041322314	-1.02772727272727
			3.35012396694215	-1.02772727272727
			3.35679752066116	-1.02772727272727
			3.36347107438017	-1.02772727272727
			3.37014462809917	-1.02772727272727
			3.37681818181818	-1.02772727272727
			3.38349173553719	-1.02772727272727
			3.38349173553719	-1.03440082644628
			3.3901652892562	-1.03440082644628
			3.39683884297521	-1.03440082644628
			3.40351239669421	-1.03440082644628
			3.41018595041322	-1.03440082644628
			3.41685950413223	-1.03440082644628
			3.42353305785124	-1.03440082644628
			3.43020661157025	-1.04107438016529
			3.43688016528926	-1.04107438016529
			3.44355371900826	-1.04107438016529
			3.45022727272727	-1.04107438016529
			3.45690082644628	-1.04107438016529
			3.46357438016529	-1.04107438016529
			3.4702479338843	-1.0477479338843
			3.47692148760331	-1.0477479338843
			3.48359504132231	-1.0477479338843
			3.49026859504132	-1.0477479338843
			3.49694214876033	-1.0477479338843
			3.50361570247934	-1.05442148760331
			3.51028925619835	-1.05442148760331
			3.51696280991736	-1.05442148760331
			3.52363636363636	-1.05442148760331
			3.53030991735537	-1.05442148760331
			3.53698347107438	-1.06109504132231
			3.54365702479339	-1.06109504132231
			3.5503305785124	-1.06109504132231
			3.5570041322314	-1.06109504132231
			3.56367768595041	-1.06109504132231
			3.57035123966942	-1.06109504132231
			3.57702479338843	-1.06776859504132
			3.58369834710744	-1.06776859504132
			3.59037190082645	-1.06776859504132
			3.59704545454545	-1.06776859504132
			3.60371900826446	-1.06776859504132
			3.61039256198347	-1.07444214876033
			3.61706611570248	-1.07444214876033
			3.62373966942149	-1.07444214876033
			3.6304132231405	-1.07444214876033
			3.6370867768595	-1.08111570247934
			3.64376033057851	-1.08111570247934
			3.65043388429752	-1.08111570247934
			3.65710743801653	-1.08111570247934
			3.66378099173554	-1.08111570247934
			3.67045454545455	-1.08778925619835
			3.67712809917355	-1.08778925619835
			3.68380165289256	-1.08778925619835
			3.69047520661157	-1.08778925619835
			3.69714876033058	-1.09446280991736
			3.70382231404959	-1.09446280991736
			3.7104958677686	-1.09446280991736
			3.7171694214876	-1.09446280991736
			3.72384297520661	-1.09446280991736
			3.73051652892562	-1.10113636363636
			3.73719008264463	-1.10113636363636
			3.74386363636364	-1.10113636363636
			3.75053719008264	-1.10113636363636
			3.75721074380165	-1.10780991735537
			3.76388429752066	-1.10780991735537
			3.77055785123967	-1.10780991735537
			3.77723140495868	-1.10780991735537
			3.78390495867769	-1.11448347107438
			3.79057851239669	-1.11448347107438
			3.7972520661157	-1.11448347107438
			3.80392561983471	-1.12115702479339
			3.81059917355372	-1.12115702479339
			3.81727272727273	-1.12115702479339
			3.82394628099174	-1.12115702479339
			3.83061983471074	-1.1278305785124
			3.83729338842975	-1.1278305785124
			3.84396694214876	-1.1278305785124
			3.85064049586777	-1.1278305785124
			3.85731404958678	-1.13450413223141
			3.86398760330579	-1.13450413223141
			3.87066115702479	-1.13450413223141
			3.8773347107438	-1.13450413223141
			3.8773347107438	-1.14117768595041
			3.88400826446281	-1.14117768595041
			3.89068181818182	-1.14117768595041
			3.89735537190083	-1.14785123966942
			3.90402892561983	-1.14785123966942
			3.91070247933884	-1.14785123966942
			3.91737603305785	-1.14785123966942
			3.92404958677686	-1.15452479338843
			3.93072314049587	-1.15452479338843
			3.93739669421488	-1.15452479338843
			3.94407024793388	-1.16119834710744
			3.95074380165289	-1.16119834710744
			3.9574173553719	-1.16119834710744
			3.96409090909091	-1.16787190082645
			3.97076446280992	-1.16787190082645
			3.97743801652893	-1.16787190082645
			3.98411157024793	-1.17454545454545
			3.99078512396694	-1.17454545454545
			3.99745867768595	-1.17454545454545
			4.00413223140496	-1.18121900826446
			4.01080578512397	-1.18121900826446
			4.01747933884298	-1.18121900826446
			4.02415289256198	-1.18789256198347
			4.03082644628099	-1.18789256198347
			4.03082644628099	-1.19456611570248
			4.0375	-1.19456611570248
			4.04417355371901	-1.19456611570248
			4.05084710743802	-1.20123966942149
			4.05752066115703	-1.20123966942149
			4.06419421487603	-1.2079132231405
			4.07086776859504	-1.2145867768595
			4.07754132231405	-1.2145867768595
			4.08421487603306	-1.22126033057851
			4.09088842975207	-1.22126033057851
			4.09088842975207	-1.22793388429752
			4.09756198347108	-1.23460743801653
			4.10423553719008	-1.23460743801653
			4.10423553719008	-1.24128099173554
			4.11090909090909	-1.24128099173554
			4.1175826446281	-1.24795454545455
			4.12425619834711	-1.25462809917355
			4.13092975206612	-1.26130165289256
			4.13760330578512	-1.26797520661157
			4.13760330578512	-1.27464876033058
			4.14427685950413	-1.28132231404959
			4.15095041322314	-1.2879958677686
			4.15762396694215	-1.2946694214876
			4.15762396694215	-1.30134297520661
			4.16429752066116	-1.30801652892562
			4.16429752066116	-1.31469008264463
			4.16429752066116	-1.32136363636364
			4.17097107438017	-1.32803719008264
			4.17097107438017	-1.33471074380165
			4.17097107438017	-1.34138429752066
			4.17764462809917	-1.34805785123967
			4.17764462809917	-1.35473140495868
			4.17764462809917	-1.36140495867769
			4.17764462809917	-1.36807851239669
			4.17764462809917	-1.3747520661157
			4.17764462809917	-1.38142561983471
			4.18431818181818	-1.38809917355372
			4.18431818181818	-1.39477272727273
			4.18431818181818	-1.40144628099174
			4.18431818181818	-1.40811983471074
			4.18431818181818	-1.41479338842975
			4.18431818181818	-1.42146694214876
			4.18431818181818	-1.42814049586777
			4.17764462809917	-1.43481404958678
			4.17764462809917	-1.44148760330579
			4.17764462809917	-1.44816115702479
			4.17764462809917	-1.4548347107438
			4.17764462809917	-1.46150826446281
			4.17764462809917	-1.46818181818182
			4.17764462809917	-1.47485537190083
			4.17097107438017	-1.47485537190083
			4.17097107438017	-1.48152892561983
			4.17097107438017	-1.48820247933884
			4.17097107438017	-1.49487603305785
			4.16429752066116	-1.50154958677686
			4.16429752066116	-1.50822314049587
			4.16429752066116	-1.51489669421488
			4.16429752066116	-1.52157024793388
			4.15762396694215	-1.52824380165289
			4.15762396694215	-1.5349173553719
			4.15762396694215	-1.54159090909091
			4.15095041322314	-1.54826446280992
			4.15095041322314	-1.55493801652893
			4.14427685950413	-1.56161157024793
			4.14427685950413	-1.56828512396694
			4.13760330578512	-1.57495867768595
			4.13760330578512	-1.58163223140496
			4.13760330578512	-1.58830578512397
			4.13092975206612	-1.59497933884298
			4.13092975206612	-1.60165289256198
			4.12425619834711	-1.60832644628099
			4.12425619834711	-1.615
			4.1175826446281	-1.62167355371901
			4.1175826446281	-1.62834710743802
			4.1175826446281	-1.63502066115702
			4.11090909090909	-1.63502066115702
			4.11090909090909	-1.64169421487603
			4.10423553719008	-1.64836776859504
			4.10423553719008	-1.65504132231405
			4.09756198347108	-1.66171487603306
			4.09756198347108	-1.66838842975207
			4.09088842975207	-1.67506198347107
			4.08421487603306	-1.68173553719008
			4.08421487603306	-1.68840909090909
			4.07754132231405	-1.6950826446281
			4.07086776859504	-1.70175619834711
			4.07086776859504	-1.70842975206612
			4.06419421487603	-1.71510330578512
			4.06419421487603	-1.72177685950413
			4.05752066115703	-1.72845041322314
			4.05084710743802	-1.73512396694215
			4.05084710743802	-1.74179752066116
			4.04417355371901	-1.74847107438017
			4.0375	-1.75514462809917
			4.0375	-1.76181818181818
			4.03082644628099	-1.76849173553719
			4.03082644628099	-1.7751652892562
			4.02415289256198	-1.7751652892562
			4.02415289256198	-1.78183884297521
			4.01747933884298	-1.78851239669421
			4.01080578512397	-1.79518595041322
			4.01080578512397	-1.80185950413223
			4.00413223140496	-1.80185950413223
			4.00413223140496	-1.80853305785124
			3.99745867768595	-1.81520661157025
			3.99745867768595	-1.82188016528926
			3.99078512396694	-1.82855371900826
			3.98411157024793	-1.82855371900826
			3.98411157024793	-1.83522727272727
			3.97743801652893	-1.84190082644628
			3.97076446280992	-1.84857438016529
			3.97076446280992	-1.8552479338843
			3.96409090909091	-1.86192148760331
			3.9574173553719	-1.86859504132231
		</suture>
		<anterior type=matrix rownames=FALSE colnames=FALSE nrow=440 ncol=2 as.numeric=TRUE >
			2.36911157024793	-0.30698347107438
			2.37578512396694	-0.30698347107438
			2.38245867768595	-0.30698347107438
			2.38913223140496	-0.30698347107438
			2.39580578512397	-0.30698347107438
			2.40247933884298	-0.30698347107438
			2.40915289256198	-0.30698347107438
			2.41582644628099	-0.30698347107438
			2.4225	-0.30698347107438
			2.42917355371901	-0.30698347107438
			2.43584710743802	-0.30698347107438
			2.44252066115703	-0.30698347107438
			2.44919421487603	-0.300309917355372
			2.45586776859504	-0.300309917355372
			2.46254132231405	-0.300309917355372
			2.46921487603306	-0.300309917355372
			2.47588842975207	-0.300309917355372
			2.48256198347107	-0.300309917355372
			2.48923553719008	-0.300309917355372
			2.49590909090909	-0.300309917355372
			2.5025826446281	-0.300309917355372
			2.50925619834711	-0.300309917355372
			2.51592975206612	-0.300309917355372
			2.52260330578512	-0.300309917355372
			2.52927685950413	-0.300309917355372
			2.53595041322314	-0.300309917355372
			2.54262396694215	-0.300309917355372
			2.54929752066116	-0.300309917355372
			2.55597107438017	-0.300309917355372
			2.56264462809917	-0.300309917355372
			2.56931818181818	-0.293636363636364
			2.57599173553719	-0.293636363636364
			2.5826652892562	-0.293636363636364
			2.58933884297521	-0.293636363636364
			2.59601239669422	-0.293636363636364
			2.60268595041322	-0.293636363636364
			2.60935950413223	-0.293636363636364
			2.61603305785124	-0.293636363636364
			2.62270661157025	-0.293636363636364
			2.62938016528926	-0.293636363636364
			2.63605371900826	-0.293636363636364
			2.64272727272727	-0.293636363636364
			2.64940082644628	-0.293636363636364
			2.65607438016529	-0.293636363636364
			2.6627479338843	-0.293636363636364
			2.66942148760331	-0.293636363636364
			2.66942148760331	-0.286962809917355
			2.67609504132231	-0.286962809917355
			2.68276859504132	-0.286962809917355
			2.68944214876033	-0.286962809917355
			2.69611570247934	-0.286962809917355
			2.70278925619835	-0.286962809917355
			2.70946280991736	-0.286962809917355
			2.71613636363636	-0.286962809917355
			2.72280991735537	-0.286962809917355
			2.72948347107438	-0.286962809917355
			2.73615702479339	-0.286962809917355
			2.7428305785124	-0.286962809917355
			2.74950413223141	-0.286962809917355
			2.75617768595041	-0.286962809917355
			2.76285123966942	-0.280289256198347
			2.76952479338843	-0.280289256198347
			2.77619834710744	-0.280289256198347
			2.78287190082645	-0.280289256198347
			2.78954545454545	-0.280289256198347
			2.79621900826446	-0.280289256198347
			2.80289256198347	-0.280289256198347
			2.80956611570248	-0.280289256198347
			2.81623966942149	-0.280289256198347
			2.8229132231405	-0.280289256198347
			2.8295867768595	-0.280289256198347
			2.83626033057851	-0.280289256198347
			2.84293388429752	-0.280289256198347
			2.84960743801653	-0.280289256198347
			2.85628099173554	-0.280289256198347
			2.85628099173554	-0.273615702479339
			2.86295454545455	-0.273615702479339
			2.86962809917355	-0.273615702479339
			2.87630165289256	-0.273615702479339
			2.88297520661157	-0.273615702479339
			2.88964876033058	-0.273615702479339
			2.89632231404959	-0.273615702479339
			2.9029958677686	-0.273615702479339
			2.9096694214876	-0.273615702479339
			2.91634297520661	-0.273615702479339
			2.92301652892562	-0.273615702479339
			2.92969008264463	-0.273615702479339
			2.93636363636364	-0.273615702479339
			2.94303719008264	-0.273615702479339
			2.94971074380165	-0.266942148760331
			2.95638429752066	-0.266942148760331
			2.96305785123967	-0.266942148760331
			2.96973140495868	-0.266942148760331
			2.97640495867769	-0.266942148760331
			2.98307851239669	-0.266942148760331
			2.9897520661157	-0.266942148760331
			2.99642561983471	-0.266942148760331
			3.00309917355372	-0.266942148760331
			3.00977272727273	-0.266942148760331
			3.01644628099174	-0.266942148760331
			3.02311983471074	-0.266942148760331
			3.02979338842975	-0.266942148760331
			3.03646694214876	-0.260268595041322
			3.04314049586777	-0.260268595041322
			3.04981404958678	-0.260268595041322
			3.05648760330579	-0.260268595041322
			3.06316115702479	-0.260268595041322
			3.0698347107438	-0.260268595041322
			3.07650826446281	-0.260268595041322
			3.08318181818182	-0.260268595041322
			3.08985537190083	-0.260268595041322
			3.09652892561983	-0.260268595041322
			3.10320247933884	-0.260268595041322
			3.10987603305785	-0.260268595041322
			3.11654958677686	-0.260268595041322
			3.12322314049587	-0.253595041322314
			3.12989669421488	-0.253595041322314
			3.13657024793388	-0.253595041322314
			3.14324380165289	-0.253595041322314
			3.1499173553719	-0.253595041322314
			3.15659090909091	-0.253595041322314
			3.16326446280992	-0.253595041322314
			3.16993801652893	-0.253595041322314
			3.17661157024793	-0.253595041322314
			3.18328512396694	-0.253595041322314
			3.18995867768595	-0.253595041322314
			3.19663223140496	-0.253595041322314
			3.20330578512397	-0.253595041322314
			3.20997933884298	-0.260268595041322
			3.21665289256198	-0.260268595041322
			3.22332644628099	-0.260268595041322
			3.23	-0.260268595041322
			3.23667355371901	-0.260268595041322
			3.24334710743802	-0.260268595041322
			3.25002066115702	-0.260268595041322
			3.25669421487603	-0.260268595041322
			3.26336776859504	-0.260268595041322
			3.27004132231405	-0.260268595041322
			3.27671487603306	-0.266942148760331
			3.28338842975207	-0.266942148760331
			3.29006198347107	-0.266942148760331
			3.29673553719008	-0.266942148760331
			3.30340909090909	-0.266942148760331
			3.3100826446281	-0.266942148760331
			3.31675619834711	-0.266942148760331
			3.32342975206612	-0.273615702479339
			3.33010330578512	-0.273615702479339
			3.33677685950413	-0.273615702479339
			3.34345041322314	-0.273615702479339
			3.35012396694215	-0.273615702479339
			3.35679752066116	-0.273615702479339
			3.36347107438017	-0.273615702479339
			3.36347107438017	-0.280289256198347
			3.37014462809917	-0.280289256198347
			3.37681818181818	-0.280289256198347
			3.38349173553719	-0.280289256198347
			3.3901652892562	-0.280289256198347
			3.39683884297521	-0.286962809917355
			3.40351239669421	-0.286962809917355
			3.41018595041322	-0.286962809917355
			3.41685950413223	-0.286962809917355
			3.42353305785124	-0.293636363636364
			3.43020661157025	-0.293636363636364
			3.43688016528926	-0.293636363636364
			3.44355371900826	-0.293636363636364
			3.45022727272727	-0.300309917355372
			3.45690082644628	-0.300309917355372
			3.46357438016529	-0.300309917355372
			3.4702479338843	-0.300309917355372
			3.47692148760331	-0.30698347107438
			3.48359504132231	-0.30698347107438
			3.49026859504132	-0.30698347107438
			3.49694214876033	-0.313657024793388
			3.50361570247934	-0.313657024793388
			3.51028925619835	-0.313657024793388
			3.51696280991736	-0.313657024793388
			3.52363636363636	-0.320330578512397
			3.53030991735537	-0.320330578512397
			3.53698347107438	-0.320330578512397
			3.54365702479339	-0.327004132231405
			3.5503305785124	-0.327004132231405
			3.5570041322314	-0.327004132231405
			3.5570041322314	-0.333677685950413
			3.56367768595041	-0.333677685950413
			3.57035123966942	-0.340351239669421
			3.57702479338843	-0.340351239669421
			3.58369834710744	-0.340351239669421
			3.59037190082645	-0.34702479338843
			3.59704545454545	-0.34702479338843
			3.60371900826446	-0.353698347107438
			3.61039256198347	-0.353698347107438
			3.61706611570248	-0.360371900826446
			3.62373966942149	-0.360371900826446
			3.6304132231405	-0.367045454545455
			3.6370867768595	-0.367045454545455
			3.64376033057851	-0.373719008264463
			3.65043388429752	-0.373719008264463
			3.65710743801653	-0.380392561983471
			3.66378099173554	-0.380392561983471
			3.67045454545455	-0.387066115702479
			3.67712809917355	-0.387066115702479
			3.67712809917355	-0.393739669421488
			3.68380165289256	-0.400413223140496
			3.69047520661157	-0.400413223140496
			3.69714876033058	-0.407086776859504
			3.70382231404959	-0.407086776859504
			3.7104958677686	-0.413760330578512
			3.7171694214876	-0.420433884297521
			3.72384297520661	-0.427107438016529
			3.73051652892562	-0.433780991735537
			3.73719008264463	-0.433780991735537
			3.74386363636364	-0.440454545454545
			3.75053719008264	-0.447128099173554
			3.75721074380165	-0.453801652892562
			3.76388429752066	-0.453801652892562
			3.77055785123967	-0.46047520661157
			3.77055785123967	-0.467148760330579
			3.77723140495868	-0.473822314049587
			3.78390495867769	-0.480495867768595
			3.79057851239669	-0.487169421487603
			3.7972520661157	-0.493842975206612
			3.80392561983471	-0.50051652892562
			3.81059917355372	-0.507190082644628
			3.81727272727273	-0.507190082644628
			3.82394628099174	-0.513863636363636
			3.83061983471074	-0.520537190082645
			3.83729338842975	-0.527210743801653
			3.84396694214876	-0.533884297520661
			3.85064049586777	-0.540557851239669
			3.85731404958678	-0.540557851239669
			3.86398760330579	-0.547231404958678
			3.86398760330579	-0.553904958677686
			3.87066115702479	-0.560578512396694
			3.8773347107438	-0.567252066115703
			3.88400826446281	-0.567252066115703
			3.89068181818182	-0.573925619834711
			3.89735537190083	-0.580599173553719
			3.90402892561983	-0.587272727272727
			3.90402892561983	-0.593946280991736
			3.91070247933884	-0.600619834710744
			3.91737603305785	-0.607293388429752
			3.92404958677686	-0.607293388429752
			3.93072314049587	-0.61396694214876
			3.93072314049587	-0.620640495867769
			3.93739669421488	-0.627314049586777
			3.94407024793388	-0.633987603305785
			3.95074380165289	-0.640661157024793
			3.95074380165289	-0.647334710743802
			3.9574173553719	-0.65400826446281
			3.96409090909091	-0.660681818181818
			3.97076446280992	-0.660681818181818
			3.97076446280992	-0.667355371900826
			3.97743801652893	-0.674028925619835
			3.98411157024793	-0.680702479338843
			3.99078512396694	-0.687376033057851
			3.99078512396694	-0.69404958677686
			3.99745867768595	-0.700723140495868
			4.00413223140496	-0.707396694214876
			4.00413223140496	-0.714070247933884
			4.01080578512397	-0.720743801652893
			4.01747933884298	-0.727417355371901
			4.01747933884298	-0.734090909090909
			4.02415289256198	-0.740764462809917
			4.03082644628099	-0.747438016528926
			4.03082644628099	-0.754111570247934
			4.0375	-0.760785123966942
			4.04417355371901	-0.76745867768595
			4.04417355371901	-0.774132231404959
			4.05084710743802	-0.780805785123967
			4.05752066115703	-0.787479338842975
			4.05752066115703	-0.794152892561984
			4.06419421487603	-0.800826446280992
			4.06419421487603	-0.8075
			4.07086776859504	-0.814173553719008
			4.07754132231405	-0.820847107438017
			4.07754132231405	-0.827520661157025
			4.07754132231405	-0.834194214876033
			4.08421487603306	-0.840867768595041
			4.08421487603306	-0.84754132231405
			4.09088842975207	-0.854214876033058
			4.09756198347108	-0.860888429752066
			4.09756198347108	-0.867561983471074
			4.09756198347108	-0.874235537190083
			4.10423553719008	-0.880909090909091
			4.10423553719008	-0.887582644628099
			4.11090909090909	-0.894256198347107
			4.11090909090909	-0.900929752066116
			4.1175826446281	-0.907603305785124
			4.1175826446281	-0.914276859504132
			4.12425619834711	-0.920950413223141
			4.12425619834711	-0.927623966942149
			4.12425619834711	-0.934297520661157
			4.13092975206612	-0.940971074380165
			4.13092975206612	-0.947644628099174
			4.13760330578512	-0.954318181818182
			4.13760330578512	-0.96099173553719
			4.13760330578512	-0.967665289256198
			4.14427685950413	-0.974338842975207
			4.14427685950413	-0.981012396694215
			4.15095041322314	-0.987685950413223
			4.15095041322314	-0.994359504132232
			4.15095041322314	-1.00103305785124
			4.15762396694215	-1.00770661157025
			4.15762396694215	-1.01438016528926
			4.15762396694215	-1.02105371900826
			4.16429752066116	-1.02772727272727
			4.16429752066116	-1.03440082644628
			4.16429752066116	-1.04107438016529
			4.17097107438017	-1.0477479338843
			4.17097107438017	-1.05442148760331
			4.17097107438017	-1.06109504132231
			4.17097107438017	-1.06776859504132
			4.17764462809917	-1.06776859504132
			4.17764462809917	-1.07444214876033
			4.17764462809917	-1.08111570247934
			4.17764462809917	-1.08778925619835
			4.17764462809917	-1.09446280991736
			4.18431818181818	-1.09446280991736
			4.18431818181818	-1.10113636363636
			4.18431818181818	-1.10780991735537
			4.18431818181818	-1.11448347107438
			4.19099173553719	-1.12115702479339
			4.19099173553719	-1.1278305785124
			4.19099173553719	-1.13450413223141
			4.19099173553719	-1.14117768595041
			4.1976652892562	-1.14785123966942
			4.1976652892562	-1.15452479338843
			4.1976652892562	-1.16119834710744
			4.1976652892562	-1.16787190082645
			4.20433884297521	-1.17454545454545
			4.20433884297521	-1.18121900826446
			4.20433884297521	-1.18789256198347
			4.20433884297521	-1.19456611570248
			4.20433884297521	-1.20123966942149
			4.21101239669422	-1.2079132231405
			4.21101239669422	-1.2145867768595
			4.21101239669422	-1.22126033057851
			4.21101239669422	-1.22793388429752
			4.21101239669422	-1.23460743801653
			4.21101239669422	-1.24128099173554
			4.21768595041322	-1.24795454545455
			4.21768595041322	-1.25462809917355
			4.21768595041322	-1.26130165289256
			4.21768595041322	-1.26797520661157
			4.21768595041322	-1.27464876033058
			4.21768595041322	-1.28132231404959
			4.22435950413223	-1.2879958677686
			4.22435950413223	-1.2946694214876
			4.22435950413223	-1.30134297520661
			4.22435950413223	-1.30801652892562
			4.22435950413223	-1.31469008264463
			4.22435950413223	-1.32136363636364
			4.22435950413223	-1.32803719008264
			4.22435950413223	-1.33471074380165
			4.23103305785124	-1.34138429752066
			4.23103305785124	-1.34805785123967
			4.23103305785124	-1.35473140495868
			4.23103305785124	-1.36140495867769
			4.23103305785124	-1.36807851239669
			4.23103305785124	-1.3747520661157
			4.23103305785124	-1.38142561983471
			4.23103305785124	-1.38809917355372
			4.23103305785124	-1.39477272727273
			4.23103305785124	-1.40144628099174
			4.23770661157025	-1.40811983471074
			4.23770661157025	-1.41479338842975
			4.23770661157025	-1.42146694214876
			4.23770661157025	-1.42814049586777
			4.23770661157025	-1.43481404958678
			4.23770661157025	-1.44148760330579
			4.23770661157025	-1.44816115702479
			4.23770661157025	-1.4548347107438
			4.23770661157025	-1.46150826446281
			4.23770661157025	-1.46818181818182
			4.23770661157025	-1.47485537190083
			4.23770661157025	-1.48152892561983
			4.23770661157025	-1.48820247933884
			4.23770661157025	-1.49487603305785
			4.23770661157025	-1.50154958677686
			4.23770661157025	-1.50822314049587
			4.23770661157025	-1.51489669421488
			4.24438016528926	-1.52157024793388
			4.24438016528926	-1.52824380165289
			4.24438016528926	-1.5349173553719
			4.24438016528926	-1.54159090909091
			4.24438016528926	-1.54826446280992
			4.24438016528926	-1.55493801652893
			4.24438016528926	-1.56161157024793
			4.24438016528926	-1.56828512396694
			4.24438016528926	-1.57495867768595
			4.24438016528926	-1.58163223140496
			4.24438016528926	-1.58830578512397
			4.24438016528926	-1.59497933884298
			4.24438016528926	-1.60165289256198
			4.24438016528926	-1.60832644628099
			4.24438016528926	-1.615
			4.24438016528926	-1.62167355371901
			4.24438016528926	-1.62834710743802
			4.24438016528926	-1.63502066115702
			4.24438016528926	-1.64169421487603
			4.24438016528926	-1.64836776859504
			4.24438016528926	-1.65504132231405
			4.24438016528926	-1.66171487603306
			4.23770661157025	-1.66838842975207
			4.23770661157025	-1.67506198347107
			4.23770661157025	-1.68173553719008
			4.23770661157025	-1.68840909090909
			4.23770661157025	-1.6950826446281
			4.23770661157025	-1.70175619834711
			4.23770661157025	-1.70842975206612
			4.23770661157025	-1.71510330578512
			4.23770661157025	-1.72177685950413
			4.23770661157025	-1.72845041322314
			4.23770661157025	-1.73512396694215
			4.23770661157025	-1.74179752066116
			4.23770661157025	-1.74847107438017
			4.23770661157025	-1.75514462809917
			4.23770661157025	-1.76181818181818
			4.23770661157025	-1.76849173553719
			4.23770661157025	-1.7751652892562
			4.23770661157025	-1.78183884297521
			4.23770661157025	-1.78851239669421
			4.23770661157025	-1.79518595041322
			4.23103305785124	-1.80185950413223
			4.23103305785124	-1.80853305785124
			4.23103305785124	-1.81520661157025
			4.23103305785124	-1.82188016528926
			4.23103305785124	-1.82855371900826
			4.23103305785124	-1.83522727272727
			4.23103305785124	-1.84190082644628
			4.23103305785124	-1.84857438016529
			4.23103305785124	-1.8552479338843
			4.23103305785124	-1.86192148760331
			4.23103305785124	-1.86859504132231
			4.22435950413223	-1.87526859504132
			4.22435950413223	-1.88194214876033
			4.22435950413223	-1.88861570247934
			4.22435950413223	-1.89528925619835
			4.22435950413223	-1.90196280991736
			4.22435950413223	-1.90863636363636
		</anterior>
		<posterior type=matrix rownames=FALSE colnames=FALSE nrow=453 ncol=2 as.numeric=TRUE >
			2.36911157024793	-1.90863636363636
			2.37578512396694	-1.90863636363636
			2.38245867768595	-1.90863636363636
			2.38913223140496	-1.90863636363636
			2.39580578512397	-1.90863636363636
			2.40247933884298	-1.90863636363636
			2.40915289256198	-1.90863636363636
			2.41582644628099	-1.90863636363636
			2.4225	-1.90863636363636
			2.42917355371901	-1.90863636363636
			2.43584710743802	-1.90863636363636
			2.44252066115703	-1.90863636363636
			2.44919421487603	-1.90863636363636
			2.45586776859504	-1.90863636363636
			2.46254132231405	-1.90863636363636
			2.46921487603306	-1.90863636363636
			2.47588842975207	-1.90863636363636
			2.48256198347107	-1.90863636363636
			2.48923553719008	-1.90863636363636
			2.49590909090909	-1.90863636363636
			2.5025826446281	-1.90863636363636
			2.50925619834711	-1.90863636363636
			2.51592975206612	-1.90863636363636
			2.52260330578512	-1.90863636363636
			2.52927685950413	-1.90863636363636
			2.53595041322314	-1.90863636363636
			2.54262396694215	-1.90863636363636
			2.54929752066116	-1.90863636363636
			2.55597107438017	-1.90863636363636
			2.56264462809917	-1.90863636363636
			2.56931818181818	-1.90863636363636
			2.57599173553719	-1.90863636363636
			2.5826652892562	-1.90863636363636
			2.58933884297521	-1.90863636363636
			2.59601239669422	-1.90863636363636
			2.60268595041322	-1.90863636363636
			2.60935950413223	-1.90863636363636
			2.61603305785124	-1.90863636363636
			2.62270661157025	-1.90863636363636
			2.62938016528926	-1.90863636363636
			2.63605371900826	-1.90863636363636
			2.64272727272727	-1.90863636363636
			2.64940082644628	-1.90863636363636
			2.65607438016529	-1.90863636363636
			2.6627479338843	-1.90863636363636
			2.66942148760331	-1.90863636363636
			2.67609504132231	-1.90863636363636
			2.68276859504132	-1.90863636363636
			2.68944214876033	-1.90863636363636
			2.69611570247934	-1.90863636363636
			2.70278925619835	-1.90863636363636
			2.70946280991736	-1.90863636363636
			2.71613636363636	-1.90863636363636
			2.72280991735537	-1.90863636363636
			2.72948347107438	-1.90863636363636
			2.73615702479339	-1.90863636363636
			2.7428305785124	-1.90863636363636
			2.74950413223141	-1.90863636363636
			2.75617768595041	-1.90863636363636
			2.76285123966942	-1.90863636363636
			2.76952479338843	-1.90863636363636
			2.77619834710744	-1.90863636363636
			2.78287190082645	-1.90863636363636
			2.78954545454545	-1.90863636363636
			2.79621900826446	-1.90863636363636
			2.80289256198347	-1.90863636363636
			2.80956611570248	-1.90863636363636
			2.81623966942149	-1.90863636363636
			2.8229132231405	-1.90863636363636
			2.8295867768595	-1.90863636363636
			2.83626033057851	-1.90863636363636
			2.84293388429752	-1.90863636363636
			2.84960743801653	-1.90863636363636
			2.85628099173554	-1.90863636363636
			2.86295454545455	-1.90863636363636
			2.86962809917355	-1.90863636363636
			2.87630165289256	-1.90863636363636
			2.88297520661157	-1.90863636363636
			2.88964876033058	-1.90863636363636
			2.89632231404959	-1.90863636363636
			2.9029958677686	-1.90863636363636
			2.9096694214876	-1.90863636363636
			2.91634297520661	-1.90863636363636
			2.92301652892562	-1.90863636363636
			2.92969008264463	-1.90863636363636
			2.93636363636364	-1.90863636363636
			2.94303719008264	-1.90863636363636
			2.94971074380165	-1.90863636363636
			2.95638429752066	-1.90863636363636
			2.96305785123967	-1.90863636363636
			2.96973140495868	-1.90863636363636
			2.97640495867769	-1.90863636363636
			2.98307851239669	-1.90863636363636
			2.9897520661157	-1.90863636363636
			2.99642561983471	-1.90863636363636
			3.00309917355372	-1.90863636363636
			3.00977272727273	-1.90863636363636
			3.01644628099174	-1.90863636363636
			3.02311983471074	-1.90863636363636
			3.02979338842975	-1.90863636363636
			3.03646694214876	-1.90863636363636
			3.04314049586777	-1.90863636363636
			3.04981404958678	-1.90863636363636
			3.05648760330579	-1.90863636363636
			3.06316115702479	-1.90863636363636
			3.0698347107438	-1.90863636363636
			3.07650826446281	-1.90863636363636
			3.08318181818182	-1.90863636363636
			3.08985537190083	-1.90863636363636
			3.09652892561983	-1.90863636363636
			3.10320247933884	-1.90863636363636
			3.10987603305785	-1.90863636363636
			3.11654958677686	-1.90863636363636
			3.12322314049587	-1.90863636363636
			3.12989669421488	-1.90863636363636
			3.13657024793388	-1.90863636363636
			3.14324380165289	-1.90863636363636
			3.1499173553719	-1.90863636363636
			3.15659090909091	-1.90863636363636
			3.16326446280992	-1.90863636363636
			3.16993801652893	-1.90863636363636
			3.17661157024793	-1.90863636363636
			3.18328512396694	-1.90863636363636
			3.18995867768595	-1.90863636363636
			3.19663223140496	-1.90863636363636
			3.20330578512397	-1.90863636363636
			3.20997933884298	-1.90863636363636
			3.21665289256198	-1.90863636363636
			3.22332644628099	-1.90863636363636
			3.23	-1.90863636363636
			3.23667355371901	-1.90863636363636
			3.24334710743802	-1.90863636363636
			3.25002066115702	-1.90863636363636
			3.25669421487603	-1.90863636363636
			3.26336776859504	-1.90863636363636
			3.27004132231405	-1.90863636363636
			3.27671487603306	-1.90863636363636
			3.28338842975207	-1.90863636363636
			3.29006198347107	-1.90863636363636
			3.29673553719008	-1.90863636363636
			3.30340909090909	-1.90863636363636
			3.3100826446281	-1.90863636363636
			3.31675619834711	-1.90863636363636
			3.32342975206612	-1.90863636363636
			3.33010330578512	-1.90863636363636
			3.33677685950413	-1.90863636363636
			3.34345041322314	-1.90863636363636
			3.35012396694215	-1.90863636363636
			3.35679752066116	-1.90863636363636
			3.36347107438017	-1.90863636363636
			3.37014462809917	-1.90863636363636
			3.37681818181818	-1.90863636363636
			3.38349173553719	-1.90863636363636
			3.3901652892562	-1.90863636363636
			3.39683884297521	-1.90863636363636
			3.40351239669421	-1.90863636363636
			3.41018595041322	-1.90863636363636
			3.41685950413223	-1.90863636363636
			3.42353305785124	-1.90863636363636
			3.43020661157025	-1.90863636363636
			3.43688016528926	-1.90863636363636
			3.44355371900826	-1.90863636363636
			3.45022727272727	-1.90863636363636
			3.45690082644628	-1.90863636363636
			3.46357438016529	-1.90863636363636
			3.4702479338843	-1.90863636363636
			3.47692148760331	-1.90863636363636
			3.48359504132231	-1.90863636363636
			3.49026859504132	-1.90863636363636
			3.49694214876033	-1.90196280991736
			3.50361570247934	-1.90196280991736
			3.51028925619835	-1.90196280991736
			3.51696280991736	-1.90196280991736
			3.52363636363636	-1.90196280991736
			3.53030991735537	-1.90196280991736
			3.53698347107438	-1.90196280991736
			3.54365702479339	-1.90196280991736
			3.5503305785124	-1.90196280991736
			3.5570041322314	-1.90196280991736
			3.56367768595041	-1.90196280991736
			3.57035123966942	-1.90196280991736
			3.57702479338843	-1.90196280991736
			3.58369834710744	-1.90196280991736
			3.59037190082645	-1.90196280991736
			3.59704545454545	-1.90196280991736
			3.60371900826446	-1.90196280991736
			3.61039256198347	-1.90196280991736
			3.61706611570248	-1.90196280991736
			3.62373966942149	-1.90196280991736
			3.6304132231405	-1.90196280991736
			3.6370867768595	-1.90196280991736
			3.64376033057851	-1.90196280991736
			3.65043388429752	-1.90196280991736
			3.65710743801653	-1.90196280991736
			3.66378099173554	-1.89528925619835
			3.67045454545455	-1.89528925619835
			3.67712809917355	-1.89528925619835
			3.68380165289256	-1.89528925619835
			3.69047520661157	-1.89528925619835
			3.69714876033058	-1.89528925619835
			3.70382231404959	-1.89528925619835
			3.7104958677686	-1.89528925619835
			3.7171694214876	-1.89528925619835
			3.72384297520661	-1.89528925619835
			3.73051652892562	-1.89528925619835
			3.73719008264463	-1.89528925619835
			3.74386363636364	-1.89528925619835
			3.75053719008264	-1.89528925619835
			3.75721074380165	-1.88861570247934
			3.76388429752066	-1.88861570247934
			3.77055785123967	-1.88861570247934
			3.77723140495868	-1.88861570247934
			3.78390495867769	-1.88861570247934
			3.79057851239669	-1.88861570247934
			3.7972520661157	-1.88861570247934
			3.80392561983471	-1.88861570247934
			3.81059917355372	-1.88861570247934
			3.81727272727273	-1.88861570247934
			3.82394628099174	-1.88861570247934
			3.83061983471074	-1.88194214876033
			3.83729338842975	-1.88194214876033
			3.84396694214876	-1.88194214876033
			3.85064049586777	-1.88194214876033
			3.85731404958678	-1.88194214876033
			3.86398760330579	-1.88194214876033
			3.87066115702479	-1.88194214876033
			3.8773347107438	-1.87526859504132
			3.88400826446281	-1.87526859504132
			3.89068181818182	-1.87526859504132
			3.89735537190083	-1.87526859504132
			3.90402892561983	-1.87526859504132
			3.91070247933884	-1.87526859504132
			3.91737603305785	-1.86859504132231
			3.92404958677686	-1.86859504132231
			3.93072314049587	-1.86859504132231
			3.93739669421488	-1.86859504132231
			3.94407024793388	-1.86859504132231
			3.95074380165289	-1.86192148760331
			3.9574173553719	-1.86192148760331
			3.96409090909091	-1.86192148760331
			3.97076446280992	-1.86192148760331
			3.97743801652893	-1.86192148760331
			3.98411157024793	-1.86859504132231
			3.99078512396694	-1.86859504132231
			3.99745867768595	-1.86859504132231
			4.00413223140496	-1.87526859504132
			4.01080578512397	-1.87526859504132
			4.01747933884298	-1.88194214876033
			4.02415289256198	-1.88194214876033
			4.03082644628099	-1.88194214876033
			4.0375	-1.88861570247934
			4.04417355371901	-1.88861570247934
			4.04417355371901	-1.89528925619835
			4.05084710743802	-1.90196280991736
			4.05752066115703	-1.90196280991736
			4.06419421487603	-1.90863636363636
			4.07086776859504	-1.90863636363636
			4.07754132231405	-1.91530991735537
			4.08421487603306	-1.92198347107438
			4.09088842975207	-1.92865702479339
			4.09088842975207	-1.9353305785124
			4.09756198347108	-1.94200413223141
			4.09756198347108	-1.94867768595041
			4.09756198347108	-1.95535123966942
			4.10423553719008	-1.96202479338843
			4.10423553719008	-1.96869834710744
			4.11090909090909	-1.97537190082645
			4.11090909090909	-1.98204545454545
			4.11090909090909	-1.98871900826446
			4.1175826446281	-1.99539256198347
			4.1175826446281	-2.00206611570248
			4.1175826446281	-2.00873966942149
			4.12425619834711	-2.0154132231405
			4.12425619834711	-2.0220867768595
			4.13092975206612	-2.02876033057851
			4.13092975206612	-2.03543388429752
			4.13092975206612	-2.04210743801653
			4.13092975206612	-2.04878099173554
			4.13760330578512	-2.04878099173554
			4.13760330578512	-2.05545454545455
			4.13760330578512	-2.06212809917355
			4.14427685950413	-2.06880165289256
			4.14427685950413	-2.07547520661157
			4.14427685950413	-2.08214876033058
			4.15095041322314	-2.08882231404959
			4.15095041322314	-2.0954958677686
			4.15095041322314	-2.1021694214876
			4.15762396694215	-2.10884297520661
			4.15762396694215	-2.11551652892562
			4.15762396694215	-2.12219008264463
			4.16429752066116	-2.12886363636364
			4.16429752066116	-2.13553719008264
			4.16429752066116	-2.14221074380165
			4.17097107438017	-2.14888429752066
			4.17097107438017	-2.15555785123967
			4.17097107438017	-2.16223140495868
			4.17764462809917	-2.16890495867769
			4.17764462809917	-2.17557851239669
			4.18431818181818	-2.1822520661157
			4.18431818181818	-2.18892561983471
			4.18431818181818	-2.19559917355372
			4.19099173553719	-2.20227272727273
			4.19099173553719	-2.20894628099174
			4.1976652892562	-2.21561983471074
			4.1976652892562	-2.22229338842975
			4.1976652892562	-2.22896694214876
			4.20433884297521	-2.23564049586777
			4.20433884297521	-2.24231404958678
			4.20433884297521	-2.24898760330579
			4.21101239669422	-2.25566115702479
			4.21101239669422	-2.2623347107438
			4.21101239669422	-2.26900826446281
			4.21768595041322	-2.27568181818182
			4.21768595041322	-2.28235537190083
			4.21768595041322	-2.28902892561984
			4.22435950413223	-2.29570247933884
			4.22435950413223	-2.30237603305785
			4.22435950413223	-2.30904958677686
			4.23103305785124	-2.30904958677686
			4.23103305785124	-2.31572314049587
			4.23103305785124	-2.32239669421488
			4.23103305785124	-2.32907024793388
			4.23770661157025	-2.33574380165289
			4.23770661157025	-2.3424173553719
			4.24438016528926	-2.34909090909091
			4.24438016528926	-2.35576446280992
			4.24438016528926	-2.36243801652893
			4.25105371900827	-2.36911157024793
			4.25105371900827	-2.37578512396694
			4.25105371900827	-2.38245867768595
			4.25772727272727	-2.38913223140496
			4.25772727272727	-2.39580578512397
			4.25772727272727	-2.40247933884298
			4.26440082644628	-2.40915289256198
			4.26440082644628	-2.41582644628099
			4.26440082644628	-2.4225
			4.27107438016529	-2.42917355371901
			4.27107438016529	-2.43584710743802
			4.27107438016529	-2.44252066115703
			4.2777479338843	-2.44919421487603
			4.2777479338843	-2.45586776859504
			4.28442148760331	-2.46254132231405
			4.28442148760331	-2.46921487603306
			4.28442148760331	-2.47588842975207
			4.29109504132231	-2.48256198347107
			4.29109504132231	-2.48923553719008
			4.29109504132231	-2.49590909090909
			4.29776859504132	-2.5025826446281
			4.29776859504132	-2.50925619834711
			4.29776859504132	-2.51592975206612
			4.30444214876033	-2.52260330578512
			4.30444214876033	-2.52927685950413
			4.30444214876033	-2.53595041322314
			4.31111570247934	-2.54262396694215
			4.31111570247934	-2.54929752066116
			4.31111570247934	-2.54262396694215
			4.31111570247934	-2.53595041322314
			4.31111570247934	-2.52927685950413
			4.30444214876033	-2.52260330578512
			4.30444214876033	-2.51592975206612
			4.30444214876033	-2.50925619834711
			4.30444214876033	-2.5025826446281
			4.30444214876033	-2.49590909090909
			4.29776859504132	-2.48923553719008
			4.29776859504132	-2.48256198347107
			4.29776859504132	-2.47588842975207
			4.29776859504132	-2.46921487603306
			4.29776859504132	-2.46254132231405
			4.29776859504132	-2.45586776859504
			4.29776859504132	-2.44919421487603
			4.29109504132231	-2.44252066115703
			4.29109504132231	-2.43584710743802
			4.29109504132231	-2.42917355371901
			4.29109504132231	-2.4225
			4.29109504132231	-2.41582644628099
			4.29109504132231	-2.40915289256198
			4.28442148760331	-2.40915289256198
			4.28442148760331	-2.40247933884298
			4.28442148760331	-2.39580578512397
			4.28442148760331	-2.38913223140496
			4.28442148760331	-2.38245867768595
			4.28442148760331	-2.37578512396694
			4.28442148760331	-2.36911157024793
			4.28442148760331	-2.36243801652893
			4.2777479338843	-2.35576446280992
			4.2777479338843	-2.34909090909091
			4.2777479338843	-2.3424173553719
			4.2777479338843	-2.33574380165289
			4.2777479338843	-2.32907024793388
			4.2777479338843	-2.32239669421488
			4.27107438016529	-2.31572314049587
			4.27107438016529	-2.30904958677686
			4.27107438016529	-2.30237603305785
			4.27107438016529	-2.29570247933884
			4.27107438016529	-2.28902892561984
			4.27107438016529	-2.28235537190083
			4.27107438016529	-2.27568181818182
			4.26440082644628	-2.26900826446281
			4.26440082644628	-2.2623347107438
			4.26440082644628	-2.25566115702479
			4.26440082644628	-2.24898760330579
			4.26440082644628	-2.24231404958678
			4.26440082644628	-2.23564049586777
			4.26440082644628	-2.22896694214876
			4.25772727272727	-2.22229338842975
			4.25772727272727	-2.21561983471074
			4.25772727272727	-2.20894628099174
			4.25772727272727	-2.20227272727273
			4.25772727272727	-2.19559917355372
			4.25772727272727	-2.18892561983471
			4.25772727272727	-2.1822520661157
			4.25772727272727	-2.17557851239669
			4.25105371900827	-2.16890495867769
			4.25105371900827	-2.16223140495868
			4.25105371900827	-2.15555785123967
			4.25105371900827	-2.14888429752066
			4.25105371900827	-2.14221074380165
			4.25105371900827	-2.13553719008264
			4.25105371900827	-2.12886363636364
			4.24438016528926	-2.12219008264463
			4.24438016528926	-2.11551652892562
			4.24438016528926	-2.10884297520661
			4.24438016528926	-2.1021694214876
			4.24438016528926	-2.0954958677686
			4.24438016528926	-2.08882231404959
			4.24438016528926	-2.08214876033058
			4.24438016528926	-2.07547520661157
			4.24438016528926	-2.06880165289256
			4.23770661157025	-2.06212809917355
			4.23770661157025	-2.05545454545455
			4.23770661157025	-2.04878099173554
			4.23770661157025	-2.04210743801653
			4.23770661157025	-2.03543388429752
			4.23770661157025	-2.02876033057851
			4.23770661157025	-2.0220867768595
			4.23770661157025	-2.0154132231405
			4.23770661157025	-2.00873966942149
			4.23103305785124	-2.00873966942149
			4.23103305785124	-2.00206611570248
			4.23103305785124	-1.99539256198347
			4.23103305785124	-1.98871900826446
			4.23103305785124	-1.98204545454545
			4.23103305785124	-1.97537190082645
			4.23103305785124	-1.96869834710744
			4.23103305785124	-1.96202479338843
			4.23103305785124	-1.95535123966942
			4.23103305785124	-1.94867768595041
			4.22435950413223	-1.94200413223141
			4.22435950413223	-1.9353305785124
			4.22435950413223	-1.92865702479339
			4.22435950413223	-1.92198347107438
			4.22435950413223	-1.91530991735537
			4.22435950413223	-1.90863636363636
		</posterior>
	</curves.scaled>
	<ruler.points type=matrix rownames=TRUE colnames=FALSE nrow=2 ncol=2 as.numeric=TRUE >
		Ruler point 1	165	21
		Ruler point 2	649	21
	</ruler.points>
</shapes>

