<shapes type=list>
	<ruler.pixel type=vector names=FALSE length=1 as.numeric=TRUE >505</ruler.pixel>
	<ruler.interval type=vector names=FALSE length=1 as.numeric=TRUE >10.69</ruler.interval>
	<scaling.units type=vector names=FALSE length=1 as.numeric=FALSE >mm</scaling.units>
	<scaling type=vector names=FALSE length=1 as.numeric=TRUE >0.0211683168316832</scaling>
	<landmarks.pixel type=matrix rownames=TRUE colnames=FALSE nrow=16 ncol=2 as.numeric=TRUE >
		LM1	284	26
		LM2	284	37
		LM3	284	200
		LM4	284	223
		LM5	358	98
		LM6	348	202
		LM7	348	216
		LM8	398	90
		LM9	402	112
		LM10	284	26
		LM11	468	197
		LM12	474	221
		LM13	284	26
		LM14	404	99
		LM15	497	223
		LM16	502	443
	</landmarks.pixel>
	<landmarks.scaled type=matrix rownames=TRUE colnames=FALSE nrow=16 ncol=2 as.numeric=TRUE >
		LM1	6.01180198019802	-0.550376237623762
		LM2	6.01180198019802	-0.783227722772277
		LM3	6.01180198019802	-4.23366336633663
		LM4	6.01180198019802	-4.72053465346535
		LM5	7.57825742574257	-2.07449504950495
		LM6	7.36657425742574	-4.276
		LM7	7.36657425742574	-4.57235643564356
		LM8	8.4249900990099	-1.90514851485149
		LM9	8.50966336633663	-2.37085148514851
		LM10	6.01180198019802	-0.550376237623762
		LM11	9.90677227722772	-4.17015841584158
		LM12	10.0337821782178	-4.67819801980198
		LM13	6.01180198019802	-0.550376237623762
		LM14	8.552	-2.09566336633663
		LM15	10.5206534653465	-4.72053465346535
		LM16	10.6264950495049	-9.37756435643564
	</landmarks.scaled>
	<curves.control type=list>
		<glabella type=matrix rownames=FALSE colnames=FALSE nrow=3 ncol=2 as.numeric=TRUE >
			284	37
			393	42
			348	216
		</glabella>
		<suture type=matrix rownames=FALSE colnames=FALSE nrow=11 ncol=2 as.numeric=TRUE >
			284	26
			337	27
			385	37
			402	56
			396	86
			404	100
			402	112
			406	132
			442	153
			474	195
			474	221
		</suture>
		<anterior type=matrix rownames=FALSE colnames=FALSE nrow=5 ncol=2 as.numeric=TRUE >
			284	26
			336	26
			385	36
			497	80
			497	223
		</anterior>
		<posterior type=matrix rownames=FALSE colnames=FALSE nrow=11 ncol=2 as.numeric=TRUE >
			284	223
			315	223
			350	217
			409	221
			475	220
			485	231
			488	268
			498	370
			501	446
			506	270
			497	223
		</posterior>
	</curves.control>
	<curves.pixel type=list>
		<glabella type=matrix rownames=FALSE colnames=FALSE nrow=217 ncol=2 as.numeric=TRUE >
			284	37
			285	37
			286	37
			287	37
			288	37
			289	37
			290	37
			291	37
			292	38
			293	38
			294	38
			295	38
			296	38
			297	38
			298	39
			299	39
			300	39
			301	39
			302	39
			303	39
			304	40
			305	40
			306	40
			307	40
			308	41
			309	41
			310	41
			311	42
			312	42
			313	42
			314	43
			315	43
			316	43
			317	44
			318	44
			319	44
			320	45
			321	46
			322	46
			323	47
			324	47
			325	48
			326	48
			327	49
			328	50
			329	50
			330	51
			331	52
			332	52
			333	53
			334	54
			335	54
			335	55
			336	56
			337	57
			338	57
			339	58
			339	59
			340	60
			341	61
			342	62
			343	63
			344	64
			345	65
			345	66
			346	67
			347	68
			347	69
			348	70
			348	71
			349	72
			350	73
			350	74
			351	75
			351	76
			352	77
			352	78
			352	79
			353	80
			353	81
			354	82
			354	83
			355	84
			355	85
			355	86
			355	87
			356	87
			356	88
			356	89
			356	90
			357	91
			357	92
			357	93
			357	94
			358	95
			358	96
			358	97
			358	98
			359	99
			359	100
			359	101
			359	102
			359	103
			359	104
			360	105
			360	106
			360	107
			360	108
			360	109
			360	110
			360	111
			360	112
			360	113
			361	114
			361	115
			361	116
			361	117
			361	118
			361	119
			361	120
			361	121
			361	122
			361	123
			361	124
			361	125
			361	126
			361	127
			361	128
			361	129
			361	130
			361	131
			361	132
			361	133
			361	134
			361	135
			361	136
			361	137
			361	138
			361	139
			361	140
			361	141
			361	142
			361	143
			361	144
			361	145
			360	146
			360	147
			360	148
			360	149
			360	150
			360	151
			360	152
			360	153
			360	154
			360	155
			360	156
			359	156
			359	157
			359	158
			359	159
			359	160
			359	161
			359	162
			359	163
			359	164
			358	165
			358	166
			358	167
			358	168
			358	169
			358	170
			358	171
			357	172
			357	173
			357	174
			357	175
			357	176
			357	177
			356	178
			356	179
			356	180
			356	181
			356	182
			355	183
			355	184
			355	185
			355	186
			355	187
			354	188
			354	189
			354	190
			354	191
			354	192
			353	193
			353	194
			353	195
			353	196
			353	197
			352	198
			352	199
			352	200
			352	201
			351	202
			351	203
			351	204
			351	205
			351	206
			350	207
			350	208
			350	209
			350	210
			349	211
			349	212
			349	213
			349	214
			348	215
			348	216
		</glabella>
		<suture type=matrix rownames=FALSE colnames=FALSE nrow=304 ncol=2 as.numeric=TRUE >
			284	26
			285	26
			286	26
			287	26
			288	26
			289	26
			290	26
			291	26
			292	26
			293	26
			294	26
			295	26
			296	26
			297	26
			298	26
			299	26
			300	27
			301	27
			302	27
			303	27
			304	27
			305	27
			306	27
			307	27
			308	27
			309	27
			310	27
			311	27
			312	27
			313	27
			314	27
			315	27
			316	27
			317	28
			318	28
			319	28
			320	28
			321	28
			322	28
			323	28
			324	28
			325	28
			326	28
			327	28
			328	28
			329	29
			330	29
			331	29
			332	29
			333	29
			334	29
			335	29
			336	29
			337	29
			338	30
			339	30
			340	30
			341	30
			342	30
			343	30
			344	30
			345	30
			346	30
			347	31
			348	31
			349	31
			350	31
			351	31
			352	31
			353	31
			354	32
			355	32
			356	32
			357	32
			358	32
			359	32
			360	32
			361	33
			362	33
			363	33
			364	33
			365	33
			366	33
			367	34
			368	34
			369	34
			370	34
			371	34
			372	34
			373	35
			374	35
			375	35
			376	35
			377	35
			378	36
			379	36
			380	36
			381	36
			382	36
			383	37
			384	37
			385	37
			386	38
			386	39
			387	39
			388	40
			388	41
			389	42
			389	43
			390	44
			391	44
			391	45
			392	46
			392	47
			392	48
			393	49
			393	50
			394	51
			394	52
			394	53
			395	53
			395	54
			395	55
			396	56
			396	57
			396	58
			396	59
			397	60
			397	61
			397	62
			397	63
			397	64
			397	65
			397	66
			397	67
			398	68
			398	69
			398	70
			398	71
			398	72
			398	73
			397	74
			397	75
			397	76
			397	77
			397	78
			397	79
			397	80
			397	81
			397	82
			397	83
			396	84
			396	85
			396	86
			396	87
			397	87
			397	88
			397	89
			398	90
			398	91
			399	92
			400	93
			400	94
			400	95
			401	96
			401	97
			401	98
			401	99
			402	100
			402	101
			402	102
			402	103
			402	104
			402	105
			402	106
			402	107
			402	108
			402	109
			402	110
			402	111
			402	112
			402	113
			402	114
			403	115
			403	116
			404	117
			404	118
			405	119
			405	120
			406	121
			406	122
			406	123
			407	123
			407	124
			408	125
			409	126
			410	127
			411	128
			411	129
			412	130
			413	131
			413	132
			414	132
			415	133
			416	134
			417	135
			418	136
			419	137
			420	138
			421	139
			422	139
			422	140
			423	140
			424	141
			425	142
			426	143
			427	143
			428	144
			429	145
			430	145
			431	146
			432	147
			433	147
			434	148
			435	149
			436	149
			437	150
			438	151
			439	151
			440	152
			441	152
			442	153
			443	154
			443	155
			444	156
			445	157
			446	158
			446	159
			447	160
			448	161
			448	162
			449	163
			450	164
			450	165
			451	165
			452	166
			452	167
			453	168
			454	169
			454	170
			455	171
			455	172
			456	173
			456	174
			457	175
			458	175
			458	176
			459	177
			459	178
			460	179
			460	180
			461	181
			461	182
			462	182
			462	183
			462	184
			463	185
			463	186
			464	187
			465	188
			465	189
			466	190
			466	191
			466	192
			467	193
			467	194
			468	195
			468	196
			469	197
			469	198
			469	199
			470	199
			470	200
			470	201
			471	202
			471	203
			471	204
			471	205
			472	206
			472	207
			472	208
			473	209
			473	210
			473	211
			473	212
			473	213
			473	214
			474	215
			474	216
			474	217
			474	218
			474	219
			474	220
			474	221
		</suture>
		<anterior type=matrix rownames=FALSE colnames=FALSE nrow=318 ncol=2 as.numeric=TRUE >
			284	26
			285	26
			286	26
			287	26
			288	26
			289	26
			290	26
			291	26
			292	26
			293	26
			294	26
			295	26
			296	26
			297	26
			298	26
			299	26
			300	26
			301	26
			302	26
			303	26
			304	26
			305	26
			306	26
			307	26
			308	27
			309	27
			310	27
			311	27
			312	27
			313	27
			314	27
			315	27
			316	27
			317	27
			318	27
			319	27
			320	27
			321	27
			322	27
			323	27
			324	28
			325	28
			326	28
			327	28
			328	28
			329	28
			330	28
			331	28
			332	28
			333	28
			334	28
			335	28
			335	29
			336	29
			337	29
			338	29
			339	29
			340	29
			341	29
			342	29
			343	29
			344	29
			345	30
			346	30
			347	30
			348	30
			349	30
			350	30
			351	30
			352	30
			353	31
			354	31
			355	31
			356	31
			357	31
			358	31
			359	31
			360	32
			361	32
			362	32
			363	32
			364	32
			365	32
			366	33
			367	33
			368	33
			369	33
			370	33
			371	33
			372	34
			373	34
			374	34
			375	34
			376	34
			377	34
			378	35
			379	35
			380	35
			381	35
			382	35
			383	36
			384	36
			385	36
			386	36
			387	37
			388	37
			389	38
			390	38
			391	38
			391	39
			392	39
			393	39
			394	40
			395	40
			396	41
			397	41
			398	42
			399	42
			400	42
			401	43
			402	43
			402	44
			403	44
			404	45
			405	45
			406	46
			407	46
			408	47
			409	47
			410	48
			411	49
			412	49
			413	50
			414	50
			415	51
			416	52
			417	52
			418	53
			419	53
			420	54
			421	55
			422	55
			423	56
			424	57
			425	57
			426	58
			427	59
			428	59
			429	60
			429	61
			430	61
			431	62
			432	63
			433	63
			434	64
			435	65
			436	65
			436	66
			437	67
			438	68
			439	68
			440	69
			441	70
			441	71
			442	71
			443	72
			444	73
			445	74
			446	75
			447	76
			448	77
			449	78
			450	79
			451	80
			452	81
			452	82
			453	83
			454	84
			455	85
			456	86
			457	87
			458	88
			458	89
			459	90
			460	91
			461	92
			462	93
			462	94
			462	95
			463	95
			463	96
			464	97
			465	98
			466	99
			466	100
			467	101
			467	102
			468	103
			469	104
			469	105
			470	106
			470	107
			471	108
			472	109
			472	110
			473	111
			473	112
			474	113
			474	114
			475	115
			475	116
			476	117
			476	118
			477	119
			477	120
			478	121
			478	122
			478	123
			479	124
			479	125
			480	126
			480	127
			480	128
			481	129
			481	130
			482	131
			482	132
			482	133
			483	134
			483	135
			484	136
			484	137
			484	138
			485	139
			485	140
			485	141
			486	142
			486	143
			486	144
			487	145
			487	146
			487	147
			487	148
			488	149
			488	150
			488	151
			489	152
			489	153
			489	154
			489	155
			490	156
			490	157
			490	158
			490	159
			491	160
			491	161
			491	162
			491	163
			491	164
			492	165
			492	166
			492	167
			492	168
			492	169
			493	170
			493	171
			493	172
			493	173
			493	174
			493	175
			494	176
			494	177
			494	178
			494	179
			494	180
			494	181
			494	182
			495	183
			495	184
			495	185
			495	186
			495	187
			495	188
			495	189
			495	190
			496	191
			496	192
			496	193
			496	194
			496	195
			496	196
			496	197
			496	198
			496	199
			496	200
			496	201
			496	202
			496	203
			496	204
			497	205
			497	206
			497	207
			497	208
			497	209
			497	210
			497	211
			497	212
			497	213
			497	214
			497	215
			497	216
			497	217
			497	218
			497	219
			497	220
			497	221
			497	222
			497	223
		</anterior>
		<posterior type=matrix rownames=FALSE colnames=FALSE nrow=644 ncol=2 as.numeric=TRUE >
			284	223
			285	223
			286	223
			287	223
			288	223
			289	223
			290	223
			291	223
			292	223
			293	223
			294	223
			295	223
			296	223
			297	223
			298	223
			299	223
			300	223
			301	223
			302	223
			303	222
			304	222
			305	222
			306	222
			307	222
			308	222
			309	222
			310	222
			311	222
			312	222
			313	222
			314	222
			315	222
			316	222
			317	221
			318	221
			319	221
			320	221
			321	221
			322	221
			323	221
			324	221
			325	221
			326	220
			327	220
			328	220
			329	220
			330	220
			331	220
			332	220
			333	220
			334	219
			335	219
			336	219
			337	219
			338	219
			339	219
			340	219
			341	218
			342	218
			343	218
			344	218
			345	218
			346	218
			347	218
			348	217
			349	217
			350	217
			351	217
			352	217
			353	217
			354	217
			355	217
			356	217
			357	217
			358	218
			359	218
			360	218
			361	218
			362	218
			363	218
			364	218
			365	218
			366	218
			367	218
			368	218
			369	218
			370	218
			371	218
			372	218
			373	218
			374	218
			375	218
			376	219
			377	219
			378	219
			379	219
			380	219
			381	219
			382	219
			383	219
			384	219
			385	219
			386	219
			387	219
			388	219
			389	219
			390	219
			391	219
			392	219
			393	219
			394	219
			395	219
			396	219
			397	219
			398	219
			399	219
			400	219
			401	219
			402	220
			403	220
			404	220
			405	220
			406	220
			407	220
			408	220
			409	220
			410	220
			411	220
			412	220
			413	220
			414	220
			415	220
			416	220
			417	220
			418	220
			419	220
			420	220
			421	220
			422	220
			423	220
			424	220
			425	220
			426	220
			427	220
			428	220
			429	220
			430	220
			431	220
			432	220
			433	220
			434	220
			435	220
			436	220
			437	220
			438	220
			439	220
			440	220
			441	220
			442	220
			443	220
			444	220
			445	220
			446	220
			447	220
			448	220
			449	220
			450	220
			451	220
			452	220
			453	220
			454	220
			455	220
			456	220
			457	220
			458	220
			459	220
			460	220
			461	220
			462	220
			463	220
			464	220
			465	220
			466	220
			467	220
			468	220
			469	220
			470	220
			471	220
			472	220
			473	220
			474	220
			475	220
			476	221
			476	222
			477	222
			477	223
			478	224
			479	225
			479	226
			480	227
			480	228
			481	229
			481	230
			481	231
			481	232
			482	232
			482	233
			482	234
			483	235
			483	236
			483	237
			483	238
			484	239
			484	240
			484	241
			484	242
			484	243
			485	243
			485	244
			485	245
			485	246
			485	247
			486	248
			486	249
			486	250
			486	251
			486	252
			486	253
			486	254
			487	255
			487	256
			487	257
			487	258
			487	259
			487	260
			487	261
			487	262
			488	263
			488	264
			488	265
			488	266
			488	267
			488	268
			488	269
			488	270
			488	271
			488	272
			488	273
			489	274
			489	275
			489	276
			489	277
			489	278
			489	279
			489	280
			489	281
			489	282
			489	283
			490	284
			490	285
			490	286
			490	287
			490	288
			490	289
			490	290
			490	291
			490	292
			490	293
			491	294
			491	295
			491	296
			491	297
			491	298
			491	299
			491	300
			491	301
			491	302
			491	303
			491	304
			491	305
			492	306
			492	307
			492	308
			492	309
			492	310
			492	311
			492	312
			492	313
			492	314
			492	315
			492	316
			493	317
			493	318
			493	319
			493	320
			493	321
			493	322
			493	323
			493	324
			493	325
			493	326
			493	327
			493	328
			494	329
			494	330
			494	331
			494	332
			494	333
			494	334
			494	335
			494	336
			494	337
			494	338
			494	339
			494	340
			495	341
			495	342
			495	343
			495	344
			495	345
			495	346
			495	347
			495	348
			495	349
			495	350
			495	351
			495	352
			495	353
			496	354
			496	355
			496	356
			496	357
			496	358
			496	359
			496	360
			496	361
			496	362
			496	363
			496	364
			496	365
			496	366
			496	367
			497	368
			497	369
			497	370
			497	371
			497	372
			497	373
			497	374
			497	375
			497	376
			497	377
			497	378
			497	379
			497	380
			497	381
			498	382
			498	383
			498	384
			498	385
			498	386
			498	387
			498	388
			498	389
			498	390
			498	391
			498	392
			498	393
			498	394
			498	395
			498	396
			499	397
			499	398
			499	399
			499	400
			499	401
			499	402
			499	403
			499	404
			499	405
			499	406
			499	407
			499	408
			499	409
			499	410
			499	411
			499	412
			499	413
			500	414
			500	415
			500	416
			500	417
			500	418
			500	419
			500	420
			500	421
			500	422
			500	423
			500	424
			500	425
			500	426
			500	427
			500	428
			500	429
			500	430
			500	431
			500	432
			500	433
			501	434
			501	435
			501	436
			501	437
			501	438
			501	439
			501	440
			501	441
			501	442
			501	443
			501	444
			501	445
			501	446
			501	445
			501	444
			501	443
			501	442
			501	441
			501	440
			501	439
			501	438
			501	437
			501	436
			501	435
			501	434
			501	433
			501	432
			501	431
			501	430
			501	429
			501	428
			502	427
			502	426
			502	425
			502	424
			502	423
			502	422
			502	421
			502	420
			502	419
			502	418
			502	417
			502	416
			502	415
			502	414
			502	413
			502	412
			502	411
			502	410
			502	409
			502	408
			502	407
			502	406
			502	405
			502	404
			502	403
			502	402
			502	401
			502	400
			502	399
			502	398
			502	397
			502	396
			502	395
			502	394
			502	393
			502	392
			502	391
			502	390
			502	389
			502	388
			502	387
			502	386
			502	385
			502	384
			502	383
			502	382
			502	381
			502	380
			502	379
			502	378
			502	377
			503	376
			503	375
			503	374
			503	373
			503	372
			503	371
			503	370
			503	369
			503	368
			503	367
			503	366
			503	365
			503	364
			503	363
			503	362
			503	361
			503	360
			503	359
			503	358
			503	357
			503	356
			503	355
			503	354
			503	353
			503	352
			503	351
			503	350
			503	349
			503	348
			503	347
			503	346
			503	345
			503	344
			503	343
			503	342
			503	341
			503	340
			503	339
			503	338
			503	337
			503	336
			503	335
			503	334
			503	333
			503	332
			503	331
			503	330
			503	329
			503	328
			503	327
			503	326
			503	325
			503	324
			503	323
			503	322
			503	321
			503	320
			503	319
			503	318
			503	317
			503	316
			503	315
			503	314
			503	313
			503	312
			503	311
			503	310
			503	309
			503	308
			503	307
			503	306
			503	305
			503	304
			503	303
			502	302
			502	301
			502	300
			502	299
			502	298
			502	297
			502	296
			502	295
			502	294
			502	293
			502	292
			502	291
			502	290
			502	289
			502	288
			502	287
			502	286
			502	285
			502	284
			502	283
			502	282
			502	281
			502	280
			502	279
			502	278
			502	277
			502	276
			502	275
			502	274
			502	273
			502	272
			502	271
			501	270
			501	269
			501	268
			501	267
			501	266
			501	265
			501	264
			501	263
			501	262
			501	261
			501	260
			501	259
			501	258
			501	257
			501	256
			501	255
			501	254
			500	253
			500	252
			500	251
			500	250
			500	249
			500	248
			500	247
			500	246
			500	245
			500	244
			500	243
			500	242
			500	241
			499	240
			499	239
			499	238
			499	237
			499	236
			499	235
			499	234
			499	233
			498	232
			498	231
			498	230
			498	229
			498	228
			498	227
			497	226
			497	225
			497	224
			497	223
		</posterior>
	</curves.pixel>
	<curves.scaled type=list>
		<glabella type=matrix rownames=FALSE colnames=FALSE nrow=217 ncol=2 as.numeric=TRUE >
			6.01180198019802	-0.783227722772277
			6.0329702970297	-0.783227722772277
			6.05413861386139	-0.783227722772277
			6.07530693069307	-0.783227722772277
			6.09647524752475	-0.783227722772277
			6.11764356435643	-0.783227722772277
			6.13881188118812	-0.783227722772277
			6.1599801980198	-0.783227722772277
			6.18114851485148	-0.80439603960396
			6.20231683168317	-0.80439603960396
			6.22348514851485	-0.80439603960396
			6.24465346534653	-0.80439603960396
			6.26582178217822	-0.80439603960396
			6.2869900990099	-0.80439603960396
			6.30815841584158	-0.825564356435644
			6.32932673267327	-0.825564356435644
			6.35049504950495	-0.825564356435644
			6.37166336633663	-0.825564356435644
			6.39283168316832	-0.825564356435644
			6.414	-0.825564356435644
			6.43516831683168	-0.846732673267327
			6.45633663366337	-0.846732673267327
			6.47750495049505	-0.846732673267327
			6.49867326732673	-0.846732673267327
			6.51984158415842	-0.86790099009901
			6.5410099009901	-0.86790099009901
			6.56217821782178	-0.86790099009901
			6.58334653465346	-0.889069306930693
			6.60451485148515	-0.889069306930693
			6.62568316831683	-0.889069306930693
			6.64685148514851	-0.910237623762376
			6.6680198019802	-0.910237623762376
			6.68918811881188	-0.910237623762376
			6.71035643564356	-0.931405940594059
			6.73152475247525	-0.931405940594059
			6.75269306930693	-0.931405940594059
			6.77386138613861	-0.952574257425743
			6.7950297029703	-0.973742574257426
			6.81619801980198	-0.973742574257426
			6.83736633663366	-0.994910891089109
			6.85853465346535	-0.994910891089109
			6.87970297029703	-1.01607920792079
			6.90087128712871	-1.01607920792079
			6.9220396039604	-1.03724752475248
			6.94320792079208	-1.05841584158416
			6.96437623762376	-1.05841584158416
			6.98554455445545	-1.07958415841584
			7.00671287128713	-1.10075247524752
			7.02788118811881	-1.10075247524752
			7.04904950495049	-1.12192079207921
			7.07021782178218	-1.14308910891089
			7.09138613861386	-1.14308910891089
			7.09138613861386	-1.16425742574257
			7.11255445544554	-1.18542574257426
			7.13372277227723	-1.20659405940594
			7.15489108910891	-1.20659405940594
			7.17605940594059	-1.22776237623762
			7.17605940594059	-1.24893069306931
			7.19722772277228	-1.27009900990099
			7.21839603960396	-1.29126732673267
			7.23956435643564	-1.31243564356436
			7.26073267326733	-1.33360396039604
			7.28190099009901	-1.35477227722772
			7.30306930693069	-1.37594059405941
			7.30306930693069	-1.39710891089109
			7.32423762376238	-1.41827722772277
			7.34540594059406	-1.43944554455446
			7.34540594059406	-1.46061386138614
			7.36657425742574	-1.48178217821782
			7.36657425742574	-1.5029504950495
			7.38774257425742	-1.52411881188119
			7.40891089108911	-1.54528712871287
			7.40891089108911	-1.56645544554455
			7.43007920792079	-1.58762376237624
			7.43007920792079	-1.60879207920792
			7.45124752475247	-1.6299603960396
			7.45124752475247	-1.65112871287129
			7.45124752475247	-1.67229702970297
			7.47241584158416	-1.69346534653465
			7.47241584158416	-1.71463366336634
			7.49358415841584	-1.73580198019802
			7.49358415841584	-1.7569702970297
			7.51475247524752	-1.77813861386139
			7.51475247524752	-1.79930693069307
			7.51475247524752	-1.82047524752475
			7.51475247524752	-1.84164356435644
			7.53592079207921	-1.84164356435644
			7.53592079207921	-1.86281188118812
			7.53592079207921	-1.8839801980198
			7.53592079207921	-1.90514851485149
			7.55708910891089	-1.92631683168317
			7.55708910891089	-1.94748514851485
			7.55708910891089	-1.96865346534653
			7.55708910891089	-1.98982178217822
			7.57825742574257	-2.0109900990099
			7.57825742574257	-2.03215841584158
			7.57825742574257	-2.05332673267327
			7.57825742574257	-2.07449504950495
			7.59942574257426	-2.09566336633663
			7.59942574257426	-2.11683168316832
			7.59942574257426	-2.138
			7.59942574257426	-2.15916831683168
			7.59942574257426	-2.18033663366337
			7.59942574257426	-2.20150495049505
			7.62059405940594	-2.22267326732673
			7.62059405940594	-2.24384158415842
			7.62059405940594	-2.2650099009901
			7.62059405940594	-2.28617821782178
			7.62059405940594	-2.30734653465346
			7.62059405940594	-2.32851485148515
			7.62059405940594	-2.34968316831683
			7.62059405940594	-2.37085148514851
			7.62059405940594	-2.3920198019802
			7.64176237623762	-2.41318811881188
			7.64176237623762	-2.43435643564356
			7.64176237623762	-2.45552475247525
			7.64176237623762	-2.47669306930693
			7.64176237623762	-2.49786138613861
			7.64176237623762	-2.5190297029703
			7.64176237623762	-2.54019801980198
			7.64176237623762	-2.56136633663366
			7.64176237623762	-2.58253465346535
			7.64176237623762	-2.60370297029703
			7.64176237623762	-2.62487128712871
			7.64176237623762	-2.6460396039604
			7.64176237623762	-2.66720792079208
			7.64176237623762	-2.68837623762376
			7.64176237623762	-2.70954455445545
			7.64176237623762	-2.73071287128713
			7.64176237623762	-2.75188118811881
			7.64176237623762	-2.77304950495049
			7.64176237623762	-2.79421782178218
			7.64176237623762	-2.81538613861386
			7.64176237623762	-2.83655445544554
			7.64176237623762	-2.85772277227723
			7.64176237623762	-2.87889108910891
			7.64176237623762	-2.90005940594059
			7.64176237623762	-2.92122772277228
			7.64176237623762	-2.94239603960396
			7.64176237623762	-2.96356435643564
			7.64176237623762	-2.98473267326733
			7.64176237623762	-3.00590099009901
			7.64176237623762	-3.02706930693069
			7.64176237623762	-3.04823762376238
			7.64176237623762	-3.06940594059406
			7.62059405940594	-3.09057425742574
			7.62059405940594	-3.11174257425743
			7.62059405940594	-3.13291089108911
			7.62059405940594	-3.15407920792079
			7.62059405940594	-3.17524752475247
			7.62059405940594	-3.19641584158416
			7.62059405940594	-3.21758415841584
			7.62059405940594	-3.23875247524752
			7.62059405940594	-3.25992079207921
			7.62059405940594	-3.28108910891089
			7.62059405940594	-3.30225742574257
			7.59942574257426	-3.30225742574257
			7.59942574257426	-3.32342574257426
			7.59942574257426	-3.34459405940594
			7.59942574257426	-3.36576237623762
			7.59942574257426	-3.38693069306931
			7.59942574257426	-3.40809900990099
			7.59942574257426	-3.42926732673267
			7.59942574257426	-3.45043564356436
			7.59942574257426	-3.47160396039604
			7.57825742574257	-3.49277227722772
			7.57825742574257	-3.51394059405941
			7.57825742574257	-3.53510891089109
			7.57825742574257	-3.55627722772277
			7.57825742574257	-3.57744554455446
			7.57825742574257	-3.59861386138614
			7.57825742574257	-3.61978217821782
			7.55708910891089	-3.6409504950495
			7.55708910891089	-3.66211881188119
			7.55708910891089	-3.68328712871287
			7.55708910891089	-3.70445544554455
			7.55708910891089	-3.72562376237624
			7.55708910891089	-3.74679207920792
			7.53592079207921	-3.7679603960396
			7.53592079207921	-3.78912871287129
			7.53592079207921	-3.81029702970297
			7.53592079207921	-3.83146534653465
			7.53592079207921	-3.85263366336634
			7.51475247524752	-3.87380198019802
			7.51475247524752	-3.8949702970297
			7.51475247524752	-3.91613861386139
			7.51475247524752	-3.93730693069307
			7.51475247524752	-3.95847524752475
			7.49358415841584	-3.97964356435644
			7.49358415841584	-4.00081188118812
			7.49358415841584	-4.0219801980198
			7.49358415841584	-4.04314851485148
			7.49358415841584	-4.06431683168317
			7.47241584158416	-4.08548514851485
			7.47241584158416	-4.10665346534653
			7.47241584158416	-4.12782178217822
			7.47241584158416	-4.1489900990099
			7.47241584158416	-4.17015841584158
			7.45124752475247	-4.19132673267327
			7.45124752475247	-4.21249504950495
			7.45124752475247	-4.23366336633663
			7.45124752475247	-4.25483168316832
			7.43007920792079	-4.276
			7.43007920792079	-4.29716831683168
			7.43007920792079	-4.31833663366337
			7.43007920792079	-4.33950495049505
			7.43007920792079	-4.36067326732673
			7.40891089108911	-4.38184158415842
			7.40891089108911	-4.4030099009901
			7.40891089108911	-4.42417821782178
			7.40891089108911	-4.44534653465347
			7.38774257425742	-4.46651485148515
			7.38774257425742	-4.48768316831683
			7.38774257425742	-4.50885148514851
			7.38774257425742	-4.5300198019802
			7.36657425742574	-4.55118811881188
			7.36657425742574	-4.57235643564356
		</glabella>
		<suture type=matrix rownames=FALSE colnames=FALSE nrow=304 ncol=2 as.numeric=TRUE >
			6.01180198019802	-0.550376237623762
			6.0329702970297	-0.550376237623762
			6.05413861386139	-0.550376237623762
			6.07530693069307	-0.550376237623762
			6.09647524752475	-0.550376237623762
			6.11764356435643	-0.550376237623762
			6.13881188118812	-0.550376237623762
			6.1599801980198	-0.550376237623762
			6.18114851485148	-0.550376237623762
			6.20231683168317	-0.550376237623762
			6.22348514851485	-0.550376237623762
			6.24465346534653	-0.550376237623762
			6.26582178217822	-0.550376237623762
			6.2869900990099	-0.550376237623762
			6.30815841584158	-0.550376237623762
			6.32932673267327	-0.550376237623762
			6.35049504950495	-0.571544554455445
			6.37166336633663	-0.571544554455445
			6.39283168316832	-0.571544554455445
			6.414	-0.571544554455445
			6.43516831683168	-0.571544554455445
			6.45633663366337	-0.571544554455445
			6.47750495049505	-0.571544554455445
			6.49867326732673	-0.571544554455445
			6.51984158415842	-0.571544554455445
			6.5410099009901	-0.571544554455445
			6.56217821782178	-0.571544554455445
			6.58334653465346	-0.571544554455445
			6.60451485148515	-0.571544554455445
			6.62568316831683	-0.571544554455445
			6.64685148514851	-0.571544554455445
			6.6680198019802	-0.571544554455445
			6.68918811881188	-0.571544554455445
			6.71035643564356	-0.592712871287129
			6.73152475247525	-0.592712871287129
			6.75269306930693	-0.592712871287129
			6.77386138613861	-0.592712871287129
			6.7950297029703	-0.592712871287129
			6.81619801980198	-0.592712871287129
			6.83736633663366	-0.592712871287129
			6.85853465346535	-0.592712871287129
			6.87970297029703	-0.592712871287129
			6.90087128712871	-0.592712871287129
			6.9220396039604	-0.592712871287129
			6.94320792079208	-0.592712871287129
			6.96437623762376	-0.613881188118812
			6.98554455445545	-0.613881188118812
			7.00671287128713	-0.613881188118812
			7.02788118811881	-0.613881188118812
			7.04904950495049	-0.613881188118812
			7.07021782178218	-0.613881188118812
			7.09138613861386	-0.613881188118812
			7.11255445544554	-0.613881188118812
			7.13372277227723	-0.613881188118812
			7.15489108910891	-0.635049504950495
			7.17605940594059	-0.635049504950495
			7.19722772277228	-0.635049504950495
			7.21839603960396	-0.635049504950495
			7.23956435643564	-0.635049504950495
			7.26073267326733	-0.635049504950495
			7.28190099009901	-0.635049504950495
			7.30306930693069	-0.635049504950495
			7.32423762376238	-0.635049504950495
			7.34540594059406	-0.656217821782178
			7.36657425742574	-0.656217821782178
			7.38774257425742	-0.656217821782178
			7.40891089108911	-0.656217821782178
			7.43007920792079	-0.656217821782178
			7.45124752475247	-0.656217821782178
			7.47241584158416	-0.656217821782178
			7.49358415841584	-0.677386138613861
			7.51475247524752	-0.677386138613861
			7.53592079207921	-0.677386138613861
			7.55708910891089	-0.677386138613861
			7.57825742574257	-0.677386138613861
			7.59942574257426	-0.677386138613861
			7.62059405940594	-0.677386138613861
			7.64176237623762	-0.698554455445545
			7.66293069306931	-0.698554455445545
			7.68409900990099	-0.698554455445545
			7.70526732673267	-0.698554455445545
			7.72643564356436	-0.698554455445545
			7.74760396039604	-0.698554455445545
			7.76877227722772	-0.719722772277228
			7.7899405940594	-0.719722772277228
			7.81110891089109	-0.719722772277228
			7.83227722772277	-0.719722772277228
			7.85344554455445	-0.719722772277228
			7.87461386138614	-0.719722772277228
			7.89578217821782	-0.740891089108911
			7.9169504950495	-0.740891089108911
			7.93811881188119	-0.740891089108911
			7.95928712871287	-0.740891089108911
			7.98045544554455	-0.740891089108911
			8.00162376237624	-0.762059405940594
			8.02279207920792	-0.762059405940594
			8.0439603960396	-0.762059405940594
			8.06512871287129	-0.762059405940594
			8.08629702970297	-0.762059405940594
			8.10746534653465	-0.783227722772277
			8.12863366336634	-0.783227722772277
			8.14980198019802	-0.783227722772277
			8.1709702970297	-0.80439603960396
			8.1709702970297	-0.825564356435644
			8.19213861386138	-0.825564356435644
			8.21330693069307	-0.846732673267327
			8.21330693069307	-0.86790099009901
			8.23447524752475	-0.889069306930693
			8.23447524752475	-0.910237623762376
			8.25564356435643	-0.931405940594059
			8.27681188118812	-0.931405940594059
			8.27681188118812	-0.952574257425743
			8.2979801980198	-0.973742574257426
			8.2979801980198	-0.994910891089109
			8.2979801980198	-1.01607920792079
			8.31914851485148	-1.03724752475248
			8.31914851485148	-1.05841584158416
			8.34031683168317	-1.07958415841584
			8.34031683168317	-1.10075247524752
			8.34031683168317	-1.12192079207921
			8.36148514851485	-1.12192079207921
			8.36148514851485	-1.14308910891089
			8.36148514851485	-1.16425742574257
			8.38265346534653	-1.18542574257426
			8.38265346534653	-1.20659405940594
			8.38265346534653	-1.22776237623762
			8.38265346534653	-1.24893069306931
			8.40382178217822	-1.27009900990099
			8.40382178217822	-1.29126732673267
			8.40382178217822	-1.31243564356436
			8.40382178217822	-1.33360396039604
			8.40382178217822	-1.35477227722772
			8.40382178217822	-1.37594059405941
			8.40382178217822	-1.39710891089109
			8.40382178217822	-1.41827722772277
			8.4249900990099	-1.43944554455446
			8.4249900990099	-1.46061386138614
			8.4249900990099	-1.48178217821782
			8.4249900990099	-1.5029504950495
			8.4249900990099	-1.52411881188119
			8.4249900990099	-1.54528712871287
			8.40382178217822	-1.56645544554455
			8.40382178217822	-1.58762376237624
			8.40382178217822	-1.60879207920792
			8.40382178217822	-1.6299603960396
			8.40382178217822	-1.65112871287129
			8.40382178217822	-1.67229702970297
			8.40382178217822	-1.69346534653465
			8.40382178217822	-1.71463366336634
			8.40382178217822	-1.73580198019802
			8.40382178217822	-1.7569702970297
			8.38265346534653	-1.77813861386139
			8.38265346534653	-1.79930693069307
			8.38265346534653	-1.82047524752475
			8.38265346534653	-1.84164356435644
			8.40382178217822	-1.84164356435644
			8.40382178217822	-1.86281188118812
			8.40382178217822	-1.8839801980198
			8.4249900990099	-1.90514851485149
			8.4249900990099	-1.92631683168317
			8.44615841584158	-1.94748514851485
			8.46732673267327	-1.96865346534653
			8.46732673267327	-1.98982178217822
			8.46732673267327	-2.0109900990099
			8.48849504950495	-2.03215841584158
			8.48849504950495	-2.05332673267327
			8.48849504950495	-2.07449504950495
			8.48849504950495	-2.09566336633663
			8.50966336633663	-2.11683168316832
			8.50966336633663	-2.138
			8.50966336633663	-2.15916831683168
			8.50966336633663	-2.18033663366337
			8.50966336633663	-2.20150495049505
			8.50966336633663	-2.22267326732673
			8.50966336633663	-2.24384158415842
			8.50966336633663	-2.2650099009901
			8.50966336633663	-2.28617821782178
			8.50966336633663	-2.30734653465346
			8.50966336633663	-2.32851485148515
			8.50966336633663	-2.34968316831683
			8.50966336633663	-2.37085148514851
			8.50966336633663	-2.3920198019802
			8.50966336633663	-2.41318811881188
			8.53083168316832	-2.43435643564356
			8.53083168316832	-2.45552475247525
			8.552	-2.47669306930693
			8.552	-2.49786138613861
			8.57316831683168	-2.5190297029703
			8.57316831683168	-2.54019801980198
			8.59433663366337	-2.56136633663366
			8.59433663366337	-2.58253465346535
			8.59433663366337	-2.60370297029703
			8.61550495049505	-2.60370297029703
			8.61550495049505	-2.62487128712871
			8.63667326732673	-2.6460396039604
			8.65784158415842	-2.66720792079208
			8.6790099009901	-2.68837623762376
			8.70017821782178	-2.70954455445545
			8.70017821782178	-2.73071287128713
			8.72134653465347	-2.75188118811881
			8.74251485148515	-2.77304950495049
			8.74251485148515	-2.79421782178218
			8.76368316831683	-2.79421782178218
			8.78485148514851	-2.81538613861386
			8.8060198019802	-2.83655445544554
			8.82718811881188	-2.85772277227723
			8.84835643564356	-2.87889108910891
			8.86952475247525	-2.90005940594059
			8.89069306930693	-2.92122772277228
			8.91186138613861	-2.94239603960396
			8.9330297029703	-2.94239603960396
			8.9330297029703	-2.96356435643564
			8.95419801980198	-2.96356435643564
			8.97536633663366	-2.98473267326733
			8.99653465346535	-3.00590099009901
			9.01770297029703	-3.02706930693069
			9.03887128712871	-3.02706930693069
			9.06003960396039	-3.04823762376238
			9.08120792079208	-3.06940594059406
			9.10237623762376	-3.06940594059406
			9.12354455445544	-3.09057425742574
			9.14471287128713	-3.11174257425743
			9.16588118811881	-3.11174257425743
			9.18704950495049	-3.13291089108911
			9.20821782178218	-3.15407920792079
			9.22938613861386	-3.15407920792079
			9.25055445544554	-3.17524752475247
			9.27172277227723	-3.19641584158416
			9.29289108910891	-3.19641584158416
			9.31405940594059	-3.21758415841584
			9.33522772277228	-3.21758415841584
			9.35639603960396	-3.23875247524752
			9.37756435643564	-3.25992079207921
			9.37756435643564	-3.28108910891089
			9.39873267326733	-3.30225742574257
			9.41990099009901	-3.32342574257426
			9.44106930693069	-3.34459405940594
			9.44106930693069	-3.36576237623762
			9.46223762376238	-3.38693069306931
			9.48340594059406	-3.40809900990099
			9.48340594059406	-3.42926732673267
			9.50457425742574	-3.45043564356436
			9.52574257425742	-3.47160396039604
			9.52574257425742	-3.49277227722772
			9.54691089108911	-3.49277227722772
			9.56807920792079	-3.51394059405941
			9.56807920792079	-3.53510891089109
			9.58924752475247	-3.55627722772277
			9.61041584158416	-3.57744554455446
			9.61041584158416	-3.59861386138614
			9.63158415841584	-3.61978217821782
			9.63158415841584	-3.6409504950495
			9.65275247524752	-3.66211881188119
			9.65275247524752	-3.68328712871287
			9.67392079207921	-3.70445544554455
			9.69508910891089	-3.70445544554455
			9.69508910891089	-3.72562376237624
			9.71625742574257	-3.74679207920792
			9.71625742574257	-3.7679603960396
			9.73742574257426	-3.78912871287129
			9.73742574257426	-3.81029702970297
			9.75859405940594	-3.83146534653465
			9.75859405940594	-3.85263366336634
			9.77976237623762	-3.85263366336634
			9.77976237623762	-3.87380198019802
			9.77976237623762	-3.8949702970297
			9.80093069306931	-3.91613861386139
			9.80093069306931	-3.93730693069307
			9.82209900990099	-3.95847524752475
			9.84326732673267	-3.97964356435644
			9.84326732673267	-4.00081188118812
			9.86443564356436	-4.0219801980198
			9.86443564356436	-4.04314851485148
			9.86443564356436	-4.06431683168317
			9.88560396039604	-4.08548514851485
			9.88560396039604	-4.10665346534653
			9.90677227722772	-4.12782178217822
			9.90677227722772	-4.1489900990099
			9.92794059405941	-4.17015841584158
			9.92794059405941	-4.19132673267327
			9.92794059405941	-4.21249504950495
			9.94910891089109	-4.21249504950495
			9.94910891089109	-4.23366336633663
			9.94910891089109	-4.25483168316832
			9.97027722772277	-4.276
			9.97027722772277	-4.29716831683168
			9.97027722772277	-4.31833663366337
			9.97027722772277	-4.33950495049505
			9.99144554455445	-4.36067326732673
			9.99144554455445	-4.38184158415842
			9.99144554455445	-4.4030099009901
			10.0126138613861	-4.42417821782178
			10.0126138613861	-4.44534653465347
			10.0126138613861	-4.46651485148515
			10.0126138613861	-4.48768316831683
			10.0126138613861	-4.50885148514851
			10.0126138613861	-4.5300198019802
			10.0337821782178	-4.55118811881188
			10.0337821782178	-4.57235643564356
			10.0337821782178	-4.59352475247525
			10.0337821782178	-4.61469306930693
			10.0337821782178	-4.63586138613861
			10.0337821782178	-4.6570297029703
			10.0337821782178	-4.67819801980198
		</suture>
		<anterior type=matrix rownames=FALSE colnames=FALSE nrow=318 ncol=2 as.numeric=TRUE >
			6.01180198019802	-0.550376237623762
			6.0329702970297	-0.550376237623762
			6.05413861386139	-0.550376237623762
			6.07530693069307	-0.550376237623762
			6.09647524752475	-0.550376237623762
			6.11764356435643	-0.550376237623762
			6.13881188118812	-0.550376237623762
			6.1599801980198	-0.550376237623762
			6.18114851485148	-0.550376237623762
			6.20231683168317	-0.550376237623762
			6.22348514851485	-0.550376237623762
			6.24465346534653	-0.550376237623762
			6.26582178217822	-0.550376237623762
			6.2869900990099	-0.550376237623762
			6.30815841584158	-0.550376237623762
			6.32932673267327	-0.550376237623762
			6.35049504950495	-0.550376237623762
			6.37166336633663	-0.550376237623762
			6.39283168316832	-0.550376237623762
			6.414	-0.550376237623762
			6.43516831683168	-0.550376237623762
			6.45633663366337	-0.550376237623762
			6.47750495049505	-0.550376237623762
			6.49867326732673	-0.550376237623762
			6.51984158415842	-0.571544554455445
			6.5410099009901	-0.571544554455445
			6.56217821782178	-0.571544554455445
			6.58334653465346	-0.571544554455445
			6.60451485148515	-0.571544554455445
			6.62568316831683	-0.571544554455445
			6.64685148514851	-0.571544554455445
			6.6680198019802	-0.571544554455445
			6.68918811881188	-0.571544554455445
			6.71035643564356	-0.571544554455445
			6.73152475247525	-0.571544554455445
			6.75269306930693	-0.571544554455445
			6.77386138613861	-0.571544554455445
			6.7950297029703	-0.571544554455445
			6.81619801980198	-0.571544554455445
			6.83736633663366	-0.571544554455445
			6.85853465346535	-0.592712871287129
			6.87970297029703	-0.592712871287129
			6.90087128712871	-0.592712871287129
			6.9220396039604	-0.592712871287129
			6.94320792079208	-0.592712871287129
			6.96437623762376	-0.592712871287129
			6.98554455445545	-0.592712871287129
			7.00671287128713	-0.592712871287129
			7.02788118811881	-0.592712871287129
			7.04904950495049	-0.592712871287129
			7.07021782178218	-0.592712871287129
			7.09138613861386	-0.592712871287129
			7.09138613861386	-0.613881188118812
			7.11255445544554	-0.613881188118812
			7.13372277227723	-0.613881188118812
			7.15489108910891	-0.613881188118812
			7.17605940594059	-0.613881188118812
			7.19722772277228	-0.613881188118812
			7.21839603960396	-0.613881188118812
			7.23956435643564	-0.613881188118812
			7.26073267326733	-0.613881188118812
			7.28190099009901	-0.613881188118812
			7.30306930693069	-0.635049504950495
			7.32423762376238	-0.635049504950495
			7.34540594059406	-0.635049504950495
			7.36657425742574	-0.635049504950495
			7.38774257425742	-0.635049504950495
			7.40891089108911	-0.635049504950495
			7.43007920792079	-0.635049504950495
			7.45124752475247	-0.635049504950495
			7.47241584158416	-0.656217821782178
			7.49358415841584	-0.656217821782178
			7.51475247524752	-0.656217821782178
			7.53592079207921	-0.656217821782178
			7.55708910891089	-0.656217821782178
			7.57825742574257	-0.656217821782178
			7.59942574257426	-0.656217821782178
			7.62059405940594	-0.677386138613861
			7.64176237623762	-0.677386138613861
			7.66293069306931	-0.677386138613861
			7.68409900990099	-0.677386138613861
			7.70526732673267	-0.677386138613861
			7.72643564356436	-0.677386138613861
			7.74760396039604	-0.698554455445545
			7.76877227722772	-0.698554455445545
			7.7899405940594	-0.698554455445545
			7.81110891089109	-0.698554455445545
			7.83227722772277	-0.698554455445545
			7.85344554455445	-0.698554455445545
			7.87461386138614	-0.719722772277228
			7.89578217821782	-0.719722772277228
			7.9169504950495	-0.719722772277228
			7.93811881188119	-0.719722772277228
			7.95928712871287	-0.719722772277228
			7.98045544554455	-0.719722772277228
			8.00162376237624	-0.740891089108911
			8.02279207920792	-0.740891089108911
			8.0439603960396	-0.740891089108911
			8.06512871287129	-0.740891089108911
			8.08629702970297	-0.740891089108911
			8.10746534653465	-0.762059405940594
			8.12863366336634	-0.762059405940594
			8.14980198019802	-0.762059405940594
			8.1709702970297	-0.762059405940594
			8.19213861386138	-0.783227722772277
			8.21330693069307	-0.783227722772277
			8.23447524752475	-0.80439603960396
			8.25564356435643	-0.80439603960396
			8.27681188118812	-0.80439603960396
			8.27681188118812	-0.825564356435644
			8.2979801980198	-0.825564356435644
			8.31914851485148	-0.825564356435644
			8.34031683168317	-0.846732673267327
			8.36148514851485	-0.846732673267327
			8.38265346534653	-0.86790099009901
			8.40382178217822	-0.86790099009901
			8.4249900990099	-0.889069306930693
			8.44615841584158	-0.889069306930693
			8.46732673267327	-0.889069306930693
			8.48849504950495	-0.910237623762376
			8.50966336633663	-0.910237623762376
			8.50966336633663	-0.931405940594059
			8.53083168316832	-0.931405940594059
			8.552	-0.952574257425743
			8.57316831683168	-0.952574257425743
			8.59433663366337	-0.973742574257426
			8.61550495049505	-0.973742574257426
			8.63667326732673	-0.994910891089109
			8.65784158415842	-0.994910891089109
			8.6790099009901	-1.01607920792079
			8.70017821782178	-1.03724752475248
			8.72134653465347	-1.03724752475248
			8.74251485148515	-1.05841584158416
			8.76368316831683	-1.05841584158416
			8.78485148514851	-1.07958415841584
			8.8060198019802	-1.10075247524752
			8.82718811881188	-1.10075247524752
			8.84835643564356	-1.12192079207921
			8.86952475247525	-1.12192079207921
			8.89069306930693	-1.14308910891089
			8.91186138613861	-1.16425742574257
			8.9330297029703	-1.16425742574257
			8.95419801980198	-1.18542574257426
			8.97536633663366	-1.20659405940594
			8.99653465346535	-1.20659405940594
			9.01770297029703	-1.22776237623762
			9.03887128712871	-1.24893069306931
			9.06003960396039	-1.24893069306931
			9.08120792079208	-1.27009900990099
			9.08120792079208	-1.29126732673267
			9.10237623762376	-1.29126732673267
			9.12354455445544	-1.31243564356436
			9.14471287128713	-1.33360396039604
			9.16588118811881	-1.33360396039604
			9.18704950495049	-1.35477227722772
			9.20821782178218	-1.37594059405941
			9.22938613861386	-1.37594059405941
			9.22938613861386	-1.39710891089109
			9.25055445544554	-1.41827722772277
			9.27172277227723	-1.43944554455446
			9.29289108910891	-1.43944554455446
			9.31405940594059	-1.46061386138614
			9.33522772277228	-1.48178217821782
			9.33522772277228	-1.5029504950495
			9.35639603960396	-1.5029504950495
			9.37756435643564	-1.52411881188119
			9.39873267326733	-1.54528712871287
			9.41990099009901	-1.56645544554455
			9.44106930693069	-1.58762376237624
			9.46223762376238	-1.60879207920792
			9.48340594059406	-1.6299603960396
			9.50457425742574	-1.65112871287129
			9.52574257425742	-1.67229702970297
			9.54691089108911	-1.69346534653465
			9.56807920792079	-1.71463366336634
			9.56807920792079	-1.73580198019802
			9.58924752475247	-1.7569702970297
			9.61041584158416	-1.77813861386139
			9.63158415841584	-1.79930693069307
			9.65275247524752	-1.82047524752475
			9.67392079207921	-1.84164356435644
			9.69508910891089	-1.86281188118812
			9.69508910891089	-1.8839801980198
			9.71625742574257	-1.90514851485149
			9.73742574257426	-1.92631683168317
			9.75859405940594	-1.94748514851485
			9.77976237623762	-1.96865346534653
			9.77976237623762	-1.98982178217822
			9.77976237623762	-2.0109900990099
			9.80093069306931	-2.0109900990099
			9.80093069306931	-2.03215841584158
			9.82209900990099	-2.05332673267327
			9.84326732673267	-2.07449504950495
			9.86443564356436	-2.09566336633663
			9.86443564356436	-2.11683168316832
			9.88560396039604	-2.138
			9.88560396039604	-2.15916831683168
			9.90677227722772	-2.18033663366337
			9.92794059405941	-2.20150495049505
			9.92794059405941	-2.22267326732673
			9.94910891089109	-2.24384158415842
			9.94910891089109	-2.2650099009901
			9.97027722772277	-2.28617821782178
			9.99144554455445	-2.30734653465346
			9.99144554455445	-2.32851485148515
			10.0126138613861	-2.34968316831683
			10.0126138613861	-2.37085148514851
			10.0337821782178	-2.3920198019802
			10.0337821782178	-2.41318811881188
			10.0549504950495	-2.43435643564356
			10.0549504950495	-2.45552475247525
			10.0761188118812	-2.47669306930693
			10.0761188118812	-2.49786138613861
			10.0972871287129	-2.5190297029703
			10.0972871287129	-2.54019801980198
			10.1184554455446	-2.56136633663366
			10.1184554455446	-2.58253465346535
			10.1184554455446	-2.60370297029703
			10.1396237623762	-2.62487128712871
			10.1396237623762	-2.6460396039604
			10.1607920792079	-2.66720792079208
			10.1607920792079	-2.68837623762376
			10.1607920792079	-2.70954455445545
			10.1819603960396	-2.73071287128713
			10.1819603960396	-2.75188118811881
			10.2031287128713	-2.77304950495049
			10.2031287128713	-2.79421782178218
			10.2031287128713	-2.81538613861386
			10.224297029703	-2.83655445544554
			10.224297029703	-2.85772277227723
			10.2454653465347	-2.87889108910891
			10.2454653465347	-2.90005940594059
			10.2454653465347	-2.92122772277228
			10.2666336633663	-2.94239603960396
			10.2666336633663	-2.96356435643564
			10.2666336633663	-2.98473267326733
			10.287801980198	-3.00590099009901
			10.287801980198	-3.02706930693069
			10.287801980198	-3.04823762376238
			10.3089702970297	-3.06940594059406
			10.3089702970297	-3.09057425742574
			10.3089702970297	-3.11174257425743
			10.3089702970297	-3.13291089108911
			10.3301386138614	-3.15407920792079
			10.3301386138614	-3.17524752475247
			10.3301386138614	-3.19641584158416
			10.3513069306931	-3.21758415841584
			10.3513069306931	-3.23875247524752
			10.3513069306931	-3.25992079207921
			10.3513069306931	-3.28108910891089
			10.3724752475248	-3.30225742574257
			10.3724752475248	-3.32342574257426
			10.3724752475248	-3.34459405940594
			10.3724752475248	-3.36576237623762
			10.3936435643564	-3.38693069306931
			10.3936435643564	-3.40809900990099
			10.3936435643564	-3.42926732673267
			10.3936435643564	-3.45043564356436
			10.3936435643564	-3.47160396039604
			10.4148118811881	-3.49277227722772
			10.4148118811881	-3.51394059405941
			10.4148118811881	-3.53510891089109
			10.4148118811881	-3.55627722772277
			10.4148118811881	-3.57744554455446
			10.4359801980198	-3.59861386138614
			10.4359801980198	-3.61978217821782
			10.4359801980198	-3.6409504950495
			10.4359801980198	-3.66211881188119
			10.4359801980198	-3.68328712871287
			10.4359801980198	-3.70445544554455
			10.4571485148515	-3.72562376237624
			10.4571485148515	-3.74679207920792
			10.4571485148515	-3.7679603960396
			10.4571485148515	-3.78912871287129
			10.4571485148515	-3.81029702970297
			10.4571485148515	-3.83146534653465
			10.4571485148515	-3.85263366336634
			10.4783168316832	-3.87380198019802
			10.4783168316832	-3.8949702970297
			10.4783168316832	-3.91613861386139
			10.4783168316832	-3.93730693069307
			10.4783168316832	-3.95847524752475
			10.4783168316832	-3.97964356435644
			10.4783168316832	-4.00081188118812
			10.4783168316832	-4.0219801980198
			10.4994851485149	-4.04314851485148
			10.4994851485149	-4.06431683168317
			10.4994851485149	-4.08548514851485
			10.4994851485149	-4.10665346534653
			10.4994851485149	-4.12782178217822
			10.4994851485149	-4.1489900990099
			10.4994851485149	-4.17015841584158
			10.4994851485149	-4.19132673267327
			10.4994851485149	-4.21249504950495
			10.4994851485149	-4.23366336633663
			10.4994851485149	-4.25483168316832
			10.4994851485149	-4.276
			10.4994851485149	-4.29716831683168
			10.4994851485149	-4.31833663366337
			10.5206534653465	-4.33950495049505
			10.5206534653465	-4.36067326732673
			10.5206534653465	-4.38184158415842
			10.5206534653465	-4.4030099009901
			10.5206534653465	-4.42417821782178
			10.5206534653465	-4.44534653465347
			10.5206534653465	-4.46651485148515
			10.5206534653465	-4.48768316831683
			10.5206534653465	-4.50885148514851
			10.5206534653465	-4.5300198019802
			10.5206534653465	-4.55118811881188
			10.5206534653465	-4.57235643564356
			10.5206534653465	-4.59352475247525
			10.5206534653465	-4.61469306930693
			10.5206534653465	-4.63586138613861
			10.5206534653465	-4.6570297029703
			10.5206534653465	-4.67819801980198
			10.5206534653465	-4.69936633663366
			10.5206534653465	-4.72053465346535
		</anterior>
		<posterior type=matrix rownames=FALSE colnames=FALSE nrow=644 ncol=2 as.numeric=TRUE >
			6.01180198019802	-4.72053465346535
			6.0329702970297	-4.72053465346535
			6.05413861386139	-4.72053465346535
			6.07530693069307	-4.72053465346535
			6.09647524752475	-4.72053465346535
			6.11764356435643	-4.72053465346535
			6.13881188118812	-4.72053465346535
			6.1599801980198	-4.72053465346535
			6.18114851485148	-4.72053465346535
			6.20231683168317	-4.72053465346535
			6.22348514851485	-4.72053465346535
			6.24465346534653	-4.72053465346535
			6.26582178217822	-4.72053465346535
			6.2869900990099	-4.72053465346535
			6.30815841584158	-4.72053465346535
			6.32932673267327	-4.72053465346535
			6.35049504950495	-4.72053465346535
			6.37166336633663	-4.72053465346535
			6.39283168316832	-4.72053465346535
			6.414	-4.69936633663366
			6.43516831683168	-4.69936633663366
			6.45633663366337	-4.69936633663366
			6.47750495049505	-4.69936633663366
			6.49867326732673	-4.69936633663366
			6.51984158415842	-4.69936633663366
			6.5410099009901	-4.69936633663366
			6.56217821782178	-4.69936633663366
			6.58334653465346	-4.69936633663366
			6.60451485148515	-4.69936633663366
			6.62568316831683	-4.69936633663366
			6.64685148514851	-4.69936633663366
			6.6680198019802	-4.69936633663366
			6.68918811881188	-4.69936633663366
			6.71035643564356	-4.67819801980198
			6.73152475247525	-4.67819801980198
			6.75269306930693	-4.67819801980198
			6.77386138613861	-4.67819801980198
			6.7950297029703	-4.67819801980198
			6.81619801980198	-4.67819801980198
			6.83736633663366	-4.67819801980198
			6.85853465346535	-4.67819801980198
			6.87970297029703	-4.67819801980198
			6.90087128712871	-4.6570297029703
			6.9220396039604	-4.6570297029703
			6.94320792079208	-4.6570297029703
			6.96437623762376	-4.6570297029703
			6.98554455445545	-4.6570297029703
			7.00671287128713	-4.6570297029703
			7.02788118811881	-4.6570297029703
			7.04904950495049	-4.6570297029703
			7.07021782178218	-4.63586138613861
			7.09138613861386	-4.63586138613861
			7.11255445544554	-4.63586138613861
			7.13372277227723	-4.63586138613861
			7.15489108910891	-4.63586138613861
			7.17605940594059	-4.63586138613861
			7.19722772277228	-4.63586138613861
			7.21839603960396	-4.61469306930693
			7.23956435643564	-4.61469306930693
			7.26073267326733	-4.61469306930693
			7.28190099009901	-4.61469306930693
			7.30306930693069	-4.61469306930693
			7.32423762376238	-4.61469306930693
			7.34540594059406	-4.61469306930693
			7.36657425742574	-4.59352475247525
			7.38774257425742	-4.59352475247525
			7.40891089108911	-4.59352475247525
			7.43007920792079	-4.59352475247525
			7.45124752475247	-4.59352475247525
			7.47241584158416	-4.59352475247525
			7.49358415841584	-4.59352475247525
			7.51475247524752	-4.59352475247525
			7.53592079207921	-4.59352475247525
			7.55708910891089	-4.59352475247525
			7.57825742574257	-4.61469306930693
			7.59942574257426	-4.61469306930693
			7.62059405940594	-4.61469306930693
			7.64176237623762	-4.61469306930693
			7.66293069306931	-4.61469306930693
			7.68409900990099	-4.61469306930693
			7.70526732673267	-4.61469306930693
			7.72643564356436	-4.61469306930693
			7.74760396039604	-4.61469306930693
			7.76877227722772	-4.61469306930693
			7.7899405940594	-4.61469306930693
			7.81110891089109	-4.61469306930693
			7.83227722772277	-4.61469306930693
			7.85344554455445	-4.61469306930693
			7.87461386138614	-4.61469306930693
			7.89578217821782	-4.61469306930693
			7.9169504950495	-4.61469306930693
			7.93811881188119	-4.61469306930693
			7.95928712871287	-4.63586138613861
			7.98045544554455	-4.63586138613861
			8.00162376237624	-4.63586138613861
			8.02279207920792	-4.63586138613861
			8.0439603960396	-4.63586138613861
			8.06512871287129	-4.63586138613861
			8.08629702970297	-4.63586138613861
			8.10746534653465	-4.63586138613861
			8.12863366336634	-4.63586138613861
			8.14980198019802	-4.63586138613861
			8.1709702970297	-4.63586138613861
			8.19213861386138	-4.63586138613861
			8.21330693069307	-4.63586138613861
			8.23447524752475	-4.63586138613861
			8.25564356435643	-4.63586138613861
			8.27681188118812	-4.63586138613861
			8.2979801980198	-4.63586138613861
			8.31914851485148	-4.63586138613861
			8.34031683168317	-4.63586138613861
			8.36148514851485	-4.63586138613861
			8.38265346534653	-4.63586138613861
			8.40382178217822	-4.63586138613861
			8.4249900990099	-4.63586138613861
			8.44615841584158	-4.63586138613861
			8.46732673267327	-4.63586138613861
			8.48849504950495	-4.63586138613861
			8.50966336633663	-4.6570297029703
			8.53083168316832	-4.6570297029703
			8.552	-4.6570297029703
			8.57316831683168	-4.6570297029703
			8.59433663366337	-4.6570297029703
			8.61550495049505	-4.6570297029703
			8.63667326732673	-4.6570297029703
			8.65784158415842	-4.6570297029703
			8.6790099009901	-4.6570297029703
			8.70017821782178	-4.6570297029703
			8.72134653465347	-4.6570297029703
			8.74251485148515	-4.6570297029703
			8.76368316831683	-4.6570297029703
			8.78485148514851	-4.6570297029703
			8.8060198019802	-4.6570297029703
			8.82718811881188	-4.6570297029703
			8.84835643564356	-4.6570297029703
			8.86952475247525	-4.6570297029703
			8.89069306930693	-4.6570297029703
			8.91186138613861	-4.6570297029703
			8.9330297029703	-4.6570297029703
			8.95419801980198	-4.6570297029703
			8.97536633663366	-4.6570297029703
			8.99653465346535	-4.6570297029703
			9.01770297029703	-4.6570297029703
			9.03887128712871	-4.6570297029703
			9.06003960396039	-4.6570297029703
			9.08120792079208	-4.6570297029703
			9.10237623762376	-4.6570297029703
			9.12354455445544	-4.6570297029703
			9.14471287128713	-4.6570297029703
			9.16588118811881	-4.6570297029703
			9.18704950495049	-4.6570297029703
			9.20821782178218	-4.6570297029703
			9.22938613861386	-4.6570297029703
			9.25055445544554	-4.6570297029703
			9.27172277227723	-4.6570297029703
			9.29289108910891	-4.6570297029703
			9.31405940594059	-4.6570297029703
			9.33522772277228	-4.6570297029703
			9.35639603960396	-4.6570297029703
			9.37756435643564	-4.6570297029703
			9.39873267326733	-4.6570297029703
			9.41990099009901	-4.6570297029703
			9.44106930693069	-4.6570297029703
			9.46223762376238	-4.6570297029703
			9.48340594059406	-4.6570297029703
			9.50457425742574	-4.6570297029703
			9.52574257425742	-4.6570297029703
			9.54691089108911	-4.6570297029703
			9.56807920792079	-4.6570297029703
			9.58924752475247	-4.6570297029703
			9.61041584158416	-4.6570297029703
			9.63158415841584	-4.6570297029703
			9.65275247524752	-4.6570297029703
			9.67392079207921	-4.6570297029703
			9.69508910891089	-4.6570297029703
			9.71625742574257	-4.6570297029703
			9.73742574257426	-4.6570297029703
			9.75859405940594	-4.6570297029703
			9.77976237623762	-4.6570297029703
			9.80093069306931	-4.6570297029703
			9.82209900990099	-4.6570297029703
			9.84326732673267	-4.6570297029703
			9.86443564356436	-4.6570297029703
			9.88560396039604	-4.6570297029703
			9.90677227722772	-4.6570297029703
			9.92794059405941	-4.6570297029703
			9.94910891089109	-4.6570297029703
			9.97027722772277	-4.6570297029703
			9.99144554455445	-4.6570297029703
			10.0126138613861	-4.6570297029703
			10.0337821782178	-4.6570297029703
			10.0549504950495	-4.6570297029703
			10.0761188118812	-4.67819801980198
			10.0761188118812	-4.69936633663366
			10.0972871287129	-4.69936633663366
			10.0972871287129	-4.72053465346535
			10.1184554455446	-4.74170297029703
			10.1396237623762	-4.76287128712871
			10.1396237623762	-4.7840396039604
			10.1607920792079	-4.80520792079208
			10.1607920792079	-4.82637623762376
			10.1819603960396	-4.84754455445545
			10.1819603960396	-4.86871287128713
			10.1819603960396	-4.88988118811881
			10.1819603960396	-4.91104950495049
			10.2031287128713	-4.91104950495049
			10.2031287128713	-4.93221782178218
			10.2031287128713	-4.95338613861386
			10.224297029703	-4.97455445544554
			10.224297029703	-4.99572277227723
			10.224297029703	-5.01689108910891
			10.224297029703	-5.03805940594059
			10.2454653465347	-5.05922772277228
			10.2454653465347	-5.08039603960396
			10.2454653465347	-5.10156435643564
			10.2454653465347	-5.12273267326733
			10.2454653465347	-5.14390099009901
			10.2666336633663	-5.14390099009901
			10.2666336633663	-5.16506930693069
			10.2666336633663	-5.18623762376238
			10.2666336633663	-5.20740594059406
			10.2666336633663	-5.22857425742574
			10.287801980198	-5.24974257425743
			10.287801980198	-5.27091089108911
			10.287801980198	-5.29207920792079
			10.287801980198	-5.31324752475247
			10.287801980198	-5.33441584158416
			10.287801980198	-5.35558415841584
			10.287801980198	-5.37675247524752
			10.3089702970297	-5.39792079207921
			10.3089702970297	-5.41908910891089
			10.3089702970297	-5.44025742574257
			10.3089702970297	-5.46142574257426
			10.3089702970297	-5.48259405940594
			10.3089702970297	-5.50376237623762
			10.3089702970297	-5.52493069306931
			10.3089702970297	-5.54609900990099
			10.3301386138614	-5.56726732673267
			10.3301386138614	-5.58843564356436
			10.3301386138614	-5.60960396039604
			10.3301386138614	-5.63077227722772
			10.3301386138614	-5.6519405940594
			10.3301386138614	-5.67310891089109
			10.3301386138614	-5.69427722772277
			10.3301386138614	-5.71544554455445
			10.3301386138614	-5.73661386138614
			10.3301386138614	-5.75778217821782
			10.3301386138614	-5.7789504950495
			10.3513069306931	-5.80011881188119
			10.3513069306931	-5.82128712871287
			10.3513069306931	-5.84245544554455
			10.3513069306931	-5.86362376237624
			10.3513069306931	-5.88479207920792
			10.3513069306931	-5.9059603960396
			10.3513069306931	-5.92712871287129
			10.3513069306931	-5.94829702970297
			10.3513069306931	-5.96946534653465
			10.3513069306931	-5.99063366336634
			10.3724752475248	-6.01180198019802
			10.3724752475248	-6.0329702970297
			10.3724752475248	-6.05413861386139
			10.3724752475248	-6.07530693069307
			10.3724752475248	-6.09647524752475
			10.3724752475248	-6.11764356435643
			10.3724752475248	-6.13881188118812
			10.3724752475248	-6.1599801980198
			10.3724752475248	-6.18114851485148
			10.3724752475248	-6.20231683168317
			10.3936435643564	-6.22348514851485
			10.3936435643564	-6.24465346534653
			10.3936435643564	-6.26582178217822
			10.3936435643564	-6.2869900990099
			10.3936435643564	-6.30815841584158
			10.3936435643564	-6.32932673267327
			10.3936435643564	-6.35049504950495
			10.3936435643564	-6.37166336633663
			10.3936435643564	-6.39283168316832
			10.3936435643564	-6.414
			10.3936435643564	-6.43516831683168
			10.3936435643564	-6.45633663366337
			10.4148118811881	-6.47750495049505
			10.4148118811881	-6.49867326732673
			10.4148118811881	-6.51984158415842
			10.4148118811881	-6.5410099009901
			10.4148118811881	-6.56217821782178
			10.4148118811881	-6.58334653465346
			10.4148118811881	-6.60451485148515
			10.4148118811881	-6.62568316831683
			10.4148118811881	-6.64685148514851
			10.4148118811881	-6.6680198019802
			10.4148118811881	-6.68918811881188
			10.4359801980198	-6.71035643564356
			10.4359801980198	-6.73152475247525
			10.4359801980198	-6.75269306930693
			10.4359801980198	-6.77386138613861
			10.4359801980198	-6.7950297029703
			10.4359801980198	-6.81619801980198
			10.4359801980198	-6.83736633663366
			10.4359801980198	-6.85853465346535
			10.4359801980198	-6.87970297029703
			10.4359801980198	-6.90087128712871
			10.4359801980198	-6.9220396039604
			10.4359801980198	-6.94320792079208
			10.4571485148515	-6.96437623762376
			10.4571485148515	-6.98554455445545
			10.4571485148515	-7.00671287128713
			10.4571485148515	-7.02788118811881
			10.4571485148515	-7.04904950495049
			10.4571485148515	-7.07021782178218
			10.4571485148515	-7.09138613861386
			10.4571485148515	-7.11255445544554
			10.4571485148515	-7.13372277227723
			10.4571485148515	-7.15489108910891
			10.4571485148515	-7.17605940594059
			10.4571485148515	-7.19722772277228
			10.4783168316832	-7.21839603960396
			10.4783168316832	-7.23956435643564
			10.4783168316832	-7.26073267326733
			10.4783168316832	-7.28190099009901
			10.4783168316832	-7.30306930693069
			10.4783168316832	-7.32423762376238
			10.4783168316832	-7.34540594059406
			10.4783168316832	-7.36657425742574
			10.4783168316832	-7.38774257425742
			10.4783168316832	-7.40891089108911
			10.4783168316832	-7.43007920792079
			10.4783168316832	-7.45124752475247
			10.4783168316832	-7.47241584158416
			10.4994851485149	-7.49358415841584
			10.4994851485149	-7.51475247524752
			10.4994851485149	-7.53592079207921
			10.4994851485149	-7.55708910891089
			10.4994851485149	-7.57825742574257
			10.4994851485149	-7.59942574257426
			10.4994851485149	-7.62059405940594
			10.4994851485149	-7.64176237623762
			10.4994851485149	-7.66293069306931
			10.4994851485149	-7.68409900990099
			10.4994851485149	-7.70526732673267
			10.4994851485149	-7.72643564356436
			10.4994851485149	-7.74760396039604
			10.4994851485149	-7.76877227722772
			10.5206534653465	-7.7899405940594
			10.5206534653465	-7.81110891089109
			10.5206534653465	-7.83227722772277
			10.5206534653465	-7.85344554455445
			10.5206534653465	-7.87461386138614
			10.5206534653465	-7.89578217821782
			10.5206534653465	-7.9169504950495
			10.5206534653465	-7.93811881188119
			10.5206534653465	-7.95928712871287
			10.5206534653465	-7.98045544554455
			10.5206534653465	-8.00162376237624
			10.5206534653465	-8.02279207920792
			10.5206534653465	-8.0439603960396
			10.5206534653465	-8.06512871287129
			10.5418217821782	-8.08629702970297
			10.5418217821782	-8.10746534653465
			10.5418217821782	-8.12863366336634
			10.5418217821782	-8.14980198019802
			10.5418217821782	-8.1709702970297
			10.5418217821782	-8.19213861386138
			10.5418217821782	-8.21330693069307
			10.5418217821782	-8.23447524752475
			10.5418217821782	-8.25564356435643
			10.5418217821782	-8.27681188118812
			10.5418217821782	-8.2979801980198
			10.5418217821782	-8.31914851485148
			10.5418217821782	-8.34031683168317
			10.5418217821782	-8.36148514851485
			10.5418217821782	-8.38265346534653
			10.5629900990099	-8.40382178217822
			10.5629900990099	-8.4249900990099
			10.5629900990099	-8.44615841584158
			10.5629900990099	-8.46732673267327
			10.5629900990099	-8.48849504950495
			10.5629900990099	-8.50966336633663
			10.5629900990099	-8.53083168316832
			10.5629900990099	-8.552
			10.5629900990099	-8.57316831683168
			10.5629900990099	-8.59433663366337
			10.5629900990099	-8.61550495049505
			10.5629900990099	-8.63667326732673
			10.5629900990099	-8.65784158415842
			10.5629900990099	-8.6790099009901
			10.5629900990099	-8.70017821782178
			10.5629900990099	-8.72134653465347
			10.5629900990099	-8.74251485148515
			10.5841584158416	-8.76368316831683
			10.5841584158416	-8.78485148514851
			10.5841584158416	-8.8060198019802
			10.5841584158416	-8.82718811881188
			10.5841584158416	-8.84835643564356
			10.5841584158416	-8.86952475247525
			10.5841584158416	-8.89069306930693
			10.5841584158416	-8.91186138613861
			10.5841584158416	-8.9330297029703
			10.5841584158416	-8.95419801980198
			10.5841584158416	-8.97536633663366
			10.5841584158416	-8.99653465346535
			10.5841584158416	-9.01770297029703
			10.5841584158416	-9.03887128712871
			10.5841584158416	-9.06003960396039
			10.5841584158416	-9.08120792079208
			10.5841584158416	-9.10237623762376
			10.5841584158416	-9.12354455445544
			10.5841584158416	-9.14471287128713
			10.5841584158416	-9.16588118811881
			10.6053267326733	-9.18704950495049
			10.6053267326733	-9.20821782178218
			10.6053267326733	-9.22938613861386
			10.6053267326733	-9.25055445544554
			10.6053267326733	-9.27172277227723
			10.6053267326733	-9.29289108910891
			10.6053267326733	-9.31405940594059
			10.6053267326733	-9.33522772277228
			10.6053267326733	-9.35639603960396
			10.6053267326733	-9.37756435643564
			10.6053267326733	-9.39873267326733
			10.6053267326733	-9.41990099009901
			10.6053267326733	-9.44106930693069
			10.6053267326733	-9.41990099009901
			10.6053267326733	-9.39873267326733
			10.6053267326733	-9.37756435643564
			10.6053267326733	-9.35639603960396
			10.6053267326733	-9.33522772277228
			10.6053267326733	-9.31405940594059
			10.6053267326733	-9.29289108910891
			10.6053267326733	-9.27172277227723
			10.6053267326733	-9.25055445544554
			10.6053267326733	-9.22938613861386
			10.6053267326733	-9.20821782178218
			10.6053267326733	-9.18704950495049
			10.6053267326733	-9.16588118811881
			10.6053267326733	-9.14471287128713
			10.6053267326733	-9.12354455445544
			10.6053267326733	-9.10237623762376
			10.6053267326733	-9.08120792079208
			10.6053267326733	-9.06003960396039
			10.6264950495049	-9.03887128712871
			10.6264950495049	-9.01770297029703
			10.6264950495049	-8.99653465346535
			10.6264950495049	-8.97536633663366
			10.6264950495049	-8.95419801980198
			10.6264950495049	-8.9330297029703
			10.6264950495049	-8.91186138613861
			10.6264950495049	-8.89069306930693
			10.6264950495049	-8.86952475247525
			10.6264950495049	-8.84835643564356
			10.6264950495049	-8.82718811881188
			10.6264950495049	-8.8060198019802
			10.6264950495049	-8.78485148514851
			10.6264950495049	-8.76368316831683
			10.6264950495049	-8.74251485148515
			10.6264950495049	-8.72134653465347
			10.6264950495049	-8.70017821782178
			10.6264950495049	-8.6790099009901
			10.6264950495049	-8.65784158415842
			10.6264950495049	-8.63667326732673
			10.6264950495049	-8.61550495049505
			10.6264950495049	-8.59433663366337
			10.6264950495049	-8.57316831683168
			10.6264950495049	-8.552
			10.6264950495049	-8.53083168316832
			10.6264950495049	-8.50966336633663
			10.6264950495049	-8.48849504950495
			10.6264950495049	-8.46732673267327
			10.6264950495049	-8.44615841584158
			10.6264950495049	-8.4249900990099
			10.6264950495049	-8.40382178217822
			10.6264950495049	-8.38265346534653
			10.6264950495049	-8.36148514851485
			10.6264950495049	-8.34031683168317
			10.6264950495049	-8.31914851485148
			10.6264950495049	-8.2979801980198
			10.6264950495049	-8.27681188118812
			10.6264950495049	-8.25564356435643
			10.6264950495049	-8.23447524752475
			10.6264950495049	-8.21330693069307
			10.6264950495049	-8.19213861386138
			10.6264950495049	-8.1709702970297
			10.6264950495049	-8.14980198019802
			10.6264950495049	-8.12863366336634
			10.6264950495049	-8.10746534653465
			10.6264950495049	-8.08629702970297
			10.6264950495049	-8.06512871287129
			10.6264950495049	-8.0439603960396
			10.6264950495049	-8.02279207920792
			10.6264950495049	-8.00162376237624
			10.6264950495049	-7.98045544554455
			10.6476633663366	-7.95928712871287
			10.6476633663366	-7.93811881188119
			10.6476633663366	-7.9169504950495
			10.6476633663366	-7.89578217821782
			10.6476633663366	-7.87461386138614
			10.6476633663366	-7.85344554455445
			10.6476633663366	-7.83227722772277
			10.6476633663366	-7.81110891089109
			10.6476633663366	-7.7899405940594
			10.6476633663366	-7.76877227722772
			10.6476633663366	-7.74760396039604
			10.6476633663366	-7.72643564356436
			10.6476633663366	-7.70526732673267
			10.6476633663366	-7.68409900990099
			10.6476633663366	-7.66293069306931
			10.6476633663366	-7.64176237623762
			10.6476633663366	-7.62059405940594
			10.6476633663366	-7.59942574257426
			10.6476633663366	-7.57825742574257
			10.6476633663366	-7.55708910891089
			10.6476633663366	-7.53592079207921
			10.6476633663366	-7.51475247524752
			10.6476633663366	-7.49358415841584
			10.6476633663366	-7.47241584158416
			10.6476633663366	-7.45124752475247
			10.6476633663366	-7.43007920792079
			10.6476633663366	-7.40891089108911
			10.6476633663366	-7.38774257425742
			10.6476633663366	-7.36657425742574
			10.6476633663366	-7.34540594059406
			10.6476633663366	-7.32423762376238
			10.6476633663366	-7.30306930693069
			10.6476633663366	-7.28190099009901
			10.6476633663366	-7.26073267326733
			10.6476633663366	-7.23956435643564
			10.6476633663366	-7.21839603960396
			10.6476633663366	-7.19722772277228
			10.6476633663366	-7.17605940594059
			10.6476633663366	-7.15489108910891
			10.6476633663366	-7.13372277227723
			10.6476633663366	-7.11255445544554
			10.6476633663366	-7.09138613861386
			10.6476633663366	-7.07021782178218
			10.6476633663366	-7.04904950495049
			10.6476633663366	-7.02788118811881
			10.6476633663366	-7.00671287128713
			10.6476633663366	-6.98554455445545
			10.6476633663366	-6.96437623762376
			10.6476633663366	-6.94320792079208
			10.6476633663366	-6.9220396039604
			10.6476633663366	-6.90087128712871
			10.6476633663366	-6.87970297029703
			10.6476633663366	-6.85853465346535
			10.6476633663366	-6.83736633663366
			10.6476633663366	-6.81619801980198
			10.6476633663366	-6.7950297029703
			10.6476633663366	-6.77386138613861
			10.6476633663366	-6.75269306930693
			10.6476633663366	-6.73152475247525
			10.6476633663366	-6.71035643564356
			10.6476633663366	-6.68918811881188
			10.6476633663366	-6.6680198019802
			10.6476633663366	-6.64685148514851
			10.6476633663366	-6.62568316831683
			10.6476633663366	-6.60451485148515
			10.6476633663366	-6.58334653465346
			10.6476633663366	-6.56217821782178
			10.6476633663366	-6.5410099009901
			10.6476633663366	-6.51984158415842
			10.6476633663366	-6.49867326732673
			10.6476633663366	-6.47750495049505
			10.6476633663366	-6.45633663366337
			10.6476633663366	-6.43516831683168
			10.6476633663366	-6.414
			10.6264950495049	-6.39283168316832
			10.6264950495049	-6.37166336633663
			10.6264950495049	-6.35049504950495
			10.6264950495049	-6.32932673267327
			10.6264950495049	-6.30815841584158
			10.6264950495049	-6.2869900990099
			10.6264950495049	-6.26582178217822
			10.6264950495049	-6.24465346534653
			10.6264950495049	-6.22348514851485
			10.6264950495049	-6.20231683168317
			10.6264950495049	-6.18114851485148
			10.6264950495049	-6.1599801980198
			10.6264950495049	-6.13881188118812
			10.6264950495049	-6.11764356435643
			10.6264950495049	-6.09647524752475
			10.6264950495049	-6.07530693069307
			10.6264950495049	-6.05413861386139
			10.6264950495049	-6.0329702970297
			10.6264950495049	-6.01180198019802
			10.6264950495049	-5.99063366336634
			10.6264950495049	-5.96946534653465
			10.6264950495049	-5.94829702970297
			10.6264950495049	-5.92712871287129
			10.6264950495049	-5.9059603960396
			10.6264950495049	-5.88479207920792
			10.6264950495049	-5.86362376237624
			10.6264950495049	-5.84245544554455
			10.6264950495049	-5.82128712871287
			10.6264950495049	-5.80011881188119
			10.6264950495049	-5.7789504950495
			10.6264950495049	-5.75778217821782
			10.6264950495049	-5.73661386138614
			10.6053267326733	-5.71544554455445
			10.6053267326733	-5.69427722772277
			10.6053267326733	-5.67310891089109
			10.6053267326733	-5.6519405940594
			10.6053267326733	-5.63077227722772
			10.6053267326733	-5.60960396039604
			10.6053267326733	-5.58843564356436
			10.6053267326733	-5.56726732673267
			10.6053267326733	-5.54609900990099
			10.6053267326733	-5.52493069306931
			10.6053267326733	-5.50376237623762
			10.6053267326733	-5.48259405940594
			10.6053267326733	-5.46142574257426
			10.6053267326733	-5.44025742574257
			10.6053267326733	-5.41908910891089
			10.6053267326733	-5.39792079207921
			10.6053267326733	-5.37675247524752
			10.5841584158416	-5.35558415841584
			10.5841584158416	-5.33441584158416
			10.5841584158416	-5.31324752475247
			10.5841584158416	-5.29207920792079
			10.5841584158416	-5.27091089108911
			10.5841584158416	-5.24974257425743
			10.5841584158416	-5.22857425742574
			10.5841584158416	-5.20740594059406
			10.5841584158416	-5.18623762376238
			10.5841584158416	-5.16506930693069
			10.5841584158416	-5.14390099009901
			10.5841584158416	-5.12273267326733
			10.5841584158416	-5.10156435643564
			10.5629900990099	-5.08039603960396
			10.5629900990099	-5.05922772277228
			10.5629900990099	-5.03805940594059
			10.5629900990099	-5.01689108910891
			10.5629900990099	-4.99572277227723
			10.5629900990099	-4.97455445544554
			10.5629900990099	-4.95338613861386
			10.5629900990099	-4.93221782178218
			10.5418217821782	-4.91104950495049
			10.5418217821782	-4.88988118811881
			10.5418217821782	-4.86871287128713
			10.5418217821782	-4.84754455445545
			10.5418217821782	-4.82637623762376
			10.5418217821782	-4.80520792079208
			10.5206534653465	-4.7840396039604
			10.5206534653465	-4.76287128712871
			10.5206534653465	-4.74170297029703
			10.5206534653465	-4.72053465346535
		</posterior>
	</curves.scaled>
	<ruler.points type=matrix rownames=TRUE colnames=FALSE nrow=2 ncol=2 as.numeric=TRUE >
		Ruler point 1	17	10
		Ruler point 2	522	10
	</ruler.points>
</shapes>

