<shapes type=list>
	<ruler.pixel type=vector names=FALSE length=1 as.numeric=TRUE >134.003731291334</ruler.pixel>
	<ruler.interval type=vector names=FALSE length=1 as.numeric=TRUE >1</ruler.interval>
	<scaling.units type=vector names=FALSE length=1 as.numeric=FALSE >cm</scaling.units>
	<scaling type=vector names=FALSE length=1 as.numeric=TRUE >0.00746247877102711</scaling>
	<landmarks.pixel type=matrix rownames=TRUE colnames=FALSE nrow=16 ncol=2 as.numeric=TRUE >
		LM1	188	14
		LM2	188	106
		LM3	188	194
		LM4	188	213
		LM5	219	169
		LM6	223	198
		LM7	215	212
		LM8	235	115
		LM9	235	137
		LM10	188	14
		LM11	NaN	NaN
		LM12	269	219
		LM13	188	14
		LM14	245	127
		LM15	366	214
		LM16	291	420
	</landmarks.pixel>
	<landmarks.scaled type=matrix rownames=TRUE colnames=FALSE nrow=16 ncol=2 as.numeric=TRUE >
		LM1	1.4029460089531	-0.10447470279438
		LM2	1.4029460089531	-0.791022749728874
		LM3	1.4029460089531	-1.44772088157926
		LM4	1.4029460089531	-1.58950797822877
		LM5	1.63428285085494	-1.26115891230358
		LM6	1.66413276593905	-1.47757079666337
		LM7	1.60443293577083	-1.58204549945775
		LM8	1.75368251119137	-0.858185058668118
		LM9	1.75368251119137	-1.02235959163071
		LM10	1.4029460089531	-0.10447470279438
		LM11	NaN	NaN
		LM12	2.00740678940629	-1.63428285085494
		LM13	1.4029460089531	-0.10447470279438
		LM14	1.82830729890164	-0.947734803920443
		LM15	2.73126723019592	-1.5969704569998
		LM16	2.17158132236889	-3.13424108383139
	</landmarks.scaled>
	<curves.control type=list>
		<glabella type=matrix rownames=FALSE colnames=FALSE nrow=11 ncol=2 as.numeric=TRUE >
			188	106
			205	109
			212	132
			216	151
			219	159
			221	168
			219	175
			222	184
			223	198
			219	205
			215	212
		</glabella>
		<suture type=matrix rownames=FALSE colnames=FALSE nrow=17 ncol=2 as.numeric=TRUE >
			188	14
			226	12
			285	42
			335	80
			349	114
			369	160
			367	201
			364	254
			344	317
			308	395
			291	420
			294	372
			295	333
			298	288
			290	254
			284	231
			269	219
		</suture>
		<anterior type=matrix rownames=FALSE colnames=FALSE nrow=9 ncol=2 as.numeric=TRUE >
			188	14
			226	12
			285	42
			335	80
			349	114
			369	160
			367	201
			366	214
			366	214
		</anterior>
		<posterior type=matrix rownames=FALSE colnames=FALSE nrow=15 ncol=2 as.numeric=TRUE >
			188	213
			221	217
			247	217
			259	219
			269	219
			284	231
			290	254
			298	288
			295	333
			294	372
			291	420
			308	395
			344	317
			364	254
			366	214
		</posterior>
	</curves.control>
	<curves.pixel type=list>
		<glabella type=matrix rownames=FALSE colnames=FALSE nrow=120 ncol=2 as.numeric=TRUE >
			188	106
			189	106
			190	106
			191	107
			192	107
			193	107
			193	108
			194	108
			195	108
			196	109
			197	109
			198	110
			199	111
			200	112
			201	112
			201	113
			202	114
			203	114
			204	115
			204	116
			205	117
			206	118
			206	119
			207	120
			207	121
			208	122
			209	123
			209	124
			210	125
			210	126
			210	127
			210	128
			211	128
			211	129
			211	130
			212	131
			212	132
			212	133
			212	134
			213	135
			213	136
			213	137
			213	138
			213	139
			214	140
			214	141
			214	142
			214	143
			215	144
			215	145
			215	146
			215	147
			216	148
			216	149
			216	150
			217	151
			217	152
			217	153
			217	154
			218	155
			218	156
			218	157
			219	158
			219	159
			219	160
			219	161
			220	162
			220	163
			220	164
			220	165
			220	166
			220	167
			220	168
			220	169
			220	170
			220	171
			220	172
			219	173
			219	174
			219	175
			219	176
			220	177
			220	178
			220	179
			220	180
			221	180
			221	181
			221	182
			221	183
			221	184
			221	185
			222	185
			222	186
			222	187
			222	188
			222	189
			222	190
			222	191
			222	192
			223	193
			223	194
			223	195
			223	196
			223	197
			223	198
			223	199
			222	199
			222	200
			221	201
			221	202
			220	203
			220	204
			219	205
			218	206
			218	207
			217	208
			216	209
			216	210
			216	211
			215	212
		</glabella>
		<suture type=matrix rownames=FALSE colnames=FALSE nrow=711 ncol=2 as.numeric=TRUE >
			188	14
			189	14
			190	14
			191	14
			192	14
			193	14
			194	14
			195	14
			196	14
			197	14
			198	14
			199	14
			200	14
			201	14
			202	14
			203	14
			204	14
			204	15
			205	15
			206	15
			207	15
			208	15
			209	15
			210	15
			211	15
			212	16
			213	16
			214	16
			215	16
			216	16
			217	17
			218	17
			219	17
			220	17
			221	17
			222	18
			223	18
			224	18
			225	18
			226	19
			227	19
			228	19
			229	19
			230	20
			231	20
			232	20
			233	21
			234	21
			235	21
			236	21
			237	22
			238	22
			239	22
			240	23
			241	23
			242	23
			243	24
			244	24
			245	24
			246	25
			247	25
			248	26
			249	26
			250	26
			251	27
			252	27
			253	27
			254	28
			255	28
			256	29
			257	29
			258	30
			259	30
			260	30
			261	31
			262	31
			263	31
			263	32
			264	32
			265	32
			265	33
			266	33
			267	33
			267	34
			268	34
			269	34
			270	35
			271	35
			272	36
			273	36
			274	36
			274	37
			275	37
			276	38
			277	38
			278	38
			279	39
			280	40
			281	40
			282	41
			283	41
			284	42
			285	42
			286	43
			287	43
			288	44
			288	45
			289	45
			290	46
			291	47
			292	47
			292	48
			293	48
			294	49
			295	50
			296	50
			296	51
			297	52
			298	52
			299	53
			299	54
			300	54
			301	55
			302	55
			302	56
			303	57
			304	57
			305	58
			305	59
			306	59
			307	60
			308	61
			309	62
			310	63
			311	63
			311	64
			312	65
			313	66
			314	66
			315	67
			315	68
			316	69
			317	69
			318	70
			318	71
			319	72
			320	72
			320	73
			321	74
			322	74
			323	75
			323	76
			324	77
			325	77
			325	78
			326	79
			327	80
			328	81
			329	82
			329	83
			330	84
			331	85
			332	86
			333	87
			334	88
			335	89
			335	90
			336	91
			337	92
			337	93
			338	94
			339	95
			340	96
			340	97
			340	98
			341	99
			342	100
			342	101
			343	102
			343	103
			344	104
			345	105
			345	106
			346	107
			347	108
			347	109
			347	110
			348	111
			348	112
			349	113
			349	114
			350	115
			350	116
			350	117
			351	118
			351	119
			352	120
			352	121
			352	122
			353	123
			353	124
			354	125
			354	126
			354	127
			355	128
			355	129
			355	130
			356	131
			356	132
			356	133
			357	134
			357	135
			357	136
			358	137
			358	138
			358	139
			359	140
			359	141
			359	142
			360	143
			360	144
			360	145
			360	146
			361	147
			361	148
			361	149
			361	150
			362	151
			362	152
			362	153
			363	154
			363	155
			363	156
			363	157
			363	158
			364	159
			364	160
			364	161
			364	162
			364	163
			365	164
			365	165
			365	166
			365	167
			365	168
			365	169
			365	170
			366	171
			366	172
			366	173
			366	174
			366	175
			366	176
			366	177
			366	178
			366	179
			367	180
			367	181
			367	182
			367	183
			367	184
			367	185
			367	186
			367	187
			367	188
			367	189
			367	190
			367	191
			367	192
			367	193
			367	194
			367	195
			367	196
			367	197
			367	198
			367	199
			367	200
			367	201
			367	202
			367	203
			367	204
			367	205
			367	206
			367	207
			367	208
			366	209
			366	210
			366	211
			366	212
			366	213
			366	214
			366	215
			366	216
			366	217
			366	218
			366	219
			365	220
			365	221
			365	222
			365	223
			365	224
			365	225
			365	226
			365	227
			364	228
			364	229
			364	230
			364	231
			364	232
			364	233
			364	234
			363	235
			363	236
			363	237
			363	238
			363	239
			363	240
			363	241
			362	242
			362	243
			362	244
			362	245
			362	246
			362	247
			361	248
			361	249
			361	250
			361	251
			361	252
			360	253
			360	254
			360	255
			360	256
			360	257
			359	258
			359	259
			359	260
			359	261
			359	262
			358	263
			358	264
			358	265
			358	266
			357	267
			357	268
			357	269
			357	270
			357	271
			356	272
			356	273
			356	274
			356	275
			355	276
			355	277
			355	278
			355	279
			355	280
			354	281
			354	282
			354	283
			354	284
			353	285
			353	286
			353	287
			353	288
			352	288
			352	289
			352	290
			352	291
			351	292
			351	293
			351	294
			351	295
			350	296
			350	297
			350	298
			350	299
			349	300
			349	301
			349	302
			348	303
			348	304
			348	305
			347	306
			347	307
			347	308
			347	309
			346	310
			346	311
			346	312
			345	313
			345	314
			345	315
			344	316
			344	317
			343	318
			343	319
			343	320
			342	320
			342	321
			342	322
			341	323
			341	324
			340	325
			340	326
			339	327
			339	328
			338	329
			338	330
			338	331
			337	331
			337	332
			337	333
			336	334
			336	335
			335	335
			335	336
			335	337
			334	338
			334	339
			333	340
			333	341
			332	342
			332	343
			331	344
			331	345
			330	346
			330	347
			330	348
			329	349
			328	350
			328	351
			327	352
			327	353
			326	354
			326	355
			326	356
			325	357
			324	358
			324	359
			324	360
			323	361
			323	362
			322	363
			322	364
			321	365
			321	366
			320	367
			320	368
			319	368
			319	369
			319	370
			318	371
			318	372
			317	372
			317	373
			317	374
			316	375
			316	376
			315	377
			315	378
			314	379
			314	380
			313	381
			313	382
			312	382
			312	383
			312	384
			311	385
			311	386
			310	387
			309	388
			309	389
			308	390
			308	391
			307	392
			307	393
			306	394
			306	395
			305	396
			305	397
			304	397
			304	398
			304	399
			303	400
			303	401
			302	402
			301	403
			301	404
			300	405
			300	406
			299	407
			299	408
			298	409
			297	410
			297	411
			296	412
			295	413
			295	414
			294	415
			294	416
			293	417
			292	418
			292	419
			291	420
			291	419
			291	418
			291	417
			291	416
			291	415
			291	414
			291	413
			291	412
			292	411
			292	410
			292	409
			292	408
			292	407
			292	406
			292	405
			292	404
			292	403
			292	402
			292	401
			292	400
			292	399
			292	398
			292	397
			292	396
			292	395
			292	394
			293	393
			293	392
			293	391
			293	390
			293	389
			293	388
			293	387
			293	386
			293	385
			293	384
			293	383
			293	382
			293	381
			293	380
			293	379
			293	378
			293	377
			293	376
			293	375
			294	374
			294	373
			294	372
			294	371
			294	370
			294	369
			294	368
			294	367
			294	366
			294	365
			294	364
			294	363
			294	362
			294	361
			294	360
			294	359
			294	358
			294	357
			294	356
			294	355
			294	354
			294	353
			294	352
			294	351
			294	350
			295	350
			295	349
			295	348
			295	347
			295	346
			295	345
			295	344
			295	343
			295	342
			295	341
			295	340
			295	339
			295	338
			295	337
			295	336
			295	335
			295	334
			295	333
			295	332
			295	331
			295	330
			295	329
			295	328
			295	327
			295	326
			295	325
			296	324
			296	323
			296	322
			296	321
			296	320
			296	319
			296	318
			296	317
			296	316
			296	315
			296	314
			296	313
			296	312
			296	311
			296	310
			296	309
			296	308
			296	307
			296	306
			296	305
			296	304
			296	303
			296	302
			296	301
			296	300
			296	299
			296	298
			296	297
			296	296
			295	295
			295	294
			295	293
			295	292
			295	291
			295	290
			295	289
			295	288
			295	287
			295	286
			295	285
			295	284
			295	283
			295	282
			294	281
			294	280
			294	279
			294	278
			294	277
			294	276
			294	275
			294	274
			294	273
			293	272
			293	271
			293	270
			293	269
			293	268
			293	267
			292	266
			292	265
			292	264
			292	263
			292	262
			291	261
			291	260
			291	259
			291	258
			291	257
			291	256
			290	255
			290	254
			290	253
			289	252
			289	251
			289	250
			289	249
			288	248
			288	247
			288	246
			287	245
			287	244
			286	243
			286	242
			285	241
			285	240
			284	239
			284	238
			283	237
			283	236
			282	235
			282	234
			281	233
			281	232
			280	231
			279	230
			279	229
			278	229
			278	228
			277	227
			276	226
			276	225
			275	225
			274	224
			274	223
			273	222
			272	222
			271	221
			271	220
			270	220
			269	219
		</suture>
		<anterior type=matrix rownames=FALSE colnames=FALSE nrow=286 ncol=2 as.numeric=TRUE >
			188	14
			189	14
			190	14
			191	14
			192	14
			193	14
			194	14
			195	14
			196	14
			197	14
			198	14
			199	14
			200	14
			201	14
			202	14
			203	14
			204	14
			205	15
			206	15
			207	15
			208	15
			209	15
			210	15
			211	15
			212	16
			213	16
			214	16
			215	16
			216	16
			217	17
			218	17
			219	17
			220	17
			221	17
			222	18
			223	18
			224	18
			225	18
			226	19
			227	19
			228	19
			229	19
			230	20
			231	20
			232	20
			233	21
			234	21
			235	21
			236	21
			237	22
			238	22
			239	22
			240	23
			241	23
			242	23
			243	24
			244	24
			245	24
			246	25
			247	25
			248	26
			249	26
			250	26
			251	27
			252	27
			253	28
			254	28
			255	28
			256	29
			257	29
			258	30
			259	30
			260	30
			261	31
			262	31
			263	32
			264	32
			265	32
			266	33
			267	33
			267	34
			268	34
			269	34
			270	35
			271	35
			272	36
			273	36
			274	37
			275	37
			276	38
			277	38
			278	39
			279	39
			280	39
			281	40
			282	40
			283	41
			284	41
			285	42
			286	43
			287	43
			288	44
			288	45
			289	45
			290	46
			291	47
			292	47
			292	48
			293	48
			294	49
			295	50
			296	50
			296	51
			297	52
			298	52
			299	53
			300	54
			301	55
			302	56
			303	57
			304	58
			305	58
			306	59
			307	60
			308	61
			309	61
			309	62
			310	63
			311	64
			312	64
			313	65
			313	66
			314	67
			315	67
			316	68
			316	69
			317	70
			318	70
			319	71
			319	72
			320	73
			321	73
			322	74
			322	75
			323	76
			324	76
			324	77
			325	78
			326	79
			327	80
			328	81
			329	82
			329	83
			330	84
			331	85
			332	86
			333	87
			334	88
			335	89
			335	90
			336	91
			336	92
			337	92
			337	93
			338	94
			338	95
			339	96
			340	97
			341	98
			341	99
			342	100
			342	101
			343	102
			344	103
			344	104
			345	105
			345	106
			346	107
			346	108
			347	109
			347	110
			348	111
			348	112
			349	113
			349	114
			349	115
			350	116
			350	117
			351	118
			351	119
			352	120
			352	121
			352	122
			353	123
			353	124
			354	125
			354	126
			354	127
			355	128
			355	129
			355	130
			356	131
			356	132
			356	133
			357	134
			357	135
			357	136
			358	137
			358	138
			358	139
			359	140
			359	141
			359	142
			360	143
			360	144
			360	145
			360	146
			361	147
			361	148
			361	149
			361	150
			362	151
			362	152
			362	153
			362	154
			363	155
			363	156
			363	157
			363	158
			363	159
			364	159
			364	160
			364	161
			364	162
			364	163
			365	164
			365	165
			365	166
			365	167
			365	168
			365	169
			365	170
			366	171
			366	172
			366	173
			366	174
			366	175
			366	176
			366	177
			366	178
			367	179
			367	180
			367	181
			367	182
			367	183
			367	184
			367	185
			367	186
			367	187
			367	188
			367	189
			367	190
			367	191
			367	192
			367	193
			367	194
			367	195
			367	196
			367	197
			367	198
			367	199
			367	200
			367	201
			367	202
			367	203
			367	204
			367	205
			367	206
			367	207
			366	208
			366	209
			366	210
			366	211
			366	212
			366	213
			366	214
		</anterior>
		<posterior type=matrix rownames=FALSE colnames=FALSE nrow=503 ncol=2 as.numeric=TRUE >
			188	213
			189	213
			190	213
			191	213
			192	213
			192	214
			193	214
			194	214
			195	214
			196	214
			197	214
			198	214
			199	214
			200	214
			201	214
			202	215
			203	215
			204	215
			205	215
			206	215
			207	215
			208	215
			209	215
			210	215
			211	215
			212	215
			213	216
			214	216
			215	216
			216	216
			217	216
			218	216
			219	216
			220	216
			221	216
			222	216
			223	216
			224	216
			225	216
			226	216
			227	216
			228	217
			229	217
			230	217
			231	217
			232	217
			233	217
			234	217
			235	217
			236	217
			237	217
			238	217
			239	217
			240	217
			241	217
			242	217
			243	217
			244	217
			245	217
			246	217
			247	217
			248	217
			249	217
			250	218
			251	218
			252	218
			253	218
			254	218
			255	218
			256	218
			257	218
			258	218
			259	219
			260	219
			261	219
			262	219
			263	219
			264	219
			265	219
			266	219
			267	219
			268	219
			269	219
			270	220
			271	220
			272	221
			272	222
			273	223
			274	224
			275	224
			276	225
			276	226
			277	227
			278	228
			279	229
			279	230
			280	231
			281	232
			281	233
			282	234
			282	235
			283	236
			284	237
			284	238
			285	239
			285	240
			286	241
			286	242
			286	243
			287	244
			287	245
			287	246
			288	247
			288	248
			288	249
			289	249
			289	250
			289	251
			290	252
			290	253
			290	254
			290	255
			290	256
			291	257
			291	258
			291	259
			291	260
			292	261
			292	262
			292	263
			292	264
			292	265
			292	266
			293	267
			293	268
			293	269
			293	270
			293	271
			293	272
			294	273
			294	274
			294	275
			294	276
			294	277
			294	278
			294	279
			294	280
			294	281
			295	282
			295	283
			295	284
			295	285
			295	286
			295	287
			295	288
			295	289
			295	290
			295	291
			295	292
			295	293
			295	294
			296	295
			296	296
			296	297
			296	298
			296	299
			296	300
			296	301
			296	302
			296	303
			296	304
			296	305
			296	306
			296	307
			296	308
			296	309
			296	310
			296	311
			296	312
			296	313
			296	314
			296	315
			296	316
			296	317
			296	318
			296	319
			296	320
			296	321
			296	322
			296	323
			296	324
			295	325
			295	326
			295	327
			295	328
			295	329
			295	330
			295	331
			295	332
			295	333
			295	334
			295	335
			295	336
			295	337
			295	338
			295	339
			295	340
			295	341
			295	342
			295	343
			295	344
			295	345
			295	346
			295	347
			295	348
			295	349
			294	350
			294	351
			294	352
			294	353
			294	354
			294	355
			294	356
			294	357
			294	358
			294	359
			294	360
			294	361
			294	362
			294	363
			294	364
			294	365
			294	366
			294	367
			294	368
			294	369
			294	370
			294	371
			294	372
			294	373
			294	374
			293	375
			293	376
			293	377
			293	378
			293	379
			293	380
			293	381
			293	382
			293	383
			293	384
			293	385
			293	386
			293	387
			293	388
			293	389
			293	390
			293	391
			293	392
			293	393
			293	394
			292	395
			292	396
			292	397
			292	398
			292	399
			292	400
			292	401
			292	402
			292	403
			292	404
			292	405
			292	406
			292	407
			292	408
			292	409
			292	410
			292	411
			292	412
			291	412
			291	413
			291	414
			291	415
			291	416
			291	417
			291	418
			291	419
			291	420
			292	419
			292	418
			293	417
			293	416
			294	415
			295	414
			295	413
			296	412
			297	411
			297	410
			298	409
			298	408
			299	407
			300	406
			300	405
			301	404
			301	403
			302	402
			302	401
			303	400
			304	399
			304	398
			305	397
			305	396
			306	395
			306	394
			307	393
			307	392
			308	392
			308	391
			308	390
			309	390
			309	389
			309	388
			310	387
			311	386
			311	385
			312	384
			312	383
			312	382
			313	381
			313	380
			314	379
			314	378
			315	377
			316	376
			316	375
			317	374
			317	373
			318	372
			318	371
			319	370
			319	369
			320	368
			320	367
			320	366
			321	365
			322	364
			322	363
			323	362
			323	361
			324	360
			324	359
			324	358
			325	357
			326	356
			326	355
			327	354
			327	353
			328	352
			328	351
			328	350
			329	349
			329	348
			330	347
			330	346
			331	346
			331	345
			331	344
			332	343
			332	342
			333	341
			333	340
			334	339
			334	338
			335	337
			335	336
			336	335
			336	334
			337	333
			337	332
			338	331
			338	330
			339	329
			339	328
			340	327
			340	326
			340	325
			341	324
			341	323
			342	322
			342	321
			342	320
			343	320
			343	319
			344	318
			344	317
			344	316
			345	315
			345	314
			345	313
			345	312
			346	312
			346	311
			346	310
			346	309
			347	309
			347	308
			347	307
			347	306
			348	306
			348	305
			348	304
			348	303
			349	302
			349	301
			349	300
			349	299
			350	298
			350	297
			350	296
			351	295
			351	294
			351	293
			352	292
			352	291
			352	290
			352	289
			353	288
			353	287
			353	286
			353	285
			354	284
			354	283
			354	282
			355	281
			355	280
			355	279
			355	278
			355	277
			356	276
			356	275
			356	274
			356	273
			357	272
			357	271
			357	270
			357	269
			358	268
			358	267
			358	266
			358	265
			359	264
			359	263
			359	262
			359	261
			359	260
			360	259
			360	258
			360	257
			360	256
			361	255
			361	254
			361	253
			361	252
			361	251
			362	250
			362	249
			362	248
			362	247
			362	246
			362	245
			363	244
			363	243
			363	242
			363	241
			363	240
			363	239
			364	238
			364	237
			364	236
			364	235
			364	234
			364	233
			364	232
			364	231
			365	231
			365	230
			365	229
			365	228
			365	227
			365	226
			365	225
			365	224
			365	223
			365	222
			365	221
			366	221
			366	220
			366	219
			366	218
			366	217
			366	216
			366	215
			366	214
		</posterior>
	</curves.pixel>
	<curves.scaled type=list>
		<glabella type=matrix rownames=FALSE colnames=FALSE nrow=120 ncol=2 as.numeric=TRUE >
			1.4029460089531	-0.791022749728874
			1.41040848772412	-0.791022749728874
			1.41787096649515	-0.791022749728874
			1.42533344526618	-0.798485228499901
			1.43279592403721	-0.798485228499901
			1.44025840280823	-0.798485228499901
			1.44025840280823	-0.805947707270928
			1.44772088157926	-0.805947707270928
			1.45518336035029	-0.805947707270928
			1.46264583912131	-0.813410186041955
			1.47010831789234	-0.813410186041955
			1.47757079666337	-0.820872664812982
			1.4850332754344	-0.828335143584009
			1.49249575420542	-0.835797622355036
			1.49995823297645	-0.835797622355036
			1.49995823297645	-0.843260101126064
			1.50742071174748	-0.850722579897091
			1.5148831905185	-0.850722579897091
			1.52234566928953	-0.858185058668118
			1.52234566928953	-0.865647537439145
			1.52980814806056	-0.873110016210172
			1.53727062683158	-0.880572494981199
			1.53727062683158	-0.888034973752226
			1.54473310560261	-0.895497452523253
			1.54473310560261	-0.90295993129428
			1.55219558437364	-0.910422410065308
			1.55965806314467	-0.917884888836335
			1.55965806314467	-0.925347367607362
			1.56712054191569	-0.932809846378389
			1.56712054191569	-0.940272325149416
			1.56712054191569	-0.947734803920443
			1.56712054191569	-0.95519728269147
			1.57458302068672	-0.95519728269147
			1.57458302068672	-0.962659761462497
			1.57458302068672	-0.970122240233524
			1.58204549945775	-0.977584719004552
			1.58204549945775	-0.985047197775579
			1.58204549945775	-0.992509676546606
			1.58204549945775	-0.999972155317633
			1.58950797822877	-1.00743463408866
			1.58950797822877	-1.01489711285969
			1.58950797822877	-1.02235959163071
			1.58950797822877	-1.02982207040174
			1.58950797822877	-1.03728454917277
			1.5969704569998	-1.0447470279438
			1.5969704569998	-1.05220950671482
			1.5969704569998	-1.05967198548585
			1.5969704569998	-1.06713446425688
			1.60443293577083	-1.0745969430279
			1.60443293577083	-1.08205942179893
			1.60443293577083	-1.08952190056996
			1.60443293577083	-1.09698437934099
			1.61189541454186	-1.10444685811201
			1.61189541454186	-1.11190933688304
			1.61189541454186	-1.11937181565407
			1.61935789331288	-1.12683429442509
			1.61935789331288	-1.13429677319612
			1.61935789331288	-1.14175925196715
			1.61935789331288	-1.14922173073818
			1.62682037208391	-1.1566842095092
			1.62682037208391	-1.16414668828023
			1.62682037208391	-1.17160916705126
			1.63428285085494	-1.17907164582228
			1.63428285085494	-1.18653412459331
			1.63428285085494	-1.19399660336434
			1.63428285085494	-1.20145908213536
			1.64174532962596	-1.20892156090639
			1.64174532962596	-1.21638403967742
			1.64174532962596	-1.22384651844845
			1.64174532962596	-1.23130899721947
			1.64174532962596	-1.2387714759905
			1.64174532962596	-1.24623395476153
			1.64174532962596	-1.25369643353255
			1.64174532962596	-1.26115891230358
			1.64174532962596	-1.26862139107461
			1.64174532962596	-1.27608386984564
			1.64174532962596	-1.28354634861666
			1.63428285085494	-1.29100882738769
			1.63428285085494	-1.29847130615872
			1.63428285085494	-1.30593378492974
			1.63428285085494	-1.31339626370077
			1.64174532962596	-1.3208587424718
			1.64174532962596	-1.32832122124283
			1.64174532962596	-1.33578370001385
			1.64174532962596	-1.34324617878488
			1.64920780839699	-1.34324617878488
			1.64920780839699	-1.35070865755591
			1.64920780839699	-1.35817113632693
			1.64920780839699	-1.36563361509796
			1.64920780839699	-1.37309609386899
			1.64920780839699	-1.38055857264002
			1.65667028716802	-1.38055857264002
			1.65667028716802	-1.38802105141104
			1.65667028716802	-1.39548353018207
			1.65667028716802	-1.4029460089531
			1.65667028716802	-1.41040848772412
			1.65667028716802	-1.41787096649515
			1.65667028716802	-1.42533344526618
			1.65667028716802	-1.43279592403721
			1.66413276593905	-1.44025840280823
			1.66413276593905	-1.44772088157926
			1.66413276593905	-1.45518336035029
			1.66413276593905	-1.46264583912131
			1.66413276593905	-1.47010831789234
			1.66413276593905	-1.47757079666337
			1.66413276593905	-1.4850332754344
			1.65667028716802	-1.4850332754344
			1.65667028716802	-1.49249575420542
			1.64920780839699	-1.49995823297645
			1.64920780839699	-1.50742071174748
			1.64174532962596	-1.5148831905185
			1.64174532962596	-1.52234566928953
			1.63428285085494	-1.52980814806056
			1.62682037208391	-1.53727062683158
			1.62682037208391	-1.54473310560261
			1.61935789331288	-1.55219558437364
			1.61189541454186	-1.55965806314467
			1.61189541454186	-1.56712054191569
			1.61189541454186	-1.57458302068672
			1.60443293577083	-1.58204549945775
		</glabella>
		<suture type=matrix rownames=FALSE colnames=FALSE nrow=711 ncol=2 as.numeric=TRUE >
			1.4029460089531	-0.10447470279438
			1.41040848772412	-0.10447470279438
			1.41787096649515	-0.10447470279438
			1.42533344526618	-0.10447470279438
			1.43279592403721	-0.10447470279438
			1.44025840280823	-0.10447470279438
			1.44772088157926	-0.10447470279438
			1.45518336035029	-0.10447470279438
			1.46264583912131	-0.10447470279438
			1.47010831789234	-0.10447470279438
			1.47757079666337	-0.10447470279438
			1.4850332754344	-0.10447470279438
			1.49249575420542	-0.10447470279438
			1.49995823297645	-0.10447470279438
			1.50742071174748	-0.10447470279438
			1.5148831905185	-0.10447470279438
			1.52234566928953	-0.10447470279438
			1.52234566928953	-0.111937181565407
			1.52980814806056	-0.111937181565407
			1.53727062683158	-0.111937181565407
			1.54473310560261	-0.111937181565407
			1.55219558437364	-0.111937181565407
			1.55965806314467	-0.111937181565407
			1.56712054191569	-0.111937181565407
			1.57458302068672	-0.111937181565407
			1.58204549945775	-0.119399660336434
			1.58950797822877	-0.119399660336434
			1.5969704569998	-0.119399660336434
			1.60443293577083	-0.119399660336434
			1.61189541454186	-0.119399660336434
			1.61935789331288	-0.126862139107461
			1.62682037208391	-0.126862139107461
			1.63428285085494	-0.126862139107461
			1.64174532962596	-0.126862139107461
			1.64920780839699	-0.126862139107461
			1.65667028716802	-0.134324617878488
			1.66413276593905	-0.134324617878488
			1.67159524471007	-0.134324617878488
			1.6790577234811	-0.134324617878488
			1.68652020225213	-0.141787096649515
			1.69398268102315	-0.141787096649515
			1.70144515979418	-0.141787096649515
			1.70890763856521	-0.141787096649515
			1.71637011733624	-0.149249575420542
			1.72383259610726	-0.149249575420542
			1.73129507487829	-0.149249575420542
			1.73875755364932	-0.156712054191569
			1.74622003242034	-0.156712054191569
			1.75368251119137	-0.156712054191569
			1.7611449899624	-0.156712054191569
			1.76860746873343	-0.164174532962596
			1.77606994750445	-0.164174532962596
			1.78353242627548	-0.164174532962596
			1.79099490504651	-0.171637011733624
			1.79845738381753	-0.171637011733624
			1.80591986258856	-0.171637011733624
			1.81338234135959	-0.179099490504651
			1.82084482013062	-0.179099490504651
			1.82830729890164	-0.179099490504651
			1.83576977767267	-0.186561969275678
			1.8432322564437	-0.186561969275678
			1.85069473521472	-0.194024448046705
			1.85815721398575	-0.194024448046705
			1.86561969275678	-0.194024448046705
			1.8730821715278	-0.201486926817732
			1.88054465029883	-0.201486926817732
			1.88800712906986	-0.201486926817732
			1.89546960784089	-0.208949405588759
			1.90293208661191	-0.208949405588759
			1.91039456538294	-0.216411884359786
			1.91785704415397	-0.216411884359786
			1.92531952292499	-0.223874363130813
			1.93278200169602	-0.223874363130813
			1.94024448046705	-0.223874363130813
			1.94770695923808	-0.23133684190184
			1.9551694380091	-0.23133684190184
			1.96263191678013	-0.23133684190184
			1.96263191678013	-0.238799320672868
			1.97009439555116	-0.238799320672868
			1.97755687432218	-0.238799320672868
			1.97755687432218	-0.246261799443895
			1.98501935309321	-0.246261799443895
			1.99248183186424	-0.246261799443895
			1.99248183186424	-0.253724278214922
			1.99994431063527	-0.253724278214922
			2.00740678940629	-0.253724278214922
			2.01486926817732	-0.261186756985949
			2.02233174694835	-0.261186756985949
			2.02979422571937	-0.268649235756976
			2.0372567044904	-0.268649235756976
			2.04471918326143	-0.268649235756976
			2.04471918326143	-0.276111714528003
			2.05218166203246	-0.276111714528003
			2.05964414080348	-0.28357419329903
			2.06710661957451	-0.28357419329903
			2.07456909834554	-0.28357419329903
			2.08203157711656	-0.291036672070057
			2.08949405588759	-0.298499150841084
			2.09695653465862	-0.298499150841084
			2.10441901342965	-0.305961629612112
			2.11188149220067	-0.305961629612112
			2.1193439709717	-0.313424108383139
			2.12680644974273	-0.313424108383139
			2.13426892851375	-0.320886587154166
			2.14173140728478	-0.320886587154166
			2.14919388605581	-0.328349065925193
			2.14919388605581	-0.33581154469622
			2.15665636482683	-0.33581154469622
			2.16411884359786	-0.343274023467247
			2.17158132236889	-0.350736502238274
			2.17904380113992	-0.350736502238274
			2.17904380113992	-0.358198981009301
			2.18650627991094	-0.358198981009301
			2.19396875868197	-0.365661459780328
			2.201431237453	-0.373123938551356
			2.20889371622402	-0.373123938551356
			2.20889371622402	-0.380586417322383
			2.21635619499505	-0.38804889609341
			2.22381867376608	-0.38804889609341
			2.23128115253711	-0.395511374864437
			2.23128115253711	-0.402973853635464
			2.23874363130813	-0.402973853635464
			2.24620611007916	-0.410436332406491
			2.25366858885019	-0.410436332406491
			2.25366858885019	-0.417898811177518
			2.26113106762121	-0.425361289948545
			2.26859354639224	-0.425361289948545
			2.27605602516327	-0.432823768719572
			2.27605602516327	-0.4402862474906
			2.2835185039343	-0.4402862474906
			2.29098098270532	-0.447748726261627
			2.29844346147635	-0.455211205032654
			2.30590594024738	-0.462673683803681
			2.3133684190184	-0.470136162574708
			2.32083089778943	-0.470136162574708
			2.32083089778943	-0.477598641345735
			2.32829337656046	-0.485061120116762
			2.33575585533149	-0.492523598887789
			2.34321833410251	-0.492523598887789
			2.35068081287354	-0.499986077658816
			2.35068081287354	-0.507448556429844
			2.35814329164457	-0.514911035200871
			2.36560577041559	-0.514911035200871
			2.37306824918662	-0.522373513971898
			2.37306824918662	-0.529835992742925
			2.38053072795765	-0.537298471513952
			2.38799320672868	-0.537298471513952
			2.38799320672868	-0.544760950284979
			2.3954556854997	-0.552223429056006
			2.40291816427073	-0.552223429056006
			2.41038064304176	-0.559685907827033
			2.41038064304176	-0.56714838659806
			2.41784312181278	-0.574610865369088
			2.42530560058381	-0.574610865369088
			2.42530560058381	-0.582073344140115
			2.43276807935484	-0.589535822911142
			2.44023055812587	-0.596998301682169
			2.44769303689689	-0.604460780453196
			2.45515551566792	-0.611923259224223
			2.45515551566792	-0.61938573799525
			2.46261799443895	-0.626848216766277
			2.47008047320997	-0.634310695537304
			2.477542951981	-0.641773174308332
			2.48500543075203	-0.649235653079359
			2.49246790952306	-0.656698131850386
			2.49993038829408	-0.664160610621413
			2.49993038829408	-0.67162308939244
			2.50739286706511	-0.679085568163467
			2.51485534583614	-0.686548046934494
			2.51485534583614	-0.694010525705521
			2.52231782460716	-0.701473004476548
			2.52978030337819	-0.708935483247575
			2.53724278214922	-0.716397962018603
			2.53724278214922	-0.72386044078963
			2.53724278214922	-0.731322919560657
			2.54470526092024	-0.738785398331684
			2.55216773969127	-0.746247877102711
			2.55216773969127	-0.753710355873738
			2.5596302184623	-0.761172834644765
			2.5596302184623	-0.768635313415792
			2.56709269723333	-0.77609779218682
			2.57455517600435	-0.783560270957847
			2.57455517600435	-0.791022749728874
			2.58201765477538	-0.798485228499901
			2.58948013354641	-0.805947707270928
			2.58948013354641	-0.813410186041955
			2.58948013354641	-0.820872664812982
			2.59694261231743	-0.828335143584009
			2.59694261231743	-0.835797622355036
			2.60440509108846	-0.843260101126064
			2.60440509108846	-0.850722579897091
			2.61186756985949	-0.858185058668118
			2.61186756985949	-0.865647537439145
			2.61186756985949	-0.873110016210172
			2.61933004863052	-0.880572494981199
			2.61933004863052	-0.888034973752226
			2.62679252740154	-0.895497452523253
			2.62679252740154	-0.90295993129428
			2.62679252740154	-0.910422410065308
			2.63425500617257	-0.917884888836335
			2.63425500617257	-0.925347367607362
			2.6417174849436	-0.932809846378389
			2.6417174849436	-0.940272325149416
			2.6417174849436	-0.947734803920443
			2.64917996371462	-0.95519728269147
			2.64917996371462	-0.962659761462497
			2.64917996371462	-0.970122240233524
			2.65664244248565	-0.977584719004552
			2.65664244248565	-0.985047197775579
			2.65664244248565	-0.992509676546606
			2.66410492125668	-0.999972155317633
			2.66410492125668	-1.00743463408866
			2.66410492125668	-1.01489711285969
			2.67156740002771	-1.02235959163071
			2.67156740002771	-1.02982207040174
			2.67156740002771	-1.03728454917277
			2.67902987879873	-1.0447470279438
			2.67902987879873	-1.05220950671482
			2.67902987879873	-1.05967198548585
			2.68649235756976	-1.06713446425688
			2.68649235756976	-1.0745969430279
			2.68649235756976	-1.08205942179893
			2.68649235756976	-1.08952190056996
			2.69395483634079	-1.09698437934099
			2.69395483634079	-1.10444685811201
			2.69395483634079	-1.11190933688304
			2.69395483634079	-1.11937181565407
			2.70141731511181	-1.12683429442509
			2.70141731511181	-1.13429677319612
			2.70141731511181	-1.14175925196715
			2.70887979388284	-1.14922173073818
			2.70887979388284	-1.1566842095092
			2.70887979388284	-1.16414668828023
			2.70887979388284	-1.17160916705126
			2.70887979388284	-1.17907164582228
			2.71634227265387	-1.18653412459331
			2.71634227265387	-1.19399660336434
			2.71634227265387	-1.20145908213536
			2.71634227265387	-1.20892156090639
			2.71634227265387	-1.21638403967742
			2.7238047514249	-1.22384651844845
			2.7238047514249	-1.23130899721947
			2.7238047514249	-1.2387714759905
			2.7238047514249	-1.24623395476153
			2.7238047514249	-1.25369643353255
			2.7238047514249	-1.26115891230358
			2.7238047514249	-1.26862139107461
			2.73126723019592	-1.27608386984564
			2.73126723019592	-1.28354634861666
			2.73126723019592	-1.29100882738769
			2.73126723019592	-1.29847130615872
			2.73126723019592	-1.30593378492974
			2.73126723019592	-1.31339626370077
			2.73126723019592	-1.3208587424718
			2.73126723019592	-1.32832122124283
			2.73126723019592	-1.33578370001385
			2.73872970896695	-1.34324617878488
			2.73872970896695	-1.35070865755591
			2.73872970896695	-1.35817113632693
			2.73872970896695	-1.36563361509796
			2.73872970896695	-1.37309609386899
			2.73872970896695	-1.38055857264002
			2.73872970896695	-1.38802105141104
			2.73872970896695	-1.39548353018207
			2.73872970896695	-1.4029460089531
			2.73872970896695	-1.41040848772412
			2.73872970896695	-1.41787096649515
			2.73872970896695	-1.42533344526618
			2.73872970896695	-1.43279592403721
			2.73872970896695	-1.44025840280823
			2.73872970896695	-1.44772088157926
			2.73872970896695	-1.45518336035029
			2.73872970896695	-1.46264583912131
			2.73872970896695	-1.47010831789234
			2.73872970896695	-1.47757079666337
			2.73872970896695	-1.4850332754344
			2.73872970896695	-1.49249575420542
			2.73872970896695	-1.49995823297645
			2.73872970896695	-1.50742071174748
			2.73872970896695	-1.5148831905185
			2.73872970896695	-1.52234566928953
			2.73872970896695	-1.52980814806056
			2.73872970896695	-1.53727062683158
			2.73872970896695	-1.54473310560261
			2.73872970896695	-1.55219558437364
			2.73126723019592	-1.55965806314467
			2.73126723019592	-1.56712054191569
			2.73126723019592	-1.57458302068672
			2.73126723019592	-1.58204549945775
			2.73126723019592	-1.58950797822877
			2.73126723019592	-1.5969704569998
			2.73126723019592	-1.60443293577083
			2.73126723019592	-1.61189541454186
			2.73126723019592	-1.61935789331288
			2.73126723019592	-1.62682037208391
			2.73126723019592	-1.63428285085494
			2.7238047514249	-1.64174532962596
			2.7238047514249	-1.64920780839699
			2.7238047514249	-1.65667028716802
			2.7238047514249	-1.66413276593905
			2.7238047514249	-1.67159524471007
			2.7238047514249	-1.6790577234811
			2.7238047514249	-1.68652020225213
			2.7238047514249	-1.69398268102315
			2.71634227265387	-1.70144515979418
			2.71634227265387	-1.70890763856521
			2.71634227265387	-1.71637011733624
			2.71634227265387	-1.72383259610726
			2.71634227265387	-1.73129507487829
			2.71634227265387	-1.73875755364932
			2.71634227265387	-1.74622003242034
			2.70887979388284	-1.75368251119137
			2.70887979388284	-1.7611449899624
			2.70887979388284	-1.76860746873343
			2.70887979388284	-1.77606994750445
			2.70887979388284	-1.78353242627548
			2.70887979388284	-1.79099490504651
			2.70887979388284	-1.79845738381753
			2.70141731511181	-1.80591986258856
			2.70141731511181	-1.81338234135959
			2.70141731511181	-1.82084482013062
			2.70141731511181	-1.82830729890164
			2.70141731511181	-1.83576977767267
			2.70141731511181	-1.8432322564437
			2.69395483634079	-1.85069473521472
			2.69395483634079	-1.85815721398575
			2.69395483634079	-1.86561969275678
			2.69395483634079	-1.8730821715278
			2.69395483634079	-1.88054465029883
			2.68649235756976	-1.88800712906986
			2.68649235756976	-1.89546960784089
			2.68649235756976	-1.90293208661191
			2.68649235756976	-1.91039456538294
			2.68649235756976	-1.91785704415397
			2.67902987879873	-1.92531952292499
			2.67902987879873	-1.93278200169602
			2.67902987879873	-1.94024448046705
			2.67902987879873	-1.94770695923808
			2.67902987879873	-1.9551694380091
			2.67156740002771	-1.96263191678013
			2.67156740002771	-1.97009439555116
			2.67156740002771	-1.97755687432218
			2.67156740002771	-1.98501935309321
			2.66410492125668	-1.99248183186424
			2.66410492125668	-1.99994431063527
			2.66410492125668	-2.00740678940629
			2.66410492125668	-2.01486926817732
			2.66410492125668	-2.02233174694835
			2.65664244248565	-2.02979422571937
			2.65664244248565	-2.0372567044904
			2.65664244248565	-2.04471918326143
			2.65664244248565	-2.05218166203246
			2.64917996371462	-2.05964414080348
			2.64917996371462	-2.06710661957451
			2.64917996371462	-2.07456909834554
			2.64917996371462	-2.08203157711656
			2.64917996371462	-2.08949405588759
			2.6417174849436	-2.09695653465862
			2.6417174849436	-2.10441901342965
			2.6417174849436	-2.11188149220067
			2.6417174849436	-2.1193439709717
			2.63425500617257	-2.12680644974273
			2.63425500617257	-2.13426892851375
			2.63425500617257	-2.14173140728478
			2.63425500617257	-2.14919388605581
			2.62679252740154	-2.14919388605581
			2.62679252740154	-2.15665636482683
			2.62679252740154	-2.16411884359786
			2.62679252740154	-2.17158132236889
			2.61933004863052	-2.17904380113992
			2.61933004863052	-2.18650627991094
			2.61933004863052	-2.19396875868197
			2.61933004863052	-2.201431237453
			2.61186756985949	-2.20889371622402
			2.61186756985949	-2.21635619499505
			2.61186756985949	-2.22381867376608
			2.61186756985949	-2.23128115253711
			2.60440509108846	-2.23874363130813
			2.60440509108846	-2.24620611007916
			2.60440509108846	-2.25366858885019
			2.59694261231743	-2.26113106762121
			2.59694261231743	-2.26859354639224
			2.59694261231743	-2.27605602516327
			2.58948013354641	-2.2835185039343
			2.58948013354641	-2.29098098270532
			2.58948013354641	-2.29844346147635
			2.58948013354641	-2.30590594024738
			2.58201765477538	-2.3133684190184
			2.58201765477538	-2.32083089778943
			2.58201765477538	-2.32829337656046
			2.57455517600435	-2.33575585533149
			2.57455517600435	-2.34321833410251
			2.57455517600435	-2.35068081287354
			2.56709269723333	-2.35814329164457
			2.56709269723333	-2.36560577041559
			2.5596302184623	-2.37306824918662
			2.5596302184623	-2.38053072795765
			2.5596302184623	-2.38799320672868
			2.55216773969127	-2.38799320672868
			2.55216773969127	-2.3954556854997
			2.55216773969127	-2.40291816427073
			2.54470526092024	-2.41038064304176
			2.54470526092024	-2.41784312181278
			2.53724278214922	-2.42530560058381
			2.53724278214922	-2.43276807935484
			2.52978030337819	-2.44023055812587
			2.52978030337819	-2.44769303689689
			2.52231782460716	-2.45515551566792
			2.52231782460716	-2.46261799443895
			2.52231782460716	-2.47008047320997
			2.51485534583614	-2.47008047320997
			2.51485534583614	-2.477542951981
			2.51485534583614	-2.48500543075203
			2.50739286706511	-2.49246790952306
			2.50739286706511	-2.49993038829408
			2.49993038829408	-2.49993038829408
			2.49993038829408	-2.50739286706511
			2.49993038829408	-2.51485534583614
			2.49246790952306	-2.52231782460716
			2.49246790952306	-2.52978030337819
			2.48500543075203	-2.53724278214922
			2.48500543075203	-2.54470526092024
			2.477542951981	-2.55216773969127
			2.477542951981	-2.5596302184623
			2.47008047320997	-2.56709269723333
			2.47008047320997	-2.57455517600435
			2.46261799443895	-2.58201765477538
			2.46261799443895	-2.58948013354641
			2.46261799443895	-2.59694261231743
			2.45515551566792	-2.60440509108846
			2.44769303689689	-2.61186756985949
			2.44769303689689	-2.61933004863052
			2.44023055812587	-2.62679252740154
			2.44023055812587	-2.63425500617257
			2.43276807935484	-2.6417174849436
			2.43276807935484	-2.64917996371462
			2.43276807935484	-2.65664244248565
			2.42530560058381	-2.66410492125668
			2.41784312181278	-2.67156740002771
			2.41784312181278	-2.67902987879873
			2.41784312181278	-2.68649235756976
			2.41038064304176	-2.69395483634079
			2.41038064304176	-2.70141731511181
			2.40291816427073	-2.70887979388284
			2.40291816427073	-2.71634227265387
			2.3954556854997	-2.7238047514249
			2.3954556854997	-2.73126723019592
			2.38799320672868	-2.73872970896695
			2.38799320672868	-2.74619218773798
			2.38053072795765	-2.74619218773798
			2.38053072795765	-2.753654666509
			2.38053072795765	-2.76111714528003
			2.37306824918662	-2.76857962405106
			2.37306824918662	-2.77604210282209
			2.36560577041559	-2.77604210282209
			2.36560577041559	-2.78350458159311
			2.36560577041559	-2.79096706036414
			2.35814329164457	-2.79842953913517
			2.35814329164457	-2.80589201790619
			2.35068081287354	-2.81335449667722
			2.35068081287354	-2.82081697544825
			2.34321833410251	-2.82827945421927
			2.34321833410251	-2.8357419329903
			2.33575585533149	-2.84320441176133
			2.33575585533149	-2.85066689053236
			2.32829337656046	-2.85066689053236
			2.32829337656046	-2.85812936930338
			2.32829337656046	-2.86559184807441
			2.32083089778943	-2.87305432684544
			2.32083089778943	-2.88051680561646
			2.3133684190184	-2.88797928438749
			2.30590594024738	-2.89544176315852
			2.30590594024738	-2.90290424192955
			2.29844346147635	-2.91036672070057
			2.29844346147635	-2.9178291994716
			2.29098098270532	-2.92529167824263
			2.29098098270532	-2.93275415701365
			2.2835185039343	-2.94021663578468
			2.2835185039343	-2.94767911455571
			2.27605602516327	-2.95514159332674
			2.27605602516327	-2.96260407209776
			2.26859354639224	-2.96260407209776
			2.26859354639224	-2.97006655086879
			2.26859354639224	-2.97752902963982
			2.26113106762121	-2.98499150841084
			2.26113106762121	-2.99245398718187
			2.25366858885019	-2.9999164659529
			2.24620611007916	-3.00737894472393
			2.24620611007916	-3.01484142349495
			2.23874363130813	-3.02230390226598
			2.23874363130813	-3.02976638103701
			2.23128115253711	-3.03722885980803
			2.23128115253711	-3.04469133857906
			2.22381867376608	-3.05215381735009
			2.21635619499505	-3.05961629612112
			2.21635619499505	-3.06707877489214
			2.20889371622402	-3.07454125366317
			2.201431237453	-3.0820037324342
			2.201431237453	-3.08946621120522
			2.19396875868197	-3.09692868997625
			2.19396875868197	-3.10439116874728
			2.18650627991094	-3.11185364751831
			2.17904380113992	-3.11931612628933
			2.17904380113992	-3.12677860506036
			2.17158132236889	-3.13424108383139
			2.17158132236889	-3.12677860506036
			2.17158132236889	-3.11931612628933
			2.17158132236889	-3.11185364751831
			2.17158132236889	-3.10439116874728
			2.17158132236889	-3.09692868997625
			2.17158132236889	-3.08946621120522
			2.17158132236889	-3.0820037324342
			2.17158132236889	-3.07454125366317
			2.17904380113992	-3.06707877489214
			2.17904380113992	-3.05961629612112
			2.17904380113992	-3.05215381735009
			2.17904380113992	-3.04469133857906
			2.17904380113992	-3.03722885980803
			2.17904380113992	-3.02976638103701
			2.17904380113992	-3.02230390226598
			2.17904380113992	-3.01484142349495
			2.17904380113992	-3.00737894472393
			2.17904380113992	-2.9999164659529
			2.17904380113992	-2.99245398718187
			2.17904380113992	-2.98499150841084
			2.17904380113992	-2.97752902963982
			2.17904380113992	-2.97006655086879
			2.17904380113992	-2.96260407209776
			2.17904380113992	-2.95514159332674
			2.17904380113992	-2.94767911455571
			2.17904380113992	-2.94021663578468
			2.18650627991094	-2.93275415701365
			2.18650627991094	-2.92529167824263
			2.18650627991094	-2.9178291994716
			2.18650627991094	-2.91036672070057
			2.18650627991094	-2.90290424192955
			2.18650627991094	-2.89544176315852
			2.18650627991094	-2.88797928438749
			2.18650627991094	-2.88051680561646
			2.18650627991094	-2.87305432684544
			2.18650627991094	-2.86559184807441
			2.18650627991094	-2.85812936930338
			2.18650627991094	-2.85066689053236
			2.18650627991094	-2.84320441176133
			2.18650627991094	-2.8357419329903
			2.18650627991094	-2.82827945421927
			2.18650627991094	-2.82081697544825
			2.18650627991094	-2.81335449667722
			2.18650627991094	-2.80589201790619
			2.18650627991094	-2.79842953913517
			2.19396875868197	-2.79096706036414
			2.19396875868197	-2.78350458159311
			2.19396875868197	-2.77604210282209
			2.19396875868197	-2.76857962405106
			2.19396875868197	-2.76111714528003
			2.19396875868197	-2.753654666509
			2.19396875868197	-2.74619218773798
			2.19396875868197	-2.73872970896695
			2.19396875868197	-2.73126723019592
			2.19396875868197	-2.7238047514249
			2.19396875868197	-2.71634227265387
			2.19396875868197	-2.70887979388284
			2.19396875868197	-2.70141731511181
			2.19396875868197	-2.69395483634079
			2.19396875868197	-2.68649235756976
			2.19396875868197	-2.67902987879873
			2.19396875868197	-2.67156740002771
			2.19396875868197	-2.66410492125668
			2.19396875868197	-2.65664244248565
			2.19396875868197	-2.64917996371462
			2.19396875868197	-2.6417174849436
			2.19396875868197	-2.63425500617257
			2.19396875868197	-2.62679252740154
			2.19396875868197	-2.61933004863052
			2.19396875868197	-2.61186756985949
			2.201431237453	-2.61186756985949
			2.201431237453	-2.60440509108846
			2.201431237453	-2.59694261231743
			2.201431237453	-2.58948013354641
			2.201431237453	-2.58201765477538
			2.201431237453	-2.57455517600435
			2.201431237453	-2.56709269723333
			2.201431237453	-2.5596302184623
			2.201431237453	-2.55216773969127
			2.201431237453	-2.54470526092024
			2.201431237453	-2.53724278214922
			2.201431237453	-2.52978030337819
			2.201431237453	-2.52231782460716
			2.201431237453	-2.51485534583614
			2.201431237453	-2.50739286706511
			2.201431237453	-2.49993038829408
			2.201431237453	-2.49246790952306
			2.201431237453	-2.48500543075203
			2.201431237453	-2.477542951981
			2.201431237453	-2.47008047320997
			2.201431237453	-2.46261799443895
			2.201431237453	-2.45515551566792
			2.201431237453	-2.44769303689689
			2.201431237453	-2.44023055812587
			2.201431237453	-2.43276807935484
			2.201431237453	-2.42530560058381
			2.20889371622402	-2.41784312181278
			2.20889371622402	-2.41038064304176
			2.20889371622402	-2.40291816427073
			2.20889371622402	-2.3954556854997
			2.20889371622402	-2.38799320672868
			2.20889371622402	-2.38053072795765
			2.20889371622402	-2.37306824918662
			2.20889371622402	-2.36560577041559
			2.20889371622402	-2.35814329164457
			2.20889371622402	-2.35068081287354
			2.20889371622402	-2.34321833410251
			2.20889371622402	-2.33575585533149
			2.20889371622402	-2.32829337656046
			2.20889371622402	-2.32083089778943
			2.20889371622402	-2.3133684190184
			2.20889371622402	-2.30590594024738
			2.20889371622402	-2.29844346147635
			2.20889371622402	-2.29098098270532
			2.20889371622402	-2.2835185039343
			2.20889371622402	-2.27605602516327
			2.20889371622402	-2.26859354639224
			2.20889371622402	-2.26113106762121
			2.20889371622402	-2.25366858885019
			2.20889371622402	-2.24620611007916
			2.20889371622402	-2.23874363130813
			2.20889371622402	-2.23128115253711
			2.20889371622402	-2.22381867376608
			2.20889371622402	-2.21635619499505
			2.20889371622402	-2.20889371622402
			2.201431237453	-2.201431237453
			2.201431237453	-2.19396875868197
			2.201431237453	-2.18650627991094
			2.201431237453	-2.17904380113992
			2.201431237453	-2.17158132236889
			2.201431237453	-2.16411884359786
			2.201431237453	-2.15665636482683
			2.201431237453	-2.14919388605581
			2.201431237453	-2.14173140728478
			2.201431237453	-2.13426892851375
			2.201431237453	-2.12680644974273
			2.201431237453	-2.1193439709717
			2.201431237453	-2.11188149220067
			2.201431237453	-2.10441901342965
			2.19396875868197	-2.09695653465862
			2.19396875868197	-2.08949405588759
			2.19396875868197	-2.08203157711656
			2.19396875868197	-2.07456909834554
			2.19396875868197	-2.06710661957451
			2.19396875868197	-2.05964414080348
			2.19396875868197	-2.05218166203246
			2.19396875868197	-2.04471918326143
			2.19396875868197	-2.0372567044904
			2.18650627991094	-2.02979422571937
			2.18650627991094	-2.02233174694835
			2.18650627991094	-2.01486926817732
			2.18650627991094	-2.00740678940629
			2.18650627991094	-1.99994431063527
			2.18650627991094	-1.99248183186424
			2.17904380113992	-1.98501935309321
			2.17904380113992	-1.97755687432218
			2.17904380113992	-1.97009439555116
			2.17904380113992	-1.96263191678013
			2.17904380113992	-1.9551694380091
			2.17158132236889	-1.94770695923808
			2.17158132236889	-1.94024448046705
			2.17158132236889	-1.93278200169602
			2.17158132236889	-1.92531952292499
			2.17158132236889	-1.91785704415397
			2.17158132236889	-1.91039456538294
			2.16411884359786	-1.90293208661191
			2.16411884359786	-1.89546960784089
			2.16411884359786	-1.88800712906986
			2.15665636482683	-1.88054465029883
			2.15665636482683	-1.8730821715278
			2.15665636482683	-1.86561969275678
			2.15665636482683	-1.85815721398575
			2.14919388605581	-1.85069473521472
			2.14919388605581	-1.8432322564437
			2.14919388605581	-1.83576977767267
			2.14173140728478	-1.82830729890164
			2.14173140728478	-1.82084482013062
			2.13426892851375	-1.81338234135959
			2.13426892851375	-1.80591986258856
			2.12680644974273	-1.79845738381753
			2.12680644974273	-1.79099490504651
			2.1193439709717	-1.78353242627548
			2.1193439709717	-1.77606994750445
			2.11188149220067	-1.76860746873343
			2.11188149220067	-1.7611449899624
			2.10441901342965	-1.75368251119137
			2.10441901342965	-1.74622003242034
			2.09695653465862	-1.73875755364932
			2.09695653465862	-1.73129507487829
			2.08949405588759	-1.72383259610726
			2.08203157711656	-1.71637011733624
			2.08203157711656	-1.70890763856521
			2.07456909834554	-1.70890763856521
			2.07456909834554	-1.70144515979418
			2.06710661957451	-1.69398268102315
			2.05964414080348	-1.68652020225213
			2.05964414080348	-1.6790577234811
			2.05218166203246	-1.6790577234811
			2.04471918326143	-1.67159524471007
			2.04471918326143	-1.66413276593905
			2.0372567044904	-1.65667028716802
			2.02979422571937	-1.65667028716802
			2.02233174694835	-1.64920780839699
			2.02233174694835	-1.64174532962596
			2.01486926817732	-1.64174532962596
			2.00740678940629	-1.63428285085494
		</suture>
		<anterior type=matrix rownames=FALSE colnames=FALSE nrow=286 ncol=2 as.numeric=TRUE >
			1.4029460089531	-0.10447470279438
			1.41040848772412	-0.10447470279438
			1.41787096649515	-0.10447470279438
			1.42533344526618	-0.10447470279438
			1.43279592403721	-0.10447470279438
			1.44025840280823	-0.10447470279438
			1.44772088157926	-0.10447470279438
			1.45518336035029	-0.10447470279438
			1.46264583912131	-0.10447470279438
			1.47010831789234	-0.10447470279438
			1.47757079666337	-0.10447470279438
			1.4850332754344	-0.10447470279438
			1.49249575420542	-0.10447470279438
			1.49995823297645	-0.10447470279438
			1.50742071174748	-0.10447470279438
			1.5148831905185	-0.10447470279438
			1.52234566928953	-0.10447470279438
			1.52980814806056	-0.111937181565407
			1.53727062683158	-0.111937181565407
			1.54473310560261	-0.111937181565407
			1.55219558437364	-0.111937181565407
			1.55965806314467	-0.111937181565407
			1.56712054191569	-0.111937181565407
			1.57458302068672	-0.111937181565407
			1.58204549945775	-0.119399660336434
			1.58950797822877	-0.119399660336434
			1.5969704569998	-0.119399660336434
			1.60443293577083	-0.119399660336434
			1.61189541454186	-0.119399660336434
			1.61935789331288	-0.126862139107461
			1.62682037208391	-0.126862139107461
			1.63428285085494	-0.126862139107461
			1.64174532962596	-0.126862139107461
			1.64920780839699	-0.126862139107461
			1.65667028716802	-0.134324617878488
			1.66413276593905	-0.134324617878488
			1.67159524471007	-0.134324617878488
			1.6790577234811	-0.134324617878488
			1.68652020225213	-0.141787096649515
			1.69398268102315	-0.141787096649515
			1.70144515979418	-0.141787096649515
			1.70890763856521	-0.141787096649515
			1.71637011733624	-0.149249575420542
			1.72383259610726	-0.149249575420542
			1.73129507487829	-0.149249575420542
			1.73875755364932	-0.156712054191569
			1.74622003242034	-0.156712054191569
			1.75368251119137	-0.156712054191569
			1.7611449899624	-0.156712054191569
			1.76860746873343	-0.164174532962596
			1.77606994750445	-0.164174532962596
			1.78353242627548	-0.164174532962596
			1.79099490504651	-0.171637011733624
			1.79845738381753	-0.171637011733624
			1.80591986258856	-0.171637011733624
			1.81338234135959	-0.179099490504651
			1.82084482013062	-0.179099490504651
			1.82830729890164	-0.179099490504651
			1.83576977767267	-0.186561969275678
			1.8432322564437	-0.186561969275678
			1.85069473521472	-0.194024448046705
			1.85815721398575	-0.194024448046705
			1.86561969275678	-0.194024448046705
			1.8730821715278	-0.201486926817732
			1.88054465029883	-0.201486926817732
			1.88800712906986	-0.208949405588759
			1.89546960784089	-0.208949405588759
			1.90293208661191	-0.208949405588759
			1.91039456538294	-0.216411884359786
			1.91785704415397	-0.216411884359786
			1.92531952292499	-0.223874363130813
			1.93278200169602	-0.223874363130813
			1.94024448046705	-0.223874363130813
			1.94770695923808	-0.23133684190184
			1.9551694380091	-0.23133684190184
			1.96263191678013	-0.238799320672868
			1.97009439555116	-0.238799320672868
			1.97755687432218	-0.238799320672868
			1.98501935309321	-0.246261799443895
			1.99248183186424	-0.246261799443895
			1.99248183186424	-0.253724278214922
			1.99994431063527	-0.253724278214922
			2.00740678940629	-0.253724278214922
			2.01486926817732	-0.261186756985949
			2.02233174694835	-0.261186756985949
			2.02979422571937	-0.268649235756976
			2.0372567044904	-0.268649235756976
			2.04471918326143	-0.276111714528003
			2.05218166203246	-0.276111714528003
			2.05964414080348	-0.28357419329903
			2.06710661957451	-0.28357419329903
			2.07456909834554	-0.291036672070057
			2.08203157711656	-0.291036672070057
			2.08949405588759	-0.291036672070057
			2.09695653465862	-0.298499150841084
			2.10441901342965	-0.298499150841084
			2.11188149220067	-0.305961629612112
			2.1193439709717	-0.305961629612112
			2.12680644974273	-0.313424108383139
			2.13426892851375	-0.320886587154166
			2.14173140728478	-0.320886587154166
			2.14919388605581	-0.328349065925193
			2.14919388605581	-0.33581154469622
			2.15665636482683	-0.33581154469622
			2.16411884359786	-0.343274023467247
			2.17158132236889	-0.350736502238274
			2.17904380113992	-0.350736502238274
			2.17904380113992	-0.358198981009301
			2.18650627991094	-0.358198981009301
			2.19396875868197	-0.365661459780328
			2.201431237453	-0.373123938551356
			2.20889371622402	-0.373123938551356
			2.20889371622402	-0.380586417322383
			2.21635619499505	-0.38804889609341
			2.22381867376608	-0.38804889609341
			2.23128115253711	-0.395511374864437
			2.23874363130813	-0.402973853635464
			2.24620611007916	-0.410436332406491
			2.25366858885019	-0.417898811177518
			2.26113106762121	-0.425361289948545
			2.26859354639224	-0.432823768719572
			2.27605602516327	-0.432823768719572
			2.2835185039343	-0.4402862474906
			2.29098098270532	-0.447748726261627
			2.29844346147635	-0.455211205032654
			2.30590594024738	-0.455211205032654
			2.30590594024738	-0.462673683803681
			2.3133684190184	-0.470136162574708
			2.32083089778943	-0.477598641345735
			2.32829337656046	-0.477598641345735
			2.33575585533149	-0.485061120116762
			2.33575585533149	-0.492523598887789
			2.34321833410251	-0.499986077658816
			2.35068081287354	-0.499986077658816
			2.35814329164457	-0.507448556429844
			2.35814329164457	-0.514911035200871
			2.36560577041559	-0.522373513971898
			2.37306824918662	-0.522373513971898
			2.38053072795765	-0.529835992742925
			2.38053072795765	-0.537298471513952
			2.38799320672868	-0.544760950284979
			2.3954556854997	-0.544760950284979
			2.40291816427073	-0.552223429056006
			2.40291816427073	-0.559685907827033
			2.41038064304176	-0.56714838659806
			2.41784312181278	-0.56714838659806
			2.41784312181278	-0.574610865369088
			2.42530560058381	-0.582073344140115
			2.43276807935484	-0.589535822911142
			2.44023055812587	-0.596998301682169
			2.44769303689689	-0.604460780453196
			2.45515551566792	-0.611923259224223
			2.45515551566792	-0.61938573799525
			2.46261799443895	-0.626848216766277
			2.47008047320997	-0.634310695537304
			2.477542951981	-0.641773174308332
			2.48500543075203	-0.649235653079359
			2.49246790952306	-0.656698131850386
			2.49993038829408	-0.664160610621413
			2.49993038829408	-0.67162308939244
			2.50739286706511	-0.679085568163467
			2.50739286706511	-0.686548046934494
			2.51485534583614	-0.686548046934494
			2.51485534583614	-0.694010525705521
			2.52231782460716	-0.701473004476548
			2.52231782460716	-0.708935483247575
			2.52978030337819	-0.716397962018603
			2.53724278214922	-0.72386044078963
			2.54470526092024	-0.731322919560657
			2.54470526092024	-0.738785398331684
			2.55216773969127	-0.746247877102711
			2.55216773969127	-0.753710355873738
			2.5596302184623	-0.761172834644765
			2.56709269723333	-0.768635313415792
			2.56709269723333	-0.77609779218682
			2.57455517600435	-0.783560270957847
			2.57455517600435	-0.791022749728874
			2.58201765477538	-0.798485228499901
			2.58201765477538	-0.805947707270928
			2.58948013354641	-0.813410186041955
			2.58948013354641	-0.820872664812982
			2.59694261231743	-0.828335143584009
			2.59694261231743	-0.835797622355036
			2.60440509108846	-0.843260101126064
			2.60440509108846	-0.850722579897091
			2.60440509108846	-0.858185058668118
			2.61186756985949	-0.865647537439145
			2.61186756985949	-0.873110016210172
			2.61933004863052	-0.880572494981199
			2.61933004863052	-0.888034973752226
			2.62679252740154	-0.895497452523253
			2.62679252740154	-0.90295993129428
			2.62679252740154	-0.910422410065308
			2.63425500617257	-0.917884888836335
			2.63425500617257	-0.925347367607362
			2.6417174849436	-0.932809846378389
			2.6417174849436	-0.940272325149416
			2.6417174849436	-0.947734803920443
			2.64917996371462	-0.95519728269147
			2.64917996371462	-0.962659761462497
			2.64917996371462	-0.970122240233524
			2.65664244248565	-0.977584719004552
			2.65664244248565	-0.985047197775579
			2.65664244248565	-0.992509676546606
			2.66410492125668	-0.999972155317633
			2.66410492125668	-1.00743463408866
			2.66410492125668	-1.01489711285969
			2.67156740002771	-1.02235959163071
			2.67156740002771	-1.02982207040174
			2.67156740002771	-1.03728454917277
			2.67902987879873	-1.0447470279438
			2.67902987879873	-1.05220950671482
			2.67902987879873	-1.05967198548585
			2.68649235756976	-1.06713446425688
			2.68649235756976	-1.0745969430279
			2.68649235756976	-1.08205942179893
			2.68649235756976	-1.08952190056996
			2.69395483634079	-1.09698437934099
			2.69395483634079	-1.10444685811201
			2.69395483634079	-1.11190933688304
			2.69395483634079	-1.11937181565407
			2.70141731511181	-1.12683429442509
			2.70141731511181	-1.13429677319612
			2.70141731511181	-1.14175925196715
			2.70141731511181	-1.14922173073818
			2.70887979388284	-1.1566842095092
			2.70887979388284	-1.16414668828023
			2.70887979388284	-1.17160916705126
			2.70887979388284	-1.17907164582228
			2.70887979388284	-1.18653412459331
			2.71634227265387	-1.18653412459331
			2.71634227265387	-1.19399660336434
			2.71634227265387	-1.20145908213536
			2.71634227265387	-1.20892156090639
			2.71634227265387	-1.21638403967742
			2.7238047514249	-1.22384651844845
			2.7238047514249	-1.23130899721947
			2.7238047514249	-1.2387714759905
			2.7238047514249	-1.24623395476153
			2.7238047514249	-1.25369643353255
			2.7238047514249	-1.26115891230358
			2.7238047514249	-1.26862139107461
			2.73126723019592	-1.27608386984564
			2.73126723019592	-1.28354634861666
			2.73126723019592	-1.29100882738769
			2.73126723019592	-1.29847130615872
			2.73126723019592	-1.30593378492974
			2.73126723019592	-1.31339626370077
			2.73126723019592	-1.3208587424718
			2.73126723019592	-1.32832122124283
			2.73872970896695	-1.33578370001385
			2.73872970896695	-1.34324617878488
			2.73872970896695	-1.35070865755591
			2.73872970896695	-1.35817113632693
			2.73872970896695	-1.36563361509796
			2.73872970896695	-1.37309609386899
			2.73872970896695	-1.38055857264002
			2.73872970896695	-1.38802105141104
			2.73872970896695	-1.39548353018207
			2.73872970896695	-1.4029460089531
			2.73872970896695	-1.41040848772412
			2.73872970896695	-1.41787096649515
			2.73872970896695	-1.42533344526618
			2.73872970896695	-1.43279592403721
			2.73872970896695	-1.44025840280823
			2.73872970896695	-1.44772088157926
			2.73872970896695	-1.45518336035029
			2.73872970896695	-1.46264583912131
			2.73872970896695	-1.47010831789234
			2.73872970896695	-1.47757079666337
			2.73872970896695	-1.4850332754344
			2.73872970896695	-1.49249575420542
			2.73872970896695	-1.49995823297645
			2.73872970896695	-1.50742071174748
			2.73872970896695	-1.5148831905185
			2.73872970896695	-1.52234566928953
			2.73872970896695	-1.52980814806056
			2.73872970896695	-1.53727062683158
			2.73872970896695	-1.54473310560261
			2.73126723019592	-1.55219558437364
			2.73126723019592	-1.55965806314467
			2.73126723019592	-1.56712054191569
			2.73126723019592	-1.57458302068672
			2.73126723019592	-1.58204549945775
			2.73126723019592	-1.58950797822877
			2.73126723019592	-1.5969704569998
		</anterior>
		<posterior type=matrix rownames=FALSE colnames=FALSE nrow=503 ncol=2 as.numeric=TRUE >
			1.4029460089531	-1.58950797822877
			1.41040848772412	-1.58950797822877
			1.41787096649515	-1.58950797822877
			1.42533344526618	-1.58950797822877
			1.43279592403721	-1.58950797822877
			1.43279592403721	-1.5969704569998
			1.44025840280823	-1.5969704569998
			1.44772088157926	-1.5969704569998
			1.45518336035029	-1.5969704569998
			1.46264583912131	-1.5969704569998
			1.47010831789234	-1.5969704569998
			1.47757079666337	-1.5969704569998
			1.4850332754344	-1.5969704569998
			1.49249575420542	-1.5969704569998
			1.49995823297645	-1.5969704569998
			1.50742071174748	-1.60443293577083
			1.5148831905185	-1.60443293577083
			1.52234566928953	-1.60443293577083
			1.52980814806056	-1.60443293577083
			1.53727062683158	-1.60443293577083
			1.54473310560261	-1.60443293577083
			1.55219558437364	-1.60443293577083
			1.55965806314467	-1.60443293577083
			1.56712054191569	-1.60443293577083
			1.57458302068672	-1.60443293577083
			1.58204549945775	-1.60443293577083
			1.58950797822877	-1.61189541454186
			1.5969704569998	-1.61189541454186
			1.60443293577083	-1.61189541454186
			1.61189541454186	-1.61189541454186
			1.61935789331288	-1.61189541454186
			1.62682037208391	-1.61189541454186
			1.63428285085494	-1.61189541454186
			1.64174532962596	-1.61189541454186
			1.64920780839699	-1.61189541454186
			1.65667028716802	-1.61189541454186
			1.66413276593905	-1.61189541454186
			1.67159524471007	-1.61189541454186
			1.6790577234811	-1.61189541454186
			1.68652020225213	-1.61189541454186
			1.69398268102315	-1.61189541454186
			1.70144515979418	-1.61935789331288
			1.70890763856521	-1.61935789331288
			1.71637011733624	-1.61935789331288
			1.72383259610726	-1.61935789331288
			1.73129507487829	-1.61935789331288
			1.73875755364932	-1.61935789331288
			1.74622003242034	-1.61935789331288
			1.75368251119137	-1.61935789331288
			1.7611449899624	-1.61935789331288
			1.76860746873343	-1.61935789331288
			1.77606994750445	-1.61935789331288
			1.78353242627548	-1.61935789331288
			1.79099490504651	-1.61935789331288
			1.79845738381753	-1.61935789331288
			1.80591986258856	-1.61935789331288
			1.81338234135959	-1.61935789331288
			1.82084482013062	-1.61935789331288
			1.82830729890164	-1.61935789331288
			1.83576977767267	-1.61935789331288
			1.8432322564437	-1.61935789331288
			1.85069473521472	-1.61935789331288
			1.85815721398575	-1.61935789331288
			1.86561969275678	-1.62682037208391
			1.8730821715278	-1.62682037208391
			1.88054465029883	-1.62682037208391
			1.88800712906986	-1.62682037208391
			1.89546960784089	-1.62682037208391
			1.90293208661191	-1.62682037208391
			1.91039456538294	-1.62682037208391
			1.91785704415397	-1.62682037208391
			1.92531952292499	-1.62682037208391
			1.93278200169602	-1.63428285085494
			1.94024448046705	-1.63428285085494
			1.94770695923808	-1.63428285085494
			1.9551694380091	-1.63428285085494
			1.96263191678013	-1.63428285085494
			1.97009439555116	-1.63428285085494
			1.97755687432218	-1.63428285085494
			1.98501935309321	-1.63428285085494
			1.99248183186424	-1.63428285085494
			1.99994431063527	-1.63428285085494
			2.00740678940629	-1.63428285085494
			2.01486926817732	-1.64174532962596
			2.02233174694835	-1.64174532962596
			2.02979422571937	-1.64920780839699
			2.02979422571937	-1.65667028716802
			2.0372567044904	-1.66413276593905
			2.04471918326143	-1.67159524471007
			2.05218166203246	-1.67159524471007
			2.05964414080348	-1.6790577234811
			2.05964414080348	-1.68652020225213
			2.06710661957451	-1.69398268102315
			2.07456909834554	-1.70144515979418
			2.08203157711656	-1.70890763856521
			2.08203157711656	-1.71637011733624
			2.08949405588759	-1.72383259610726
			2.09695653465862	-1.73129507487829
			2.09695653465862	-1.73875755364932
			2.10441901342965	-1.74622003242034
			2.10441901342965	-1.75368251119137
			2.11188149220067	-1.7611449899624
			2.1193439709717	-1.76860746873343
			2.1193439709717	-1.77606994750445
			2.12680644974273	-1.78353242627548
			2.12680644974273	-1.79099490504651
			2.13426892851375	-1.79845738381753
			2.13426892851375	-1.80591986258856
			2.13426892851375	-1.81338234135959
			2.14173140728478	-1.82084482013062
			2.14173140728478	-1.82830729890164
			2.14173140728478	-1.83576977767267
			2.14919388605581	-1.8432322564437
			2.14919388605581	-1.85069473521472
			2.14919388605581	-1.85815721398575
			2.15665636482683	-1.85815721398575
			2.15665636482683	-1.86561969275678
			2.15665636482683	-1.8730821715278
			2.16411884359786	-1.88054465029883
			2.16411884359786	-1.88800712906986
			2.16411884359786	-1.89546960784089
			2.16411884359786	-1.90293208661191
			2.16411884359786	-1.91039456538294
			2.17158132236889	-1.91785704415397
			2.17158132236889	-1.92531952292499
			2.17158132236889	-1.93278200169602
			2.17158132236889	-1.94024448046705
			2.17904380113992	-1.94770695923808
			2.17904380113992	-1.9551694380091
			2.17904380113992	-1.96263191678013
			2.17904380113992	-1.97009439555116
			2.17904380113992	-1.97755687432218
			2.17904380113992	-1.98501935309321
			2.18650627991094	-1.99248183186424
			2.18650627991094	-1.99994431063527
			2.18650627991094	-2.00740678940629
			2.18650627991094	-2.01486926817732
			2.18650627991094	-2.02233174694835
			2.18650627991094	-2.02979422571937
			2.19396875868197	-2.0372567044904
			2.19396875868197	-2.04471918326143
			2.19396875868197	-2.05218166203246
			2.19396875868197	-2.05964414080348
			2.19396875868197	-2.06710661957451
			2.19396875868197	-2.07456909834554
			2.19396875868197	-2.08203157711656
			2.19396875868197	-2.08949405588759
			2.19396875868197	-2.09695653465862
			2.201431237453	-2.10441901342965
			2.201431237453	-2.11188149220067
			2.201431237453	-2.1193439709717
			2.201431237453	-2.12680644974273
			2.201431237453	-2.13426892851375
			2.201431237453	-2.14173140728478
			2.201431237453	-2.14919388605581
			2.201431237453	-2.15665636482683
			2.201431237453	-2.16411884359786
			2.201431237453	-2.17158132236889
			2.201431237453	-2.17904380113992
			2.201431237453	-2.18650627991094
			2.201431237453	-2.19396875868197
			2.20889371622402	-2.201431237453
			2.20889371622402	-2.20889371622402
			2.20889371622402	-2.21635619499505
			2.20889371622402	-2.22381867376608
			2.20889371622402	-2.23128115253711
			2.20889371622402	-2.23874363130813
			2.20889371622402	-2.24620611007916
			2.20889371622402	-2.25366858885019
			2.20889371622402	-2.26113106762121
			2.20889371622402	-2.26859354639224
			2.20889371622402	-2.27605602516327
			2.20889371622402	-2.2835185039343
			2.20889371622402	-2.29098098270532
			2.20889371622402	-2.29844346147635
			2.20889371622402	-2.30590594024738
			2.20889371622402	-2.3133684190184
			2.20889371622402	-2.32083089778943
			2.20889371622402	-2.32829337656046
			2.20889371622402	-2.33575585533149
			2.20889371622402	-2.34321833410251
			2.20889371622402	-2.35068081287354
			2.20889371622402	-2.35814329164457
			2.20889371622402	-2.36560577041559
			2.20889371622402	-2.37306824918662
			2.20889371622402	-2.38053072795765
			2.20889371622402	-2.38799320672868
			2.20889371622402	-2.3954556854997
			2.20889371622402	-2.40291816427073
			2.20889371622402	-2.41038064304176
			2.20889371622402	-2.41784312181278
			2.201431237453	-2.42530560058381
			2.201431237453	-2.43276807935484
			2.201431237453	-2.44023055812587
			2.201431237453	-2.44769303689689
			2.201431237453	-2.45515551566792
			2.201431237453	-2.46261799443895
			2.201431237453	-2.47008047320997
			2.201431237453	-2.477542951981
			2.201431237453	-2.48500543075203
			2.201431237453	-2.49246790952306
			2.201431237453	-2.49993038829408
			2.201431237453	-2.50739286706511
			2.201431237453	-2.51485534583614
			2.201431237453	-2.52231782460716
			2.201431237453	-2.52978030337819
			2.201431237453	-2.53724278214922
			2.201431237453	-2.54470526092024
			2.201431237453	-2.55216773969127
			2.201431237453	-2.5596302184623
			2.201431237453	-2.56709269723333
			2.201431237453	-2.57455517600435
			2.201431237453	-2.58201765477538
			2.201431237453	-2.58948013354641
			2.201431237453	-2.59694261231743
			2.201431237453	-2.60440509108846
			2.19396875868197	-2.61186756985949
			2.19396875868197	-2.61933004863052
			2.19396875868197	-2.62679252740154
			2.19396875868197	-2.63425500617257
			2.19396875868197	-2.6417174849436
			2.19396875868197	-2.64917996371462
			2.19396875868197	-2.65664244248565
			2.19396875868197	-2.66410492125668
			2.19396875868197	-2.67156740002771
			2.19396875868197	-2.67902987879873
			2.19396875868197	-2.68649235756976
			2.19396875868197	-2.69395483634079
			2.19396875868197	-2.70141731511181
			2.19396875868197	-2.70887979388284
			2.19396875868197	-2.71634227265387
			2.19396875868197	-2.7238047514249
			2.19396875868197	-2.73126723019592
			2.19396875868197	-2.73872970896695
			2.19396875868197	-2.74619218773798
			2.19396875868197	-2.753654666509
			2.19396875868197	-2.76111714528003
			2.19396875868197	-2.76857962405106
			2.19396875868197	-2.77604210282209
			2.19396875868197	-2.78350458159311
			2.19396875868197	-2.79096706036414
			2.18650627991094	-2.79842953913517
			2.18650627991094	-2.80589201790619
			2.18650627991094	-2.81335449667722
			2.18650627991094	-2.82081697544825
			2.18650627991094	-2.82827945421927
			2.18650627991094	-2.8357419329903
			2.18650627991094	-2.84320441176133
			2.18650627991094	-2.85066689053236
			2.18650627991094	-2.85812936930338
			2.18650627991094	-2.86559184807441
			2.18650627991094	-2.87305432684544
			2.18650627991094	-2.88051680561646
			2.18650627991094	-2.88797928438749
			2.18650627991094	-2.89544176315852
			2.18650627991094	-2.90290424192955
			2.18650627991094	-2.91036672070057
			2.18650627991094	-2.9178291994716
			2.18650627991094	-2.92529167824263
			2.18650627991094	-2.93275415701365
			2.18650627991094	-2.94021663578468
			2.17904380113992	-2.94767911455571
			2.17904380113992	-2.95514159332674
			2.17904380113992	-2.96260407209776
			2.17904380113992	-2.97006655086879
			2.17904380113992	-2.97752902963982
			2.17904380113992	-2.98499150841084
			2.17904380113992	-2.99245398718187
			2.17904380113992	-2.9999164659529
			2.17904380113992	-3.00737894472393
			2.17904380113992	-3.01484142349495
			2.17904380113992	-3.02230390226598
			2.17904380113992	-3.02976638103701
			2.17904380113992	-3.03722885980803
			2.17904380113992	-3.04469133857906
			2.17904380113992	-3.05215381735009
			2.17904380113992	-3.05961629612112
			2.17904380113992	-3.06707877489214
			2.17904380113992	-3.07454125366317
			2.17158132236889	-3.07454125366317
			2.17158132236889	-3.0820037324342
			2.17158132236889	-3.08946621120522
			2.17158132236889	-3.09692868997625
			2.17158132236889	-3.10439116874728
			2.17158132236889	-3.11185364751831
			2.17158132236889	-3.11931612628933
			2.17158132236889	-3.12677860506036
			2.17158132236889	-3.13424108383139
			2.17904380113992	-3.12677860506036
			2.17904380113992	-3.11931612628933
			2.18650627991094	-3.11185364751831
			2.18650627991094	-3.10439116874728
			2.19396875868197	-3.09692868997625
			2.201431237453	-3.08946621120522
			2.201431237453	-3.0820037324342
			2.20889371622402	-3.07454125366317
			2.21635619499505	-3.06707877489214
			2.21635619499505	-3.05961629612112
			2.22381867376608	-3.05215381735009
			2.22381867376608	-3.04469133857906
			2.23128115253711	-3.03722885980803
			2.23874363130813	-3.02976638103701
			2.23874363130813	-3.02230390226598
			2.24620611007916	-3.01484142349495
			2.24620611007916	-3.00737894472393
			2.25366858885019	-2.9999164659529
			2.25366858885019	-2.99245398718187
			2.26113106762121	-2.98499150841084
			2.26859354639224	-2.97752902963982
			2.26859354639224	-2.97006655086879
			2.27605602516327	-2.96260407209776
			2.27605602516327	-2.95514159332674
			2.2835185039343	-2.94767911455571
			2.2835185039343	-2.94021663578468
			2.29098098270532	-2.93275415701365
			2.29098098270532	-2.92529167824263
			2.29844346147635	-2.92529167824263
			2.29844346147635	-2.9178291994716
			2.29844346147635	-2.91036672070057
			2.30590594024738	-2.91036672070057
			2.30590594024738	-2.90290424192955
			2.30590594024738	-2.89544176315852
			2.3133684190184	-2.88797928438749
			2.32083089778943	-2.88051680561646
			2.32083089778943	-2.87305432684544
			2.32829337656046	-2.86559184807441
			2.32829337656046	-2.85812936930338
			2.32829337656046	-2.85066689053236
			2.33575585533149	-2.84320441176133
			2.33575585533149	-2.8357419329903
			2.34321833410251	-2.82827945421927
			2.34321833410251	-2.82081697544825
			2.35068081287354	-2.81335449667722
			2.35814329164457	-2.80589201790619
			2.35814329164457	-2.79842953913517
			2.36560577041559	-2.79096706036414
			2.36560577041559	-2.78350458159311
			2.37306824918662	-2.77604210282209
			2.37306824918662	-2.76857962405106
			2.38053072795765	-2.76111714528003
			2.38053072795765	-2.753654666509
			2.38799320672868	-2.74619218773798
			2.38799320672868	-2.73872970896695
			2.38799320672868	-2.73126723019592
			2.3954556854997	-2.7238047514249
			2.40291816427073	-2.71634227265387
			2.40291816427073	-2.70887979388284
			2.41038064304176	-2.70141731511181
			2.41038064304176	-2.69395483634079
			2.41784312181278	-2.68649235756976
			2.41784312181278	-2.67902987879873
			2.41784312181278	-2.67156740002771
			2.42530560058381	-2.66410492125668
			2.43276807935484	-2.65664244248565
			2.43276807935484	-2.64917996371462
			2.44023055812587	-2.6417174849436
			2.44023055812587	-2.63425500617257
			2.44769303689689	-2.62679252740154
			2.44769303689689	-2.61933004863052
			2.44769303689689	-2.61186756985949
			2.45515551566792	-2.60440509108846
			2.45515551566792	-2.59694261231743
			2.46261799443895	-2.58948013354641
			2.46261799443895	-2.58201765477538
			2.47008047320997	-2.58201765477538
			2.47008047320997	-2.57455517600435
			2.47008047320997	-2.56709269723333
			2.477542951981	-2.5596302184623
			2.477542951981	-2.55216773969127
			2.48500543075203	-2.54470526092024
			2.48500543075203	-2.53724278214922
			2.49246790952306	-2.52978030337819
			2.49246790952306	-2.52231782460716
			2.49993038829408	-2.51485534583614
			2.49993038829408	-2.50739286706511
			2.50739286706511	-2.49993038829408
			2.50739286706511	-2.49246790952306
			2.51485534583614	-2.48500543075203
			2.51485534583614	-2.477542951981
			2.52231782460716	-2.47008047320997
			2.52231782460716	-2.46261799443895
			2.52978030337819	-2.45515551566792
			2.52978030337819	-2.44769303689689
			2.53724278214922	-2.44023055812587
			2.53724278214922	-2.43276807935484
			2.53724278214922	-2.42530560058381
			2.54470526092024	-2.41784312181278
			2.54470526092024	-2.41038064304176
			2.55216773969127	-2.40291816427073
			2.55216773969127	-2.3954556854997
			2.55216773969127	-2.38799320672868
			2.5596302184623	-2.38799320672868
			2.5596302184623	-2.38053072795765
			2.56709269723333	-2.37306824918662
			2.56709269723333	-2.36560577041559
			2.56709269723333	-2.35814329164457
			2.57455517600435	-2.35068081287354
			2.57455517600435	-2.34321833410251
			2.57455517600435	-2.33575585533149
			2.57455517600435	-2.32829337656046
			2.58201765477538	-2.32829337656046
			2.58201765477538	-2.32083089778943
			2.58201765477538	-2.3133684190184
			2.58201765477538	-2.30590594024738
			2.58948013354641	-2.30590594024738
			2.58948013354641	-2.29844346147635
			2.58948013354641	-2.29098098270532
			2.58948013354641	-2.2835185039343
			2.59694261231743	-2.2835185039343
			2.59694261231743	-2.27605602516327
			2.59694261231743	-2.26859354639224
			2.59694261231743	-2.26113106762121
			2.60440509108846	-2.25366858885019
			2.60440509108846	-2.24620611007916
			2.60440509108846	-2.23874363130813
			2.60440509108846	-2.23128115253711
			2.61186756985949	-2.22381867376608
			2.61186756985949	-2.21635619499505
			2.61186756985949	-2.20889371622402
			2.61933004863052	-2.201431237453
			2.61933004863052	-2.19396875868197
			2.61933004863052	-2.18650627991094
			2.62679252740154	-2.17904380113992
			2.62679252740154	-2.17158132236889
			2.62679252740154	-2.16411884359786
			2.62679252740154	-2.15665636482683
			2.63425500617257	-2.14919388605581
			2.63425500617257	-2.14173140728478
			2.63425500617257	-2.13426892851375
			2.63425500617257	-2.12680644974273
			2.6417174849436	-2.1193439709717
			2.6417174849436	-2.11188149220067
			2.6417174849436	-2.10441901342965
			2.64917996371462	-2.09695653465862
			2.64917996371462	-2.08949405588759
			2.64917996371462	-2.08203157711656
			2.64917996371462	-2.07456909834554
			2.64917996371462	-2.06710661957451
			2.65664244248565	-2.05964414080348
			2.65664244248565	-2.05218166203246
			2.65664244248565	-2.04471918326143
			2.65664244248565	-2.0372567044904
			2.66410492125668	-2.02979422571937
			2.66410492125668	-2.02233174694835
			2.66410492125668	-2.01486926817732
			2.66410492125668	-2.00740678940629
			2.67156740002771	-1.99994431063527
			2.67156740002771	-1.99248183186424
			2.67156740002771	-1.98501935309321
			2.67156740002771	-1.97755687432218
			2.67902987879873	-1.97009439555116
			2.67902987879873	-1.96263191678013
			2.67902987879873	-1.9551694380091
			2.67902987879873	-1.94770695923808
			2.67902987879873	-1.94024448046705
			2.68649235756976	-1.93278200169602
			2.68649235756976	-1.92531952292499
			2.68649235756976	-1.91785704415397
			2.68649235756976	-1.91039456538294
			2.69395483634079	-1.90293208661191
			2.69395483634079	-1.89546960784089
			2.69395483634079	-1.88800712906986
			2.69395483634079	-1.88054465029883
			2.69395483634079	-1.8730821715278
			2.70141731511181	-1.86561969275678
			2.70141731511181	-1.85815721398575
			2.70141731511181	-1.85069473521472
			2.70141731511181	-1.8432322564437
			2.70141731511181	-1.83576977767267
			2.70141731511181	-1.82830729890164
			2.70887979388284	-1.82084482013062
			2.70887979388284	-1.81338234135959
			2.70887979388284	-1.80591986258856
			2.70887979388284	-1.79845738381753
			2.70887979388284	-1.79099490504651
			2.70887979388284	-1.78353242627548
			2.71634227265387	-1.77606994750445
			2.71634227265387	-1.76860746873343
			2.71634227265387	-1.7611449899624
			2.71634227265387	-1.75368251119137
			2.71634227265387	-1.74622003242034
			2.71634227265387	-1.73875755364932
			2.71634227265387	-1.73129507487829
			2.71634227265387	-1.72383259610726
			2.7238047514249	-1.72383259610726
			2.7238047514249	-1.71637011733624
			2.7238047514249	-1.70890763856521
			2.7238047514249	-1.70144515979418
			2.7238047514249	-1.69398268102315
			2.7238047514249	-1.68652020225213
			2.7238047514249	-1.6790577234811
			2.7238047514249	-1.67159524471007
			2.7238047514249	-1.66413276593905
			2.7238047514249	-1.65667028716802
			2.7238047514249	-1.64920780839699
			2.73126723019592	-1.64920780839699
			2.73126723019592	-1.64174532962596
			2.73126723019592	-1.63428285085494
			2.73126723019592	-1.62682037208391
			2.73126723019592	-1.61935789331288
			2.73126723019592	-1.61189541454186
			2.73126723019592	-1.60443293577083
			2.73126723019592	-1.5969704569998
		</posterior>
	</curves.scaled>
	<ruler.points type=matrix rownames=TRUE colnames=FALSE nrow=2 ncol=2 as.numeric=TRUE >
		Ruler point 1	117	454
		Ruler point 2	251	453
	</ruler.points>
</shapes>

