<shapes type=list>
	<ruler.pixel type=vector names=FALSE length=1 as.numeric=TRUE >86</ruler.pixel>
	<ruler.interval type=vector names=FALSE length=1 as.numeric=TRUE >1</ruler.interval>
	<scaling.units type=vector names=FALSE length=1 as.numeric=FALSE >mm</scaling.units>
	<scaling type=vector names=FALSE length=1 as.numeric=TRUE >0.0116279069767442</scaling>
	<landmarks.pixel type=matrix rownames=TRUE colnames=FALSE nrow=16 ncol=2 as.numeric=TRUE >
		LM1	337	27
		LM2	337	27
		LM3	326	267
		LM4	324	319
		LM5	470	96
		LM6	401	274
		LM7	418	294
		LM8	492	227
		LM9	491	273
		LM10	337	27
		LM11	NaN	NaN
		LM12	492	297
		LM13	337	27
		LM14	554	258
		LM15	613	249
		LM16	613	249
	</landmarks.pixel>
	<landmarks.scaled type=matrix rownames=TRUE colnames=FALSE nrow=16 ncol=2 as.numeric=TRUE >
		LM1	3.91860465116279	-0.313953488372093
		LM2	3.91860465116279	-0.313953488372093
		LM3	3.7906976744186	-3.1046511627907
		LM4	3.76744186046512	-3.7093023255814
		LM5	5.46511627906977	-1.11627906976744
		LM6	4.66279069767442	-3.18604651162791
		LM7	4.86046511627907	-3.41860465116279
		LM8	5.72093023255814	-2.63953488372093
		LM9	5.70930232558139	-3.17441860465116
		LM10	3.91860465116279	-0.313953488372093
		LM11	NaN	NaN
		LM12	5.72093023255814	-3.45348837209302
		LM13	3.91860465116279	-0.313953488372093
		LM14	6.44186046511628	-3
		LM15	7.12790697674419	-2.8953488372093
		LM16	7.12790697674419	-2.8953488372093
	</landmarks.scaled>
	<curves.control type=list>
		<glabella type=matrix rownames=FALSE colnames=FALSE nrow=17 ncol=2 as.numeric=TRUE >
			337	27
			382	26
			443	49
			482	88
			464	106
			460	119
			445	128
			432	137
			425	162
			409	181
			396	224
			392	253
			383	265
			399	270
			408	282
			417	285
			418	294
		</glabella>
		<suture type=matrix rownames=FALSE colnames=FALSE nrow=19 ncol=2 as.numeric=TRUE >
			337	27
			382	26
			443	49
			481	67
			482	88
			485	103
			470	159
			465	190
			493	211
			488	217
			492	227
			510	231
			520	249
			523	258
			517	264
			500	271
			491	273
			480	280
			492	297
		</suture>
		<anterior type=matrix rownames=FALSE colnames=FALSE nrow=11 ncol=2 as.numeric=TRUE >
			337	27
			382	26
			443	49
			481	67
			482	88
			498	72
			559	142
			590	180
			608	220
			617	235
			613	249
		</anterior>
		<posterior type=matrix rownames=FALSE colnames=FALSE nrow=13 ncol=2 as.numeric=TRUE >
			324	319
			358	322
			389	318
			411	296
			420	294
			452	300
			479	299
			511	301
			563	274
			584	263
			594	254
			598	231
			613	249
		</posterior>
	</curves.control>
	<curves.pixel type=list>
		<glabella type=matrix rownames=FALSE colnames=FALSE nrow=381 ncol=2 as.numeric=TRUE >
			337	27
			338	27
			339	27
			340	27
			341	27
			342	27
			343	27
			344	27
			345	27
			346	27
			347	27
			348	27
			349	27
			350	27
			351	27
			352	27
			353	27
			354	27
			355	28
			356	28
			357	28
			358	28
			359	28
			360	28
			361	28
			362	28
			363	28
			364	28
			365	29
			366	29
			367	29
			368	29
			369	29
			370	29
			371	29
			372	30
			373	30
			374	30
			375	30
			376	30
			377	30
			378	31
			379	31
			380	31
			381	31
			382	31
			383	31
			384	32
			385	32
			386	32
			387	32
			388	32
			389	33
			390	33
			391	33
			392	33
			393	34
			394	34
			395	34
			396	34
			397	35
			398	35
			399	35
			400	35
			401	36
			402	36
			403	36
			404	36
			405	37
			406	37
			407	37
			408	38
			409	38
			410	38
			411	38
			412	39
			413	39
			414	39
			415	39
			416	40
			417	40
			418	40
			419	41
			420	41
			421	41
			422	42
			423	42
			424	42
			425	43
			426	43
			427	43
			428	44
			429	44
			430	44
			431	45
			432	45
			433	45
			434	46
			435	46
			436	46
			437	47
			438	47
			439	48
			440	48
			441	48
			442	49
			443	49
			444	50
			445	51
			446	52
			447	53
			448	54
			448	55
			449	55
			450	56
			450	57
			451	57
			452	58
			452	59
			453	60
			454	61
			455	62
			456	63
			457	64
			457	65
			458	66
			459	67
			460	68
			460	69
			461	70
			462	71
			462	72
			463	73
			463	74
			464	75
			464	76
			465	76
			465	77
			466	78
			466	79
			467	80
			467	81
			468	82
			468	83
			468	84
			469	85
			469	86
			469	87
			469	88
			469	89
			470	90
			470	91
			470	92
			470	93
			470	94
			470	95
			469	96
			469	97
			469	98
			469	99
			468	100
			468	101
			467	102
			466	103
			466	104
			465	105
			464	106
			464	107
			463	108
			463	109
			462	110
			462	111
			461	112
			461	113
			461	114
			460	114
			460	115
			459	116
			458	117
			457	118
			456	119
			456	120
			455	121
			454	121
			453	122
			452	123
			451	124
			450	125
			449	125
			448	126
			447	127
			446	127
			445	128
			444	129
			443	129
			443	130
			442	130
			441	131
			440	132
			440	133
			439	133
			438	134
			438	135
			437	136
			436	137
			436	138
			435	139
			434	140
			434	141
			433	142
			433	143
			432	144
			431	145
			431	146
			430	147
			430	148
			429	149
			429	150
			429	151
			428	151
			428	152
			428	153
			428	154
			427	155
			427	156
			426	157
			426	158
			426	159
			425	160
			425	161
			425	162
			424	163
			423	164
			423	165
			422	166
			421	167
			420	168
			420	169
			419	170
			418	171
			418	172
			417	173
			416	174
			416	175
			415	176
			415	177
			414	178
			414	179
			413	180
			413	181
			412	182
			412	183
			411	184
			411	185
			410	185
			410	186
			410	187
			409	188
			409	189
			408	190
			408	191
			407	192
			407	193
			407	194
			406	195
			406	196
			405	197
			405	198
			405	199
			404	200
			404	201
			403	202
			403	203
			403	204
			402	205
			402	206
			402	207
			401	208
			401	209
			400	210
			400	211
			400	212
			400	213
			399	213
			399	214
			399	215
			398	216
			398	217
			398	218
			398	219
			397	220
			397	221
			397	222
			396	223
			396	224
			396	225
			396	226
			396	227
			395	228
			395	229
			395	230
			395	231
			395	232
			395	233
			394	234
			394	235
			394	236
			394	237
			393	238
			393	239
			393	240
			393	241
			393	242
			392	243
			392	244
			392	245
			392	246
			391	247
			391	248
			391	249
			390	250
			390	251
			390	252
			389	253
			389	254
			389	255
			388	256
			388	257
			387	257
			387	258
			387	259
			386	260
			386	261
			385	262
			385	263
			384	264
			383	264
			383	265
			384	265
			385	266
			386	266
			387	266
			388	267
			389	267
			390	268
			391	268
			392	269
			393	269
			394	270
			395	270
			396	271
			397	272
			398	272
			399	273
			400	273
			400	274
			401	275
			402	275
			403	276
			403	277
			404	278
			405	278
			406	279
			406	280
			407	281
			408	282
			409	282
			410	283
			411	283
			412	284
			413	285
			414	285
			415	286
			415	287
			416	288
			417	289
			417	290
			417	291
			418	292
			418	293
			418	294
		</glabella>
		<suture type=matrix rownames=FALSE colnames=FALSE nrow=410 ncol=2 as.numeric=TRUE >
			337	27
			338	27
			339	27
			340	27
			341	27
			342	27
			343	27
			344	27
			345	27
			346	27
			347	27
			348	27
			349	27
			350	27
			351	27
			352	27
			353	27
			354	27
			355	28
			356	28
			357	28
			358	28
			359	28
			360	28
			361	28
			362	28
			363	28
			364	28
			365	29
			366	29
			367	29
			368	29
			369	29
			370	29
			371	29
			372	29
			373	30
			374	30
			375	30
			376	30
			377	30
			378	30
			379	31
			380	31
			381	31
			382	31
			383	31
			384	32
			385	32
			386	32
			387	32
			388	32
			389	33
			390	33
			391	33
			392	33
			393	33
			394	34
			395	34
			396	34
			397	34
			398	35
			399	35
			400	35
			401	36
			402	36
			403	36
			404	36
			405	37
			406	37
			407	37
			408	38
			409	38
			410	38
			411	38
			412	39
			413	39
			414	39
			415	39
			415	40
			416	40
			417	40
			418	40
			419	41
			420	41
			421	41
			422	42
			423	42
			424	42
			425	43
			426	43
			427	43
			428	44
			429	44
			430	44
			431	45
			432	45
			433	45
			434	46
			435	46
			436	46
			437	47
			438	47
			439	47
			440	48
			441	48
			442	48
			443	49
			444	49
			445	50
			446	51
			447	51
			448	51
			449	52
			450	52
			451	53
			452	54
			453	54
			454	54
			454	55
			455	55
			456	56
			457	56
			457	57
			458	57
			459	58
			460	58
			461	59
			462	60
			463	60
			464	61
			464	62
			465	62
			466	63
			467	63
			467	64
			468	64
			469	65
			470	66
			471	67
			472	68
			473	69
			474	70
			475	71
			476	72
			476	73
			477	73
			477	74
			478	75
			478	76
			479	77
			479	78
			480	79
			480	80
			481	81
			481	82
			481	83
			482	84
			482	85
			482	86
			482	87
			482	88
			482	89
			482	90
			482	91
			482	92
			482	93
			482	94
			482	95
			482	96
			482	97
			482	98
			482	99
			482	100
			482	101
			482	102
			482	103
			482	104
			482	105
			482	106
			481	107
			481	108
			481	109
			481	110
			481	111
			481	112
			481	113
			480	114
			480	115
			480	116
			480	117
			480	118
			480	119
			479	119
			479	120
			479	121
			479	122
			479	123
			478	124
			478	125
			478	126
			478	127
			478	128
			477	129
			477	130
			477	131
			477	132
			477	133
			476	134
			476	135
			476	136
			476	137
			475	138
			475	139
			475	140
			475	141
			474	142
			474	143
			474	144
			474	145
			473	146
			473	147
			473	148
			473	149
			472	149
			472	150
			472	151
			472	152
			472	153
			471	154
			471	155
			471	156
			471	157
			470	158
			470	159
			470	160
			470	161
			470	162
			470	163
			469	164
			469	165
			469	166
			469	167
			469	168
			469	169
			469	170
			469	171
			469	172
			469	173
			470	174
			470	175
			470	176
			470	177
			470	178
			470	179
			471	180
			471	181
			471	182
			471	183
			472	184
			472	185
			473	186
			473	187
			474	188
			474	189
			475	190
			475	191
			476	192
			476	193
			477	194
			478	195
			478	196
			479	197
			480	198
			480	199
			481	200
			482	201
			483	202
			484	203
			485	204
			485	205
			486	205
			487	206
			488	207
			489	208
			490	209
			491	210
			492	211
			493	211
			493	212
			492	212
			492	213
			491	214
			491	215
			491	216
			490	217
			490	218
			490	219
			490	220
			490	221
			490	222
			491	222
			491	223
			491	224
			491	225
			492	226
			492	227
			493	227
			494	228
			495	228
			496	228
			497	229
			498	229
			499	229
			500	230
			501	230
			502	231
			503	231
			504	232
			505	232
			505	233
			506	233
			507	234
			508	234
			509	235
			509	236
			510	236
			511	237
			512	238
			512	239
			513	239
			514	240
			515	241
			515	242
			516	243
			517	244
			518	245
			518	246
			519	247
			519	248
			520	248
			520	249
			520	250
			521	251
			521	252
			521	253
			521	254
			521	255
			521	256
			521	257
			521	258
			520	259
			520	260
			519	261
			519	262
			518	263
			517	264
			516	264
			515	265
			514	265
			513	265
			513	266
			512	266
			511	266
			510	267
			509	267
			508	268
			507	268
			506	268
			505	269
			504	269
			503	269
			502	270
			501	270
			500	270
			499	271
			498	271
			497	271
			497	272
			496	272
			495	272
			494	272
			493	272
			493	273
			492	273
			491	273
			490	274
			489	275
			488	276
			487	277
			487	278
			486	279
			486	280
			486	281
			486	282
			486	283
			486	284
			486	285
			486	286
			487	287
			487	288
			487	289
			488	290
			488	291
			489	292
			490	293
			490	294
			491	295
			492	296
			492	297
		</suture>
		<anterior type=matrix rownames=FALSE colnames=FALSE nrow=358 ncol=2 as.numeric=TRUE >
			337	27
			338	27
			339	27
			340	27
			341	27
			342	27
			343	27
			344	27
			345	27
			346	27
			347	27
			348	27
			349	27
			350	27
			351	27
			352	27
			353	27
			354	27
			355	28
			356	28
			357	28
			358	28
			359	28
			360	28
			361	28
			362	28
			363	28
			364	28
			365	29
			366	29
			367	29
			368	29
			369	29
			370	29
			371	29
			372	29
			373	30
			374	30
			375	30
			376	30
			377	30
			378	30
			379	31
			380	31
			381	31
			382	31
			383	31
			384	32
			385	32
			386	32
			387	32
			388	32
			389	33
			390	33
			391	33
			392	33
			393	34
			394	34
			395	34
			396	34
			397	35
			398	35
			399	35
			400	35
			401	36
			402	36
			403	36
			404	36
			405	37
			406	37
			407	37
			408	37
			408	38
			409	38
			410	38
			411	38
			412	38
			412	39
			413	39
			414	39
			415	39
			415	40
			416	40
			417	40
			418	40
			419	41
			420	41
			421	41
			422	42
			423	42
			424	42
			425	43
			426	43
			427	43
			428	44
			429	44
			430	44
			431	45
			432	45
			433	45
			434	46
			435	46
			436	46
			437	47
			438	47
			439	47
			440	48
			441	48
			442	49
			443	49
			444	49
			444	50
			445	50
			446	50
			447	51
			448	52
			449	52
			450	52
			450	53
			451	53
			452	53
			452	54
			453	54
			454	55
			455	55
			456	56
			457	57
			458	57
			459	58
			460	58
			461	59
			462	59
			462	60
			463	61
			464	61
			465	62
			466	63
			467	64
			468	64
			469	65
			470	66
			471	67
			472	68
			473	69
			474	70
			475	71
			475	72
			476	73
			477	73
			477	74
			478	75
			478	76
			479	77
			479	78
			480	78
			480	79
			480	80
			481	81
			481	82
			481	83
			482	84
			482	85
			482	86
			482	87
			482	88
			483	87
			484	86
			485	86
			486	86
			487	85
			488	85
			489	85
			490	85
			491	85
			492	85
			493	85
			494	86
			495	86
			496	86
			497	87
			498	87
			499	87
			499	88
			500	88
			501	88
			502	89
			503	90
			504	90
			505	91
			506	92
			507	92
			508	93
			509	93
			510	94
			511	95
			512	96
			513	96
			514	97
			515	98
			516	99
			517	99
			517	100
			518	100
			519	101
			520	102
			521	103
			522	104
			523	105
			524	106
			525	106
			526	107
			527	108
			527	109
			528	110
			529	110
			530	111
			531	112
			532	113
			533	114
			534	115
			535	116
			536	117
			537	118
			538	119
			539	120
			540	121
			541	122
			542	123
			543	124
			544	125
			545	126
			546	127
			547	128
			548	129
			548	130
			549	131
			550	132
			551	133
			552	134
			553	135
			554	136
			555	137
			555	138
			556	139
			557	140
			558	141
			559	142
			560	143
			560	144
			561	145
			562	146
			563	147
			564	148
			564	149
			565	150
			566	151
			567	152
			568	153
			568	154
			569	155
			570	156
			571	157
			571	158
			572	159
			573	160
			574	161
			574	162
			575	163
			576	164
			577	165
			577	166
			578	167
			579	168
			579	169
			580	170
			581	171
			582	172
			582	173
			583	174
			583	175
			584	176
			585	177
			585	178
			586	179
			587	180
			587	181
			588	182
			588	183
			589	184
			590	185
			590	186
			591	187
			591	188
			592	189
			592	190
			593	190
			593	191
			594	192
			594	193
			595	194
			595	195
			596	196
			596	197
			597	198
			597	199
			598	199
			598	200
			599	201
			599	202
			600	203
			600	204
			601	205
			601	206
			602	207
			602	208
			603	209
			603	210
			604	211
			604	212
			605	213
			605	214
			606	215
			606	216
			607	217
			607	218
			607	219
			608	219
			608	220
			608	221
			609	221
			609	222
			610	223
			610	224
			611	225
			611	226
			611	227
			612	228
			612	229
			613	230
			613	231
			613	232
			613	233
			614	234
			614	235
			614	236
			614	237
			614	238
			614	239
			614	240
			614	241
			614	242
			614	243
			614	244
			614	245
			614	246
			613	247
			613	248
			613	249
		</anterior>
		<posterior type=matrix rownames=FALSE colnames=FALSE nrow=313 ncol=2 as.numeric=TRUE >
			324	319
			325	319
			326	319
			327	319
			328	319
			329	319
			330	319
			331	320
			332	320
			333	320
			334	320
			335	320
			336	320
			337	320
			338	320
			339	320
			340	320
			341	320
			342	320
			343	320
			344	320
			345	320
			346	320
			347	320
			348	320
			349	320
			350	320
			351	320
			352	320
			353	320
			354	320
			355	320
			356	320
			357	320
			358	320
			359	320
			360	320
			361	320
			362	320
			363	320
			364	320
			365	320
			366	320
			367	320
			368	320
			369	320
			370	320
			371	320
			372	320
			373	320
			374	319
			375	319
			376	319
			377	319
			378	319
			379	319
			380	319
			381	319
			382	319
			383	319
			384	319
			385	318
			386	318
			387	318
			388	318
			389	318
			390	317
			391	316
			392	315
			393	314
			394	313
			395	312
			396	312
			396	311
			397	310
			398	310
			398	309
			399	308
			400	308
			400	307
			401	307
			402	306
			402	305
			403	305
			404	304
			405	303
			406	302
			407	301
			408	301
			409	300
			410	299
			411	298
			412	298
			413	297
			414	296
			415	296
			416	296
			417	295
			418	295
			418	294
			419	294
			420	294
			421	294
			422	294
			423	295
			424	295
			425	295
			426	295
			427	295
			428	295
			429	296
			430	296
			431	296
			432	296
			433	296
			434	296
			435	296
			436	297
			437	297
			438	297
			439	297
			440	297
			441	297
			442	297
			443	297
			444	298
			445	298
			446	298
			447	298
			448	298
			449	298
			450	298
			451	298
			452	298
			453	298
			454	298
			454	299
			455	299
			456	299
			457	299
			458	299
			459	299
			460	299
			461	299
			462	299
			463	299
			464	299
			465	299
			466	299
			467	299
			468	299
			469	299
			470	299
			471	299
			472	299
			473	299
			474	299
			475	299
			476	299
			477	299
			478	299
			479	299
			480	299
			481	299
			482	299
			483	299
			484	299
			485	299
			486	299
			487	299
			488	299
			489	299
			490	299
			491	299
			492	299
			493	299
			494	298
			495	298
			496	298
			497	298
			498	298
			499	298
			500	298
			501	297
			502	297
			503	297
			504	297
			505	297
			506	296
			507	296
			508	296
			509	296
			510	295
			511	295
			512	295
			513	295
			514	294
			515	294
			516	294
			517	293
			518	293
			519	293
			520	292
			521	292
			522	292
			523	292
			523	291
			524	291
			525	291
			526	291
			527	290
			528	290
			529	289
			530	289
			531	289
			532	288
			533	288
			534	287
			535	287
			536	287
			537	286
			538	286
			539	285
			540	285
			541	284
			542	284
			543	284
			544	283
			545	283
			546	282
			547	282
			548	281
			549	281
			550	280
			551	280
			552	279
			553	279
			554	279
			554	278
			555	278
			556	278
			557	277
			558	277
			558	276
			559	276
			560	276
			561	275
			562	275
			562	274
			563	274
			564	274
			564	273
			565	273
			566	273
			566	272
			567	272
			568	272
			568	271
			569	271
			570	270
			571	270
			572	269
			573	268
			574	268
			575	267
			576	267
			577	266
			578	265
			579	265
			580	265
			580	264
			581	264
			582	263
			583	262
			584	261
			585	261
			586	260
			587	260
			587	259
			588	259
			589	258
			590	257
			591	256
			592	255
			593	255
			594	254
			594	253
			594	252
			595	251
			595	250
			595	249
			595	248
			596	247
			596	246
			597	245
			598	244
			598	243
			599	242
			600	241
			601	241
			602	241
			603	241
			604	241
			605	242
			606	242
			607	243
			608	244
			609	245
			610	246
			611	246
			611	247
			612	248
			613	249
		</posterior>
	</curves.pixel>
	<curves.scaled type=list>
		<glabella type=matrix rownames=FALSE colnames=FALSE nrow=381 ncol=2 as.numeric=TRUE >
			3.91860465116279	-0.313953488372093
			3.93023255813953	-0.313953488372093
			3.94186046511628	-0.313953488372093
			3.95348837209302	-0.313953488372093
			3.96511627906977	-0.313953488372093
			3.97674418604651	-0.313953488372093
			3.98837209302326	-0.313953488372093
			4	-0.313953488372093
			4.01162790697674	-0.313953488372093
			4.02325581395349	-0.313953488372093
			4.03488372093023	-0.313953488372093
			4.04651162790698	-0.313953488372093
			4.05813953488372	-0.313953488372093
			4.06976744186047	-0.313953488372093
			4.08139534883721	-0.313953488372093
			4.09302325581395	-0.313953488372093
			4.1046511627907	-0.313953488372093
			4.11627906976744	-0.313953488372093
			4.12790697674419	-0.325581395348837
			4.13953488372093	-0.325581395348837
			4.15116279069767	-0.325581395348837
			4.16279069767442	-0.325581395348837
			4.17441860465116	-0.325581395348837
			4.18604651162791	-0.325581395348837
			4.19767441860465	-0.325581395348837
			4.2093023255814	-0.325581395348837
			4.22093023255814	-0.325581395348837
			4.23255813953488	-0.325581395348837
			4.24418604651163	-0.337209302325581
			4.25581395348837	-0.337209302325581
			4.26744186046512	-0.337209302325581
			4.27906976744186	-0.337209302325581
			4.2906976744186	-0.337209302325581
			4.30232558139535	-0.337209302325581
			4.31395348837209	-0.337209302325581
			4.32558139534884	-0.348837209302326
			4.33720930232558	-0.348837209302326
			4.34883720930233	-0.348837209302326
			4.36046511627907	-0.348837209302326
			4.37209302325581	-0.348837209302326
			4.38372093023256	-0.348837209302326
			4.3953488372093	-0.36046511627907
			4.40697674418605	-0.36046511627907
			4.41860465116279	-0.36046511627907
			4.43023255813953	-0.36046511627907
			4.44186046511628	-0.36046511627907
			4.45348837209302	-0.36046511627907
			4.46511627906977	-0.372093023255814
			4.47674418604651	-0.372093023255814
			4.48837209302326	-0.372093023255814
			4.5	-0.372093023255814
			4.51162790697674	-0.372093023255814
			4.52325581395349	-0.383720930232558
			4.53488372093023	-0.383720930232558
			4.54651162790698	-0.383720930232558
			4.55813953488372	-0.383720930232558
			4.56976744186047	-0.395348837209302
			4.58139534883721	-0.395348837209302
			4.59302325581395	-0.395348837209302
			4.6046511627907	-0.395348837209302
			4.61627906976744	-0.406976744186047
			4.62790697674419	-0.406976744186047
			4.63953488372093	-0.406976744186047
			4.65116279069767	-0.406976744186047
			4.66279069767442	-0.418604651162791
			4.67441860465116	-0.418604651162791
			4.68604651162791	-0.418604651162791
			4.69767441860465	-0.418604651162791
			4.7093023255814	-0.430232558139535
			4.72093023255814	-0.430232558139535
			4.73255813953488	-0.430232558139535
			4.74418604651163	-0.441860465116279
			4.75581395348837	-0.441860465116279
			4.76744186046512	-0.441860465116279
			4.77906976744186	-0.441860465116279
			4.7906976744186	-0.453488372093023
			4.80232558139535	-0.453488372093023
			4.81395348837209	-0.453488372093023
			4.82558139534884	-0.453488372093023
			4.83720930232558	-0.465116279069767
			4.84883720930233	-0.465116279069767
			4.86046511627907	-0.465116279069767
			4.87209302325581	-0.476744186046512
			4.88372093023256	-0.476744186046512
			4.8953488372093	-0.476744186046512
			4.90697674418605	-0.488372093023256
			4.91860465116279	-0.488372093023256
			4.93023255813953	-0.488372093023256
			4.94186046511628	-0.5
			4.95348837209302	-0.5
			4.96511627906977	-0.5
			4.97674418604651	-0.511627906976744
			4.98837209302326	-0.511627906976744
			5	-0.511627906976744
			5.01162790697674	-0.523255813953488
			5.02325581395349	-0.523255813953488
			5.03488372093023	-0.523255813953488
			5.04651162790698	-0.534883720930233
			5.05813953488372	-0.534883720930233
			5.06976744186047	-0.534883720930233
			5.08139534883721	-0.546511627906977
			5.09302325581395	-0.546511627906977
			5.1046511627907	-0.558139534883721
			5.11627906976744	-0.558139534883721
			5.12790697674419	-0.558139534883721
			5.13953488372093	-0.569767441860465
			5.15116279069767	-0.569767441860465
			5.16279069767442	-0.581395348837209
			5.17441860465116	-0.593023255813953
			5.18604651162791	-0.604651162790698
			5.19767441860465	-0.616279069767442
			5.2093023255814	-0.627906976744186
			5.2093023255814	-0.63953488372093
			5.22093023255814	-0.63953488372093
			5.23255813953488	-0.651162790697674
			5.23255813953488	-0.662790697674419
			5.24418604651163	-0.662790697674419
			5.25581395348837	-0.674418604651163
			5.25581395348837	-0.686046511627907
			5.26744186046512	-0.697674418604651
			5.27906976744186	-0.709302325581395
			5.2906976744186	-0.720930232558139
			5.30232558139535	-0.732558139534884
			5.31395348837209	-0.744186046511628
			5.31395348837209	-0.755813953488372
			5.32558139534884	-0.767441860465116
			5.33720930232558	-0.77906976744186
			5.34883720930233	-0.790697674418605
			5.34883720930233	-0.802325581395349
			5.36046511627907	-0.813953488372093
			5.37209302325581	-0.825581395348837
			5.37209302325581	-0.837209302325581
			5.38372093023256	-0.848837209302326
			5.38372093023256	-0.86046511627907
			5.3953488372093	-0.872093023255814
			5.3953488372093	-0.883720930232558
			5.40697674418605	-0.883720930232558
			5.40697674418605	-0.895348837209302
			5.41860465116279	-0.906976744186046
			5.41860465116279	-0.918604651162791
			5.43023255813953	-0.930232558139535
			5.43023255813953	-0.941860465116279
			5.44186046511628	-0.953488372093023
			5.44186046511628	-0.965116279069767
			5.44186046511628	-0.976744186046512
			5.45348837209302	-0.988372093023256
			5.45348837209302	-1
			5.45348837209302	-1.01162790697674
			5.45348837209302	-1.02325581395349
			5.45348837209302	-1.03488372093023
			5.46511627906977	-1.04651162790698
			5.46511627906977	-1.05813953488372
			5.46511627906977	-1.06976744186047
			5.46511627906977	-1.08139534883721
			5.46511627906977	-1.09302325581395
			5.46511627906977	-1.1046511627907
			5.45348837209302	-1.11627906976744
			5.45348837209302	-1.12790697674419
			5.45348837209302	-1.13953488372093
			5.45348837209302	-1.15116279069767
			5.44186046511628	-1.16279069767442
			5.44186046511628	-1.17441860465116
			5.43023255813953	-1.18604651162791
			5.41860465116279	-1.19767441860465
			5.41860465116279	-1.2093023255814
			5.40697674418605	-1.22093023255814
			5.3953488372093	-1.23255813953488
			5.3953488372093	-1.24418604651163
			5.38372093023256	-1.25581395348837
			5.38372093023256	-1.26744186046512
			5.37209302325581	-1.27906976744186
			5.37209302325581	-1.2906976744186
			5.36046511627907	-1.30232558139535
			5.36046511627907	-1.31395348837209
			5.36046511627907	-1.32558139534884
			5.34883720930233	-1.32558139534884
			5.34883720930233	-1.33720930232558
			5.33720930232558	-1.34883720930233
			5.32558139534884	-1.36046511627907
			5.31395348837209	-1.37209302325581
			5.30232558139535	-1.38372093023256
			5.30232558139535	-1.3953488372093
			5.2906976744186	-1.40697674418605
			5.27906976744186	-1.40697674418605
			5.26744186046512	-1.41860465116279
			5.25581395348837	-1.43023255813953
			5.24418604651163	-1.44186046511628
			5.23255813953488	-1.45348837209302
			5.22093023255814	-1.45348837209302
			5.2093023255814	-1.46511627906977
			5.19767441860465	-1.47674418604651
			5.18604651162791	-1.47674418604651
			5.17441860465116	-1.48837209302326
			5.16279069767442	-1.5
			5.15116279069767	-1.5
			5.15116279069767	-1.51162790697674
			5.13953488372093	-1.51162790697674
			5.12790697674419	-1.52325581395349
			5.11627906976744	-1.53488372093023
			5.11627906976744	-1.54651162790698
			5.1046511627907	-1.54651162790698
			5.09302325581395	-1.55813953488372
			5.09302325581395	-1.56976744186047
			5.08139534883721	-1.58139534883721
			5.06976744186047	-1.59302325581395
			5.06976744186047	-1.6046511627907
			5.05813953488372	-1.61627906976744
			5.04651162790698	-1.62790697674419
			5.04651162790698	-1.63953488372093
			5.03488372093023	-1.65116279069767
			5.03488372093023	-1.66279069767442
			5.02325581395349	-1.67441860465116
			5.01162790697674	-1.68604651162791
			5.01162790697674	-1.69767441860465
			5	-1.7093023255814
			5	-1.72093023255814
			4.98837209302326	-1.73255813953488
			4.98837209302326	-1.74418604651163
			4.98837209302326	-1.75581395348837
			4.97674418604651	-1.75581395348837
			4.97674418604651	-1.76744186046512
			4.97674418604651	-1.77906976744186
			4.97674418604651	-1.7906976744186
			4.96511627906977	-1.80232558139535
			4.96511627906977	-1.81395348837209
			4.95348837209302	-1.82558139534884
			4.95348837209302	-1.83720930232558
			4.95348837209302	-1.84883720930233
			4.94186046511628	-1.86046511627907
			4.94186046511628	-1.87209302325581
			4.94186046511628	-1.88372093023256
			4.93023255813953	-1.8953488372093
			4.91860465116279	-1.90697674418605
			4.91860465116279	-1.91860465116279
			4.90697674418605	-1.93023255813953
			4.8953488372093	-1.94186046511628
			4.88372093023256	-1.95348837209302
			4.88372093023256	-1.96511627906977
			4.87209302325581	-1.97674418604651
			4.86046511627907	-1.98837209302326
			4.86046511627907	-2
			4.84883720930233	-2.01162790697674
			4.83720930232558	-2.02325581395349
			4.83720930232558	-2.03488372093023
			4.82558139534884	-2.04651162790698
			4.82558139534884	-2.05813953488372
			4.81395348837209	-2.06976744186047
			4.81395348837209	-2.08139534883721
			4.80232558139535	-2.09302325581395
			4.80232558139535	-2.1046511627907
			4.7906976744186	-2.11627906976744
			4.7906976744186	-2.12790697674419
			4.77906976744186	-2.13953488372093
			4.77906976744186	-2.15116279069767
			4.76744186046512	-2.15116279069767
			4.76744186046512	-2.16279069767442
			4.76744186046512	-2.17441860465116
			4.75581395348837	-2.18604651162791
			4.75581395348837	-2.19767441860465
			4.74418604651163	-2.2093023255814
			4.74418604651163	-2.22093023255814
			4.73255813953488	-2.23255813953488
			4.73255813953488	-2.24418604651163
			4.73255813953488	-2.25581395348837
			4.72093023255814	-2.26744186046512
			4.72093023255814	-2.27906976744186
			4.7093023255814	-2.2906976744186
			4.7093023255814	-2.30232558139535
			4.7093023255814	-2.31395348837209
			4.69767441860465	-2.32558139534884
			4.69767441860465	-2.33720930232558
			4.68604651162791	-2.34883720930233
			4.68604651162791	-2.36046511627907
			4.68604651162791	-2.37209302325581
			4.67441860465116	-2.38372093023256
			4.67441860465116	-2.3953488372093
			4.67441860465116	-2.40697674418605
			4.66279069767442	-2.41860465116279
			4.66279069767442	-2.43023255813953
			4.65116279069767	-2.44186046511628
			4.65116279069767	-2.45348837209302
			4.65116279069767	-2.46511627906977
			4.65116279069767	-2.47674418604651
			4.63953488372093	-2.47674418604651
			4.63953488372093	-2.48837209302326
			4.63953488372093	-2.5
			4.62790697674419	-2.51162790697674
			4.62790697674419	-2.52325581395349
			4.62790697674419	-2.53488372093023
			4.62790697674419	-2.54651162790698
			4.61627906976744	-2.55813953488372
			4.61627906976744	-2.56976744186047
			4.61627906976744	-2.58139534883721
			4.6046511627907	-2.59302325581395
			4.6046511627907	-2.6046511627907
			4.6046511627907	-2.61627906976744
			4.6046511627907	-2.62790697674419
			4.6046511627907	-2.63953488372093
			4.59302325581395	-2.65116279069767
			4.59302325581395	-2.66279069767442
			4.59302325581395	-2.67441860465116
			4.59302325581395	-2.68604651162791
			4.59302325581395	-2.69767441860465
			4.59302325581395	-2.7093023255814
			4.58139534883721	-2.72093023255814
			4.58139534883721	-2.73255813953488
			4.58139534883721	-2.74418604651163
			4.58139534883721	-2.75581395348837
			4.56976744186047	-2.76744186046512
			4.56976744186047	-2.77906976744186
			4.56976744186047	-2.7906976744186
			4.56976744186047	-2.80232558139535
			4.56976744186047	-2.81395348837209
			4.55813953488372	-2.82558139534884
			4.55813953488372	-2.83720930232558
			4.55813953488372	-2.84883720930233
			4.55813953488372	-2.86046511627907
			4.54651162790698	-2.87209302325581
			4.54651162790698	-2.88372093023256
			4.54651162790698	-2.8953488372093
			4.53488372093023	-2.90697674418605
			4.53488372093023	-2.91860465116279
			4.53488372093023	-2.93023255813953
			4.52325581395349	-2.94186046511628
			4.52325581395349	-2.95348837209302
			4.52325581395349	-2.96511627906977
			4.51162790697674	-2.97674418604651
			4.51162790697674	-2.98837209302326
			4.5	-2.98837209302326
			4.5	-3
			4.5	-3.01162790697674
			4.48837209302326	-3.02325581395349
			4.48837209302326	-3.03488372093023
			4.47674418604651	-3.04651162790698
			4.47674418604651	-3.05813953488372
			4.46511627906977	-3.06976744186047
			4.45348837209302	-3.06976744186047
			4.45348837209302	-3.08139534883721
			4.46511627906977	-3.08139534883721
			4.47674418604651	-3.09302325581395
			4.48837209302326	-3.09302325581395
			4.5	-3.09302325581395
			4.51162790697674	-3.1046511627907
			4.52325581395349	-3.1046511627907
			4.53488372093023	-3.11627906976744
			4.54651162790698	-3.11627906976744
			4.55813953488372	-3.12790697674419
			4.56976744186047	-3.12790697674419
			4.58139534883721	-3.13953488372093
			4.59302325581395	-3.13953488372093
			4.6046511627907	-3.15116279069767
			4.61627906976744	-3.16279069767442
			4.62790697674419	-3.16279069767442
			4.63953488372093	-3.17441860465116
			4.65116279069767	-3.17441860465116
			4.65116279069767	-3.18604651162791
			4.66279069767442	-3.19767441860465
			4.67441860465116	-3.19767441860465
			4.68604651162791	-3.2093023255814
			4.68604651162791	-3.22093023255814
			4.69767441860465	-3.23255813953488
			4.7093023255814	-3.23255813953488
			4.72093023255814	-3.24418604651163
			4.72093023255814	-3.25581395348837
			4.73255813953488	-3.26744186046512
			4.74418604651163	-3.27906976744186
			4.75581395348837	-3.27906976744186
			4.76744186046512	-3.2906976744186
			4.77906976744186	-3.2906976744186
			4.7906976744186	-3.30232558139535
			4.80232558139535	-3.31395348837209
			4.81395348837209	-3.31395348837209
			4.82558139534884	-3.32558139534884
			4.82558139534884	-3.33720930232558
			4.83720930232558	-3.34883720930233
			4.84883720930233	-3.36046511627907
			4.84883720930233	-3.37209302325581
			4.84883720930233	-3.38372093023256
			4.86046511627907	-3.3953488372093
			4.86046511627907	-3.40697674418605
			4.86046511627907	-3.41860465116279
		</glabella>
		<suture type=matrix rownames=FALSE colnames=FALSE nrow=410 ncol=2 as.numeric=TRUE >
			3.91860465116279	-0.313953488372093
			3.93023255813953	-0.313953488372093
			3.94186046511628	-0.313953488372093
			3.95348837209302	-0.313953488372093
			3.96511627906977	-0.313953488372093
			3.97674418604651	-0.313953488372093
			3.98837209302326	-0.313953488372093
			4	-0.313953488372093
			4.01162790697674	-0.313953488372093
			4.02325581395349	-0.313953488372093
			4.03488372093023	-0.313953488372093
			4.04651162790698	-0.313953488372093
			4.05813953488372	-0.313953488372093
			4.06976744186047	-0.313953488372093
			4.08139534883721	-0.313953488372093
			4.09302325581395	-0.313953488372093
			4.1046511627907	-0.313953488372093
			4.11627906976744	-0.313953488372093
			4.12790697674419	-0.325581395348837
			4.13953488372093	-0.325581395348837
			4.15116279069767	-0.325581395348837
			4.16279069767442	-0.325581395348837
			4.17441860465116	-0.325581395348837
			4.18604651162791	-0.325581395348837
			4.19767441860465	-0.325581395348837
			4.2093023255814	-0.325581395348837
			4.22093023255814	-0.325581395348837
			4.23255813953488	-0.325581395348837
			4.24418604651163	-0.337209302325581
			4.25581395348837	-0.337209302325581
			4.26744186046512	-0.337209302325581
			4.27906976744186	-0.337209302325581
			4.2906976744186	-0.337209302325581
			4.30232558139535	-0.337209302325581
			4.31395348837209	-0.337209302325581
			4.32558139534884	-0.337209302325581
			4.33720930232558	-0.348837209302326
			4.34883720930233	-0.348837209302326
			4.36046511627907	-0.348837209302326
			4.37209302325581	-0.348837209302326
			4.38372093023256	-0.348837209302326
			4.3953488372093	-0.348837209302326
			4.40697674418605	-0.36046511627907
			4.41860465116279	-0.36046511627907
			4.43023255813953	-0.36046511627907
			4.44186046511628	-0.36046511627907
			4.45348837209302	-0.36046511627907
			4.46511627906977	-0.372093023255814
			4.47674418604651	-0.372093023255814
			4.48837209302326	-0.372093023255814
			4.5	-0.372093023255814
			4.51162790697674	-0.372093023255814
			4.52325581395349	-0.383720930232558
			4.53488372093023	-0.383720930232558
			4.54651162790698	-0.383720930232558
			4.55813953488372	-0.383720930232558
			4.56976744186047	-0.383720930232558
			4.58139534883721	-0.395348837209302
			4.59302325581395	-0.395348837209302
			4.6046511627907	-0.395348837209302
			4.61627906976744	-0.395348837209302
			4.62790697674419	-0.406976744186047
			4.63953488372093	-0.406976744186047
			4.65116279069767	-0.406976744186047
			4.66279069767442	-0.418604651162791
			4.67441860465116	-0.418604651162791
			4.68604651162791	-0.418604651162791
			4.69767441860465	-0.418604651162791
			4.7093023255814	-0.430232558139535
			4.72093023255814	-0.430232558139535
			4.73255813953488	-0.430232558139535
			4.74418604651163	-0.441860465116279
			4.75581395348837	-0.441860465116279
			4.76744186046512	-0.441860465116279
			4.77906976744186	-0.441860465116279
			4.7906976744186	-0.453488372093023
			4.80232558139535	-0.453488372093023
			4.81395348837209	-0.453488372093023
			4.82558139534884	-0.453488372093023
			4.82558139534884	-0.465116279069767
			4.83720930232558	-0.465116279069767
			4.84883720930233	-0.465116279069767
			4.86046511627907	-0.465116279069767
			4.87209302325581	-0.476744186046512
			4.88372093023256	-0.476744186046512
			4.8953488372093	-0.476744186046512
			4.90697674418605	-0.488372093023256
			4.91860465116279	-0.488372093023256
			4.93023255813953	-0.488372093023256
			4.94186046511628	-0.5
			4.95348837209302	-0.5
			4.96511627906977	-0.5
			4.97674418604651	-0.511627906976744
			4.98837209302326	-0.511627906976744
			5	-0.511627906976744
			5.01162790697674	-0.523255813953488
			5.02325581395349	-0.523255813953488
			5.03488372093023	-0.523255813953488
			5.04651162790698	-0.534883720930233
			5.05813953488372	-0.534883720930233
			5.06976744186047	-0.534883720930233
			5.08139534883721	-0.546511627906977
			5.09302325581395	-0.546511627906977
			5.1046511627907	-0.546511627906977
			5.11627906976744	-0.558139534883721
			5.12790697674419	-0.558139534883721
			5.13953488372093	-0.558139534883721
			5.15116279069767	-0.569767441860465
			5.16279069767442	-0.569767441860465
			5.17441860465116	-0.581395348837209
			5.18604651162791	-0.593023255813953
			5.19767441860465	-0.593023255813953
			5.2093023255814	-0.593023255813953
			5.22093023255814	-0.604651162790698
			5.23255813953488	-0.604651162790698
			5.24418604651163	-0.616279069767442
			5.25581395348837	-0.627906976744186
			5.26744186046512	-0.627906976744186
			5.27906976744186	-0.627906976744186
			5.27906976744186	-0.63953488372093
			5.2906976744186	-0.63953488372093
			5.30232558139535	-0.651162790697674
			5.31395348837209	-0.651162790697674
			5.31395348837209	-0.662790697674419
			5.32558139534884	-0.662790697674419
			5.33720930232558	-0.674418604651163
			5.34883720930233	-0.674418604651163
			5.36046511627907	-0.686046511627907
			5.37209302325581	-0.697674418604651
			5.38372093023256	-0.697674418604651
			5.3953488372093	-0.709302325581395
			5.3953488372093	-0.720930232558139
			5.40697674418605	-0.720930232558139
			5.41860465116279	-0.732558139534884
			5.43023255813953	-0.732558139534884
			5.43023255813953	-0.744186046511628
			5.44186046511628	-0.744186046511628
			5.45348837209302	-0.755813953488372
			5.46511627906977	-0.767441860465116
			5.47674418604651	-0.77906976744186
			5.48837209302326	-0.790697674418605
			5.5	-0.802325581395349
			5.51162790697674	-0.813953488372093
			5.52325581395349	-0.825581395348837
			5.53488372093023	-0.837209302325581
			5.53488372093023	-0.848837209302326
			5.54651162790698	-0.848837209302326
			5.54651162790698	-0.86046511627907
			5.55813953488372	-0.872093023255814
			5.55813953488372	-0.883720930232558
			5.56976744186047	-0.895348837209302
			5.56976744186047	-0.906976744186046
			5.58139534883721	-0.918604651162791
			5.58139534883721	-0.930232558139535
			5.59302325581395	-0.941860465116279
			5.59302325581395	-0.953488372093023
			5.59302325581395	-0.965116279069767
			5.6046511627907	-0.976744186046512
			5.6046511627907	-0.988372093023256
			5.6046511627907	-1
			5.6046511627907	-1.01162790697674
			5.6046511627907	-1.02325581395349
			5.6046511627907	-1.03488372093023
			5.6046511627907	-1.04651162790698
			5.6046511627907	-1.05813953488372
			5.6046511627907	-1.06976744186047
			5.6046511627907	-1.08139534883721
			5.6046511627907	-1.09302325581395
			5.6046511627907	-1.1046511627907
			5.6046511627907	-1.11627906976744
			5.6046511627907	-1.12790697674419
			5.6046511627907	-1.13953488372093
			5.6046511627907	-1.15116279069767
			5.6046511627907	-1.16279069767442
			5.6046511627907	-1.17441860465116
			5.6046511627907	-1.18604651162791
			5.6046511627907	-1.19767441860465
			5.6046511627907	-1.2093023255814
			5.6046511627907	-1.22093023255814
			5.6046511627907	-1.23255813953488
			5.59302325581395	-1.24418604651163
			5.59302325581395	-1.25581395348837
			5.59302325581395	-1.26744186046512
			5.59302325581395	-1.27906976744186
			5.59302325581395	-1.2906976744186
			5.59302325581395	-1.30232558139535
			5.59302325581395	-1.31395348837209
			5.58139534883721	-1.32558139534884
			5.58139534883721	-1.33720930232558
			5.58139534883721	-1.34883720930233
			5.58139534883721	-1.36046511627907
			5.58139534883721	-1.37209302325581
			5.58139534883721	-1.38372093023256
			5.56976744186047	-1.38372093023256
			5.56976744186047	-1.3953488372093
			5.56976744186047	-1.40697674418605
			5.56976744186047	-1.41860465116279
			5.56976744186047	-1.43023255813953
			5.55813953488372	-1.44186046511628
			5.55813953488372	-1.45348837209302
			5.55813953488372	-1.46511627906977
			5.55813953488372	-1.47674418604651
			5.55813953488372	-1.48837209302326
			5.54651162790698	-1.5
			5.54651162790698	-1.51162790697674
			5.54651162790698	-1.52325581395349
			5.54651162790698	-1.53488372093023
			5.54651162790698	-1.54651162790698
			5.53488372093023	-1.55813953488372
			5.53488372093023	-1.56976744186047
			5.53488372093023	-1.58139534883721
			5.53488372093023	-1.59302325581395
			5.52325581395349	-1.6046511627907
			5.52325581395349	-1.61627906976744
			5.52325581395349	-1.62790697674419
			5.52325581395349	-1.63953488372093
			5.51162790697674	-1.65116279069767
			5.51162790697674	-1.66279069767442
			5.51162790697674	-1.67441860465116
			5.51162790697674	-1.68604651162791
			5.5	-1.69767441860465
			5.5	-1.7093023255814
			5.5	-1.72093023255814
			5.5	-1.73255813953488
			5.48837209302326	-1.73255813953488
			5.48837209302326	-1.74418604651163
			5.48837209302326	-1.75581395348837
			5.48837209302326	-1.76744186046512
			5.48837209302326	-1.77906976744186
			5.47674418604651	-1.7906976744186
			5.47674418604651	-1.80232558139535
			5.47674418604651	-1.81395348837209
			5.47674418604651	-1.82558139534884
			5.46511627906977	-1.83720930232558
			5.46511627906977	-1.84883720930233
			5.46511627906977	-1.86046511627907
			5.46511627906977	-1.87209302325581
			5.46511627906977	-1.88372093023256
			5.46511627906977	-1.8953488372093
			5.45348837209302	-1.90697674418605
			5.45348837209302	-1.91860465116279
			5.45348837209302	-1.93023255813953
			5.45348837209302	-1.94186046511628
			5.45348837209302	-1.95348837209302
			5.45348837209302	-1.96511627906977
			5.45348837209302	-1.97674418604651
			5.45348837209302	-1.98837209302326
			5.45348837209302	-2
			5.45348837209302	-2.01162790697674
			5.46511627906977	-2.02325581395349
			5.46511627906977	-2.03488372093023
			5.46511627906977	-2.04651162790698
			5.46511627906977	-2.05813953488372
			5.46511627906977	-2.06976744186047
			5.46511627906977	-2.08139534883721
			5.47674418604651	-2.09302325581395
			5.47674418604651	-2.1046511627907
			5.47674418604651	-2.11627906976744
			5.47674418604651	-2.12790697674419
			5.48837209302326	-2.13953488372093
			5.48837209302326	-2.15116279069767
			5.5	-2.16279069767442
			5.5	-2.17441860465116
			5.51162790697674	-2.18604651162791
			5.51162790697674	-2.19767441860465
			5.52325581395349	-2.2093023255814
			5.52325581395349	-2.22093023255814
			5.53488372093023	-2.23255813953488
			5.53488372093023	-2.24418604651163
			5.54651162790698	-2.25581395348837
			5.55813953488372	-2.26744186046512
			5.55813953488372	-2.27906976744186
			5.56976744186047	-2.2906976744186
			5.58139534883721	-2.30232558139535
			5.58139534883721	-2.31395348837209
			5.59302325581395	-2.32558139534884
			5.6046511627907	-2.33720930232558
			5.61627906976744	-2.34883720930233
			5.62790697674419	-2.36046511627907
			5.63953488372093	-2.37209302325581
			5.63953488372093	-2.38372093023256
			5.65116279069767	-2.38372093023256
			5.66279069767442	-2.3953488372093
			5.67441860465116	-2.40697674418605
			5.68604651162791	-2.41860465116279
			5.69767441860465	-2.43023255813953
			5.70930232558139	-2.44186046511628
			5.72093023255814	-2.45348837209302
			5.73255813953488	-2.45348837209302
			5.73255813953488	-2.46511627906977
			5.72093023255814	-2.46511627906977
			5.72093023255814	-2.47674418604651
			5.70930232558139	-2.48837209302326
			5.70930232558139	-2.5
			5.70930232558139	-2.51162790697674
			5.69767441860465	-2.52325581395349
			5.69767441860465	-2.53488372093023
			5.69767441860465	-2.54651162790698
			5.69767441860465	-2.55813953488372
			5.69767441860465	-2.56976744186047
			5.69767441860465	-2.58139534883721
			5.70930232558139	-2.58139534883721
			5.70930232558139	-2.59302325581395
			5.70930232558139	-2.6046511627907
			5.70930232558139	-2.61627906976744
			5.72093023255814	-2.62790697674419
			5.72093023255814	-2.63953488372093
			5.73255813953488	-2.63953488372093
			5.74418604651163	-2.65116279069767
			5.75581395348837	-2.65116279069767
			5.76744186046512	-2.65116279069767
			5.77906976744186	-2.66279069767442
			5.7906976744186	-2.66279069767442
			5.80232558139535	-2.66279069767442
			5.81395348837209	-2.67441860465116
			5.82558139534884	-2.67441860465116
			5.83720930232558	-2.68604651162791
			5.84883720930233	-2.68604651162791
			5.86046511627907	-2.69767441860465
			5.87209302325581	-2.69767441860465
			5.87209302325581	-2.7093023255814
			5.88372093023256	-2.7093023255814
			5.8953488372093	-2.72093023255814
			5.90697674418605	-2.72093023255814
			5.91860465116279	-2.73255813953488
			5.91860465116279	-2.74418604651163
			5.93023255813953	-2.74418604651163
			5.94186046511628	-2.75581395348837
			5.95348837209302	-2.76744186046512
			5.95348837209302	-2.77906976744186
			5.96511627906977	-2.77906976744186
			5.97674418604651	-2.7906976744186
			5.98837209302326	-2.80232558139535
			5.98837209302326	-2.81395348837209
			6	-2.82558139534884
			6.01162790697674	-2.83720930232558
			6.02325581395349	-2.84883720930233
			6.02325581395349	-2.86046511627907
			6.03488372093023	-2.87209302325581
			6.03488372093023	-2.88372093023256
			6.04651162790698	-2.88372093023256
			6.04651162790698	-2.8953488372093
			6.04651162790698	-2.90697674418605
			6.05813953488372	-2.91860465116279
			6.05813953488372	-2.93023255813953
			6.05813953488372	-2.94186046511628
			6.05813953488372	-2.95348837209302
			6.05813953488372	-2.96511627906977
			6.05813953488372	-2.97674418604651
			6.05813953488372	-2.98837209302326
			6.05813953488372	-3
			6.04651162790698	-3.01162790697674
			6.04651162790698	-3.02325581395349
			6.03488372093023	-3.03488372093023
			6.03488372093023	-3.04651162790698
			6.02325581395349	-3.05813953488372
			6.01162790697674	-3.06976744186047
			6	-3.06976744186047
			5.98837209302326	-3.08139534883721
			5.97674418604651	-3.08139534883721
			5.96511627906977	-3.08139534883721
			5.96511627906977	-3.09302325581395
			5.95348837209302	-3.09302325581395
			5.94186046511628	-3.09302325581395
			5.93023255813953	-3.1046511627907
			5.91860465116279	-3.1046511627907
			5.90697674418605	-3.11627906976744
			5.8953488372093	-3.11627906976744
			5.88372093023256	-3.11627906976744
			5.87209302325581	-3.12790697674419
			5.86046511627907	-3.12790697674419
			5.84883720930233	-3.12790697674419
			5.83720930232558	-3.13953488372093
			5.82558139534884	-3.13953488372093
			5.81395348837209	-3.13953488372093
			5.80232558139535	-3.15116279069767
			5.7906976744186	-3.15116279069767
			5.77906976744186	-3.15116279069767
			5.77906976744186	-3.16279069767442
			5.76744186046512	-3.16279069767442
			5.75581395348837	-3.16279069767442
			5.74418604651163	-3.16279069767442
			5.73255813953488	-3.16279069767442
			5.73255813953488	-3.17441860465116
			5.72093023255814	-3.17441860465116
			5.70930232558139	-3.17441860465116
			5.69767441860465	-3.18604651162791
			5.68604651162791	-3.19767441860465
			5.67441860465116	-3.2093023255814
			5.66279069767442	-3.22093023255814
			5.66279069767442	-3.23255813953488
			5.65116279069767	-3.24418604651163
			5.65116279069767	-3.25581395348837
			5.65116279069767	-3.26744186046512
			5.65116279069767	-3.27906976744186
			5.65116279069767	-3.2906976744186
			5.65116279069767	-3.30232558139535
			5.65116279069767	-3.31395348837209
			5.65116279069767	-3.32558139534884
			5.66279069767442	-3.33720930232558
			5.66279069767442	-3.34883720930233
			5.66279069767442	-3.36046511627907
			5.67441860465116	-3.37209302325581
			5.67441860465116	-3.38372093023256
			5.68604651162791	-3.3953488372093
			5.69767441860465	-3.40697674418605
			5.69767441860465	-3.41860465116279
			5.70930232558139	-3.43023255813953
			5.72093023255814	-3.44186046511628
			5.72093023255814	-3.45348837209302
		</suture>
		<anterior type=matrix rownames=FALSE colnames=FALSE nrow=358 ncol=2 as.numeric=TRUE >
			3.91860465116279	-0.313953488372093
			3.93023255813953	-0.313953488372093
			3.94186046511628	-0.313953488372093
			3.95348837209302	-0.313953488372093
			3.96511627906977	-0.313953488372093
			3.97674418604651	-0.313953488372093
			3.98837209302326	-0.313953488372093
			4	-0.313953488372093
			4.01162790697674	-0.313953488372093
			4.02325581395349	-0.313953488372093
			4.03488372093023	-0.313953488372093
			4.04651162790698	-0.313953488372093
			4.05813953488372	-0.313953488372093
			4.06976744186047	-0.313953488372093
			4.08139534883721	-0.313953488372093
			4.09302325581395	-0.313953488372093
			4.1046511627907	-0.313953488372093
			4.11627906976744	-0.313953488372093
			4.12790697674419	-0.325581395348837
			4.13953488372093	-0.325581395348837
			4.15116279069767	-0.325581395348837
			4.16279069767442	-0.325581395348837
			4.17441860465116	-0.325581395348837
			4.18604651162791	-0.325581395348837
			4.19767441860465	-0.325581395348837
			4.2093023255814	-0.325581395348837
			4.22093023255814	-0.325581395348837
			4.23255813953488	-0.325581395348837
			4.24418604651163	-0.337209302325581
			4.25581395348837	-0.337209302325581
			4.26744186046512	-0.337209302325581
			4.27906976744186	-0.337209302325581
			4.2906976744186	-0.337209302325581
			4.30232558139535	-0.337209302325581
			4.31395348837209	-0.337209302325581
			4.32558139534884	-0.337209302325581
			4.33720930232558	-0.348837209302326
			4.34883720930233	-0.348837209302326
			4.36046511627907	-0.348837209302326
			4.37209302325581	-0.348837209302326
			4.38372093023256	-0.348837209302326
			4.3953488372093	-0.348837209302326
			4.40697674418605	-0.36046511627907
			4.41860465116279	-0.36046511627907
			4.43023255813953	-0.36046511627907
			4.44186046511628	-0.36046511627907
			4.45348837209302	-0.36046511627907
			4.46511627906977	-0.372093023255814
			4.47674418604651	-0.372093023255814
			4.48837209302326	-0.372093023255814
			4.5	-0.372093023255814
			4.51162790697674	-0.372093023255814
			4.52325581395349	-0.383720930232558
			4.53488372093023	-0.383720930232558
			4.54651162790698	-0.383720930232558
			4.55813953488372	-0.383720930232558
			4.56976744186047	-0.395348837209302
			4.58139534883721	-0.395348837209302
			4.59302325581395	-0.395348837209302
			4.6046511627907	-0.395348837209302
			4.61627906976744	-0.406976744186047
			4.62790697674419	-0.406976744186047
			4.63953488372093	-0.406976744186047
			4.65116279069767	-0.406976744186047
			4.66279069767442	-0.418604651162791
			4.67441860465116	-0.418604651162791
			4.68604651162791	-0.418604651162791
			4.69767441860465	-0.418604651162791
			4.7093023255814	-0.430232558139535
			4.72093023255814	-0.430232558139535
			4.73255813953488	-0.430232558139535
			4.74418604651163	-0.430232558139535
			4.74418604651163	-0.441860465116279
			4.75581395348837	-0.441860465116279
			4.76744186046512	-0.441860465116279
			4.77906976744186	-0.441860465116279
			4.7906976744186	-0.441860465116279
			4.7906976744186	-0.453488372093023
			4.80232558139535	-0.453488372093023
			4.81395348837209	-0.453488372093023
			4.82558139534884	-0.453488372093023
			4.82558139534884	-0.465116279069767
			4.83720930232558	-0.465116279069767
			4.84883720930233	-0.465116279069767
			4.86046511627907	-0.465116279069767
			4.87209302325581	-0.476744186046512
			4.88372093023256	-0.476744186046512
			4.8953488372093	-0.476744186046512
			4.90697674418605	-0.488372093023256
			4.91860465116279	-0.488372093023256
			4.93023255813953	-0.488372093023256
			4.94186046511628	-0.5
			4.95348837209302	-0.5
			4.96511627906977	-0.5
			4.97674418604651	-0.511627906976744
			4.98837209302326	-0.511627906976744
			5	-0.511627906976744
			5.01162790697674	-0.523255813953488
			5.02325581395349	-0.523255813953488
			5.03488372093023	-0.523255813953488
			5.04651162790698	-0.534883720930233
			5.05813953488372	-0.534883720930233
			5.06976744186047	-0.534883720930233
			5.08139534883721	-0.546511627906977
			5.09302325581395	-0.546511627906977
			5.1046511627907	-0.546511627906977
			5.11627906976744	-0.558139534883721
			5.12790697674419	-0.558139534883721
			5.13953488372093	-0.569767441860465
			5.15116279069767	-0.569767441860465
			5.16279069767442	-0.569767441860465
			5.16279069767442	-0.581395348837209
			5.17441860465116	-0.581395348837209
			5.18604651162791	-0.581395348837209
			5.19767441860465	-0.593023255813953
			5.2093023255814	-0.604651162790698
			5.22093023255814	-0.604651162790698
			5.23255813953488	-0.604651162790698
			5.23255813953488	-0.616279069767442
			5.24418604651163	-0.616279069767442
			5.25581395348837	-0.616279069767442
			5.25581395348837	-0.627906976744186
			5.26744186046512	-0.627906976744186
			5.27906976744186	-0.63953488372093
			5.2906976744186	-0.63953488372093
			5.30232558139535	-0.651162790697674
			5.31395348837209	-0.662790697674419
			5.32558139534884	-0.662790697674419
			5.33720930232558	-0.674418604651163
			5.34883720930233	-0.674418604651163
			5.36046511627907	-0.686046511627907
			5.37209302325581	-0.686046511627907
			5.37209302325581	-0.697674418604651
			5.38372093023256	-0.709302325581395
			5.3953488372093	-0.709302325581395
			5.40697674418605	-0.720930232558139
			5.41860465116279	-0.732558139534884
			5.43023255813953	-0.744186046511628
			5.44186046511628	-0.744186046511628
			5.45348837209302	-0.755813953488372
			5.46511627906977	-0.767441860465116
			5.47674418604651	-0.77906976744186
			5.48837209302326	-0.790697674418605
			5.5	-0.802325581395349
			5.51162790697674	-0.813953488372093
			5.52325581395349	-0.825581395348837
			5.52325581395349	-0.837209302325581
			5.53488372093023	-0.848837209302326
			5.54651162790698	-0.848837209302326
			5.54651162790698	-0.86046511627907
			5.55813953488372	-0.872093023255814
			5.55813953488372	-0.883720930232558
			5.56976744186047	-0.895348837209302
			5.56976744186047	-0.906976744186046
			5.58139534883721	-0.906976744186046
			5.58139534883721	-0.918604651162791
			5.58139534883721	-0.930232558139535
			5.59302325581395	-0.941860465116279
			5.59302325581395	-0.953488372093023
			5.59302325581395	-0.965116279069767
			5.6046511627907	-0.976744186046512
			5.6046511627907	-0.988372093023256
			5.6046511627907	-1
			5.6046511627907	-1.01162790697674
			5.6046511627907	-1.02325581395349
			5.61627906976744	-1.01162790697674
			5.62790697674419	-1
			5.63953488372093	-1
			5.65116279069767	-1
			5.66279069767442	-0.988372093023256
			5.67441860465116	-0.988372093023256
			5.68604651162791	-0.988372093023256
			5.69767441860465	-0.988372093023256
			5.70930232558139	-0.988372093023256
			5.72093023255814	-0.988372093023256
			5.73255813953488	-0.988372093023256
			5.74418604651163	-1
			5.75581395348837	-1
			5.76744186046512	-1
			5.77906976744186	-1.01162790697674
			5.7906976744186	-1.01162790697674
			5.80232558139535	-1.01162790697674
			5.80232558139535	-1.02325581395349
			5.81395348837209	-1.02325581395349
			5.82558139534884	-1.02325581395349
			5.83720930232558	-1.03488372093023
			5.84883720930233	-1.04651162790698
			5.86046511627907	-1.04651162790698
			5.87209302325581	-1.05813953488372
			5.88372093023256	-1.06976744186047
			5.8953488372093	-1.06976744186047
			5.90697674418605	-1.08139534883721
			5.91860465116279	-1.08139534883721
			5.93023255813953	-1.09302325581395
			5.94186046511628	-1.1046511627907
			5.95348837209302	-1.11627906976744
			5.96511627906977	-1.11627906976744
			5.97674418604651	-1.12790697674419
			5.98837209302326	-1.13953488372093
			6	-1.15116279069767
			6.01162790697674	-1.15116279069767
			6.01162790697674	-1.16279069767442
			6.02325581395349	-1.16279069767442
			6.03488372093023	-1.17441860465116
			6.04651162790698	-1.18604651162791
			6.05813953488372	-1.19767441860465
			6.06976744186047	-1.2093023255814
			6.08139534883721	-1.22093023255814
			6.09302325581395	-1.23255813953488
			6.1046511627907	-1.23255813953488
			6.11627906976744	-1.24418604651163
			6.12790697674419	-1.25581395348837
			6.12790697674419	-1.26744186046512
			6.13953488372093	-1.27906976744186
			6.15116279069767	-1.27906976744186
			6.16279069767442	-1.2906976744186
			6.17441860465116	-1.30232558139535
			6.18604651162791	-1.31395348837209
			6.19767441860465	-1.32558139534884
			6.20930232558139	-1.33720930232558
			6.22093023255814	-1.34883720930233
			6.23255813953488	-1.36046511627907
			6.24418604651163	-1.37209302325581
			6.25581395348837	-1.38372093023256
			6.26744186046512	-1.3953488372093
			6.27906976744186	-1.40697674418605
			6.2906976744186	-1.41860465116279
			6.30232558139535	-1.43023255813953
			6.31395348837209	-1.44186046511628
			6.32558139534884	-1.45348837209302
			6.33720930232558	-1.46511627906977
			6.34883720930233	-1.47674418604651
			6.36046511627907	-1.48837209302326
			6.37209302325581	-1.5
			6.37209302325581	-1.51162790697674
			6.38372093023256	-1.52325581395349
			6.3953488372093	-1.53488372093023
			6.40697674418605	-1.54651162790698
			6.41860465116279	-1.55813953488372
			6.43023255813953	-1.56976744186047
			6.44186046511628	-1.58139534883721
			6.45348837209302	-1.59302325581395
			6.45348837209302	-1.6046511627907
			6.46511627906977	-1.61627906976744
			6.47674418604651	-1.62790697674419
			6.48837209302326	-1.63953488372093
			6.5	-1.65116279069767
			6.51162790697674	-1.66279069767442
			6.51162790697674	-1.67441860465116
			6.52325581395349	-1.68604651162791
			6.53488372093023	-1.69767441860465
			6.54651162790698	-1.7093023255814
			6.55813953488372	-1.72093023255814
			6.55813953488372	-1.73255813953488
			6.56976744186047	-1.74418604651163
			6.58139534883721	-1.75581395348837
			6.59302325581395	-1.76744186046512
			6.6046511627907	-1.77906976744186
			6.6046511627907	-1.7906976744186
			6.61627906976744	-1.80232558139535
			6.62790697674419	-1.81395348837209
			6.63953488372093	-1.82558139534884
			6.63953488372093	-1.83720930232558
			6.65116279069767	-1.84883720930233
			6.66279069767442	-1.86046511627907
			6.67441860465116	-1.87209302325581
			6.67441860465116	-1.88372093023256
			6.68604651162791	-1.8953488372093
			6.69767441860465	-1.90697674418605
			6.70930232558139	-1.91860465116279
			6.70930232558139	-1.93023255813953
			6.72093023255814	-1.94186046511628
			6.73255813953488	-1.95348837209302
			6.73255813953488	-1.96511627906977
			6.74418604651163	-1.97674418604651
			6.75581395348837	-1.98837209302326
			6.76744186046512	-2
			6.76744186046512	-2.01162790697674
			6.77906976744186	-2.02325581395349
			6.77906976744186	-2.03488372093023
			6.7906976744186	-2.04651162790698
			6.80232558139535	-2.05813953488372
			6.80232558139535	-2.06976744186047
			6.81395348837209	-2.08139534883721
			6.82558139534884	-2.09302325581395
			6.82558139534884	-2.1046511627907
			6.83720930232558	-2.11627906976744
			6.83720930232558	-2.12790697674419
			6.84883720930233	-2.13953488372093
			6.86046511627907	-2.15116279069767
			6.86046511627907	-2.16279069767442
			6.87209302325581	-2.17441860465116
			6.87209302325581	-2.18604651162791
			6.88372093023256	-2.19767441860465
			6.88372093023256	-2.2093023255814
			6.8953488372093	-2.2093023255814
			6.8953488372093	-2.22093023255814
			6.90697674418605	-2.23255813953488
			6.90697674418605	-2.24418604651163
			6.91860465116279	-2.25581395348837
			6.91860465116279	-2.26744186046512
			6.93023255813953	-2.27906976744186
			6.93023255813953	-2.2906976744186
			6.94186046511628	-2.30232558139535
			6.94186046511628	-2.31395348837209
			6.95348837209302	-2.31395348837209
			6.95348837209302	-2.32558139534884
			6.96511627906977	-2.33720930232558
			6.96511627906977	-2.34883720930233
			6.97674418604651	-2.36046511627907
			6.97674418604651	-2.37209302325581
			6.98837209302326	-2.38372093023256
			6.98837209302326	-2.3953488372093
			7	-2.40697674418605
			7	-2.41860465116279
			7.01162790697674	-2.43023255813953
			7.01162790697674	-2.44186046511628
			7.02325581395349	-2.45348837209302
			7.02325581395349	-2.46511627906977
			7.03488372093023	-2.47674418604651
			7.03488372093023	-2.48837209302326
			7.04651162790698	-2.5
			7.04651162790698	-2.51162790697674
			7.05813953488372	-2.52325581395349
			7.05813953488372	-2.53488372093023
			7.05813953488372	-2.54651162790698
			7.06976744186047	-2.54651162790698
			7.06976744186047	-2.55813953488372
			7.06976744186047	-2.56976744186047
			7.08139534883721	-2.56976744186047
			7.08139534883721	-2.58139534883721
			7.09302325581395	-2.59302325581395
			7.09302325581395	-2.6046511627907
			7.1046511627907	-2.61627906976744
			7.1046511627907	-2.62790697674419
			7.1046511627907	-2.63953488372093
			7.11627906976744	-2.65116279069767
			7.11627906976744	-2.66279069767442
			7.12790697674419	-2.67441860465116
			7.12790697674419	-2.68604651162791
			7.12790697674419	-2.69767441860465
			7.12790697674419	-2.7093023255814
			7.13953488372093	-2.72093023255814
			7.13953488372093	-2.73255813953488
			7.13953488372093	-2.74418604651163
			7.13953488372093	-2.75581395348837
			7.13953488372093	-2.76744186046512
			7.13953488372093	-2.77906976744186
			7.13953488372093	-2.7906976744186
			7.13953488372093	-2.80232558139535
			7.13953488372093	-2.81395348837209
			7.13953488372093	-2.82558139534884
			7.13953488372093	-2.83720930232558
			7.13953488372093	-2.84883720930233
			7.13953488372093	-2.86046511627907
			7.12790697674419	-2.87209302325581
			7.12790697674419	-2.88372093023256
			7.12790697674419	-2.8953488372093
		</anterior>
		<posterior type=matrix rownames=FALSE colnames=FALSE nrow=313 ncol=2 as.numeric=TRUE >
			3.76744186046512	-3.7093023255814
			3.77906976744186	-3.7093023255814
			3.7906976744186	-3.7093023255814
			3.80232558139535	-3.7093023255814
			3.81395348837209	-3.7093023255814
			3.82558139534884	-3.7093023255814
			3.83720930232558	-3.7093023255814
			3.84883720930233	-3.72093023255814
			3.86046511627907	-3.72093023255814
			3.87209302325581	-3.72093023255814
			3.88372093023256	-3.72093023255814
			3.8953488372093	-3.72093023255814
			3.90697674418605	-3.72093023255814
			3.91860465116279	-3.72093023255814
			3.93023255813953	-3.72093023255814
			3.94186046511628	-3.72093023255814
			3.95348837209302	-3.72093023255814
			3.96511627906977	-3.72093023255814
			3.97674418604651	-3.72093023255814
			3.98837209302326	-3.72093023255814
			4	-3.72093023255814
			4.01162790697674	-3.72093023255814
			4.02325581395349	-3.72093023255814
			4.03488372093023	-3.72093023255814
			4.04651162790698	-3.72093023255814
			4.05813953488372	-3.72093023255814
			4.06976744186047	-3.72093023255814
			4.08139534883721	-3.72093023255814
			4.09302325581395	-3.72093023255814
			4.1046511627907	-3.72093023255814
			4.11627906976744	-3.72093023255814
			4.12790697674419	-3.72093023255814
			4.13953488372093	-3.72093023255814
			4.15116279069767	-3.72093023255814
			4.16279069767442	-3.72093023255814
			4.17441860465116	-3.72093023255814
			4.18604651162791	-3.72093023255814
			4.19767441860465	-3.72093023255814
			4.2093023255814	-3.72093023255814
			4.22093023255814	-3.72093023255814
			4.23255813953488	-3.72093023255814
			4.24418604651163	-3.72093023255814
			4.25581395348837	-3.72093023255814
			4.26744186046512	-3.72093023255814
			4.27906976744186	-3.72093023255814
			4.2906976744186	-3.72093023255814
			4.30232558139535	-3.72093023255814
			4.31395348837209	-3.72093023255814
			4.32558139534884	-3.72093023255814
			4.33720930232558	-3.72093023255814
			4.34883720930233	-3.7093023255814
			4.36046511627907	-3.7093023255814
			4.37209302325581	-3.7093023255814
			4.38372093023256	-3.7093023255814
			4.3953488372093	-3.7093023255814
			4.40697674418605	-3.7093023255814
			4.41860465116279	-3.7093023255814
			4.43023255813953	-3.7093023255814
			4.44186046511628	-3.7093023255814
			4.45348837209302	-3.7093023255814
			4.46511627906977	-3.7093023255814
			4.47674418604651	-3.69767441860465
			4.48837209302326	-3.69767441860465
			4.5	-3.69767441860465
			4.51162790697674	-3.69767441860465
			4.52325581395349	-3.69767441860465
			4.53488372093023	-3.68604651162791
			4.54651162790698	-3.67441860465116
			4.55813953488372	-3.66279069767442
			4.56976744186047	-3.65116279069767
			4.58139534883721	-3.63953488372093
			4.59302325581395	-3.62790697674419
			4.6046511627907	-3.62790697674419
			4.6046511627907	-3.61627906976744
			4.61627906976744	-3.6046511627907
			4.62790697674419	-3.6046511627907
			4.62790697674419	-3.59302325581395
			4.63953488372093	-3.58139534883721
			4.65116279069767	-3.58139534883721
			4.65116279069767	-3.56976744186047
			4.66279069767442	-3.56976744186047
			4.67441860465116	-3.55813953488372
			4.67441860465116	-3.54651162790698
			4.68604651162791	-3.54651162790698
			4.69767441860465	-3.53488372093023
			4.7093023255814	-3.52325581395349
			4.72093023255814	-3.51162790697674
			4.73255813953488	-3.5
			4.74418604651163	-3.5
			4.75581395348837	-3.48837209302326
			4.76744186046512	-3.47674418604651
			4.77906976744186	-3.46511627906977
			4.7906976744186	-3.46511627906977
			4.80232558139535	-3.45348837209302
			4.81395348837209	-3.44186046511628
			4.82558139534884	-3.44186046511628
			4.83720930232558	-3.44186046511628
			4.84883720930233	-3.43023255813953
			4.86046511627907	-3.43023255813953
			4.86046511627907	-3.41860465116279
			4.87209302325581	-3.41860465116279
			4.88372093023256	-3.41860465116279
			4.8953488372093	-3.41860465116279
			4.90697674418605	-3.41860465116279
			4.91860465116279	-3.43023255813953
			4.93023255813953	-3.43023255813953
			4.94186046511628	-3.43023255813953
			4.95348837209302	-3.43023255813953
			4.96511627906977	-3.43023255813953
			4.97674418604651	-3.43023255813953
			4.98837209302326	-3.44186046511628
			5	-3.44186046511628
			5.01162790697674	-3.44186046511628
			5.02325581395349	-3.44186046511628
			5.03488372093023	-3.44186046511628
			5.04651162790698	-3.44186046511628
			5.05813953488372	-3.44186046511628
			5.06976744186047	-3.45348837209302
			5.08139534883721	-3.45348837209302
			5.09302325581395	-3.45348837209302
			5.1046511627907	-3.45348837209302
			5.11627906976744	-3.45348837209302
			5.12790697674419	-3.45348837209302
			5.13953488372093	-3.45348837209302
			5.15116279069767	-3.45348837209302
			5.16279069767442	-3.46511627906977
			5.17441860465116	-3.46511627906977
			5.18604651162791	-3.46511627906977
			5.19767441860465	-3.46511627906977
			5.2093023255814	-3.46511627906977
			5.22093023255814	-3.46511627906977
			5.23255813953488	-3.46511627906977
			5.24418604651163	-3.46511627906977
			5.25581395348837	-3.46511627906977
			5.26744186046512	-3.46511627906977
			5.27906976744186	-3.46511627906977
			5.27906976744186	-3.47674418604651
			5.2906976744186	-3.47674418604651
			5.30232558139535	-3.47674418604651
			5.31395348837209	-3.47674418604651
			5.32558139534884	-3.47674418604651
			5.33720930232558	-3.47674418604651
			5.34883720930233	-3.47674418604651
			5.36046511627907	-3.47674418604651
			5.37209302325581	-3.47674418604651
			5.38372093023256	-3.47674418604651
			5.3953488372093	-3.47674418604651
			5.40697674418605	-3.47674418604651
			5.41860465116279	-3.47674418604651
			5.43023255813953	-3.47674418604651
			5.44186046511628	-3.47674418604651
			5.45348837209302	-3.47674418604651
			5.46511627906977	-3.47674418604651
			5.47674418604651	-3.47674418604651
			5.48837209302326	-3.47674418604651
			5.5	-3.47674418604651
			5.51162790697674	-3.47674418604651
			5.52325581395349	-3.47674418604651
			5.53488372093023	-3.47674418604651
			5.54651162790698	-3.47674418604651
			5.55813953488372	-3.47674418604651
			5.56976744186047	-3.47674418604651
			5.58139534883721	-3.47674418604651
			5.59302325581395	-3.47674418604651
			5.6046511627907	-3.47674418604651
			5.61627906976744	-3.47674418604651
			5.62790697674419	-3.47674418604651
			5.63953488372093	-3.47674418604651
			5.65116279069767	-3.47674418604651
			5.66279069767442	-3.47674418604651
			5.67441860465116	-3.47674418604651
			5.68604651162791	-3.47674418604651
			5.69767441860465	-3.47674418604651
			5.70930232558139	-3.47674418604651
			5.72093023255814	-3.47674418604651
			5.73255813953488	-3.47674418604651
			5.74418604651163	-3.46511627906977
			5.75581395348837	-3.46511627906977
			5.76744186046512	-3.46511627906977
			5.77906976744186	-3.46511627906977
			5.7906976744186	-3.46511627906977
			5.80232558139535	-3.46511627906977
			5.81395348837209	-3.46511627906977
			5.82558139534884	-3.45348837209302
			5.83720930232558	-3.45348837209302
			5.84883720930233	-3.45348837209302
			5.86046511627907	-3.45348837209302
			5.87209302325581	-3.45348837209302
			5.88372093023256	-3.44186046511628
			5.8953488372093	-3.44186046511628
			5.90697674418605	-3.44186046511628
			5.91860465116279	-3.44186046511628
			5.93023255813953	-3.43023255813953
			5.94186046511628	-3.43023255813953
			5.95348837209302	-3.43023255813953
			5.96511627906977	-3.43023255813953
			5.97674418604651	-3.41860465116279
			5.98837209302326	-3.41860465116279
			6	-3.41860465116279
			6.01162790697674	-3.40697674418605
			6.02325581395349	-3.40697674418605
			6.03488372093023	-3.40697674418605
			6.04651162790698	-3.3953488372093
			6.05813953488372	-3.3953488372093
			6.06976744186047	-3.3953488372093
			6.08139534883721	-3.3953488372093
			6.08139534883721	-3.38372093023256
			6.09302325581395	-3.38372093023256
			6.1046511627907	-3.38372093023256
			6.11627906976744	-3.38372093023256
			6.12790697674419	-3.37209302325581
			6.13953488372093	-3.37209302325581
			6.15116279069767	-3.36046511627907
			6.16279069767442	-3.36046511627907
			6.17441860465116	-3.36046511627907
			6.18604651162791	-3.34883720930233
			6.19767441860465	-3.34883720930233
			6.20930232558139	-3.33720930232558
			6.22093023255814	-3.33720930232558
			6.23255813953488	-3.33720930232558
			6.24418604651163	-3.32558139534884
			6.25581395348837	-3.32558139534884
			6.26744186046512	-3.31395348837209
			6.27906976744186	-3.31395348837209
			6.2906976744186	-3.30232558139535
			6.30232558139535	-3.30232558139535
			6.31395348837209	-3.30232558139535
			6.32558139534884	-3.2906976744186
			6.33720930232558	-3.2906976744186
			6.34883720930233	-3.27906976744186
			6.36046511627907	-3.27906976744186
			6.37209302325581	-3.26744186046512
			6.38372093023256	-3.26744186046512
			6.3953488372093	-3.25581395348837
			6.40697674418605	-3.25581395348837
			6.41860465116279	-3.24418604651163
			6.43023255813953	-3.24418604651163
			6.44186046511628	-3.24418604651163
			6.44186046511628	-3.23255813953488
			6.45348837209302	-3.23255813953488
			6.46511627906977	-3.23255813953488
			6.47674418604651	-3.22093023255814
			6.48837209302326	-3.22093023255814
			6.48837209302326	-3.2093023255814
			6.5	-3.2093023255814
			6.51162790697674	-3.2093023255814
			6.52325581395349	-3.19767441860465
			6.53488372093023	-3.19767441860465
			6.53488372093023	-3.18604651162791
			6.54651162790698	-3.18604651162791
			6.55813953488372	-3.18604651162791
			6.55813953488372	-3.17441860465116
			6.56976744186047	-3.17441860465116
			6.58139534883721	-3.17441860465116
			6.58139534883721	-3.16279069767442
			6.59302325581395	-3.16279069767442
			6.6046511627907	-3.16279069767442
			6.6046511627907	-3.15116279069767
			6.61627906976744	-3.15116279069767
			6.62790697674419	-3.13953488372093
			6.63953488372093	-3.13953488372093
			6.65116279069767	-3.12790697674419
			6.66279069767442	-3.11627906976744
			6.67441860465116	-3.11627906976744
			6.68604651162791	-3.1046511627907
			6.69767441860465	-3.1046511627907
			6.70930232558139	-3.09302325581395
			6.72093023255814	-3.08139534883721
			6.73255813953488	-3.08139534883721
			6.74418604651163	-3.08139534883721
			6.74418604651163	-3.06976744186047
			6.75581395348837	-3.06976744186047
			6.76744186046512	-3.05813953488372
			6.77906976744186	-3.04651162790698
			6.7906976744186	-3.03488372093023
			6.80232558139535	-3.03488372093023
			6.81395348837209	-3.02325581395349
			6.82558139534884	-3.02325581395349
			6.82558139534884	-3.01162790697674
			6.83720930232558	-3.01162790697674
			6.84883720930233	-3
			6.86046511627907	-2.98837209302326
			6.87209302325581	-2.97674418604651
			6.88372093023256	-2.96511627906977
			6.8953488372093	-2.96511627906977
			6.90697674418605	-2.95348837209302
			6.90697674418605	-2.94186046511628
			6.90697674418605	-2.93023255813953
			6.91860465116279	-2.91860465116279
			6.91860465116279	-2.90697674418605
			6.91860465116279	-2.8953488372093
			6.91860465116279	-2.88372093023256
			6.93023255813953	-2.87209302325581
			6.93023255813953	-2.86046511627907
			6.94186046511628	-2.84883720930233
			6.95348837209302	-2.83720930232558
			6.95348837209302	-2.82558139534884
			6.96511627906977	-2.81395348837209
			6.97674418604651	-2.80232558139535
			6.98837209302326	-2.80232558139535
			7	-2.80232558139535
			7.01162790697674	-2.80232558139535
			7.02325581395349	-2.80232558139535
			7.03488372093023	-2.81395348837209
			7.04651162790698	-2.81395348837209
			7.05813953488372	-2.82558139534884
			7.06976744186047	-2.83720930232558
			7.08139534883721	-2.84883720930233
			7.09302325581395	-2.86046511627907
			7.1046511627907	-2.86046511627907
			7.1046511627907	-2.87209302325581
			7.11627906976744	-2.88372093023256
			7.12790697674419	-2.8953488372093
		</posterior>
	</curves.scaled>
	<ruler.points type=matrix rownames=TRUE colnames=FALSE nrow=2 ncol=2 as.numeric=TRUE >
		Ruler point 1	517	38
		Ruler point 2	603	38
	</ruler.points>
</shapes>

