<shapes type=list>
	<ruler.pixel type=vector names=FALSE length=1 as.numeric=TRUE >269</ruler.pixel>
	<ruler.interval type=vector names=FALSE length=1 as.numeric=TRUE >4</ruler.interval>
	<scaling.units type=vector names=FALSE length=1 as.numeric=FALSE >mm</scaling.units>
	<scaling type=vector names=FALSE length=1 as.numeric=TRUE >0.0148698884758364</scaling>
	<landmarks.pixel type=matrix rownames=TRUE colnames=FALSE nrow=16 ncol=2 as.numeric=TRUE >
		LM1	282	87
		LM2	282	157
		LM3	282	319
		LM4	282	345
		LM5	360	299
		LM6	352	321
		LM7	353	331
		LM8	355	195
		LM9	368	246
		LM10	282	87
		LM11	432	285
		LM12	446	295
		LM13	282	87
		LM14	388	215
		LM15	471	257
		LM16	501	294
	</landmarks.pixel>
	<landmarks.scaled type=matrix rownames=TRUE colnames=FALSE nrow=16 ncol=2 as.numeric=TRUE >
		LM1	4.19330855018587	-1.29368029739777
		LM2	4.19330855018587	-2.33457249070632
		LM3	4.19330855018587	-4.74349442379182
		LM4	4.19330855018587	-5.13011152416357
		LM5	5.35315985130111	-4.44609665427509
		LM6	5.23420074349442	-4.77323420074349
		LM7	5.24907063197026	-4.92193308550186
		LM8	5.27881040892193	-2.8996282527881
		LM9	5.47211895910781	-3.65799256505576
		LM10	4.19330855018587	-1.29368029739777
		LM11	6.42379182156134	-4.23791821561338
		LM12	6.63197026022305	-4.38661710037175
		LM13	4.19330855018587	-1.29368029739777
		LM14	5.76951672862454	-3.19702602230483
		LM15	7.00371747211896	-3.82156133828996
		LM16	7.44981412639405	-4.37174721189591
	</landmarks.scaled>
	<curves.control type=list>
		<glabella type=matrix rownames=FALSE colnames=FALSE nrow=9 ncol=2 as.numeric=TRUE >
			282	157
			302	158
			324	173
			349	203
			347	275
			374	296
			354	320
			356	324
			353	331
		</glabella>
		<suture type=matrix rownames=FALSE colnames=FALSE nrow=13 ncol=2 as.numeric=TRUE >
			282	87
			328	89
			366	109
			374	123
			357	167
			349	194
			352	201
			380	226
			368	246
			358	257
			382	263
			438	282
			446	295
		</suture>
		<anterior type=matrix rownames=FALSE colnames=FALSE nrow=5 ncol=2 as.numeric=TRUE >
			282	87
			327	90
			366	110
			456	179
			471	257
		</anterior>
		<posterior type=matrix rownames=FALSE colnames=FALSE nrow=11 ncol=2 as.numeric=TRUE >
			282	345
			295	346
			327	338
			408	329
			448	296
			463	286
			473	281
			484	273
			502	296
			501	277
			471	257
		</posterior>
	</curves.control>
	<curves.pixel type=list>
		<glabella type=matrix rownames=FALSE colnames=FALSE nrow=204 ncol=2 as.numeric=TRUE >
			282	157
			283	157
			284	157
			285	157
			286	157
			287	157
			288	158
			289	158
			290	158
			291	158
			292	158
			293	159
			294	159
			295	159
			296	159
			297	160
			298	160
			299	160
			300	161
			301	161
			302	161
			303	162
			304	162
			305	163
			306	163
			307	163
			308	164
			309	164
			310	165
			311	165
			312	166
			313	166
			314	167
			315	167
			316	168
			317	169
			318	169
			319	170
			320	170
			321	171
			322	172
			323	172
			324	173
			325	174
			326	175
			326	176
			327	177
			328	178
			328	179
			329	180
			330	181
			330	182
			331	183
			331	184
			332	185
			332	186
			333	187
			334	188
			334	189
			335	190
			335	191
			336	192
			336	193
			336	194
			337	195
			337	196
			337	197
			338	198
			338	199
			339	200
			339	201
			339	202
			339	203
			340	203
			340	204
			340	205
			340	206
			341	207
			341	208
			341	209
			341	210
			342	210
			342	211
			342	212
			342	213
			342	214
			343	215
			343	216
			343	217
			343	218
			343	219
			344	220
			344	221
			344	222
			344	223
			344	224
			344	225
			345	226
			345	227
			345	228
			345	229
			345	230
			345	231
			345	232
			346	233
			346	234
			346	235
			346	236
			346	237
			346	238
			346	239
			346	240
			346	241
			346	242
			346	243
			346	244
			347	245
			347	246
			347	247
			347	248
			347	249
			347	250
			347	251
			347	252
			347	253
			347	254
			347	255
			347	256
			347	257
			347	258
			347	259
			347	260
			347	261
			347	262
			347	263
			347	264
			347	265
			347	266
			347	267
			347	268
			347	269
			347	270
			347	271
			347	272
			347	273
			347	274
			347	275
			348	276
			349	277
			350	278
			351	279
			352	280
			353	281
			354	281
			355	282
			356	283
			357	284
			357	285
			358	286
			359	287
			359	288
			360	289
			360	290
			361	291
			361	292
			361	293
			362	294
			362	295
			362	296
			362	297
			362	298
			362	299
			363	300
			362	301
			362	302
			362	303
			362	304
			362	305
			362	306
			361	307
			361	308
			361	309
			360	310
			360	311
			359	312
			359	313
			358	314
			358	315
			357	316
			356	317
			355	318
			355	319
			354	320
			354	321
			355	322
			355	323
			355	324
			355	325
			355	326
			354	327
			354	328
			354	329
			353	330
			353	331
		</glabella>
		<suture type=matrix rownames=FALSE colnames=FALSE nrow=328 ncol=2 as.numeric=TRUE >
			282	87
			283	87
			284	87
			285	87
			286	87
			287	87
			288	87
			289	87
			290	87
			291	88
			292	88
			293	88
			294	88
			295	88
			296	88
			297	88
			298	88
			299	88
			300	89
			301	89
			302	89
			303	89
			304	89
			305	89
			306	89
			307	90
			308	90
			309	90
			310	90
			311	90
			312	90
			313	91
			314	91
			315	91
			316	91
			317	91
			318	92
			319	92
			320	92
			321	92
			322	92
			323	93
			324	93
			325	93
			326	94
			327	94
			328	94
			329	94
			330	95
			331	95
			332	95
			333	95
			333	96
			334	96
			335	96
			336	96
			337	97
			338	97
			339	97
			340	98
			341	98
			342	98
			343	99
			344	99
			345	99
			346	100
			347	100
			347	101
			348	101
			349	101
			350	102
			351	102
			352	102
			353	103
			354	103
			355	104
			356	104
			357	104
			358	105
			359	106
			360	106
			361	107
			362	107
			363	108
			364	108
			365	108
			366	109
			366	110
			367	110
			367	111
			367	112
			368	113
			368	114
			368	115
			368	116
			368	117
			368	118
			368	119
			369	119
			369	120
			369	121
			369	122
			369	123
			368	124
			368	125
			368	126
			368	127
			368	128
			368	129
			368	130
			368	131
			368	132
			367	133
			367	134
			367	135
			367	136
			366	137
			366	138
			366	139
			366	140
			366	141
			365	142
			365	143
			365	144
			364	145
			364	146
			364	147
			364	148
			363	149
			363	150
			363	151
			362	152
			362	153
			362	154
			361	155
			361	156
			361	157
			360	158
			360	159
			359	160
			359	161
			359	162
			359	163
			358	164
			358	165
			357	166
			357	167
			357	168
			356	169
			356	170
			356	171
			356	172
			355	173
			355	174
			355	175
			354	176
			354	177
			354	178
			354	179
			353	180
			353	181
			353	182
			353	183
			353	184
			352	185
			352	186
			352	187
			352	188
			352	189
			352	190
			352	191
			351	192
			351	193
			351	194
			351	195
			351	196
			351	197
			351	198
			351	199
			352	200
			352	201
			353	202
			354	203
			355	204
			356	205
			357	206
			358	207
			359	208
			360	209
			361	210
			361	211
			362	211
			363	212
			363	213
			364	214
			365	215
			366	216
			366	217
			367	218
			367	219
			368	220
			368	221
			369	222
			369	223
			370	223
			370	224
			370	225
			370	226
			371	227
			371	228
			371	229
			371	230
			371	231
			372	231
			372	232
			372	233
			372	234
			372	235
			371	236
			371	237
			371	238
			371	239
			371	240
			370	241
			370	242
			369	243
			369	244
			369	245
			368	246
			368	247
			367	247
			367	248
			366	248
			366	249
			366	250
			365	251
			365	252
			365	253
			366	254
			366	255
			367	256
			368	257
			369	258
			370	258
			371	259
			372	259
			373	260
			374	260
			375	261
			376	261
			377	262
			378	262
			379	262
			380	262
			381	263
			382	263
			383	263
			384	264
			385	264
			386	264
			387	265
			388	265
			389	266
			390	266
			391	266
			392	267
			393	267
			394	267
			395	268
			396	268
			397	268
			398	269
			399	269
			400	269
			400	270
			401	270
			402	270
			403	271
			404	271
			405	271
			406	272
			407	272
			408	273
			409	273
			410	273
			411	274
			412	274
			413	275
			414	275
			415	275
			415	276
			416	276
			417	276
			418	277
			419	277
			420	277
			420	278
			421	278
			422	279
			423	279
			424	279
			424	280
			425	280
			426	280
			426	281
			427	281
			428	281
			429	282
			430	282
			431	283
			432	284
			433	285
			434	285
			435	285
			435	286
			436	286
			437	287
			438	287
			439	288
			440	289
			441	290
			442	290
			443	291
			443	292
			444	293
			445	293
			445	294
			446	295
		</suture>
		<anterior type=matrix rownames=FALSE colnames=FALSE nrow=246 ncol=2 as.numeric=TRUE >
			282	87
			283	87
			284	87
			285	87
			286	87
			287	87
			288	87
			288	88
			289	88
			290	88
			291	88
			292	88
			293	88
			294	88
			295	88
			296	88
			297	88
			298	89
			299	89
			300	89
			301	89
			302	89
			303	89
			304	90
			305	90
			306	90
			307	90
			308	90
			309	90
			310	91
			311	91
			312	91
			313	91
			314	91
			315	92
			316	92
			317	92
			318	92
			319	93
			320	93
			321	93
			322	93
			323	94
			324	94
			325	94
			326	94
			326	95
			327	95
			328	95
			329	95
			330	96
			331	96
			332	96
			333	96
			334	97
			335	97
			336	97
			337	98
			338	98
			339	98
			340	99
			341	99
			342	99
			343	100
			344	100
			345	101
			346	101
			347	101
			348	102
			349	102
			350	103
			351	103
			352	103
			353	104
			354	104
			355	105
			356	105
			357	106
			358	106
			359	107
			360	107
			361	107
			362	108
			363	108
			364	109
			365	110
			366	110
			367	111
			368	111
			369	112
			370	113
			371	114
			372	114
			372	115
			373	116
			374	116
			375	117
			376	118
			377	119
			378	119
			379	120
			379	121
			380	121
			381	122
			382	123
			383	124
			384	124
			384	125
			385	126
			386	126
			387	127
			388	128
			389	129
			390	130
			391	131
			392	132
			393	133
			394	133
			395	134
			396	135
			397	136
			398	137
			399	138
			400	139
			401	139
			401	140
			402	141
			403	142
			404	143
			405	144
			406	145
			407	146
			408	146
			408	147
			409	148
			410	149
			411	150
			412	151
			413	152
			414	153
			415	154
			416	155
			417	156
			418	157
			419	158
			420	159
			420	160
			421	160
			421	161
			422	162
			423	163
			424	164
			425	165
			426	166
			426	167
			427	168
			428	169
			429	170
			430	171
			430	172
			431	173
			432	174
			432	175
			433	176
			434	177
			435	177
			435	178
			436	179
			437	180
			437	181
			438	182
			439	183
			439	184
			440	185
			440	186
			441	187
			442	188
			442	189
			443	190
			444	191
			445	192
			445	193
			446	194
			446	195
			447	196
			448	197
			448	198
			449	199
			449	200
			450	201
			451	202
			451	203
			452	204
			452	205
			453	206
			453	207
			454	208
			454	209
			455	210
			455	211
			456	212
			456	213
			457	214
			457	215
			458	216
			458	217
			459	218
			459	219
			459	220
			460	221
			460	222
			461	223
			461	224
			462	225
			462	226
			462	227
			463	228
			463	229
			463	230
			464	231
			464	232
			465	233
			465	234
			465	235
			466	236
			466	237
			466	238
			467	239
			467	240
			467	241
			467	242
			468	243
			468	244
			468	245
			469	246
			469	247
			469	248
			469	249
			470	250
			470	251
			470	252
			470	253
			470	254
			471	255
			471	256
			471	257
		</anterior>
		<posterior type=matrix rownames=FALSE colnames=FALSE nrow=279 ncol=2 as.numeric=TRUE >
			282	345
			283	345
			284	345
			285	345
			286	345
			287	345
			288	345
			289	345
			290	345
			291	345
			292	345
			293	345
			294	345
			295	344
			296	344
			297	344
			298	344
			299	344
			300	344
			301	344
			302	343
			303	343
			304	343
			305	343
			306	343
			307	343
			308	342
			309	342
			310	342
			311	342
			312	341
			313	341
			314	341
			315	341
			316	341
			317	340
			318	340
			319	340
			320	340
			321	340
			321	339
			322	339
			323	339
			324	339
			325	338
			326	338
			327	338
			328	338
			329	338
			330	338
			331	338
			331	337
			332	337
			333	337
			334	337
			335	337
			336	337
			337	337
			338	337
			339	337
			340	336
			341	336
			342	336
			343	336
			344	336
			345	336
			346	336
			346	335
			347	335
			348	335
			349	335
			350	335
			351	335
			352	334
			353	334
			354	334
			355	334
			356	334
			357	334
			358	333
			359	333
			360	333
			361	333
			362	333
			363	332
			364	332
			365	332
			366	332
			367	331
			368	331
			369	331
			370	331
			371	331
			372	330
			373	330
			374	330
			375	330
			376	329
			377	329
			378	329
			379	329
			380	328
			381	328
			382	328
			383	328
			384	327
			385	327
			386	327
			387	326
			388	326
			389	326
			390	325
			391	325
			392	325
			393	325
			393	324
			394	324
			395	324
			396	324
			396	323
			397	323
			398	323
			399	323
			399	322
			400	322
			401	322
			402	322
			402	321
			403	321
			404	321
			405	320
			406	320
			407	320
			408	319
			409	319
			410	318
			411	318
			412	317
			413	317
			414	317
			415	316
			416	316
			417	315
			418	315
			419	314
			420	314
			421	313
			422	313
			423	312
			424	312
			425	311
			426	310
			427	310
			428	309
			429	309
			430	309
			430	308
			431	308
			432	308
			432	307
			433	307
			433	306
			434	306
			435	306
			435	305
			436	305
			437	304
			438	303
			439	303
			440	302
			441	301
			442	301
			443	300
			444	299
			445	298
			446	298
			447	297
			448	296
			449	295
			450	295
			451	294
			452	293
			453	293
			454	292
			455	291
			456	291
			457	290
			458	289
			459	289
			460	288
			461	288
			462	287
			463	287
			464	286
			465	286
			466	285
			467	284
			468	284
			469	283
			470	282
			471	282
			472	282
			473	281
			474	280
			475	280
			476	279
			477	279
			478	279
			479	279
			480	279
			481	279
			482	279
			483	280
			484	280
			485	280
			486	281
			487	281
			488	282
			489	283
			490	283
			491	284
			492	285
			493	286
			494	287
			495	288
			496	289
			497	290
			498	291
			499	292
			500	293
			500	294
			501	295
			502	295
			502	296
			502	295
			502	294
			502	293
			501	292
			501	291
			501	290
			501	289
			500	289
			500	288
			500	287
			499	286
			499	285
			499	284
			498	283
			498	282
			497	281
			496	280
			495	279
			494	278
			494	277
			493	276
			492	275
			491	274
			490	273
			490	272
			489	271
			488	271
			487	270
			487	269
			486	268
			485	267
			484	267
			483	266
			482	265
			481	264
			480	264
			479	263
			478	262
			477	261
			476	260
			475	260
			474	259
			473	258
			472	258
			471	257
		</posterior>
	</curves.pixel>
	<curves.scaled type=list>
		<glabella type=matrix rownames=FALSE colnames=FALSE nrow=204 ncol=2 as.numeric=TRUE >
			4.19330855018587	-2.33457249070632
			4.20817843866171	-2.33457249070632
			4.22304832713755	-2.33457249070632
			4.23791821561338	-2.33457249070632
			4.25278810408922	-2.33457249070632
			4.26765799256506	-2.33457249070632
			4.28252788104089	-2.34944237918216
			4.29739776951673	-2.34944237918216
			4.31226765799256	-2.34944237918216
			4.3271375464684	-2.34944237918216
			4.34200743494424	-2.34944237918216
			4.35687732342007	-2.36431226765799
			4.37174721189591	-2.36431226765799
			4.38661710037175	-2.36431226765799
			4.40148698884758	-2.36431226765799
			4.41635687732342	-2.37918215613383
			4.43122676579926	-2.37918215613383
			4.44609665427509	-2.37918215613383
			4.46096654275093	-2.39405204460967
			4.47583643122677	-2.39405204460967
			4.4907063197026	-2.39405204460967
			4.50557620817844	-2.4089219330855
			4.52044609665427	-2.4089219330855
			4.53531598513011	-2.42379182156134
			4.55018587360595	-2.42379182156134
			4.56505576208178	-2.42379182156134
			4.57992565055762	-2.43866171003717
			4.59479553903346	-2.43866171003717
			4.60966542750929	-2.45353159851301
			4.62453531598513	-2.45353159851301
			4.63940520446097	-2.46840148698885
			4.6542750929368	-2.46840148698885
			4.66914498141264	-2.48327137546468
			4.68401486988848	-2.48327137546468
			4.69888475836431	-2.49814126394052
			4.71375464684015	-2.51301115241636
			4.72862453531599	-2.51301115241636
			4.74349442379182	-2.52788104089219
			4.75836431226766	-2.52788104089219
			4.77323420074349	-2.54275092936803
			4.78810408921933	-2.55762081784387
			4.80297397769517	-2.55762081784387
			4.817843866171	-2.5724907063197
			4.83271375464684	-2.58736059479554
			4.84758364312268	-2.60223048327138
			4.84758364312268	-2.61710037174721
			4.86245353159851	-2.63197026022305
			4.87732342007435	-2.64684014869888
			4.87732342007435	-2.66171003717472
			4.89219330855019	-2.67657992565056
			4.90706319702602	-2.69144981412639
			4.90706319702602	-2.70631970260223
			4.92193308550186	-2.72118959107807
			4.92193308550186	-2.7360594795539
			4.9368029739777	-2.75092936802974
			4.9368029739777	-2.76579925650558
			4.95167286245353	-2.78066914498141
			4.96654275092937	-2.79553903345725
			4.96654275092937	-2.81040892193309
			4.9814126394052	-2.82527881040892
			4.9814126394052	-2.84014869888476
			4.99628252788104	-2.85501858736059
			4.99628252788104	-2.86988847583643
			4.99628252788104	-2.88475836431227
			5.01115241635688	-2.8996282527881
			5.01115241635688	-2.91449814126394
			5.01115241635688	-2.92936802973978
			5.02602230483271	-2.94423791821561
			5.02602230483271	-2.95910780669145
			5.04089219330855	-2.97397769516729
			5.04089219330855	-2.98884758364312
			5.04089219330855	-3.00371747211896
			5.04089219330855	-3.0185873605948
			5.05576208178439	-3.0185873605948
			5.05576208178439	-3.03345724907063
			5.05576208178439	-3.04832713754647
			5.05576208178439	-3.0631970260223
			5.07063197026022	-3.07806691449814
			5.07063197026022	-3.09293680297398
			5.07063197026022	-3.10780669144981
			5.07063197026022	-3.12267657992565
			5.08550185873606	-3.12267657992565
			5.08550185873606	-3.13754646840149
			5.08550185873606	-3.15241635687732
			5.08550185873606	-3.16728624535316
			5.08550185873606	-3.182156133829
			5.1003717472119	-3.19702602230483
			5.1003717472119	-3.21189591078067
			5.1003717472119	-3.22676579925651
			5.1003717472119	-3.24163568773234
			5.1003717472119	-3.25650557620818
			5.11524163568773	-3.27137546468401
			5.11524163568773	-3.28624535315985
			5.11524163568773	-3.30111524163569
			5.11524163568773	-3.31598513011152
			5.11524163568773	-3.33085501858736
			5.11524163568773	-3.3457249070632
			5.13011152416357	-3.36059479553903
			5.13011152416357	-3.37546468401487
			5.13011152416357	-3.39033457249071
			5.13011152416357	-3.40520446096654
			5.13011152416357	-3.42007434944238
			5.13011152416357	-3.43494423791822
			5.13011152416357	-3.44981412639405
			5.1449814126394	-3.46468401486989
			5.1449814126394	-3.47955390334572
			5.1449814126394	-3.49442379182156
			5.1449814126394	-3.5092936802974
			5.1449814126394	-3.52416356877323
			5.1449814126394	-3.53903345724907
			5.1449814126394	-3.55390334572491
			5.1449814126394	-3.56877323420074
			5.1449814126394	-3.58364312267658
			5.1449814126394	-3.59851301115242
			5.1449814126394	-3.61338289962825
			5.1449814126394	-3.62825278810409
			5.15985130111524	-3.64312267657993
			5.15985130111524	-3.65799256505576
			5.15985130111524	-3.6728624535316
			5.15985130111524	-3.68773234200743
			5.15985130111524	-3.70260223048327
			5.15985130111524	-3.71747211895911
			5.15985130111524	-3.73234200743494
			5.15985130111524	-3.74721189591078
			5.15985130111524	-3.76208178438662
			5.15985130111524	-3.77695167286245
			5.15985130111524	-3.79182156133829
			5.15985130111524	-3.80669144981413
			5.15985130111524	-3.82156133828996
			5.15985130111524	-3.8364312267658
			5.15985130111524	-3.85130111524164
			5.15985130111524	-3.86617100371747
			5.15985130111524	-3.88104089219331
			5.15985130111524	-3.89591078066914
			5.15985130111524	-3.91078066914498
			5.15985130111524	-3.92565055762082
			5.15985130111524	-3.94052044609665
			5.15985130111524	-3.95539033457249
			5.15985130111524	-3.97026022304833
			5.15985130111524	-3.98513011152416
			5.15985130111524	-4
			5.15985130111524	-4.01486988847584
			5.15985130111524	-4.02973977695167
			5.15985130111524	-4.04460966542751
			5.15985130111524	-4.05947955390335
			5.15985130111524	-4.07434944237918
			5.15985130111524	-4.08921933085502
			5.17472118959108	-4.10408921933085
			5.18959107806691	-4.11895910780669
			5.20446096654275	-4.13382899628253
			5.21933085501859	-4.14869888475836
			5.23420074349442	-4.1635687732342
			5.24907063197026	-4.17843866171004
			5.2639405204461	-4.17843866171004
			5.27881040892193	-4.19330855018587
			5.29368029739777	-4.20817843866171
			5.30855018587361	-4.22304832713755
			5.30855018587361	-4.23791821561338
			5.32342007434944	-4.25278810408922
			5.33828996282528	-4.26765799256506
			5.33828996282528	-4.28252788104089
			5.35315985130111	-4.29739776951673
			5.35315985130111	-4.31226765799256
			5.36802973977695	-4.3271375464684
			5.36802973977695	-4.34200743494424
			5.36802973977695	-4.35687732342007
			5.38289962825279	-4.37174721189591
			5.38289962825279	-4.38661710037175
			5.38289962825279	-4.40148698884758
			5.38289962825279	-4.41635687732342
			5.38289962825279	-4.43122676579926
			5.38289962825279	-4.44609665427509
			5.39776951672862	-4.46096654275093
			5.38289962825279	-4.47583643122677
			5.38289962825279	-4.4907063197026
			5.38289962825279	-4.50557620817844
			5.38289962825279	-4.52044609665427
			5.38289962825279	-4.53531598513011
			5.38289962825279	-4.55018587360595
			5.36802973977695	-4.56505576208178
			5.36802973977695	-4.57992565055762
			5.36802973977695	-4.59479553903346
			5.35315985130111	-4.60966542750929
			5.35315985130111	-4.62453531598513
			5.33828996282528	-4.63940520446097
			5.33828996282528	-4.6542750929368
			5.32342007434944	-4.66914498141264
			5.32342007434944	-4.68401486988848
			5.30855018587361	-4.69888475836431
			5.29368029739777	-4.71375464684015
			5.27881040892193	-4.72862453531599
			5.27881040892193	-4.74349442379182
			5.2639405204461	-4.75836431226766
			5.2639405204461	-4.77323420074349
			5.27881040892193	-4.78810408921933
			5.27881040892193	-4.80297397769517
			5.27881040892193	-4.817843866171
			5.27881040892193	-4.83271375464684
			5.27881040892193	-4.84758364312268
			5.2639405204461	-4.86245353159851
			5.2639405204461	-4.87732342007435
			5.2639405204461	-4.89219330855019
			5.24907063197026	-4.90706319702602
			5.24907063197026	-4.92193308550186
		</glabella>
		<suture type=matrix rownames=FALSE colnames=FALSE nrow=328 ncol=2 as.numeric=TRUE >
			4.19330855018587	-1.29368029739777
			4.20817843866171	-1.29368029739777
			4.22304832713755	-1.29368029739777
			4.23791821561338	-1.29368029739777
			4.25278810408922	-1.29368029739777
			4.26765799256506	-1.29368029739777
			4.28252788104089	-1.29368029739777
			4.29739776951673	-1.29368029739777
			4.31226765799256	-1.29368029739777
			4.3271375464684	-1.30855018587361
			4.34200743494424	-1.30855018587361
			4.35687732342007	-1.30855018587361
			4.37174721189591	-1.30855018587361
			4.38661710037175	-1.30855018587361
			4.40148698884758	-1.30855018587361
			4.41635687732342	-1.30855018587361
			4.43122676579926	-1.30855018587361
			4.44609665427509	-1.30855018587361
			4.46096654275093	-1.32342007434944
			4.47583643122677	-1.32342007434944
			4.4907063197026	-1.32342007434944
			4.50557620817844	-1.32342007434944
			4.52044609665427	-1.32342007434944
			4.53531598513011	-1.32342007434944
			4.55018587360595	-1.32342007434944
			4.56505576208178	-1.33828996282528
			4.57992565055762	-1.33828996282528
			4.59479553903346	-1.33828996282528
			4.60966542750929	-1.33828996282528
			4.62453531598513	-1.33828996282528
			4.63940520446097	-1.33828996282528
			4.6542750929368	-1.35315985130112
			4.66914498141264	-1.35315985130112
			4.68401486988848	-1.35315985130112
			4.69888475836431	-1.35315985130112
			4.71375464684015	-1.35315985130112
			4.72862453531599	-1.36802973977695
			4.74349442379182	-1.36802973977695
			4.75836431226766	-1.36802973977695
			4.77323420074349	-1.36802973977695
			4.78810408921933	-1.36802973977695
			4.80297397769517	-1.38289962825279
			4.817843866171	-1.38289962825279
			4.83271375464684	-1.38289962825279
			4.84758364312268	-1.39776951672862
			4.86245353159851	-1.39776951672862
			4.87732342007435	-1.39776951672862
			4.89219330855019	-1.39776951672862
			4.90706319702602	-1.41263940520446
			4.92193308550186	-1.41263940520446
			4.9368029739777	-1.41263940520446
			4.95167286245353	-1.41263940520446
			4.95167286245353	-1.4275092936803
			4.96654275092937	-1.4275092936803
			4.9814126394052	-1.4275092936803
			4.99628252788104	-1.4275092936803
			5.01115241635688	-1.44237918215613
			5.02602230483271	-1.44237918215613
			5.04089219330855	-1.44237918215613
			5.05576208178439	-1.45724907063197
			5.07063197026022	-1.45724907063197
			5.08550185873606	-1.45724907063197
			5.1003717472119	-1.47211895910781
			5.11524163568773	-1.47211895910781
			5.13011152416357	-1.47211895910781
			5.1449814126394	-1.48698884758364
			5.15985130111524	-1.48698884758364
			5.15985130111524	-1.50185873605948
			5.17472118959108	-1.50185873605948
			5.18959107806691	-1.50185873605948
			5.20446096654275	-1.51672862453532
			5.21933085501859	-1.51672862453532
			5.23420074349442	-1.51672862453532
			5.24907063197026	-1.53159851301115
			5.2639405204461	-1.53159851301115
			5.27881040892193	-1.54646840148699
			5.29368029739777	-1.54646840148699
			5.30855018587361	-1.54646840148699
			5.32342007434944	-1.56133828996283
			5.33828996282528	-1.57620817843866
			5.35315985130111	-1.57620817843866
			5.36802973977695	-1.5910780669145
			5.38289962825279	-1.5910780669145
			5.39776951672862	-1.60594795539033
			5.41263940520446	-1.60594795539033
			5.4275092936803	-1.60594795539033
			5.44237918215613	-1.62081784386617
			5.44237918215613	-1.63568773234201
			5.45724907063197	-1.63568773234201
			5.45724907063197	-1.65055762081784
			5.45724907063197	-1.66542750929368
			5.47211895910781	-1.68029739776952
			5.47211895910781	-1.69516728624535
			5.47211895910781	-1.71003717472119
			5.47211895910781	-1.72490706319703
			5.47211895910781	-1.73977695167286
			5.47211895910781	-1.7546468401487
			5.47211895910781	-1.76951672862454
			5.48698884758364	-1.76951672862454
			5.48698884758364	-1.78438661710037
			5.48698884758364	-1.79925650557621
			5.48698884758364	-1.81412639405204
			5.48698884758364	-1.82899628252788
			5.47211895910781	-1.84386617100372
			5.47211895910781	-1.85873605947955
			5.47211895910781	-1.87360594795539
			5.47211895910781	-1.88847583643123
			5.47211895910781	-1.90334572490706
			5.47211895910781	-1.9182156133829
			5.47211895910781	-1.93308550185874
			5.47211895910781	-1.94795539033457
			5.47211895910781	-1.96282527881041
			5.45724907063197	-1.97769516728625
			5.45724907063197	-1.99256505576208
			5.45724907063197	-2.00743494423792
			5.45724907063197	-2.02230483271375
			5.44237918215613	-2.03717472118959
			5.44237918215613	-2.05204460966543
			5.44237918215613	-2.06691449814126
			5.44237918215613	-2.0817843866171
			5.44237918215613	-2.09665427509294
			5.4275092936803	-2.11152416356877
			5.4275092936803	-2.12639405204461
			5.4275092936803	-2.14126394052045
			5.41263940520446	-2.15613382899628
			5.41263940520446	-2.17100371747212
			5.41263940520446	-2.18587360594796
			5.41263940520446	-2.20074349442379
			5.39776951672862	-2.21561338289963
			5.39776951672862	-2.23048327137546
			5.39776951672862	-2.2453531598513
			5.38289962825279	-2.26022304832714
			5.38289962825279	-2.27509293680297
			5.38289962825279	-2.28996282527881
			5.36802973977695	-2.30483271375465
			5.36802973977695	-2.31970260223048
			5.36802973977695	-2.33457249070632
			5.35315985130111	-2.34944237918216
			5.35315985130111	-2.36431226765799
			5.33828996282528	-2.37918215613383
			5.33828996282528	-2.39405204460967
			5.33828996282528	-2.4089219330855
			5.33828996282528	-2.42379182156134
			5.32342007434944	-2.43866171003717
			5.32342007434944	-2.45353159851301
			5.30855018587361	-2.46840148698885
			5.30855018587361	-2.48327137546468
			5.30855018587361	-2.49814126394052
			5.29368029739777	-2.51301115241636
			5.29368029739777	-2.52788104089219
			5.29368029739777	-2.54275092936803
			5.29368029739777	-2.55762081784387
			5.27881040892193	-2.5724907063197
			5.27881040892193	-2.58736059479554
			5.27881040892193	-2.60223048327138
			5.2639405204461	-2.61710037174721
			5.2639405204461	-2.63197026022305
			5.2639405204461	-2.64684014869888
			5.2639405204461	-2.66171003717472
			5.24907063197026	-2.67657992565056
			5.24907063197026	-2.69144981412639
			5.24907063197026	-2.70631970260223
			5.24907063197026	-2.72118959107807
			5.24907063197026	-2.7360594795539
			5.23420074349442	-2.75092936802974
			5.23420074349442	-2.76579925650558
			5.23420074349442	-2.78066914498141
			5.23420074349442	-2.79553903345725
			5.23420074349442	-2.81040892193309
			5.23420074349442	-2.82527881040892
			5.23420074349442	-2.84014869888476
			5.21933085501859	-2.85501858736059
			5.21933085501859	-2.86988847583643
			5.21933085501859	-2.88475836431227
			5.21933085501859	-2.8996282527881
			5.21933085501859	-2.91449814126394
			5.21933085501859	-2.92936802973978
			5.21933085501859	-2.94423791821561
			5.21933085501859	-2.95910780669145
			5.23420074349442	-2.97397769516729
			5.23420074349442	-2.98884758364312
			5.24907063197026	-3.00371747211896
			5.2639405204461	-3.0185873605948
			5.27881040892193	-3.03345724907063
			5.29368029739777	-3.04832713754647
			5.30855018587361	-3.0631970260223
			5.32342007434944	-3.07806691449814
			5.33828996282528	-3.09293680297398
			5.35315985130111	-3.10780669144981
			5.36802973977695	-3.12267657992565
			5.36802973977695	-3.13754646840149
			5.38289962825279	-3.13754646840149
			5.39776951672862	-3.15241635687732
			5.39776951672862	-3.16728624535316
			5.41263940520446	-3.182156133829
			5.4275092936803	-3.19702602230483
			5.44237918215613	-3.21189591078067
			5.44237918215613	-3.22676579925651
			5.45724907063197	-3.24163568773234
			5.45724907063197	-3.25650557620818
			5.47211895910781	-3.27137546468401
			5.47211895910781	-3.28624535315985
			5.48698884758364	-3.30111524163569
			5.48698884758364	-3.31598513011152
			5.50185873605948	-3.31598513011152
			5.50185873605948	-3.33085501858736
			5.50185873605948	-3.3457249070632
			5.50185873605948	-3.36059479553903
			5.51672862453532	-3.37546468401487
			5.51672862453532	-3.39033457249071
			5.51672862453532	-3.40520446096654
			5.51672862453532	-3.42007434944238
			5.51672862453532	-3.43494423791822
			5.53159851301115	-3.43494423791822
			5.53159851301115	-3.44981412639405
			5.53159851301115	-3.46468401486989
			5.53159851301115	-3.47955390334572
			5.53159851301115	-3.49442379182156
			5.51672862453532	-3.5092936802974
			5.51672862453532	-3.52416356877323
			5.51672862453532	-3.53903345724907
			5.51672862453532	-3.55390334572491
			5.51672862453532	-3.56877323420074
			5.50185873605948	-3.58364312267658
			5.50185873605948	-3.59851301115242
			5.48698884758364	-3.61338289962825
			5.48698884758364	-3.62825278810409
			5.48698884758364	-3.64312267657993
			5.47211895910781	-3.65799256505576
			5.47211895910781	-3.6728624535316
			5.45724907063197	-3.6728624535316
			5.45724907063197	-3.68773234200743
			5.44237918215613	-3.68773234200743
			5.44237918215613	-3.70260223048327
			5.44237918215613	-3.71747211895911
			5.4275092936803	-3.73234200743494
			5.4275092936803	-3.74721189591078
			5.4275092936803	-3.76208178438662
			5.44237918215613	-3.77695167286245
			5.44237918215613	-3.79182156133829
			5.45724907063197	-3.80669144981413
			5.47211895910781	-3.82156133828996
			5.48698884758364	-3.8364312267658
			5.50185873605948	-3.8364312267658
			5.51672862453532	-3.85130111524164
			5.53159851301115	-3.85130111524164
			5.54646840148699	-3.86617100371747
			5.56133828996283	-3.86617100371747
			5.57620817843866	-3.88104089219331
			5.5910780669145	-3.88104089219331
			5.60594795539033	-3.89591078066914
			5.62081784386617	-3.89591078066914
			5.63568773234201	-3.89591078066914
			5.65055762081784	-3.89591078066914
			5.66542750929368	-3.91078066914498
			5.68029739776952	-3.91078066914498
			5.69516728624535	-3.91078066914498
			5.71003717472119	-3.92565055762082
			5.72490706319703	-3.92565055762082
			5.73977695167286	-3.92565055762082
			5.7546468401487	-3.94052044609665
			5.76951672862454	-3.94052044609665
			5.78438661710037	-3.95539033457249
			5.79925650557621	-3.95539033457249
			5.81412639405204	-3.95539033457249
			5.82899628252788	-3.97026022304833
			5.84386617100372	-3.97026022304833
			5.85873605947955	-3.97026022304833
			5.87360594795539	-3.98513011152416
			5.88847583643123	-3.98513011152416
			5.90334572490706	-3.98513011152416
			5.9182156133829	-4
			5.93308550185874	-4
			5.94795539033457	-4
			5.94795539033457	-4.01486988847584
			5.96282527881041	-4.01486988847584
			5.97769516728625	-4.01486988847584
			5.99256505576208	-4.02973977695167
			6.00743494423792	-4.02973977695167
			6.02230483271375	-4.02973977695167
			6.03717472118959	-4.04460966542751
			6.05204460966543	-4.04460966542751
			6.06691449814126	-4.05947955390335
			6.0817843866171	-4.05947955390335
			6.09665427509294	-4.05947955390335
			6.11152416356877	-4.07434944237918
			6.12639405204461	-4.07434944237918
			6.14126394052045	-4.08921933085502
			6.15613382899628	-4.08921933085502
			6.17100371747212	-4.08921933085502
			6.17100371747212	-4.10408921933085
			6.18587360594795	-4.10408921933085
			6.20074349442379	-4.10408921933085
			6.21561338289963	-4.11895910780669
			6.23048327137546	-4.11895910780669
			6.2453531598513	-4.11895910780669
			6.2453531598513	-4.13382899628253
			6.26022304832714	-4.13382899628253
			6.27509293680297	-4.14869888475836
			6.28996282527881	-4.14869888475836
			6.30483271375465	-4.14869888475836
			6.30483271375465	-4.1635687732342
			6.31970260223048	-4.1635687732342
			6.33457249070632	-4.1635687732342
			6.33457249070632	-4.17843866171004
			6.34944237918216	-4.17843866171004
			6.36431226765799	-4.17843866171004
			6.37918215613383	-4.19330855018587
			6.39405204460966	-4.19330855018587
			6.4089219330855	-4.20817843866171
			6.42379182156134	-4.22304832713755
			6.43866171003717	-4.23791821561338
			6.45353159851301	-4.23791821561338
			6.46840148698885	-4.23791821561338
			6.46840148698885	-4.25278810408922
			6.48327137546468	-4.25278810408922
			6.49814126394052	-4.26765799256506
			6.51301115241636	-4.26765799256506
			6.52788104089219	-4.28252788104089
			6.54275092936803	-4.29739776951673
			6.55762081784387	-4.31226765799256
			6.5724907063197	-4.31226765799256
			6.58736059479554	-4.3271375464684
			6.58736059479554	-4.34200743494424
			6.60223048327138	-4.35687732342007
			6.61710037174721	-4.35687732342007
			6.61710037174721	-4.37174721189591
			6.63197026022305	-4.38661710037175
		</suture>
		<anterior type=matrix rownames=FALSE colnames=FALSE nrow=246 ncol=2 as.numeric=TRUE >
			4.19330855018587	-1.29368029739777
			4.20817843866171	-1.29368029739777
			4.22304832713755	-1.29368029739777
			4.23791821561338	-1.29368029739777
			4.25278810408922	-1.29368029739777
			4.26765799256506	-1.29368029739777
			4.28252788104089	-1.29368029739777
			4.28252788104089	-1.30855018587361
			4.29739776951673	-1.30855018587361
			4.31226765799256	-1.30855018587361
			4.3271375464684	-1.30855018587361
			4.34200743494424	-1.30855018587361
			4.35687732342007	-1.30855018587361
			4.37174721189591	-1.30855018587361
			4.38661710037175	-1.30855018587361
			4.40148698884758	-1.30855018587361
			4.41635687732342	-1.30855018587361
			4.43122676579926	-1.32342007434944
			4.44609665427509	-1.32342007434944
			4.46096654275093	-1.32342007434944
			4.47583643122677	-1.32342007434944
			4.4907063197026	-1.32342007434944
			4.50557620817844	-1.32342007434944
			4.52044609665427	-1.33828996282528
			4.53531598513011	-1.33828996282528
			4.55018587360595	-1.33828996282528
			4.56505576208178	-1.33828996282528
			4.57992565055762	-1.33828996282528
			4.59479553903346	-1.33828996282528
			4.60966542750929	-1.35315985130112
			4.62453531598513	-1.35315985130112
			4.63940520446097	-1.35315985130112
			4.6542750929368	-1.35315985130112
			4.66914498141264	-1.35315985130112
			4.68401486988848	-1.36802973977695
			4.69888475836431	-1.36802973977695
			4.71375464684015	-1.36802973977695
			4.72862453531599	-1.36802973977695
			4.74349442379182	-1.38289962825279
			4.75836431226766	-1.38289962825279
			4.77323420074349	-1.38289962825279
			4.78810408921933	-1.38289962825279
			4.80297397769517	-1.39776951672862
			4.817843866171	-1.39776951672862
			4.83271375464684	-1.39776951672862
			4.84758364312268	-1.39776951672862
			4.84758364312268	-1.41263940520446
			4.86245353159851	-1.41263940520446
			4.87732342007435	-1.41263940520446
			4.89219330855019	-1.41263940520446
			4.90706319702602	-1.4275092936803
			4.92193308550186	-1.4275092936803
			4.9368029739777	-1.4275092936803
			4.95167286245353	-1.4275092936803
			4.96654275092937	-1.44237918215613
			4.9814126394052	-1.44237918215613
			4.99628252788104	-1.44237918215613
			5.01115241635688	-1.45724907063197
			5.02602230483271	-1.45724907063197
			5.04089219330855	-1.45724907063197
			5.05576208178439	-1.47211895910781
			5.07063197026022	-1.47211895910781
			5.08550185873606	-1.47211895910781
			5.1003717472119	-1.48698884758364
			5.11524163568773	-1.48698884758364
			5.13011152416357	-1.50185873605948
			5.1449814126394	-1.50185873605948
			5.15985130111524	-1.50185873605948
			5.17472118959108	-1.51672862453532
			5.18959107806691	-1.51672862453532
			5.20446096654275	-1.53159851301115
			5.21933085501859	-1.53159851301115
			5.23420074349442	-1.53159851301115
			5.24907063197026	-1.54646840148699
			5.2639405204461	-1.54646840148699
			5.27881040892193	-1.56133828996283
			5.29368029739777	-1.56133828996283
			5.30855018587361	-1.57620817843866
			5.32342007434944	-1.57620817843866
			5.33828996282528	-1.5910780669145
			5.35315985130111	-1.5910780669145
			5.36802973977695	-1.5910780669145
			5.38289962825279	-1.60594795539033
			5.39776951672862	-1.60594795539033
			5.41263940520446	-1.62081784386617
			5.4275092936803	-1.63568773234201
			5.44237918215613	-1.63568773234201
			5.45724907063197	-1.65055762081784
			5.47211895910781	-1.65055762081784
			5.48698884758364	-1.66542750929368
			5.50185873605948	-1.68029739776952
			5.51672862453532	-1.69516728624535
			5.53159851301115	-1.69516728624535
			5.53159851301115	-1.71003717472119
			5.54646840148699	-1.72490706319703
			5.56133828996283	-1.72490706319703
			5.57620817843866	-1.73977695167286
			5.5910780669145	-1.7546468401487
			5.60594795539033	-1.76951672862454
			5.62081784386617	-1.76951672862454
			5.63568773234201	-1.78438661710037
			5.63568773234201	-1.79925650557621
			5.65055762081784	-1.79925650557621
			5.66542750929368	-1.81412639405204
			5.68029739776952	-1.82899628252788
			5.69516728624535	-1.84386617100372
			5.71003717472119	-1.84386617100372
			5.71003717472119	-1.85873605947955
			5.72490706319703	-1.87360594795539
			5.73977695167286	-1.87360594795539
			5.7546468401487	-1.88847583643123
			5.76951672862454	-1.90334572490706
			5.78438661710037	-1.9182156133829
			5.79925650557621	-1.93308550185874
			5.81412639405204	-1.94795539033457
			5.82899628252788	-1.96282527881041
			5.84386617100372	-1.97769516728625
			5.85873605947955	-1.97769516728625
			5.87360594795539	-1.99256505576208
			5.88847583643123	-2.00743494423792
			5.90334572490706	-2.02230483271375
			5.9182156133829	-2.03717472118959
			5.93308550185874	-2.05204460966543
			5.94795539033457	-2.06691449814126
			5.96282527881041	-2.06691449814126
			5.96282527881041	-2.0817843866171
			5.97769516728625	-2.09665427509294
			5.99256505576208	-2.11152416356877
			6.00743494423792	-2.12639405204461
			6.02230483271375	-2.14126394052045
			6.03717472118959	-2.15613382899628
			6.05204460966543	-2.17100371747212
			6.06691449814126	-2.17100371747212
			6.06691449814126	-2.18587360594796
			6.0817843866171	-2.20074349442379
			6.09665427509294	-2.21561338289963
			6.11152416356877	-2.23048327137546
			6.12639405204461	-2.2453531598513
			6.14126394052045	-2.26022304832714
			6.15613382899628	-2.27509293680297
			6.17100371747212	-2.28996282527881
			6.18587360594795	-2.30483271375465
			6.20074349442379	-2.31970260223048
			6.21561338289963	-2.33457249070632
			6.23048327137546	-2.34944237918216
			6.2453531598513	-2.36431226765799
			6.2453531598513	-2.37918215613383
			6.26022304832714	-2.37918215613383
			6.26022304832714	-2.39405204460967
			6.27509293680297	-2.4089219330855
			6.28996282527881	-2.42379182156134
			6.30483271375465	-2.43866171003717
			6.31970260223048	-2.45353159851301
			6.33457249070632	-2.46840148698885
			6.33457249070632	-2.48327137546468
			6.34944237918216	-2.49814126394052
			6.36431226765799	-2.51301115241636
			6.37918215613383	-2.52788104089219
			6.39405204460966	-2.54275092936803
			6.39405204460966	-2.55762081784387
			6.4089219330855	-2.5724907063197
			6.42379182156134	-2.58736059479554
			6.42379182156134	-2.60223048327138
			6.43866171003717	-2.61710037174721
			6.45353159851301	-2.63197026022305
			6.46840148698885	-2.63197026022305
			6.46840148698885	-2.64684014869888
			6.48327137546468	-2.66171003717472
			6.49814126394052	-2.67657992565056
			6.49814126394052	-2.69144981412639
			6.51301115241636	-2.70631970260223
			6.52788104089219	-2.72118959107807
			6.52788104089219	-2.7360594795539
			6.54275092936803	-2.75092936802974
			6.54275092936803	-2.76579925650558
			6.55762081784387	-2.78066914498141
			6.5724907063197	-2.79553903345725
			6.5724907063197	-2.81040892193309
			6.58736059479554	-2.82527881040892
			6.60223048327138	-2.84014869888476
			6.61710037174721	-2.85501858736059
			6.61710037174721	-2.86988847583643
			6.63197026022305	-2.88475836431227
			6.63197026022305	-2.8996282527881
			6.64684014869888	-2.91449814126394
			6.66171003717472	-2.92936802973978
			6.66171003717472	-2.94423791821561
			6.67657992565056	-2.95910780669145
			6.67657992565056	-2.97397769516729
			6.69144981412639	-2.98884758364312
			6.70631970260223	-3.00371747211896
			6.70631970260223	-3.0185873605948
			6.72118959107807	-3.03345724907063
			6.72118959107807	-3.04832713754647
			6.7360594795539	-3.0631970260223
			6.7360594795539	-3.07806691449814
			6.75092936802974	-3.09293680297398
			6.75092936802974	-3.10780669144981
			6.76579925650558	-3.12267657992565
			6.76579925650558	-3.13754646840149
			6.78066914498141	-3.15241635687732
			6.78066914498141	-3.16728624535316
			6.79553903345725	-3.182156133829
			6.79553903345725	-3.19702602230483
			6.81040892193309	-3.21189591078067
			6.81040892193309	-3.22676579925651
			6.82527881040892	-3.24163568773234
			6.82527881040892	-3.25650557620818
			6.82527881040892	-3.27137546468401
			6.84014869888476	-3.28624535315985
			6.84014869888476	-3.30111524163569
			6.85501858736059	-3.31598513011152
			6.85501858736059	-3.33085501858736
			6.86988847583643	-3.3457249070632
			6.86988847583643	-3.36059479553903
			6.86988847583643	-3.37546468401487
			6.88475836431227	-3.39033457249071
			6.88475836431227	-3.40520446096654
			6.88475836431227	-3.42007434944238
			6.8996282527881	-3.43494423791822
			6.8996282527881	-3.44981412639405
			6.91449814126394	-3.46468401486989
			6.91449814126394	-3.47955390334572
			6.91449814126394	-3.49442379182156
			6.92936802973978	-3.5092936802974
			6.92936802973978	-3.52416356877323
			6.92936802973978	-3.53903345724907
			6.94423791821561	-3.55390334572491
			6.94423791821561	-3.56877323420074
			6.94423791821561	-3.58364312267658
			6.94423791821561	-3.59851301115242
			6.95910780669145	-3.61338289962825
			6.95910780669145	-3.62825278810409
			6.95910780669145	-3.64312267657993
			6.97397769516729	-3.65799256505576
			6.97397769516729	-3.6728624535316
			6.97397769516729	-3.68773234200743
			6.97397769516729	-3.70260223048327
			6.98884758364312	-3.71747211895911
			6.98884758364312	-3.73234200743494
			6.98884758364312	-3.74721189591078
			6.98884758364312	-3.76208178438662
			6.98884758364312	-3.77695167286245
			7.00371747211896	-3.79182156133829
			7.00371747211896	-3.80669144981413
			7.00371747211896	-3.82156133828996
		</anterior>
		<posterior type=matrix rownames=FALSE colnames=FALSE nrow=279 ncol=2 as.numeric=TRUE >
			4.19330855018587	-5.13011152416357
			4.20817843866171	-5.13011152416357
			4.22304832713755	-5.13011152416357
			4.23791821561338	-5.13011152416357
			4.25278810408922	-5.13011152416357
			4.26765799256506	-5.13011152416357
			4.28252788104089	-5.13011152416357
			4.29739776951673	-5.13011152416357
			4.31226765799256	-5.13011152416357
			4.3271375464684	-5.13011152416357
			4.34200743494424	-5.13011152416357
			4.35687732342007	-5.13011152416357
			4.37174721189591	-5.13011152416357
			4.38661710037175	-5.11524163568773
			4.40148698884758	-5.11524163568773
			4.41635687732342	-5.11524163568773
			4.43122676579926	-5.11524163568773
			4.44609665427509	-5.11524163568773
			4.46096654275093	-5.11524163568773
			4.47583643122677	-5.11524163568773
			4.4907063197026	-5.1003717472119
			4.50557620817844	-5.1003717472119
			4.52044609665427	-5.1003717472119
			4.53531598513011	-5.1003717472119
			4.55018587360595	-5.1003717472119
			4.56505576208178	-5.1003717472119
			4.57992565055762	-5.08550185873606
			4.59479553903346	-5.08550185873606
			4.60966542750929	-5.08550185873606
			4.62453531598513	-5.08550185873606
			4.63940520446097	-5.07063197026022
			4.6542750929368	-5.07063197026022
			4.66914498141264	-5.07063197026022
			4.68401486988848	-5.07063197026022
			4.69888475836431	-5.07063197026022
			4.71375464684015	-5.05576208178439
			4.72862453531599	-5.05576208178439
			4.74349442379182	-5.05576208178439
			4.75836431226766	-5.05576208178439
			4.77323420074349	-5.05576208178439
			4.77323420074349	-5.04089219330855
			4.78810408921933	-5.04089219330855
			4.80297397769517	-5.04089219330855
			4.817843866171	-5.04089219330855
			4.83271375464684	-5.02602230483271
			4.84758364312268	-5.02602230483271
			4.86245353159851	-5.02602230483271
			4.87732342007435	-5.02602230483271
			4.89219330855019	-5.02602230483271
			4.90706319702602	-5.02602230483271
			4.92193308550186	-5.02602230483271
			4.92193308550186	-5.01115241635688
			4.9368029739777	-5.01115241635688
			4.95167286245353	-5.01115241635688
			4.96654275092937	-5.01115241635688
			4.9814126394052	-5.01115241635688
			4.99628252788104	-5.01115241635688
			5.01115241635688	-5.01115241635688
			5.02602230483271	-5.01115241635688
			5.04089219330855	-5.01115241635688
			5.05576208178439	-4.99628252788104
			5.07063197026022	-4.99628252788104
			5.08550185873606	-4.99628252788104
			5.1003717472119	-4.99628252788104
			5.11524163568773	-4.99628252788104
			5.13011152416357	-4.99628252788104
			5.1449814126394	-4.99628252788104
			5.1449814126394	-4.9814126394052
			5.15985130111524	-4.9814126394052
			5.17472118959108	-4.9814126394052
			5.18959107806691	-4.9814126394052
			5.20446096654275	-4.9814126394052
			5.21933085501859	-4.9814126394052
			5.23420074349442	-4.96654275092937
			5.24907063197026	-4.96654275092937
			5.2639405204461	-4.96654275092937
			5.27881040892193	-4.96654275092937
			5.29368029739777	-4.96654275092937
			5.30855018587361	-4.96654275092937
			5.32342007434944	-4.95167286245353
			5.33828996282528	-4.95167286245353
			5.35315985130111	-4.95167286245353
			5.36802973977695	-4.95167286245353
			5.38289962825279	-4.95167286245353
			5.39776951672862	-4.9368029739777
			5.41263940520446	-4.9368029739777
			5.4275092936803	-4.9368029739777
			5.44237918215613	-4.9368029739777
			5.45724907063197	-4.92193308550186
			5.47211895910781	-4.92193308550186
			5.48698884758364	-4.92193308550186
			5.50185873605948	-4.92193308550186
			5.51672862453532	-4.92193308550186
			5.53159851301115	-4.90706319702602
			5.54646840148699	-4.90706319702602
			5.56133828996283	-4.90706319702602
			5.57620817843866	-4.90706319702602
			5.5910780669145	-4.89219330855019
			5.60594795539033	-4.89219330855019
			5.62081784386617	-4.89219330855019
			5.63568773234201	-4.89219330855019
			5.65055762081784	-4.87732342007435
			5.66542750929368	-4.87732342007435
			5.68029739776952	-4.87732342007435
			5.69516728624535	-4.87732342007435
			5.71003717472119	-4.86245353159851
			5.72490706319703	-4.86245353159851
			5.73977695167286	-4.86245353159851
			5.7546468401487	-4.84758364312268
			5.76951672862454	-4.84758364312268
			5.78438661710037	-4.84758364312268
			5.79925650557621	-4.83271375464684
			5.81412639405204	-4.83271375464684
			5.82899628252788	-4.83271375464684
			5.84386617100372	-4.83271375464684
			5.84386617100372	-4.817843866171
			5.85873605947955	-4.817843866171
			5.87360594795539	-4.817843866171
			5.88847583643123	-4.817843866171
			5.88847583643123	-4.80297397769517
			5.90334572490706	-4.80297397769517
			5.9182156133829	-4.80297397769517
			5.93308550185874	-4.80297397769517
			5.93308550185874	-4.78810408921933
			5.94795539033457	-4.78810408921933
			5.96282527881041	-4.78810408921933
			5.97769516728625	-4.78810408921933
			5.97769516728625	-4.77323420074349
			5.99256505576208	-4.77323420074349
			6.00743494423792	-4.77323420074349
			6.02230483271375	-4.75836431226766
			6.03717472118959	-4.75836431226766
			6.05204460966543	-4.75836431226766
			6.06691449814126	-4.74349442379182
			6.0817843866171	-4.74349442379182
			6.09665427509294	-4.72862453531599
			6.11152416356877	-4.72862453531599
			6.12639405204461	-4.71375464684015
			6.14126394052045	-4.71375464684015
			6.15613382899628	-4.71375464684015
			6.17100371747212	-4.69888475836431
			6.18587360594795	-4.69888475836431
			6.20074349442379	-4.68401486988848
			6.21561338289963	-4.68401486988848
			6.23048327137546	-4.66914498141264
			6.2453531598513	-4.66914498141264
			6.26022304832714	-4.6542750929368
			6.27509293680297	-4.6542750929368
			6.28996282527881	-4.63940520446097
			6.30483271375465	-4.63940520446097
			6.31970260223048	-4.62453531598513
			6.33457249070632	-4.60966542750929
			6.34944237918216	-4.60966542750929
			6.36431226765799	-4.59479553903346
			6.37918215613383	-4.59479553903346
			6.39405204460966	-4.59479553903346
			6.39405204460966	-4.57992565055762
			6.4089219330855	-4.57992565055762
			6.42379182156134	-4.57992565055762
			6.42379182156134	-4.56505576208178
			6.43866171003717	-4.56505576208178
			6.43866171003717	-4.55018587360595
			6.45353159851301	-4.55018587360595
			6.46840148698885	-4.55018587360595
			6.46840148698885	-4.53531598513011
			6.48327137546468	-4.53531598513011
			6.49814126394052	-4.52044609665427
			6.51301115241636	-4.50557620817844
			6.52788104089219	-4.50557620817844
			6.54275092936803	-4.4907063197026
			6.55762081784387	-4.47583643122677
			6.5724907063197	-4.47583643122677
			6.58736059479554	-4.46096654275093
			6.60223048327138	-4.44609665427509
			6.61710037174721	-4.43122676579926
			6.63197026022305	-4.43122676579926
			6.64684014869888	-4.41635687732342
			6.66171003717472	-4.40148698884758
			6.67657992565056	-4.38661710037175
			6.69144981412639	-4.38661710037175
			6.70631970260223	-4.37174721189591
			6.72118959107807	-4.35687732342007
			6.7360594795539	-4.35687732342007
			6.75092936802974	-4.34200743494424
			6.76579925650558	-4.3271375464684
			6.78066914498141	-4.3271375464684
			6.79553903345725	-4.31226765799256
			6.81040892193309	-4.29739776951673
			6.82527881040892	-4.29739776951673
			6.84014869888476	-4.28252788104089
			6.85501858736059	-4.28252788104089
			6.86988847583643	-4.26765799256506
			6.88475836431227	-4.26765799256506
			6.8996282527881	-4.25278810408922
			6.91449814126394	-4.25278810408922
			6.92936802973978	-4.23791821561338
			6.94423791821561	-4.22304832713755
			6.95910780669145	-4.22304832713755
			6.97397769516729	-4.20817843866171
			6.98884758364312	-4.19330855018587
			7.00371747211896	-4.19330855018587
			7.0185873605948	-4.19330855018587
			7.03345724907063	-4.17843866171004
			7.04832713754647	-4.1635687732342
			7.0631970260223	-4.1635687732342
			7.07806691449814	-4.14869888475836
			7.09293680297398	-4.14869888475836
			7.10780669144981	-4.14869888475836
			7.12267657992565	-4.14869888475836
			7.13754646840149	-4.14869888475836
			7.15241635687732	-4.14869888475836
			7.16728624535316	-4.14869888475836
			7.182156133829	-4.1635687732342
			7.19702602230483	-4.1635687732342
			7.21189591078067	-4.1635687732342
			7.2267657992565	-4.17843866171004
			7.24163568773234	-4.17843866171004
			7.25650557620818	-4.19330855018587
			7.27137546468401	-4.20817843866171
			7.28624535315985	-4.20817843866171
			7.30111524163569	-4.22304832713755
			7.31598513011152	-4.23791821561338
			7.33085501858736	-4.25278810408922
			7.3457249070632	-4.26765799256506
			7.36059479553903	-4.28252788104089
			7.37546468401487	-4.29739776951673
			7.39033457249071	-4.31226765799256
			7.40520446096654	-4.3271375464684
			7.42007434944238	-4.34200743494424
			7.43494423791822	-4.35687732342007
			7.43494423791822	-4.37174721189591
			7.44981412639405	-4.38661710037175
			7.46468401486989	-4.38661710037175
			7.46468401486989	-4.40148698884758
			7.46468401486989	-4.38661710037175
			7.46468401486989	-4.37174721189591
			7.46468401486989	-4.35687732342007
			7.44981412639405	-4.34200743494424
			7.44981412639405	-4.3271375464684
			7.44981412639405	-4.31226765799256
			7.44981412639405	-4.29739776951673
			7.43494423791822	-4.29739776951673
			7.43494423791822	-4.28252788104089
			7.43494423791822	-4.26765799256506
			7.42007434944238	-4.25278810408922
			7.42007434944238	-4.23791821561338
			7.42007434944238	-4.22304832713755
			7.40520446096654	-4.20817843866171
			7.40520446096654	-4.19330855018587
			7.39033457249071	-4.17843866171004
			7.37546468401487	-4.1635687732342
			7.36059479553903	-4.14869888475836
			7.3457249070632	-4.13382899628253
			7.3457249070632	-4.11895910780669
			7.33085501858736	-4.10408921933085
			7.31598513011152	-4.08921933085502
			7.30111524163569	-4.07434944237918
			7.28624535315985	-4.05947955390335
			7.28624535315985	-4.04460966542751
			7.27137546468401	-4.02973977695167
			7.25650557620818	-4.02973977695167
			7.24163568773234	-4.01486988847584
			7.24163568773234	-4
			7.2267657992565	-3.98513011152416
			7.21189591078067	-3.97026022304833
			7.19702602230483	-3.97026022304833
			7.182156133829	-3.95539033457249
			7.16728624535316	-3.94052044609665
			7.15241635687732	-3.92565055762082
			7.13754646840149	-3.92565055762082
			7.12267657992565	-3.91078066914498
			7.10780669144981	-3.89591078066914
			7.09293680297398	-3.88104089219331
			7.07806691449814	-3.86617100371747
			7.0631970260223	-3.86617100371747
			7.04832713754647	-3.85130111524164
			7.03345724907063	-3.8364312267658
			7.0185873605948	-3.8364312267658
			7.00371747211896	-3.82156133828996
		</posterior>
	</curves.scaled>
	<ruler.points type=matrix rownames=TRUE colnames=FALSE nrow=2 ncol=2 as.numeric=TRUE >
		Ruler point 1	530	102
		Ruler point 2	530	371
	</ruler.points>
</shapes>

