<shapes type=list>
	<ruler.pixel type=vector names=FALSE length=1 as.numeric=TRUE >308</ruler.pixel>
	<ruler.interval type=vector names=FALSE length=1 as.numeric=TRUE >4.3</ruler.interval>
	<scaling.units type=vector names=FALSE length=1 as.numeric=FALSE >mm</scaling.units>
	<scaling type=vector names=FALSE length=1 as.numeric=TRUE >0.013961038961039</scaling>
	<landmarks.pixel type=matrix rownames=TRUE colnames=FALSE nrow=16 ncol=2 as.numeric=TRUE >
		LM1	206	47
		LM2	206	54
		LM3	206	230
		LM4	206	256
		LM5	304	150
		LM6	299	223
		LM7	301	237
		LM8	324	121
		LM9	335	183
		LM10	206	47
		LM11	362	221
		LM12	368	237
		LM13	206	47
		LM14	344	152
		LM15	368	237
		LM16	368	237
	</landmarks.pixel>
	<landmarks.scaled type=matrix rownames=TRUE colnames=FALSE nrow=16 ncol=2 as.numeric=TRUE >
		LM1	2.87597402597403	-0.656168831168831
		LM2	2.87597402597403	-0.753896103896104
		LM3	2.87597402597403	-3.21103896103896
		LM4	2.87597402597403	-3.57402597402597
		LM5	4.24415584415584	-2.09415584415584
		LM6	4.17435064935065	-3.11331168831169
		LM7	4.20227272727273	-3.30876623376623
		LM8	4.52337662337662	-1.68928571428571
		LM9	4.67694805194805	-2.55487012987013
		LM10	2.87597402597403	-0.656168831168831
		LM11	5.0538961038961	-3.08538961038961
		LM12	5.13766233766234	-3.30876623376623
		LM13	2.87597402597403	-0.656168831168831
		LM14	4.8025974025974	-2.12207792207792
		LM15	5.13766233766234	-3.30876623376623
		LM16	5.13766233766234	-3.30876623376623
	</landmarks.scaled>
	<curves.control type=list>
		<glabella type=matrix rownames=FALSE colnames=FALSE nrow=5 ncol=2 as.numeric=TRUE >
			206	54
			240	57
			268	66
			316	77
			301	237
		</glabella>
		<suture type=matrix rownames=FALSE colnames=FALSE nrow=11 ncol=2 as.numeric=TRUE >
			206	47
			225	47
			283	61
			316	74
			316	107
			324	122
			327	122
			350	157
			336	184
			356	202
			368	237
		</suture>
		<anterior type=matrix rownames=FALSE colnames=FALSE nrow=7 ncol=2 as.numeric=TRUE >
			206	47
			225	47
			284	61
			316	75
			339	110
			387	171
			368	237
		</anterior>
		<posterior type=matrix rownames=FALSE colnames=FALSE nrow=5 ncol=2 as.numeric=TRUE >
			206	256
			254	271
			301	238
			323	251
			368	237
		</posterior>
	</curves.control>
	<curves.pixel type=list>
		<glabella type=matrix rownames=FALSE colnames=FALSE nrow=243 ncol=2 as.numeric=TRUE >
			206	54
			207	54
			208	54
			209	54
			210	54
			211	54
			212	55
			213	55
			214	55
			215	55
			216	55
			217	55
			218	55
			219	55
			220	56
			221	56
			222	56
			223	56
			224	56
			225	56
			226	56
			227	57
			228	57
			229	57
			230	57
			231	57
			232	57
			233	58
			234	58
			235	58
			236	58
			237	58
			238	58
			239	59
			240	59
			241	59
			242	59
			243	59
			244	60
			245	60
			246	60
			247	60
			248	60
			248	61
			249	61
			250	61
			251	61
			252	61
			253	62
			254	62
			255	62
			256	63
			257	63
			258	63
			259	63
			260	64
			261	64
			262	64
			263	65
			264	65
			265	65
			266	65
			267	66
			268	66
			269	66
			270	67
			271	67
			272	67
			273	68
			274	68
			275	69
			276	69
			277	70
			278	70
			279	71
			280	72
			281	73
			282	74
			283	75
			284	76
			285	77
			286	78
			287	79
			287	80
			288	81
			289	82
			289	83
			290	84
			290	85
			291	85
			291	86
			292	87
			292	88
			293	89
			293	90
			293	91
			294	92
			294	93
			295	94
			295	95
			295	96
			296	97
			296	98
			296	99
			297	100
			297	101
			297	102
			298	103
			298	104
			298	105
			298	106
			299	107
			299	108
			299	109
			299	110
			300	111
			300	112
			300	113
			300	114
			300	115
			301	116
			301	117
			301	118
			301	119
			301	120
			301	121
			302	122
			302	123
			302	124
			302	125
			302	126
			302	127
			302	128
			303	129
			303	130
			303	131
			303	132
			303	133
			303	134
			303	135
			303	136
			303	137
			303	138
			303	139
			304	140
			304	141
			304	142
			304	143
			304	144
			304	145
			304	146
			304	147
			304	148
			304	149
			304	150
			304	151
			304	152
			304	153
			304	154
			304	155
			304	156
			304	157
			304	158
			304	159
			304	160
			305	161
			305	162
			305	163
			305	164
			305	165
			305	166
			305	167
			305	168
			305	169
			305	170
			305	171
			305	172
			305	173
			305	174
			305	175
			305	176
			305	177
			304	178
			304	179
			304	180
			304	181
			304	182
			304	183
			304	184
			304	185
			304	186
			304	187
			304	188
			304	189
			304	190
			304	191
			304	192
			304	193
			304	194
			304	195
			304	196
			304	197
			304	198
			304	199
			304	200
			304	201
			304	202
			304	203
			304	204
			303	205
			303	206
			303	207
			303	208
			303	209
			303	210
			303	211
			303	212
			303	213
			303	214
			303	215
			303	216
			303	217
			303	218
			303	219
			302	219
			302	220
			302	221
			302	222
			302	223
			302	224
			302	225
			302	226
			302	227
			302	228
			302	229
			302	230
			302	231
			301	232
			301	233
			301	234
			301	235
			301	236
			301	237
		</glabella>
		<suture type=matrix rownames=FALSE colnames=FALSE nrow=277 ncol=2 as.numeric=TRUE >
			206	47
			207	47
			208	47
			209	47
			210	47
			211	47
			212	47
			213	47
			214	47
			215	48
			216	48
			217	48
			218	48
			219	48
			220	48
			221	48
			222	48
			223	49
			224	49
			225	49
			226	49
			227	49
			228	49
			229	50
			230	50
			231	50
			232	50
			233	50
			234	50
			235	51
			236	51
			237	51
			238	51
			239	51
			240	51
			240	52
			241	52
			242	52
			243	52
			244	52
			245	52
			246	53
			247	53
			248	53
			249	53
			250	53
			251	54
			252	54
			253	54
			254	54
			255	55
			256	55
			257	55
			258	55
			259	55
			260	56
			261	56
			262	56
			263	56
			264	57
			265	57
			266	57
			267	57
			268	58
			269	58
			270	58
			271	58
			272	58
			273	59
			274	59
			275	59
			276	59
			277	60
			278	60
			279	60
			280	60
			281	60
			281	61
			282	61
			283	61
			284	61
			284	62
			285	62
			286	62
			287	63
			288	63
			289	64
			290	64
			291	65
			292	65
			293	66
			294	66
			295	67
			296	67
			296	68
			297	69
			298	69
			299	70
			300	70
			300	71
			301	72
			302	72
			302	73
			303	74
			304	74
			304	75
			305	76
			306	76
			306	77
			307	78
			308	79
			309	80
			309	81
			310	82
			310	83
			311	84
			311	85
			312	86
			312	87
			313	88
			313	89
			313	90
			314	91
			314	92
			314	93
			315	94
			315	95
			315	96
			315	97
			315	98
			315	99
			316	100
			316	101
			316	102
			316	103
			316	104
			316	105
			316	106
			316	107
			316	108
			317	108
			317	109
			318	110
			318	111
			319	112
			319	113
			320	114
			320	115
			321	116
			322	117
			323	118
			324	119
			324	120
			325	121
			326	122
			327	122
			327	123
			328	124
			329	125
			329	126
			330	127
			331	128
			331	129
			332	130
			333	131
			333	132
			334	133
			334	134
			335	135
			335	136
			335	137
			336	138
			336	139
			337	140
			337	141
			337	142
			338	143
			338	144
			338	145
			339	146
			339	147
			339	148
			340	149
			340	150
			340	151
			340	152
			340	153
			341	154
			341	155
			341	156
			341	157
			341	158
			341	159
			341	160
			341	161
			341	162
			341	163
			341	164
			341	165
			341	166
			341	167
			341	168
			341	169
			341	170
			341	171
			340	172
			340	173
			340	174
			340	175
			339	175
			339	176
			339	177
			339	178
			338	179
			338	180
			338	181
			337	181
			337	182
			336	183
			336	184
			337	185
			338	186
			339	187
			340	188
			341	189
			342	190
			343	191
			344	192
			344	193
			345	193
			346	194
			346	195
			347	196
			348	197
			348	198
			349	199
			350	199
			350	200
			351	201
			351	202
			352	203
			353	204
			353	205
			354	206
			354	207
			355	208
			356	209
			356	210
			357	211
			357	212
			358	213
			359	214
			359	215
			359	216
			360	217
			360	218
			361	219
			361	220
			362	221
			362	222
			363	223
			363	224
			363	225
			364	225
			364	226
			364	227
			365	228
			365	229
			365	230
			366	231
			366	232
			366	233
			367	233
			367	234
			367	235
			368	236
			368	237
		</suture>
		<anterior type=matrix rownames=FALSE colnames=FALSE nrow=280 ncol=2 as.numeric=TRUE >
			206	47
			207	47
			208	47
			209	47
			210	47
			211	47
			212	47
			213	47
			214	47
			215	48
			216	48
			217	48
			218	48
			219	48
			220	48
			221	48
			222	48
			223	49
			224	49
			225	49
			226	49
			227	49
			228	49
			229	49
			230	50
			231	50
			232	50
			233	50
			234	50
			235	50
			236	51
			237	51
			238	51
			239	51
			240	51
			241	52
			242	52
			243	52
			244	52
			245	52
			246	53
			247	53
			248	53
			249	53
			250	53
			251	54
			252	54
			253	54
			254	54
			255	54
			256	55
			257	55
			258	55
			259	55
			260	56
			261	56
			262	56
			263	56
			264	56
			265	57
			266	57
			267	57
			268	57
			269	58
			270	58
			271	58
			272	58
			273	58
			273	59
			274	59
			275	59
			276	59
			277	59
			278	60
			279	60
			280	60
			281	60
			282	61
			283	61
			284	61
			285	61
			285	62
			286	62
			287	62
			288	63
			289	63
			290	64
			291	64
			292	65
			293	65
			294	66
			295	67
			296	67
			297	68
			298	68
			299	69
			300	70
			301	70
			302	71
			303	72
			304	72
			305	73
			306	74
			307	74
			308	75
			309	76
			310	77
			311	78
			312	79
			313	79
			313	80
			314	81
			315	81
			315	82
			316	82
			317	83
			317	84
			318	84
			319	85
			320	86
			321	87
			322	88
			323	89
			323	90
			324	91
			325	91
			326	92
			326	93
			327	94
			328	95
			328	96
			329	97
			330	97
			331	98
			331	99
			332	100
			333	101
			333	102
			334	103
			335	104
			335	105
			336	106
			337	107
			337	108
			338	109
			339	110
			340	111
			341	112
			342	113
			342	114
			343	115
			343	116
			344	116
			344	117
			345	118
			346	119
			347	120
			347	121
			348	122
			348	123
			349	124
			350	125
			350	126
			351	127
			352	128
			352	129
			353	130
			353	131
			354	132
			354	133
			355	134
			356	135
			357	136
			357	137
			357	138
			358	138
			358	139
			358	140
			359	140
			359	141
			359	142
			360	142
			360	143
			360	144
			361	144
			361	145
			361	146
			362	146
			362	147
			362	148
			363	149
			363	150
			363	151
			364	152
			364	153
			365	154
			365	155
			365	156
			366	157
			366	158
			366	159
			367	160
			367	161
			367	162
			368	163
			368	164
			368	165
			369	166
			369	167
			369	168
			369	169
			370	170
			370	171
			370	172
			370	173
			371	174
			371	175
			371	176
			371	177
			371	178
			372	179
			372	180
			372	181
			372	182
			372	183
			372	184
			373	185
			373	186
			373	187
			373	188
			373	189
			373	190
			373	191
			373	192
			373	193
			373	194
			373	195
			373	196
			373	197
			373	198
			373	199
			373	200
			373	201
			373	202
			373	203
			373	204
			373	205
			373	206
			373	207
			373	208
			373	209
			373	210
			373	211
			373	212
			373	213
			373	214
			373	215
			372	216
			372	217
			372	218
			372	219
			372	220
			372	221
			372	222
			371	222
			371	223
			371	224
			371	225
			371	226
			370	227
			370	228
			370	229
			370	230
			370	231
			369	232
			369	233
			369	234
			369	235
			368	236
			368	237
		</anterior>
		<posterior type=matrix rownames=FALSE colnames=FALSE nrow=166 ncol=2 as.numeric=TRUE >
			206	256
			207	256
			208	257
			209	257
			210	257
			211	257
			211	258
			212	258
			213	258
			214	258
			215	258
			216	259
			217	259
			218	259
			219	259
			220	259
			221	260
			222	260
			223	260
			224	260
			225	260
			226	260
			227	260
			228	260
			229	260
			230	261
			231	261
			232	261
			233	261
			234	261
			235	261
			236	261
			237	261
			238	261
			239	261
			240	261
			241	261
			242	261
			243	260
			244	260
			245	260
			246	260
			247	260
			248	260
			249	260
			250	260
			251	259
			252	259
			253	259
			254	259
			255	259
			256	259
			257	258
			258	258
			259	258
			260	258
			261	257
			262	257
			263	257
			264	256
			265	256
			266	256
			267	255
			268	255
			269	255
			270	254
			271	254
			272	254
			273	253
			274	253
			275	252
			276	252
			277	252
			278	251
			279	251
			280	250
			281	250
			282	249
			283	249
			284	248
			285	248
			286	247
			287	247
			288	246
			289	245
			290	245
			291	244
			292	244
			293	243
			294	242
			295	242
			296	241
			297	241
			298	240
			299	239
			300	239
			301	238
			302	238
			302	239
			303	239
			304	240
			305	240
			306	240
			307	241
			308	241
			309	242
			310	242
			311	242
			312	242
			313	243
			314	243
			315	243
			316	243
			317	244
			318	244
			319	244
			320	244
			321	244
			322	244
			323	244
			324	244
			325	244
			326	244
			327	244
			328	244
			329	244
			330	244
			331	244
			332	244
			333	244
			334	244
			335	244
			336	244
			337	244
			338	244
			339	243
			340	243
			341	243
			342	243
			343	243
			344	243
			345	243
			346	243
			346	242
			347	242
			348	242
			349	242
			350	242
			351	241
			352	241
			353	241
			354	241
			355	241
			356	240
			357	240
			358	240
			359	240
			360	239
			361	239
			362	239
			363	238
			364	238
			365	238
			366	237
			367	237
			368	237
		</posterior>
	</curves.pixel>
	<curves.scaled type=list>
		<glabella type=matrix rownames=FALSE colnames=FALSE nrow=243 ncol=2 as.numeric=TRUE >
			2.87597402597403	-0.753896103896104
			2.88993506493506	-0.753896103896104
			2.9038961038961	-0.753896103896104
			2.91785714285714	-0.753896103896104
			2.93181818181818	-0.753896103896104
			2.94577922077922	-0.753896103896104
			2.95974025974026	-0.767857142857143
			2.9737012987013	-0.767857142857143
			2.98766233766234	-0.767857142857143
			3.00162337662338	-0.767857142857143
			3.01558441558442	-0.767857142857143
			3.02954545454545	-0.767857142857143
			3.04350649350649	-0.767857142857143
			3.05746753246753	-0.767857142857143
			3.07142857142857	-0.781818181818182
			3.08538961038961	-0.781818181818182
			3.09935064935065	-0.781818181818182
			3.11331168831169	-0.781818181818182
			3.12727272727273	-0.781818181818182
			3.14123376623377	-0.781818181818182
			3.1551948051948	-0.781818181818182
			3.16915584415584	-0.795779220779221
			3.18311688311688	-0.795779220779221
			3.19707792207792	-0.795779220779221
			3.21103896103896	-0.795779220779221
			3.225	-0.795779220779221
			3.23896103896104	-0.795779220779221
			3.25292207792208	-0.80974025974026
			3.26688311688312	-0.80974025974026
			3.28084415584416	-0.80974025974026
			3.29480519480519	-0.80974025974026
			3.30876623376623	-0.80974025974026
			3.32272727272727	-0.80974025974026
			3.33668831168831	-0.823701298701299
			3.35064935064935	-0.823701298701299
			3.36461038961039	-0.823701298701299
			3.37857142857143	-0.823701298701299
			3.39253246753247	-0.823701298701299
			3.40649350649351	-0.837662337662338
			3.42045454545455	-0.837662337662338
			3.43441558441558	-0.837662337662338
			3.44837662337662	-0.837662337662338
			3.46233766233766	-0.837662337662338
			3.46233766233766	-0.851623376623377
			3.4762987012987	-0.851623376623377
			3.49025974025974	-0.851623376623377
			3.50422077922078	-0.851623376623377
			3.51818181818182	-0.851623376623377
			3.53214285714286	-0.865584415584416
			3.5461038961039	-0.865584415584416
			3.56006493506493	-0.865584415584416
			3.57402597402597	-0.879545454545455
			3.58798701298701	-0.879545454545455
			3.60194805194805	-0.879545454545455
			3.61590909090909	-0.879545454545455
			3.62987012987013	-0.893506493506493
			3.64383116883117	-0.893506493506493
			3.65779220779221	-0.893506493506493
			3.67175324675325	-0.907467532467532
			3.68571428571429	-0.907467532467532
			3.69967532467532	-0.907467532467532
			3.71363636363636	-0.907467532467532
			3.7275974025974	-0.921428571428571
			3.74155844155844	-0.921428571428571
			3.75551948051948	-0.921428571428571
			3.76948051948052	-0.93538961038961
			3.78344155844156	-0.93538961038961
			3.7974025974026	-0.93538961038961
			3.81136363636364	-0.949350649350649
			3.82532467532468	-0.949350649350649
			3.83928571428571	-0.963311688311688
			3.85324675324675	-0.963311688311688
			3.86720779220779	-0.977272727272727
			3.88116883116883	-0.977272727272727
			3.89512987012987	-0.991233766233766
			3.90909090909091	-1.00519480519481
			3.92305194805195	-1.01915584415584
			3.93701298701299	-1.03311688311688
			3.95097402597403	-1.04707792207792
			3.96493506493506	-1.06103896103896
			3.9788961038961	-1.075
			3.99285714285714	-1.08896103896104
			4.00681818181818	-1.10292207792208
			4.00681818181818	-1.11688311688312
			4.02077922077922	-1.13084415584416
			4.03474025974026	-1.14480519480519
			4.03474025974026	-1.15876623376623
			4.0487012987013	-1.17272727272727
			4.0487012987013	-1.18668831168831
			4.06266233766234	-1.18668831168831
			4.06266233766234	-1.20064935064935
			4.07662337662338	-1.21461038961039
			4.07662337662338	-1.22857142857143
			4.09058441558442	-1.24253246753247
			4.09058441558442	-1.25649350649351
			4.09058441558442	-1.27045454545455
			4.10454545454545	-1.28441558441558
			4.10454545454545	-1.29837662337662
			4.11850649350649	-1.31233766233766
			4.11850649350649	-1.3262987012987
			4.11850649350649	-1.34025974025974
			4.13246753246753	-1.35422077922078
			4.13246753246753	-1.36818181818182
			4.13246753246753	-1.38214285714286
			4.14642857142857	-1.3961038961039
			4.14642857142857	-1.41006493506494
			4.14642857142857	-1.42402597402597
			4.16038961038961	-1.43798701298701
			4.16038961038961	-1.45194805194805
			4.16038961038961	-1.46590909090909
			4.16038961038961	-1.47987012987013
			4.17435064935065	-1.49383116883117
			4.17435064935065	-1.50779220779221
			4.17435064935065	-1.52175324675325
			4.17435064935065	-1.53571428571429
			4.18831168831169	-1.54967532467532
			4.18831168831169	-1.56363636363636
			4.18831168831169	-1.5775974025974
			4.18831168831169	-1.59155844155844
			4.18831168831169	-1.60551948051948
			4.20227272727273	-1.61948051948052
			4.20227272727273	-1.63344155844156
			4.20227272727273	-1.6474025974026
			4.20227272727273	-1.66136363636364
			4.20227272727273	-1.67532467532468
			4.20227272727273	-1.68928571428571
			4.21623376623377	-1.70324675324675
			4.21623376623377	-1.71720779220779
			4.21623376623377	-1.73116883116883
			4.21623376623377	-1.74512987012987
			4.21623376623377	-1.75909090909091
			4.21623376623377	-1.77305194805195
			4.21623376623377	-1.78701298701299
			4.23019480519481	-1.80097402597403
			4.23019480519481	-1.81493506493506
			4.23019480519481	-1.8288961038961
			4.23019480519481	-1.84285714285714
			4.23019480519481	-1.85681818181818
			4.23019480519481	-1.87077922077922
			4.23019480519481	-1.88474025974026
			4.23019480519481	-1.8987012987013
			4.23019480519481	-1.91266233766234
			4.23019480519481	-1.92662337662338
			4.23019480519481	-1.94058441558442
			4.24415584415584	-1.95454545454545
			4.24415584415584	-1.96850649350649
			4.24415584415584	-1.98246753246753
			4.24415584415584	-1.99642857142857
			4.24415584415584	-2.01038961038961
			4.24415584415584	-2.02435064935065
			4.24415584415584	-2.03831168831169
			4.24415584415584	-2.05227272727273
			4.24415584415584	-2.06623376623377
			4.24415584415584	-2.08019480519481
			4.24415584415584	-2.09415584415584
			4.24415584415584	-2.10811688311688
			4.24415584415584	-2.12207792207792
			4.24415584415584	-2.13603896103896
			4.24415584415584	-2.15
			4.24415584415584	-2.16396103896104
			4.24415584415584	-2.17792207792208
			4.24415584415584	-2.19188311688312
			4.24415584415584	-2.20584415584416
			4.24415584415584	-2.21980519480519
			4.24415584415584	-2.23376623376623
			4.25811688311688	-2.24772727272727
			4.25811688311688	-2.26168831168831
			4.25811688311688	-2.27564935064935
			4.25811688311688	-2.28961038961039
			4.25811688311688	-2.30357142857143
			4.25811688311688	-2.31753246753247
			4.25811688311688	-2.33149350649351
			4.25811688311688	-2.34545454545455
			4.25811688311688	-2.35941558441558
			4.25811688311688	-2.37337662337662
			4.25811688311688	-2.38733766233766
			4.25811688311688	-2.4012987012987
			4.25811688311688	-2.41525974025974
			4.25811688311688	-2.42922077922078
			4.25811688311688	-2.44318181818182
			4.25811688311688	-2.45714285714286
			4.25811688311688	-2.4711038961039
			4.24415584415584	-2.48506493506493
			4.24415584415584	-2.49902597402597
			4.24415584415584	-2.51298701298701
			4.24415584415584	-2.52694805194805
			4.24415584415584	-2.54090909090909
			4.24415584415584	-2.55487012987013
			4.24415584415584	-2.56883116883117
			4.24415584415584	-2.58279220779221
			4.24415584415584	-2.59675324675325
			4.24415584415584	-2.61071428571429
			4.24415584415584	-2.62467532467532
			4.24415584415584	-2.63863636363636
			4.24415584415584	-2.6525974025974
			4.24415584415584	-2.66655844155844
			4.24415584415584	-2.68051948051948
			4.24415584415584	-2.69448051948052
			4.24415584415584	-2.70844155844156
			4.24415584415584	-2.7224025974026
			4.24415584415584	-2.73636363636364
			4.24415584415584	-2.75032467532468
			4.24415584415584	-2.76428571428571
			4.24415584415584	-2.77824675324675
			4.24415584415584	-2.79220779220779
			4.24415584415584	-2.80616883116883
			4.24415584415584	-2.82012987012987
			4.24415584415584	-2.83409090909091
			4.24415584415584	-2.84805194805195
			4.23019480519481	-2.86201298701299
			4.23019480519481	-2.87597402597403
			4.23019480519481	-2.88993506493506
			4.23019480519481	-2.9038961038961
			4.23019480519481	-2.91785714285714
			4.23019480519481	-2.93181818181818
			4.23019480519481	-2.94577922077922
			4.23019480519481	-2.95974025974026
			4.23019480519481	-2.9737012987013
			4.23019480519481	-2.98766233766234
			4.23019480519481	-3.00162337662338
			4.23019480519481	-3.01558441558442
			4.23019480519481	-3.02954545454545
			4.23019480519481	-3.04350649350649
			4.23019480519481	-3.05746753246753
			4.21623376623377	-3.05746753246753
			4.21623376623377	-3.07142857142857
			4.21623376623377	-3.08538961038961
			4.21623376623377	-3.09935064935065
			4.21623376623377	-3.11331168831169
			4.21623376623377	-3.12727272727273
			4.21623376623377	-3.14123376623377
			4.21623376623377	-3.1551948051948
			4.21623376623377	-3.16915584415584
			4.21623376623377	-3.18311688311688
			4.21623376623377	-3.19707792207792
			4.21623376623377	-3.21103896103896
			4.21623376623377	-3.225
			4.20227272727273	-3.23896103896104
			4.20227272727273	-3.25292207792208
			4.20227272727273	-3.26688311688312
			4.20227272727273	-3.28084415584416
			4.20227272727273	-3.29480519480519
			4.20227272727273	-3.30876623376623
		</glabella>
		<suture type=matrix rownames=FALSE colnames=FALSE nrow=277 ncol=2 as.numeric=TRUE >
			2.87597402597403	-0.656168831168831
			2.88993506493506	-0.656168831168831
			2.9038961038961	-0.656168831168831
			2.91785714285714	-0.656168831168831
			2.93181818181818	-0.656168831168831
			2.94577922077922	-0.656168831168831
			2.95974025974026	-0.656168831168831
			2.9737012987013	-0.656168831168831
			2.98766233766234	-0.656168831168831
			3.00162337662338	-0.67012987012987
			3.01558441558442	-0.67012987012987
			3.02954545454545	-0.67012987012987
			3.04350649350649	-0.67012987012987
			3.05746753246753	-0.67012987012987
			3.07142857142857	-0.67012987012987
			3.08538961038961	-0.67012987012987
			3.09935064935065	-0.67012987012987
			3.11331168831169	-0.684090909090909
			3.12727272727273	-0.684090909090909
			3.14123376623377	-0.684090909090909
			3.1551948051948	-0.684090909090909
			3.16915584415584	-0.684090909090909
			3.18311688311688	-0.684090909090909
			3.19707792207792	-0.698051948051948
			3.21103896103896	-0.698051948051948
			3.225	-0.698051948051948
			3.23896103896104	-0.698051948051948
			3.25292207792208	-0.698051948051948
			3.26688311688312	-0.698051948051948
			3.28084415584416	-0.712012987012987
			3.29480519480519	-0.712012987012987
			3.30876623376623	-0.712012987012987
			3.32272727272727	-0.712012987012987
			3.33668831168831	-0.712012987012987
			3.35064935064935	-0.712012987012987
			3.35064935064935	-0.725974025974026
			3.36461038961039	-0.725974025974026
			3.37857142857143	-0.725974025974026
			3.39253246753247	-0.725974025974026
			3.40649350649351	-0.725974025974026
			3.42045454545455	-0.725974025974026
			3.43441558441558	-0.739935064935065
			3.44837662337662	-0.739935064935065
			3.46233766233766	-0.739935064935065
			3.4762987012987	-0.739935064935065
			3.49025974025974	-0.739935064935065
			3.50422077922078	-0.753896103896104
			3.51818181818182	-0.753896103896104
			3.53214285714286	-0.753896103896104
			3.5461038961039	-0.753896103896104
			3.56006493506493	-0.767857142857143
			3.57402597402597	-0.767857142857143
			3.58798701298701	-0.767857142857143
			3.60194805194805	-0.767857142857143
			3.61590909090909	-0.767857142857143
			3.62987012987013	-0.781818181818182
			3.64383116883117	-0.781818181818182
			3.65779220779221	-0.781818181818182
			3.67175324675325	-0.781818181818182
			3.68571428571429	-0.795779220779221
			3.69967532467532	-0.795779220779221
			3.71363636363636	-0.795779220779221
			3.7275974025974	-0.795779220779221
			3.74155844155844	-0.80974025974026
			3.75551948051948	-0.80974025974026
			3.76948051948052	-0.80974025974026
			3.78344155844156	-0.80974025974026
			3.7974025974026	-0.80974025974026
			3.81136363636364	-0.823701298701299
			3.82532467532468	-0.823701298701299
			3.83928571428571	-0.823701298701299
			3.85324675324675	-0.823701298701299
			3.86720779220779	-0.837662337662338
			3.88116883116883	-0.837662337662338
			3.89512987012987	-0.837662337662338
			3.90909090909091	-0.837662337662338
			3.92305194805195	-0.837662337662338
			3.92305194805195	-0.851623376623377
			3.93701298701299	-0.851623376623377
			3.95097402597403	-0.851623376623377
			3.96493506493506	-0.851623376623377
			3.96493506493506	-0.865584415584416
			3.9788961038961	-0.865584415584416
			3.99285714285714	-0.865584415584416
			4.00681818181818	-0.879545454545455
			4.02077922077922	-0.879545454545455
			4.03474025974026	-0.893506493506493
			4.0487012987013	-0.893506493506493
			4.06266233766234	-0.907467532467532
			4.07662337662338	-0.907467532467532
			4.09058441558442	-0.921428571428571
			4.10454545454545	-0.921428571428571
			4.11850649350649	-0.93538961038961
			4.13246753246753	-0.93538961038961
			4.13246753246753	-0.949350649350649
			4.14642857142857	-0.963311688311688
			4.16038961038961	-0.963311688311688
			4.17435064935065	-0.977272727272727
			4.18831168831169	-0.977272727272727
			4.18831168831169	-0.991233766233766
			4.20227272727273	-1.00519480519481
			4.21623376623377	-1.00519480519481
			4.21623376623377	-1.01915584415584
			4.23019480519481	-1.03311688311688
			4.24415584415584	-1.03311688311688
			4.24415584415584	-1.04707792207792
			4.25811688311688	-1.06103896103896
			4.27207792207792	-1.06103896103896
			4.27207792207792	-1.075
			4.28603896103896	-1.08896103896104
			4.3	-1.10292207792208
			4.31396103896104	-1.11688311688312
			4.31396103896104	-1.13084415584416
			4.32792207792208	-1.14480519480519
			4.32792207792208	-1.15876623376623
			4.34188311688312	-1.17272727272727
			4.34188311688312	-1.18668831168831
			4.35584415584416	-1.20064935064935
			4.35584415584416	-1.21461038961039
			4.36980519480519	-1.22857142857143
			4.36980519480519	-1.24253246753247
			4.36980519480519	-1.25649350649351
			4.38376623376623	-1.27045454545455
			4.38376623376623	-1.28441558441558
			4.38376623376623	-1.29837662337662
			4.39772727272727	-1.31233766233766
			4.39772727272727	-1.3262987012987
			4.39772727272727	-1.34025974025974
			4.39772727272727	-1.35422077922078
			4.39772727272727	-1.36818181818182
			4.39772727272727	-1.38214285714286
			4.41168831168831	-1.3961038961039
			4.41168831168831	-1.41006493506494
			4.41168831168831	-1.42402597402597
			4.41168831168831	-1.43798701298701
			4.41168831168831	-1.45194805194805
			4.41168831168831	-1.46590909090909
			4.41168831168831	-1.47987012987013
			4.41168831168831	-1.49383116883117
			4.41168831168831	-1.50779220779221
			4.42564935064935	-1.50779220779221
			4.42564935064935	-1.52175324675325
			4.43961038961039	-1.53571428571429
			4.43961038961039	-1.54967532467532
			4.45357142857143	-1.56363636363636
			4.45357142857143	-1.5775974025974
			4.46753246753247	-1.59155844155844
			4.46753246753247	-1.60551948051948
			4.48149350649351	-1.61948051948052
			4.49545454545455	-1.63344155844156
			4.50941558441558	-1.6474025974026
			4.52337662337662	-1.66136363636364
			4.52337662337662	-1.67532467532468
			4.53733766233766	-1.68928571428571
			4.5512987012987	-1.70324675324675
			4.56525974025974	-1.70324675324675
			4.56525974025974	-1.71720779220779
			4.57922077922078	-1.73116883116883
			4.59318181818182	-1.74512987012987
			4.59318181818182	-1.75909090909091
			4.60714285714286	-1.77305194805195
			4.6211038961039	-1.78701298701299
			4.6211038961039	-1.80097402597403
			4.63506493506493	-1.81493506493506
			4.64902597402597	-1.8288961038961
			4.64902597402597	-1.84285714285714
			4.66298701298701	-1.85681818181818
			4.66298701298701	-1.87077922077922
			4.67694805194805	-1.88474025974026
			4.67694805194805	-1.8987012987013
			4.67694805194805	-1.91266233766234
			4.69090909090909	-1.92662337662338
			4.69090909090909	-1.94058441558442
			4.70487012987013	-1.95454545454545
			4.70487012987013	-1.96850649350649
			4.70487012987013	-1.98246753246753
			4.71883116883117	-1.99642857142857
			4.71883116883117	-2.01038961038961
			4.71883116883117	-2.02435064935065
			4.73279220779221	-2.03831168831169
			4.73279220779221	-2.05227272727273
			4.73279220779221	-2.06623376623377
			4.74675324675325	-2.08019480519481
			4.74675324675325	-2.09415584415584
			4.74675324675325	-2.10811688311688
			4.74675324675325	-2.12207792207792
			4.74675324675325	-2.13603896103896
			4.76071428571429	-2.15
			4.76071428571429	-2.16396103896104
			4.76071428571429	-2.17792207792208
			4.76071428571429	-2.19188311688312
			4.76071428571429	-2.20584415584416
			4.76071428571429	-2.21980519480519
			4.76071428571429	-2.23376623376623
			4.76071428571429	-2.24772727272727
			4.76071428571429	-2.26168831168831
			4.76071428571429	-2.27564935064935
			4.76071428571429	-2.28961038961039
			4.76071428571429	-2.30357142857143
			4.76071428571429	-2.31753246753247
			4.76071428571429	-2.33149350649351
			4.76071428571429	-2.34545454545455
			4.76071428571429	-2.35941558441558
			4.76071428571429	-2.37337662337662
			4.76071428571429	-2.38733766233766
			4.74675324675325	-2.4012987012987
			4.74675324675325	-2.41525974025974
			4.74675324675325	-2.42922077922078
			4.74675324675325	-2.44318181818182
			4.73279220779221	-2.44318181818182
			4.73279220779221	-2.45714285714286
			4.73279220779221	-2.4711038961039
			4.73279220779221	-2.48506493506493
			4.71883116883117	-2.49902597402597
			4.71883116883117	-2.51298701298701
			4.71883116883117	-2.52694805194805
			4.70487012987013	-2.52694805194805
			4.70487012987013	-2.54090909090909
			4.69090909090909	-2.55487012987013
			4.69090909090909	-2.56883116883117
			4.70487012987013	-2.58279220779221
			4.71883116883117	-2.59675324675325
			4.73279220779221	-2.61071428571429
			4.74675324675325	-2.62467532467532
			4.76071428571429	-2.63863636363636
			4.77467532467532	-2.6525974025974
			4.78863636363636	-2.66655844155844
			4.8025974025974	-2.68051948051948
			4.8025974025974	-2.69448051948052
			4.81655844155844	-2.69448051948052
			4.83051948051948	-2.70844155844156
			4.83051948051948	-2.7224025974026
			4.84448051948052	-2.73636363636364
			4.85844155844156	-2.75032467532468
			4.85844155844156	-2.76428571428571
			4.8724025974026	-2.77824675324675
			4.88636363636364	-2.77824675324675
			4.88636363636364	-2.79220779220779
			4.90032467532467	-2.80616883116883
			4.90032467532467	-2.82012987012987
			4.91428571428571	-2.83409090909091
			4.92824675324675	-2.84805194805195
			4.92824675324675	-2.86201298701299
			4.94220779220779	-2.87597402597403
			4.94220779220779	-2.88993506493506
			4.95616883116883	-2.9038961038961
			4.97012987012987	-2.91785714285714
			4.97012987012987	-2.93181818181818
			4.98409090909091	-2.94577922077922
			4.98409090909091	-2.95974025974026
			4.99805194805195	-2.9737012987013
			5.01201298701299	-2.98766233766234
			5.01201298701299	-3.00162337662338
			5.01201298701299	-3.01558441558442
			5.02597402597403	-3.02954545454545
			5.02597402597403	-3.04350649350649
			5.03993506493507	-3.05746753246753
			5.03993506493507	-3.07142857142857
			5.0538961038961	-3.08538961038961
			5.0538961038961	-3.09935064935065
			5.06785714285714	-3.11331168831169
			5.06785714285714	-3.12727272727273
			5.06785714285714	-3.14123376623377
			5.08181818181818	-3.14123376623377
			5.08181818181818	-3.1551948051948
			5.08181818181818	-3.16915584415584
			5.09577922077922	-3.18311688311688
			5.09577922077922	-3.19707792207792
			5.09577922077922	-3.21103896103896
			5.10974025974026	-3.225
			5.10974025974026	-3.23896103896104
			5.10974025974026	-3.25292207792208
			5.1237012987013	-3.25292207792208
			5.1237012987013	-3.26688311688312
			5.1237012987013	-3.28084415584416
			5.13766233766234	-3.29480519480519
			5.13766233766234	-3.30876623376623
		</suture>
		<anterior type=matrix rownames=FALSE colnames=FALSE nrow=280 ncol=2 as.numeric=TRUE >
			2.87597402597403	-0.656168831168831
			2.88993506493506	-0.656168831168831
			2.9038961038961	-0.656168831168831
			2.91785714285714	-0.656168831168831
			2.93181818181818	-0.656168831168831
			2.94577922077922	-0.656168831168831
			2.95974025974026	-0.656168831168831
			2.9737012987013	-0.656168831168831
			2.98766233766234	-0.656168831168831
			3.00162337662338	-0.67012987012987
			3.01558441558442	-0.67012987012987
			3.02954545454545	-0.67012987012987
			3.04350649350649	-0.67012987012987
			3.05746753246753	-0.67012987012987
			3.07142857142857	-0.67012987012987
			3.08538961038961	-0.67012987012987
			3.09935064935065	-0.67012987012987
			3.11331168831169	-0.684090909090909
			3.12727272727273	-0.684090909090909
			3.14123376623377	-0.684090909090909
			3.1551948051948	-0.684090909090909
			3.16915584415584	-0.684090909090909
			3.18311688311688	-0.684090909090909
			3.19707792207792	-0.684090909090909
			3.21103896103896	-0.698051948051948
			3.225	-0.698051948051948
			3.23896103896104	-0.698051948051948
			3.25292207792208	-0.698051948051948
			3.26688311688312	-0.698051948051948
			3.28084415584416	-0.698051948051948
			3.29480519480519	-0.712012987012987
			3.30876623376623	-0.712012987012987
			3.32272727272727	-0.712012987012987
			3.33668831168831	-0.712012987012987
			3.35064935064935	-0.712012987012987
			3.36461038961039	-0.725974025974026
			3.37857142857143	-0.725974025974026
			3.39253246753247	-0.725974025974026
			3.40649350649351	-0.725974025974026
			3.42045454545455	-0.725974025974026
			3.43441558441558	-0.739935064935065
			3.44837662337662	-0.739935064935065
			3.46233766233766	-0.739935064935065
			3.4762987012987	-0.739935064935065
			3.49025974025974	-0.739935064935065
			3.50422077922078	-0.753896103896104
			3.51818181818182	-0.753896103896104
			3.53214285714286	-0.753896103896104
			3.5461038961039	-0.753896103896104
			3.56006493506493	-0.753896103896104
			3.57402597402597	-0.767857142857143
			3.58798701298701	-0.767857142857143
			3.60194805194805	-0.767857142857143
			3.61590909090909	-0.767857142857143
			3.62987012987013	-0.781818181818182
			3.64383116883117	-0.781818181818182
			3.65779220779221	-0.781818181818182
			3.67175324675325	-0.781818181818182
			3.68571428571429	-0.781818181818182
			3.69967532467532	-0.795779220779221
			3.71363636363636	-0.795779220779221
			3.7275974025974	-0.795779220779221
			3.74155844155844	-0.795779220779221
			3.75551948051948	-0.80974025974026
			3.76948051948052	-0.80974025974026
			3.78344155844156	-0.80974025974026
			3.7974025974026	-0.80974025974026
			3.81136363636364	-0.80974025974026
			3.81136363636364	-0.823701298701299
			3.82532467532468	-0.823701298701299
			3.83928571428571	-0.823701298701299
			3.85324675324675	-0.823701298701299
			3.86720779220779	-0.823701298701299
			3.88116883116883	-0.837662337662338
			3.89512987012987	-0.837662337662338
			3.90909090909091	-0.837662337662338
			3.92305194805195	-0.837662337662338
			3.93701298701299	-0.851623376623377
			3.95097402597403	-0.851623376623377
			3.96493506493506	-0.851623376623377
			3.9788961038961	-0.851623376623377
			3.9788961038961	-0.865584415584416
			3.99285714285714	-0.865584415584416
			4.00681818181818	-0.865584415584416
			4.02077922077922	-0.879545454545455
			4.03474025974026	-0.879545454545455
			4.0487012987013	-0.893506493506493
			4.06266233766234	-0.893506493506493
			4.07662337662338	-0.907467532467532
			4.09058441558442	-0.907467532467532
			4.10454545454545	-0.921428571428571
			4.11850649350649	-0.93538961038961
			4.13246753246753	-0.93538961038961
			4.14642857142857	-0.949350649350649
			4.16038961038961	-0.949350649350649
			4.17435064935065	-0.963311688311688
			4.18831168831169	-0.977272727272727
			4.20227272727273	-0.977272727272727
			4.21623376623377	-0.991233766233766
			4.23019480519481	-1.00519480519481
			4.24415584415584	-1.00519480519481
			4.25811688311688	-1.01915584415584
			4.27207792207792	-1.03311688311688
			4.28603896103896	-1.03311688311688
			4.3	-1.04707792207792
			4.31396103896104	-1.06103896103896
			4.32792207792208	-1.075
			4.34188311688312	-1.08896103896104
			4.35584415584416	-1.10292207792208
			4.36980519480519	-1.10292207792208
			4.36980519480519	-1.11688311688312
			4.38376623376623	-1.13084415584416
			4.39772727272727	-1.13084415584416
			4.39772727272727	-1.14480519480519
			4.41168831168831	-1.14480519480519
			4.42564935064935	-1.15876623376623
			4.42564935064935	-1.17272727272727
			4.43961038961039	-1.17272727272727
			4.45357142857143	-1.18668831168831
			4.46753246753247	-1.20064935064935
			4.48149350649351	-1.21461038961039
			4.49545454545455	-1.22857142857143
			4.50941558441558	-1.24253246753247
			4.50941558441558	-1.25649350649351
			4.52337662337662	-1.27045454545455
			4.53733766233766	-1.27045454545455
			4.5512987012987	-1.28441558441558
			4.5512987012987	-1.29837662337662
			4.56525974025974	-1.31233766233766
			4.57922077922078	-1.3262987012987
			4.57922077922078	-1.34025974025974
			4.59318181818182	-1.35422077922078
			4.60714285714286	-1.35422077922078
			4.6211038961039	-1.36818181818182
			4.6211038961039	-1.38214285714286
			4.63506493506493	-1.3961038961039
			4.64902597402597	-1.41006493506494
			4.64902597402597	-1.42402597402597
			4.66298701298701	-1.43798701298701
			4.67694805194805	-1.45194805194805
			4.67694805194805	-1.46590909090909
			4.69090909090909	-1.47987012987013
			4.70487012987013	-1.49383116883117
			4.70487012987013	-1.50779220779221
			4.71883116883117	-1.52175324675325
			4.73279220779221	-1.53571428571429
			4.74675324675325	-1.54967532467532
			4.76071428571429	-1.56363636363636
			4.77467532467532	-1.5775974025974
			4.77467532467532	-1.59155844155844
			4.78863636363636	-1.60551948051948
			4.78863636363636	-1.61948051948052
			4.8025974025974	-1.61948051948052
			4.8025974025974	-1.63344155844156
			4.81655844155844	-1.6474025974026
			4.83051948051948	-1.66136363636364
			4.84448051948052	-1.67532467532468
			4.84448051948052	-1.68928571428571
			4.85844155844156	-1.70324675324675
			4.85844155844156	-1.71720779220779
			4.8724025974026	-1.73116883116883
			4.88636363636364	-1.74512987012987
			4.88636363636364	-1.75909090909091
			4.90032467532467	-1.77305194805195
			4.91428571428571	-1.78701298701299
			4.91428571428571	-1.80097402597403
			4.92824675324675	-1.81493506493506
			4.92824675324675	-1.8288961038961
			4.94220779220779	-1.84285714285714
			4.94220779220779	-1.85681818181818
			4.95616883116883	-1.87077922077922
			4.97012987012987	-1.88474025974026
			4.98409090909091	-1.8987012987013
			4.98409090909091	-1.91266233766234
			4.98409090909091	-1.92662337662338
			4.99805194805195	-1.92662337662338
			4.99805194805195	-1.94058441558442
			4.99805194805195	-1.95454545454545
			5.01201298701299	-1.95454545454545
			5.01201298701299	-1.96850649350649
			5.01201298701299	-1.98246753246753
			5.02597402597403	-1.98246753246753
			5.02597402597403	-1.99642857142857
			5.02597402597403	-2.01038961038961
			5.03993506493507	-2.01038961038961
			5.03993506493507	-2.02435064935065
			5.03993506493507	-2.03831168831169
			5.0538961038961	-2.03831168831169
			5.0538961038961	-2.05227272727273
			5.0538961038961	-2.06623376623377
			5.06785714285714	-2.08019480519481
			5.06785714285714	-2.09415584415584
			5.06785714285714	-2.10811688311688
			5.08181818181818	-2.12207792207792
			5.08181818181818	-2.13603896103896
			5.09577922077922	-2.15
			5.09577922077922	-2.16396103896104
			5.09577922077922	-2.17792207792208
			5.10974025974026	-2.19188311688312
			5.10974025974026	-2.20584415584416
			5.10974025974026	-2.21980519480519
			5.1237012987013	-2.23376623376623
			5.1237012987013	-2.24772727272727
			5.1237012987013	-2.26168831168831
			5.13766233766234	-2.27564935064935
			5.13766233766234	-2.28961038961039
			5.13766233766234	-2.30357142857143
			5.15162337662338	-2.31753246753247
			5.15162337662338	-2.33149350649351
			5.15162337662338	-2.34545454545455
			5.15162337662338	-2.35941558441558
			5.16558441558442	-2.37337662337662
			5.16558441558442	-2.38733766233766
			5.16558441558442	-2.4012987012987
			5.16558441558442	-2.41525974025974
			5.17954545454545	-2.42922077922078
			5.17954545454545	-2.44318181818182
			5.17954545454545	-2.45714285714286
			5.17954545454545	-2.4711038961039
			5.17954545454545	-2.48506493506493
			5.19350649350649	-2.49902597402597
			5.19350649350649	-2.51298701298701
			5.19350649350649	-2.52694805194805
			5.19350649350649	-2.54090909090909
			5.19350649350649	-2.55487012987013
			5.19350649350649	-2.56883116883117
			5.20746753246753	-2.58279220779221
			5.20746753246753	-2.59675324675325
			5.20746753246753	-2.61071428571429
			5.20746753246753	-2.62467532467532
			5.20746753246753	-2.63863636363636
			5.20746753246753	-2.6525974025974
			5.20746753246753	-2.66655844155844
			5.20746753246753	-2.68051948051948
			5.20746753246753	-2.69448051948052
			5.20746753246753	-2.70844155844156
			5.20746753246753	-2.7224025974026
			5.20746753246753	-2.73636363636364
			5.20746753246753	-2.75032467532468
			5.20746753246753	-2.76428571428571
			5.20746753246753	-2.77824675324675
			5.20746753246753	-2.79220779220779
			5.20746753246753	-2.80616883116883
			5.20746753246753	-2.82012987012987
			5.20746753246753	-2.83409090909091
			5.20746753246753	-2.84805194805195
			5.20746753246753	-2.86201298701299
			5.20746753246753	-2.87597402597403
			5.20746753246753	-2.88993506493506
			5.20746753246753	-2.9038961038961
			5.20746753246753	-2.91785714285714
			5.20746753246753	-2.93181818181818
			5.20746753246753	-2.94577922077922
			5.20746753246753	-2.95974025974026
			5.20746753246753	-2.9737012987013
			5.20746753246753	-2.98766233766234
			5.20746753246753	-3.00162337662338
			5.19350649350649	-3.01558441558442
			5.19350649350649	-3.02954545454545
			5.19350649350649	-3.04350649350649
			5.19350649350649	-3.05746753246753
			5.19350649350649	-3.07142857142857
			5.19350649350649	-3.08538961038961
			5.19350649350649	-3.09935064935065
			5.17954545454545	-3.09935064935065
			5.17954545454545	-3.11331168831169
			5.17954545454545	-3.12727272727273
			5.17954545454545	-3.14123376623377
			5.17954545454545	-3.1551948051948
			5.16558441558442	-3.16915584415584
			5.16558441558442	-3.18311688311688
			5.16558441558442	-3.19707792207792
			5.16558441558442	-3.21103896103896
			5.16558441558442	-3.225
			5.15162337662338	-3.23896103896104
			5.15162337662338	-3.25292207792208
			5.15162337662338	-3.26688311688312
			5.15162337662338	-3.28084415584416
			5.13766233766234	-3.29480519480519
			5.13766233766234	-3.30876623376623
		</anterior>
		<posterior type=matrix rownames=FALSE colnames=FALSE nrow=166 ncol=2 as.numeric=TRUE >
			2.87597402597403	-3.57402597402597
			2.88993506493506	-3.57402597402597
			2.9038961038961	-3.58798701298701
			2.91785714285714	-3.58798701298701
			2.93181818181818	-3.58798701298701
			2.94577922077922	-3.58798701298701
			2.94577922077922	-3.60194805194805
			2.95974025974026	-3.60194805194805
			2.9737012987013	-3.60194805194805
			2.98766233766234	-3.60194805194805
			3.00162337662338	-3.60194805194805
			3.01558441558442	-3.61590909090909
			3.02954545454545	-3.61590909090909
			3.04350649350649	-3.61590909090909
			3.05746753246753	-3.61590909090909
			3.07142857142857	-3.61590909090909
			3.08538961038961	-3.62987012987013
			3.09935064935065	-3.62987012987013
			3.11331168831169	-3.62987012987013
			3.12727272727273	-3.62987012987013
			3.14123376623377	-3.62987012987013
			3.1551948051948	-3.62987012987013
			3.16915584415584	-3.62987012987013
			3.18311688311688	-3.62987012987013
			3.19707792207792	-3.62987012987013
			3.21103896103896	-3.64383116883117
			3.225	-3.64383116883117
			3.23896103896104	-3.64383116883117
			3.25292207792208	-3.64383116883117
			3.26688311688312	-3.64383116883117
			3.28084415584416	-3.64383116883117
			3.29480519480519	-3.64383116883117
			3.30876623376623	-3.64383116883117
			3.32272727272727	-3.64383116883117
			3.33668831168831	-3.64383116883117
			3.35064935064935	-3.64383116883117
			3.36461038961039	-3.64383116883117
			3.37857142857143	-3.64383116883117
			3.39253246753247	-3.62987012987013
			3.40649350649351	-3.62987012987013
			3.42045454545455	-3.62987012987013
			3.43441558441558	-3.62987012987013
			3.44837662337662	-3.62987012987013
			3.46233766233766	-3.62987012987013
			3.4762987012987	-3.62987012987013
			3.49025974025974	-3.62987012987013
			3.50422077922078	-3.61590909090909
			3.51818181818182	-3.61590909090909
			3.53214285714286	-3.61590909090909
			3.5461038961039	-3.61590909090909
			3.56006493506493	-3.61590909090909
			3.57402597402597	-3.61590909090909
			3.58798701298701	-3.60194805194805
			3.60194805194805	-3.60194805194805
			3.61590909090909	-3.60194805194805
			3.62987012987013	-3.60194805194805
			3.64383116883117	-3.58798701298701
			3.65779220779221	-3.58798701298701
			3.67175324675325	-3.58798701298701
			3.68571428571429	-3.57402597402597
			3.69967532467532	-3.57402597402597
			3.71363636363636	-3.57402597402597
			3.7275974025974	-3.56006493506493
			3.74155844155844	-3.56006493506493
			3.75551948051948	-3.56006493506493
			3.76948051948052	-3.5461038961039
			3.78344155844156	-3.5461038961039
			3.7974025974026	-3.5461038961039
			3.81136363636364	-3.53214285714286
			3.82532467532468	-3.53214285714286
			3.83928571428571	-3.51818181818182
			3.85324675324675	-3.51818181818182
			3.86720779220779	-3.51818181818182
			3.88116883116883	-3.50422077922078
			3.89512987012987	-3.50422077922078
			3.90909090909091	-3.49025974025974
			3.92305194805195	-3.49025974025974
			3.93701298701299	-3.4762987012987
			3.95097402597403	-3.4762987012987
			3.96493506493506	-3.46233766233766
			3.9788961038961	-3.46233766233766
			3.99285714285714	-3.44837662337662
			4.00681818181818	-3.44837662337662
			4.02077922077922	-3.43441558441558
			4.03474025974026	-3.42045454545455
			4.0487012987013	-3.42045454545455
			4.06266233766234	-3.40649350649351
			4.07662337662338	-3.40649350649351
			4.09058441558442	-3.39253246753247
			4.10454545454545	-3.37857142857143
			4.11850649350649	-3.37857142857143
			4.13246753246753	-3.36461038961039
			4.14642857142857	-3.36461038961039
			4.16038961038961	-3.35064935064935
			4.17435064935065	-3.33668831168831
			4.18831168831169	-3.33668831168831
			4.20227272727273	-3.32272727272727
			4.21623376623377	-3.32272727272727
			4.21623376623377	-3.33668831168831
			4.23019480519481	-3.33668831168831
			4.24415584415584	-3.35064935064935
			4.25811688311688	-3.35064935064935
			4.27207792207792	-3.35064935064935
			4.28603896103896	-3.36461038961039
			4.3	-3.36461038961039
			4.31396103896104	-3.37857142857143
			4.32792207792208	-3.37857142857143
			4.34188311688312	-3.37857142857143
			4.35584415584416	-3.37857142857143
			4.36980519480519	-3.39253246753247
			4.38376623376623	-3.39253246753247
			4.39772727272727	-3.39253246753247
			4.41168831168831	-3.39253246753247
			4.42564935064935	-3.40649350649351
			4.43961038961039	-3.40649350649351
			4.45357142857143	-3.40649350649351
			4.46753246753247	-3.40649350649351
			4.48149350649351	-3.40649350649351
			4.49545454545455	-3.40649350649351
			4.50941558441558	-3.40649350649351
			4.52337662337662	-3.40649350649351
			4.53733766233766	-3.40649350649351
			4.5512987012987	-3.40649350649351
			4.56525974025974	-3.40649350649351
			4.57922077922078	-3.40649350649351
			4.59318181818182	-3.40649350649351
			4.60714285714286	-3.40649350649351
			4.6211038961039	-3.40649350649351
			4.63506493506493	-3.40649350649351
			4.64902597402597	-3.40649350649351
			4.66298701298701	-3.40649350649351
			4.67694805194805	-3.40649350649351
			4.69090909090909	-3.40649350649351
			4.70487012987013	-3.40649350649351
			4.71883116883117	-3.40649350649351
			4.73279220779221	-3.39253246753247
			4.74675324675325	-3.39253246753247
			4.76071428571429	-3.39253246753247
			4.77467532467532	-3.39253246753247
			4.78863636363636	-3.39253246753247
			4.8025974025974	-3.39253246753247
			4.81655844155844	-3.39253246753247
			4.83051948051948	-3.39253246753247
			4.83051948051948	-3.37857142857143
			4.84448051948052	-3.37857142857143
			4.85844155844156	-3.37857142857143
			4.8724025974026	-3.37857142857143
			4.88636363636364	-3.37857142857143
			4.90032467532467	-3.36461038961039
			4.91428571428571	-3.36461038961039
			4.92824675324675	-3.36461038961039
			4.94220779220779	-3.36461038961039
			4.95616883116883	-3.36461038961039
			4.97012987012987	-3.35064935064935
			4.98409090909091	-3.35064935064935
			4.99805194805195	-3.35064935064935
			5.01201298701299	-3.35064935064935
			5.02597402597403	-3.33668831168831
			5.03993506493507	-3.33668831168831
			5.0538961038961	-3.33668831168831
			5.06785714285714	-3.32272727272727
			5.08181818181818	-3.32272727272727
			5.09577922077922	-3.32272727272727
			5.10974025974026	-3.30876623376623
			5.1237012987013	-3.30876623376623
			5.13766233766234	-3.30876623376623
		</posterior>
	</curves.scaled>
	<ruler.points type=matrix rownames=TRUE colnames=FALSE nrow=2 ncol=2 as.numeric=TRUE >
		Ruler point 1	419	313
		Ruler point 2	419	621
	</ruler.points>
</shapes>

