<shapes type=list>
	<ruler.pixel type=vector names=FALSE length=1 as.numeric=TRUE >423</ruler.pixel>
	<ruler.interval type=vector names=FALSE length=1 as.numeric=TRUE >46.7</ruler.interval>
	<scaling.units type=vector names=FALSE length=1 as.numeric=FALSE >mm</scaling.units>
	<scaling type=vector names=FALSE length=1 as.numeric=TRUE >0.110401891252955</scaling>
	<landmarks.pixel type=matrix rownames=TRUE colnames=FALSE nrow=16 ncol=2 as.numeric=TRUE >
		LM1	237	78
		LM2	237	93
		LM3	233	166
		LM4	233	181
		LM5	273	150
		LM6	272	173
		LM7	272	181
		LM8	292	122
		LM9	294	143
		LM10	237	78
		LM11	348	177
		LM12	354	187
		LM13	237	78
		LM14	303	130
		LM15	395	181
		LM16	435	351
	</landmarks.pixel>
	<landmarks.scaled type=matrix rownames=TRUE colnames=FALSE nrow=16 ncol=2 as.numeric=TRUE >
		LM1	26.1652482269504	-8.6113475177305
		LM2	26.1652482269504	-10.2673758865248
		LM3	25.7236406619385	-18.3267139479905
		LM4	25.7236406619385	-19.9827423167849
		LM5	30.1397163120567	-16.5602836879433
		LM6	30.0293144208038	-19.0995271867612
		LM7	30.0293144208038	-19.9827423167849
		LM8	32.2373522458629	-13.4690307328605
		LM9	32.4581560283688	-15.7874704491726
		LM10	26.1652482269504	-8.6113475177305
		LM11	38.4198581560284	-19.5411347517731
		LM12	39.0822695035461	-20.6451536643026
		LM13	26.1652482269504	-8.6113475177305
		LM14	33.4517730496454	-14.3522458628842
		LM15	43.6087470449173	-19.9827423167849
		LM16	48.0248226950355	-38.7510638297872
	</landmarks.scaled>
	<curves.control type=list>
		<glabella type=matrix rownames=FALSE colnames=FALSE nrow=3 ncol=2 as.numeric=TRUE >
			237	93
			280	88
			272	181
		</glabella>
		<suture type=matrix rownames=FALSE colnames=FALSE nrow=9 ncol=2 as.numeric=TRUE >
			237	78
			258	78
			281	88
			295	103
			292	123
			307	130
			294	143
			351	172
			354	187
		</suture>
		<anterior type=matrix rownames=FALSE colnames=FALSE nrow=5 ncol=2 as.numeric=TRUE >
			237	78
			258	78
			299	86
			351	97
			395	181
		</anterior>
		<posterior type=matrix rownames=FALSE colnames=FALSE nrow=15 ncol=2 as.numeric=TRUE >
			233	181
			251	186
			276	181
			295	186
			345	192
			354	188
			362	179
			371	172
			378	178
			392	198
			402	224
			426	282
			435	354
			447	306
			395	181
		</posterior>
	</curves.control>
	<curves.pixel type=list>
		<glabella type=matrix rownames=FALSE colnames=FALSE nrow=106 ncol=2 as.numeric=TRUE >
			237	93
			238	93
			239	93
			240	93
			241	93
			242	93
			243	93
			244	93
			245	93
			246	93
			247	93
			248	94
			249	94
			250	94
			251	94
			252	95
			253	95
			253	96
			254	96
			255	97
			256	97
			257	98
			258	99
			259	100
			260	100
			261	101
			262	102
			262	103
			263	104
			263	105
			264	106
			265	107
			265	108
			266	109
			266	110
			267	111
			267	112
			267	113
			268	114
			268	115
			268	116
			269	117
			269	118
			270	119
			270	120
			270	121
			270	122
			270	123
			271	124
			271	125
			271	126
			271	127
			271	128
			271	129
			272	130
			272	131
			272	132
			272	133
			272	134
			272	135
			272	136
			273	137
			273	138
			273	139
			273	140
			273	141
			273	142
			273	143
			273	144
			273	145
			273	146
			273	147
			273	148
			273	149
			273	150
			273	151
			273	152
			273	153
			273	154
			273	155
			273	156
			273	157
			273	158
			273	159
			273	160
			273	161
			273	162
			273	163
			273	164
			273	165
			273	166
			273	167
			273	168
			273	169
			273	170
			273	171
			273	172
			273	173
			273	174
			272	175
			272	176
			272	177
			272	178
			272	179
			272	180
			272	181
		</glabella>
		<suture type=matrix rownames=FALSE colnames=FALSE nrow=177 ncol=2 as.numeric=TRUE >
			237	78
			238	78
			239	78
			240	78
			241	78
			242	78
			243	78
			244	78
			245	78
			246	78
			247	79
			248	79
			249	79
			250	79
			251	79
			252	79
			253	79
			254	80
			255	80
			256	80
			257	80
			258	80
			259	81
			260	81
			261	81
			262	81
			263	82
			264	82
			265	82
			266	83
			267	83
			268	83
			269	83
			270	84
			271	84
			272	84
			273	85
			274	85
			275	86
			276	86
			277	86
			278	87
			279	87
			280	88
			281	88
			282	89
			282	90
			283	90
			284	91
			284	92
			285	92
			285	93
			286	94
			286	95
			287	95
			287	96
			287	97
			288	97
			288	98
			289	99
			289	100
			290	101
			290	102
			290	103
			291	104
			291	105
			291	106
			291	107
			292	108
			292	109
			292	110
			292	111
			292	112
			292	113
			292	114
			293	115
			293	116
			293	117
			292	118
			292	119
			292	120
			292	121
			292	122
			292	123
			293	123
			294	124
			295	125
			296	125
			297	126
			298	127
			299	128
			299	129
			300	130
			300	131
			300	132
			300	133
			300	134
			300	135
			299	136
			299	137
			298	138
			298	139
			297	140
			296	141
			295	142
			294	143
			295	143
			296	144
			297	145
			298	145
			299	146
			300	146
			301	147
			302	147
			303	147
			304	148
			305	149
			306	149
			307	150
			308	151
			309	151
			310	152
			311	152
			312	153
			313	153
			314	154
			315	154
			316	155
			317	155
			318	156
			319	156
			320	157
			321	158
			322	158
			323	159
			324	160
			325	160
			326	161
			327	161
			328	162
			329	163
			330	163
			331	164
			332	165
			333	166
			334	166
			335	167
			336	168
			337	168
			338	169
			339	169
			340	170
			340	171
			341	171
			342	172
			343	172
			343	173
			344	174
			345	174
			345	175
			346	175
			347	176
			347	177
			348	177
			348	178
			349	178
			349	179
			350	179
			350	180
			351	180
			351	181
			352	182
			352	183
			353	184
			353	185
			354	186
			354	187
		</suture>
		<anterior type=matrix rownames=FALSE colnames=FALSE nrow=189 ncol=2 as.numeric=TRUE >
			237	78
			238	78
			239	78
			240	78
			241	78
			242	78
			243	78
			244	78
			245	78
			246	78
			247	78
			248	78
			249	79
			250	79
			251	79
			252	79
			253	79
			254	79
			255	79
			256	79
			257	79
			258	79
			259	79
			260	80
			261	80
			262	80
			263	80
			264	80
			265	80
			266	80
			267	81
			268	81
			269	81
			270	81
			271	81
			272	81
			273	81
			274	82
			275	82
			276	82
			277	82
			278	82
			279	82
			280	83
			281	83
			282	83
			283	83
			284	83
			285	83
			286	84
			287	84
			288	84
			289	84
			290	84
			291	84
			292	85
			293	85
			294	85
			295	85
			296	85
			297	86
			298	86
			299	86
			300	86
			301	86
			301	87
			302	87
			303	87
			304	87
			305	87
			305	88
			306	88
			307	88
			308	88
			309	89
			310	89
			311	90
			312	90
			313	90
			314	91
			315	91
			316	92
			317	92
			318	92
			319	93
			320	94
			321	94
			322	95
			323	95
			324	96
			325	96
			326	97
			327	97
			328	98
			329	99
			330	100
			331	100
			332	101
			333	102
			334	102
			335	103
			336	104
			337	104
			338	105
			339	106
			339	107
			340	107
			341	108
			342	109
			343	110
			344	111
			345	111
			346	112
			347	113
			348	114
			349	115
			350	116
			351	117
			351	118
			352	119
			353	120
			354	121
			355	122
			356	123
			357	124
			358	125
			359	126
			360	127
			361	128
			361	129
			362	130
			363	131
			364	132
			365	133
			366	134
			366	135
			367	135
			367	136
			368	137
			368	138
			369	138
			369	139
			370	140
			371	141
			371	142
			372	143
			373	144
			373	145
			374	146
			375	147
			375	148
			376	149
			377	149
			377	150
			378	151
			378	152
			379	153
			380	154
			380	155
			381	156
			381	157
			382	158
			383	159
			383	160
			384	161
			385	162
			385	163
			386	164
			386	165
			387	166
			387	167
			388	167
			388	168
			388	169
			389	169
			389	170
			389	171
			390	171
			390	172
			390	173
			391	173
			391	174
			392	175
			392	176
			393	177
			393	178
			394	179
			394	180
			395	181
		</anterior>
		<posterior type=matrix rownames=FALSE colnames=FALSE nrow=506 ncol=2 as.numeric=TRUE >
			233	181
			234	181
			235	182
			236	182
			237	182
			238	182
			239	182
			240	183
			241	183
			242	183
			243	183
			244	183
			245	183
			246	183
			247	183
			248	183
			249	183
			250	183
			251	183
			252	183
			253	183
			254	183
			255	183
			256	183
			257	183
			258	183
			259	183
			260	183
			261	183
			262	183
			263	183
			264	183
			265	183
			266	183
			267	182
			268	182
			269	182
			270	182
			271	182
			272	182
			273	182
			274	181
			275	181
			276	181
			277	181
			278	181
			278	182
			279	182
			280	182
			281	182
			282	182
			283	183
			284	183
			285	183
			286	183
			287	183
			288	184
			289	184
			290	184
			291	184
			292	184
			293	185
			294	185
			295	185
			296	185
			297	185
			298	186
			299	186
			300	186
			301	186
			302	186
			303	186
			304	186
			305	187
			306	187
			307	187
			308	187
			309	187
			310	187
			311	188
			312	188
			313	188
			314	188
			315	188
			316	188
			317	188
			318	188
			319	189
			320	189
			321	189
			322	189
			323	189
			324	189
			325	189
			326	190
			327	190
			328	190
			329	190
			330	190
			331	190
			332	190
			333	190
			333	191
			334	191
			335	191
			336	191
			337	191
			338	191
			339	191
			340	191
			341	192
			342	192
			343	192
			344	192
			345	192
			346	192
			347	191
			348	191
			349	190
			350	190
			351	189
			351	188
			352	188
			353	187
			354	186
			355	186
			356	185
			357	184
			358	184
			358	183
			359	182
			360	181
			361	180
			362	179
			363	178
			364	178
			365	177
			366	176
			367	176
			368	176
			369	175
			370	175
			371	175
			372	175
			373	176
			374	176
			375	176
			376	177
			377	177
			378	178
			379	179
			380	180
			380	181
			381	182
			381	183
			382	184
			383	185
			383	186
			384	187
			384	188
			385	189
			386	190
			386	191
			387	192
			387	193
			388	194
			388	195
			389	196
			389	197
			390	198
			391	199
			391	200
			392	201
			392	202
			393	203
			393	204
			394	205
			394	206
			395	207
			395	208
			396	209
			396	210
			397	211
			397	212
			397	213
			398	213
			398	214
			398	215
			399	215
			399	216
			399	217
			399	218
			400	218
			400	219
			400	220
			401	220
			401	221
			401	222
			402	223
			402	224
			402	225
			403	226
			403	227
			404	228
			404	229
			405	230
			405	231
			405	232
			405	233
			406	233
			406	234
			406	235
			407	236
			407	237
			408	238
			408	239
			408	240
			408	241
			409	242
			409	243
			410	244
			410	245
			410	246
			411	247
			411	248
			412	249
			412	250
			412	251
			413	252
			413	253
			413	254
			414	255
			414	256
			414	257
			414	258
			415	259
			415	260
			415	261
			416	262
			416	263
			416	264
			417	265
			417	266
			417	267
			417	268
			418	269
			418	270
			418	271
			418	272
			419	272
			419	273
			419	274
			420	275
			420	276
			420	277
			420	278
			421	279
			421	280
			421	281
			421	282
			422	283
			422	284
			422	285
			422	286
			423	287
			423	288
			423	289
			423	290
			424	291
			424	292
			424	293
			424	294
			425	295
			425	296
			425	297
			425	298
			426	299
			426	300
			426	301
			426	302
			426	303
			427	304
			427	305
			427	306
			427	307
			427	308
			428	309
			428	310
			428	311
			428	312
			429	313
			429	314
			429	315
			429	316
			429	317
			429	318
			430	319
			430	320
			430	321
			430	322
			430	323
			431	324
			431	325
			431	326
			431	327
			431	328
			431	329
			432	330
			432	331
			432	332
			432	333
			432	334
			432	335
			433	336
			433	337
			433	338
			433	339
			433	340
			433	341
			433	342
			433	343
			434	344
			434	345
			434	346
			434	347
			434	348
			434	349
			434	350
			435	351
			435	352
			435	353
			435	354
			435	353
			435	352
			436	351
			436	350
			436	349
			436	348
			436	347
			437	346
			437	345
			437	344
			437	343
			437	342
			437	341
			437	340
			437	339
			437	338
			437	337
			437	336
			437	335
			437	334
			437	333
			437	332
			437	331
			437	330
			437	329
			437	328
			437	327
			437	326
			437	325
			437	324
			437	323
			437	322
			437	321
			437	320
			436	319
			436	318
			436	317
			436	316
			436	315
			436	314
			436	313
			436	312
			436	311
			435	310
			435	309
			435	308
			435	307
			435	306
			435	305
			434	304
			434	303
			434	302
			434	301
			434	300
			434	299
			433	298
			433	297
			433	296
			433	295
			433	294
			432	293
			432	292
			432	291
			432	290
			431	289
			431	288
			431	287
			431	286
			431	285
			430	284
			430	283
			430	282
			430	281
			429	280
			429	279
			429	278
			429	277
			428	276
			428	275
			428	274
			428	273
			427	272
			427	271
			427	270
			426	269
			426	268
			426	267
			426	266
			425	265
			425	264
			425	263
			424	262
			424	261
			424	260
			423	259
			423	258
			423	257
			423	256
			422	255
			422	254
			422	253
			421	252
			421	251
			421	250
			420	249
			420	248
			420	247
			419	246
			419	245
			419	244
			418	243
			418	242
			418	241
			418	240
			417	239
			417	238
			417	237
			416	236
			416	235
			415	234
			415	233
			415	232
			414	231
			414	230
			414	229
			413	228
			413	227
			413	226
			412	225
			412	224
			411	223
			411	222
			411	221
			410	220
			410	219
			410	218
			409	217
			409	216
			408	215
			408	214
			408	213
			407	212
			407	211
			406	210
			406	209
			406	208
			406	207
			405	207
			405	206
			405	205
			404	204
			404	203
			403	202
			403	201
			403	200
			402	199
			402	198
			402	197
			401	196
			401	195
			400	194
			400	193
			400	192
			399	191
			399	190
			398	189
			398	188
			398	187
			397	186
			397	185
			396	184
			396	183
			396	182
			395	181
		</posterior>
	</curves.pixel>
	<curves.scaled type=list>
		<glabella type=matrix rownames=FALSE colnames=FALSE nrow=106 ncol=2 as.numeric=TRUE >
			26.1652482269504	-10.2673758865248
			26.2756501182033	-10.2673758865248
			26.3860520094563	-10.2673758865248
			26.4964539007092	-10.2673758865248
			26.6068557919622	-10.2673758865248
			26.7172576832151	-10.2673758865248
			26.8276595744681	-10.2673758865248
			26.938061465721	-10.2673758865248
			27.048463356974	-10.2673758865248
			27.158865248227	-10.2673758865248
			27.2692671394799	-10.2673758865248
			27.3796690307329	-10.3777777777778
			27.4900709219858	-10.3777777777778
			27.6004728132388	-10.3777777777778
			27.7108747044917	-10.3777777777778
			27.8212765957447	-10.4881796690307
			27.9316784869976	-10.4881796690307
			27.9316784869976	-10.5985815602837
			28.0420803782506	-10.5985815602837
			28.1524822695035	-10.7089834515366
			28.2628841607565	-10.7089834515366
			28.3732860520095	-10.8193853427896
			28.4836879432624	-10.9297872340426
			28.5940898345154	-11.0401891252955
			28.7044917257683	-11.0401891252955
			28.8148936170213	-11.1505910165485
			28.9252955082742	-11.2609929078014
			28.9252955082742	-11.3713947990544
			29.0356973995272	-11.4817966903073
			29.0356973995272	-11.5921985815603
			29.1460992907801	-11.7026004728132
			29.2565011820331	-11.8130023640662
			29.2565011820331	-11.9234042553192
			29.3669030732861	-12.0338061465721
			29.3669030732861	-12.1442080378251
			29.477304964539	-12.254609929078
			29.477304964539	-12.365011820331
			29.477304964539	-12.4754137115839
			29.587706855792	-12.5858156028369
			29.587706855792	-12.6962174940898
			29.587706855792	-12.8066193853428
			29.6981087470449	-12.9170212765957
			29.6981087470449	-13.0274231678487
			29.8085106382979	-13.1378250591017
			29.8085106382979	-13.2482269503546
			29.8085106382979	-13.3586288416076
			29.8085106382979	-13.4690307328605
			29.8085106382979	-13.5794326241135
			29.9189125295508	-13.6898345153664
			29.9189125295508	-13.8002364066194
			29.9189125295508	-13.9106382978723
			29.9189125295508	-14.0210401891253
			29.9189125295508	-14.1314420803783
			29.9189125295508	-14.2418439716312
			30.0293144208038	-14.3522458628842
			30.0293144208038	-14.4626477541371
			30.0293144208038	-14.5730496453901
			30.0293144208038	-14.683451536643
			30.0293144208038	-14.793853427896
			30.0293144208038	-14.9042553191489
			30.0293144208038	-15.0146572104019
			30.1397163120567	-15.1250591016548
			30.1397163120567	-15.2354609929078
			30.1397163120567	-15.3458628841608
			30.1397163120567	-15.4562647754137
			30.1397163120567	-15.5666666666667
			30.1397163120567	-15.6770685579196
			30.1397163120567	-15.7874704491726
			30.1397163120567	-15.8978723404255
			30.1397163120567	-16.0082742316785
			30.1397163120567	-16.1186761229314
			30.1397163120567	-16.2290780141844
			30.1397163120567	-16.3394799054374
			30.1397163120567	-16.4498817966903
			30.1397163120567	-16.5602836879433
			30.1397163120567	-16.6706855791962
			30.1397163120567	-16.7810874704492
			30.1397163120567	-16.8914893617021
			30.1397163120567	-17.0018912529551
			30.1397163120567	-17.112293144208
			30.1397163120567	-17.222695035461
			30.1397163120567	-17.3330969267139
			30.1397163120567	-17.4434988179669
			30.1397163120567	-17.5539007092199
			30.1397163120567	-17.6643026004728
			30.1397163120567	-17.7747044917258
			30.1397163120567	-17.8851063829787
			30.1397163120567	-17.9955082742317
			30.1397163120567	-18.1059101654846
			30.1397163120567	-18.2163120567376
			30.1397163120567	-18.3267139479905
			30.1397163120567	-18.4371158392435
			30.1397163120567	-18.5475177304965
			30.1397163120567	-18.6579196217494
			30.1397163120567	-18.7683215130024
			30.1397163120567	-18.8787234042553
			30.1397163120567	-18.9891252955083
			30.1397163120567	-19.0995271867612
			30.1397163120567	-19.2099290780142
			30.0293144208038	-19.3203309692671
			30.0293144208038	-19.4307328605201
			30.0293144208038	-19.5411347517731
			30.0293144208038	-19.651536643026
			30.0293144208038	-19.761938534279
			30.0293144208038	-19.8723404255319
			30.0293144208038	-19.9827423167849
		</glabella>
		<suture type=matrix rownames=FALSE colnames=FALSE nrow=177 ncol=2 as.numeric=TRUE >
			26.1652482269504	-8.6113475177305
			26.2756501182033	-8.6113475177305
			26.3860520094563	-8.6113475177305
			26.4964539007092	-8.6113475177305
			26.6068557919622	-8.6113475177305
			26.7172576832151	-8.6113475177305
			26.8276595744681	-8.6113475177305
			26.938061465721	-8.6113475177305
			27.048463356974	-8.6113475177305
			27.158865248227	-8.6113475177305
			27.2692671394799	-8.72174940898345
			27.3796690307329	-8.72174940898345
			27.4900709219858	-8.72174940898345
			27.6004728132388	-8.72174940898345
			27.7108747044917	-8.72174940898345
			27.8212765957447	-8.72174940898345
			27.9316784869976	-8.72174940898345
			28.0420803782506	-8.83215130023641
			28.1524822695035	-8.83215130023641
			28.2628841607565	-8.83215130023641
			28.3732860520095	-8.83215130023641
			28.4836879432624	-8.83215130023641
			28.5940898345154	-8.94255319148936
			28.7044917257683	-8.94255319148936
			28.8148936170213	-8.94255319148936
			28.9252955082742	-8.94255319148936
			29.0356973995272	-9.05295508274232
			29.1460992907801	-9.05295508274232
			29.2565011820331	-9.05295508274232
			29.3669030732861	-9.16335697399527
			29.477304964539	-9.16335697399527
			29.587706855792	-9.16335697399527
			29.6981087470449	-9.16335697399527
			29.8085106382979	-9.27375886524823
			29.9189125295508	-9.27375886524823
			30.0293144208038	-9.27375886524823
			30.1397163120567	-9.38416075650118
			30.2501182033097	-9.38416075650118
			30.3605200945626	-9.49456264775414
			30.4709219858156	-9.49456264775414
			30.5813238770686	-9.49456264775414
			30.6917257683215	-9.60496453900709
			30.8021276595745	-9.60496453900709
			30.9125295508274	-9.71536643026005
			31.0229314420804	-9.71536643026005
			31.1333333333333	-9.825768321513
			31.1333333333333	-9.93617021276596
			31.2437352245863	-9.93617021276596
			31.3541371158392	-10.0465721040189
			31.3541371158392	-10.1569739952719
			31.4645390070922	-10.1569739952719
			31.4645390070922	-10.2673758865248
			31.5749408983452	-10.3777777777778
			31.5749408983452	-10.4881796690307
			31.6853427895981	-10.4881796690307
			31.6853427895981	-10.5985815602837
			31.6853427895981	-10.7089834515366
			31.7957446808511	-10.7089834515366
			31.7957446808511	-10.8193853427896
			31.906146572104	-10.9297872340426
			31.906146572104	-11.0401891252955
			32.016548463357	-11.1505910165485
			32.016548463357	-11.2609929078014
			32.016548463357	-11.3713947990544
			32.1269503546099	-11.4817966903073
			32.1269503546099	-11.5921985815603
			32.1269503546099	-11.7026004728132
			32.1269503546099	-11.8130023640662
			32.2373522458629	-11.9234042553192
			32.2373522458629	-12.0338061465721
			32.2373522458629	-12.1442080378251
			32.2373522458629	-12.254609929078
			32.2373522458629	-12.365011820331
			32.2373522458629	-12.4754137115839
			32.2373522458629	-12.5858156028369
			32.3477541371158	-12.6962174940898
			32.3477541371158	-12.8066193853428
			32.3477541371158	-12.9170212765957
			32.2373522458629	-13.0274231678487
			32.2373522458629	-13.1378250591017
			32.2373522458629	-13.2482269503546
			32.2373522458629	-13.3586288416076
			32.2373522458629	-13.4690307328605
			32.2373522458629	-13.5794326241135
			32.3477541371158	-13.5794326241135
			32.4581560283688	-13.6898345153664
			32.5685579196218	-13.8002364066194
			32.6789598108747	-13.8002364066194
			32.7893617021277	-13.9106382978723
			32.8997635933806	-14.0210401891253
			33.0101654846336	-14.1314420803783
			33.0101654846336	-14.2418439716312
			33.1205673758865	-14.3522458628842
			33.1205673758865	-14.4626477541371
			33.1205673758865	-14.5730496453901
			33.1205673758865	-14.683451536643
			33.1205673758865	-14.793853427896
			33.1205673758865	-14.9042553191489
			33.0101654846336	-15.0146572104019
			33.0101654846336	-15.1250591016548
			32.8997635933806	-15.2354609929078
			32.8997635933806	-15.3458628841608
			32.7893617021277	-15.4562647754137
			32.6789598108747	-15.5666666666667
			32.5685579196218	-15.6770685579196
			32.4581560283688	-15.7874704491726
			32.5685579196218	-15.7874704491726
			32.6789598108747	-15.8978723404255
			32.7893617021277	-16.0082742316785
			32.8997635933806	-16.0082742316785
			33.0101654846336	-16.1186761229314
			33.1205673758865	-16.1186761229314
			33.2309692671395	-16.2290780141844
			33.3413711583924	-16.2290780141844
			33.4517730496454	-16.2290780141844
			33.5621749408983	-16.3394799054374
			33.6725768321513	-16.4498817966903
			33.7829787234043	-16.4498817966903
			33.8933806146572	-16.5602836879433
			34.0037825059102	-16.6706855791962
			34.1141843971631	-16.6706855791962
			34.2245862884161	-16.7810874704492
			34.334988179669	-16.7810874704492
			34.445390070922	-16.8914893617021
			34.5557919621749	-16.8914893617021
			34.6661938534279	-17.0018912529551
			34.7765957446809	-17.0018912529551
			34.8869976359338	-17.112293144208
			34.9973995271868	-17.112293144208
			35.1078014184397	-17.222695035461
			35.2182033096927	-17.222695035461
			35.3286052009456	-17.3330969267139
			35.4390070921986	-17.4434988179669
			35.5494089834515	-17.4434988179669
			35.6598108747045	-17.5539007092199
			35.7702127659574	-17.6643026004728
			35.8806146572104	-17.6643026004728
			35.9910165484634	-17.7747044917258
			36.1014184397163	-17.7747044917258
			36.2118203309693	-17.8851063829787
			36.3222222222222	-17.9955082742317
			36.4326241134752	-17.9955082742317
			36.5430260047281	-18.1059101654846
			36.6534278959811	-18.2163120567376
			36.763829787234	-18.3267139479905
			36.874231678487	-18.3267139479905
			36.98463356974	-18.4371158392435
			37.0950354609929	-18.5475177304965
			37.2054373522459	-18.5475177304965
			37.3158392434988	-18.6579196217494
			37.4262411347518	-18.6579196217494
			37.5366430260047	-18.7683215130024
			37.5366430260047	-18.8787234042553
			37.6470449172577	-18.8787234042553
			37.7574468085106	-18.9891252955083
			37.8678486997636	-18.9891252955083
			37.8678486997636	-19.0995271867612
			37.9782505910166	-19.2099290780142
			38.0886524822695	-19.2099290780142
			38.0886524822695	-19.3203309692671
			38.1990543735225	-19.3203309692671
			38.3094562647754	-19.4307328605201
			38.3094562647754	-19.5411347517731
			38.4198581560284	-19.5411347517731
			38.4198581560284	-19.651536643026
			38.5302600472813	-19.651536643026
			38.5302600472813	-19.761938534279
			38.6406619385343	-19.761938534279
			38.6406619385343	-19.8723404255319
			38.7510638297872	-19.8723404255319
			38.7510638297872	-19.9827423167849
			38.8614657210402	-20.0931442080378
			38.8614657210402	-20.2035460992908
			38.9718676122931	-20.3139479905437
			38.9718676122931	-20.4243498817967
			39.0822695035461	-20.5347517730496
			39.0822695035461	-20.6451536643026
		</suture>
		<anterior type=matrix rownames=FALSE colnames=FALSE nrow=189 ncol=2 as.numeric=TRUE >
			26.1652482269504	-8.6113475177305
			26.2756501182033	-8.6113475177305
			26.3860520094563	-8.6113475177305
			26.4964539007092	-8.6113475177305
			26.6068557919622	-8.6113475177305
			26.7172576832151	-8.6113475177305
			26.8276595744681	-8.6113475177305
			26.938061465721	-8.6113475177305
			27.048463356974	-8.6113475177305
			27.158865248227	-8.6113475177305
			27.2692671394799	-8.6113475177305
			27.3796690307329	-8.6113475177305
			27.4900709219858	-8.72174940898345
			27.6004728132388	-8.72174940898345
			27.7108747044917	-8.72174940898345
			27.8212765957447	-8.72174940898345
			27.9316784869976	-8.72174940898345
			28.0420803782506	-8.72174940898345
			28.1524822695035	-8.72174940898345
			28.2628841607565	-8.72174940898345
			28.3732860520095	-8.72174940898345
			28.4836879432624	-8.72174940898345
			28.5940898345154	-8.72174940898345
			28.7044917257683	-8.83215130023641
			28.8148936170213	-8.83215130023641
			28.9252955082742	-8.83215130023641
			29.0356973995272	-8.83215130023641
			29.1460992907801	-8.83215130023641
			29.2565011820331	-8.83215130023641
			29.3669030732861	-8.83215130023641
			29.477304964539	-8.94255319148936
			29.587706855792	-8.94255319148936
			29.6981087470449	-8.94255319148936
			29.8085106382979	-8.94255319148936
			29.9189125295508	-8.94255319148936
			30.0293144208038	-8.94255319148936
			30.1397163120567	-8.94255319148936
			30.2501182033097	-9.05295508274232
			30.3605200945626	-9.05295508274232
			30.4709219858156	-9.05295508274232
			30.5813238770686	-9.05295508274232
			30.6917257683215	-9.05295508274232
			30.8021276595745	-9.05295508274232
			30.9125295508274	-9.16335697399527
			31.0229314420804	-9.16335697399527
			31.1333333333333	-9.16335697399527
			31.2437352245863	-9.16335697399527
			31.3541371158392	-9.16335697399527
			31.4645390070922	-9.16335697399527
			31.5749408983452	-9.27375886524823
			31.6853427895981	-9.27375886524823
			31.7957446808511	-9.27375886524823
			31.906146572104	-9.27375886524823
			32.016548463357	-9.27375886524823
			32.1269503546099	-9.27375886524823
			32.2373522458629	-9.38416075650118
			32.3477541371158	-9.38416075650118
			32.4581560283688	-9.38416075650118
			32.5685579196218	-9.38416075650118
			32.6789598108747	-9.38416075650118
			32.7893617021277	-9.49456264775414
			32.8997635933806	-9.49456264775414
			33.0101654846336	-9.49456264775414
			33.1205673758865	-9.49456264775414
			33.2309692671395	-9.49456264775414
			33.2309692671395	-9.60496453900709
			33.3413711583924	-9.60496453900709
			33.4517730496454	-9.60496453900709
			33.5621749408983	-9.60496453900709
			33.6725768321513	-9.60496453900709
			33.6725768321513	-9.71536643026005
			33.7829787234043	-9.71536643026005
			33.8933806146572	-9.71536643026005
			34.0037825059102	-9.71536643026005
			34.1141843971631	-9.825768321513
			34.2245862884161	-9.825768321513
			34.334988179669	-9.93617021276596
			34.445390070922	-9.93617021276596
			34.5557919621749	-9.93617021276596
			34.6661938534279	-10.0465721040189
			34.7765957446809	-10.0465721040189
			34.8869976359338	-10.1569739952719
			34.9973995271868	-10.1569739952719
			35.1078014184397	-10.1569739952719
			35.2182033096927	-10.2673758865248
			35.3286052009456	-10.3777777777778
			35.4390070921986	-10.3777777777778
			35.5494089834515	-10.4881796690307
			35.6598108747045	-10.4881796690307
			35.7702127659574	-10.5985815602837
			35.8806146572104	-10.5985815602837
			35.9910165484634	-10.7089834515366
			36.1014184397163	-10.7089834515366
			36.2118203309693	-10.8193853427896
			36.3222222222222	-10.9297872340426
			36.4326241134752	-11.0401891252955
			36.5430260047281	-11.0401891252955
			36.6534278959811	-11.1505910165485
			36.763829787234	-11.2609929078014
			36.874231678487	-11.2609929078014
			36.98463356974	-11.3713947990544
			37.0950354609929	-11.4817966903073
			37.2054373522459	-11.4817966903073
			37.3158392434988	-11.5921985815603
			37.4262411347518	-11.7026004728132
			37.4262411347518	-11.8130023640662
			37.5366430260047	-11.8130023640662
			37.6470449172577	-11.9234042553192
			37.7574468085106	-12.0338061465721
			37.8678486997636	-12.1442080378251
			37.9782505910166	-12.254609929078
			38.0886524822695	-12.254609929078
			38.1990543735225	-12.365011820331
			38.3094562647754	-12.4754137115839
			38.4198581560284	-12.5858156028369
			38.5302600472813	-12.6962174940898
			38.6406619385343	-12.8066193853428
			38.7510638297872	-12.9170212765957
			38.7510638297872	-13.0274231678487
			38.8614657210402	-13.1378250591017
			38.9718676122931	-13.2482269503546
			39.0822695035461	-13.3586288416076
			39.1926713947991	-13.4690307328605
			39.303073286052	-13.5794326241135
			39.413475177305	-13.6898345153664
			39.5238770685579	-13.8002364066194
			39.6342789598109	-13.9106382978723
			39.7446808510638	-14.0210401891253
			39.8550827423168	-14.1314420803783
			39.8550827423168	-14.2418439716312
			39.9654846335697	-14.3522458628842
			40.0758865248227	-14.4626477541371
			40.1862884160757	-14.5730496453901
			40.2966903073286	-14.683451536643
			40.4070921985816	-14.793853427896
			40.4070921985816	-14.9042553191489
			40.5174940898345	-14.9042553191489
			40.5174940898345	-15.0146572104019
			40.6278959810875	-15.1250591016548
			40.6278959810875	-15.2354609929078
			40.7382978723404	-15.2354609929078
			40.7382978723404	-15.3458628841608
			40.8486997635934	-15.4562647754137
			40.9591016548463	-15.5666666666667
			40.9591016548463	-15.6770685579196
			41.0695035460993	-15.7874704491726
			41.1799054373522	-15.8978723404255
			41.1799054373522	-16.0082742316785
			41.2903073286052	-16.1186761229314
			41.4007092198582	-16.2290780141844
			41.4007092198582	-16.3394799054374
			41.5111111111111	-16.4498817966903
			41.6215130023641	-16.4498817966903
			41.6215130023641	-16.5602836879433
			41.731914893617	-16.6706855791962
			41.731914893617	-16.7810874704492
			41.84231678487	-16.8914893617021
			41.9527186761229	-17.0018912529551
			41.9527186761229	-17.112293144208
			42.0631205673759	-17.222695035461
			42.0631205673759	-17.3330969267139
			42.1735224586288	-17.4434988179669
			42.2839243498818	-17.5539007092199
			42.2839243498818	-17.6643026004728
			42.3943262411348	-17.7747044917258
			42.5047281323877	-17.8851063829787
			42.5047281323877	-17.9955082742317
			42.6151300236407	-18.1059101654846
			42.6151300236407	-18.2163120567376
			42.7255319148936	-18.3267139479905
			42.7255319148936	-18.4371158392435
			42.8359338061466	-18.4371158392435
			42.8359338061466	-18.5475177304965
			42.8359338061466	-18.6579196217494
			42.9463356973995	-18.6579196217494
			42.9463356973995	-18.7683215130024
			42.9463356973995	-18.8787234042553
			43.0567375886525	-18.8787234042553
			43.0567375886525	-18.9891252955083
			43.0567375886525	-19.0995271867612
			43.1671394799054	-19.0995271867612
			43.1671394799054	-19.2099290780142
			43.2775413711584	-19.3203309692671
			43.2775413711584	-19.4307328605201
			43.3879432624113	-19.5411347517731
			43.3879432624113	-19.651536643026
			43.4983451536643	-19.761938534279
			43.4983451536643	-19.8723404255319
			43.6087470449173	-19.9827423167849
		</anterior>
		<posterior type=matrix rownames=FALSE colnames=FALSE nrow=506 ncol=2 as.numeric=TRUE >
			25.7236406619385	-19.9827423167849
			25.8340425531915	-19.9827423167849
			25.9444444444444	-20.0931442080378
			26.0548463356974	-20.0931442080378
			26.1652482269504	-20.0931442080378
			26.2756501182033	-20.0931442080378
			26.3860520094563	-20.0931442080378
			26.4964539007092	-20.2035460992908
			26.6068557919622	-20.2035460992908
			26.7172576832151	-20.2035460992908
			26.8276595744681	-20.2035460992908
			26.938061465721	-20.2035460992908
			27.048463356974	-20.2035460992908
			27.158865248227	-20.2035460992908
			27.2692671394799	-20.2035460992908
			27.3796690307329	-20.2035460992908
			27.4900709219858	-20.2035460992908
			27.6004728132388	-20.2035460992908
			27.7108747044917	-20.2035460992908
			27.8212765957447	-20.2035460992908
			27.9316784869976	-20.2035460992908
			28.0420803782506	-20.2035460992908
			28.1524822695035	-20.2035460992908
			28.2628841607565	-20.2035460992908
			28.3732860520095	-20.2035460992908
			28.4836879432624	-20.2035460992908
			28.5940898345154	-20.2035460992908
			28.7044917257683	-20.2035460992908
			28.8148936170213	-20.2035460992908
			28.9252955082742	-20.2035460992908
			29.0356973995272	-20.2035460992908
			29.1460992907801	-20.2035460992908
			29.2565011820331	-20.2035460992908
			29.3669030732861	-20.2035460992908
			29.477304964539	-20.0931442080378
			29.587706855792	-20.0931442080378
			29.6981087470449	-20.0931442080378
			29.8085106382979	-20.0931442080378
			29.9189125295508	-20.0931442080378
			30.0293144208038	-20.0931442080378
			30.1397163120567	-20.0931442080378
			30.2501182033097	-19.9827423167849
			30.3605200945626	-19.9827423167849
			30.4709219858156	-19.9827423167849
			30.5813238770686	-19.9827423167849
			30.6917257683215	-19.9827423167849
			30.6917257683215	-20.0931442080378
			30.8021276595745	-20.0931442080378
			30.9125295508274	-20.0931442080378
			31.0229314420804	-20.0931442080378
			31.1333333333333	-20.0931442080378
			31.2437352245863	-20.2035460992908
			31.3541371158392	-20.2035460992908
			31.4645390070922	-20.2035460992908
			31.5749408983452	-20.2035460992908
			31.6853427895981	-20.2035460992908
			31.7957446808511	-20.3139479905437
			31.906146572104	-20.3139479905437
			32.016548463357	-20.3139479905437
			32.1269503546099	-20.3139479905437
			32.2373522458629	-20.3139479905437
			32.3477541371158	-20.4243498817967
			32.4581560283688	-20.4243498817967
			32.5685579196218	-20.4243498817967
			32.6789598108747	-20.4243498817967
			32.7893617021277	-20.4243498817967
			32.8997635933806	-20.5347517730496
			33.0101654846336	-20.5347517730496
			33.1205673758865	-20.5347517730496
			33.2309692671395	-20.5347517730496
			33.3413711583924	-20.5347517730496
			33.4517730496454	-20.5347517730496
			33.5621749408983	-20.5347517730496
			33.6725768321513	-20.6451536643026
			33.7829787234043	-20.6451536643026
			33.8933806146572	-20.6451536643026
			34.0037825059102	-20.6451536643026
			34.1141843971631	-20.6451536643026
			34.2245862884161	-20.6451536643026
			34.334988179669	-20.7555555555556
			34.445390070922	-20.7555555555556
			34.5557919621749	-20.7555555555556
			34.6661938534279	-20.7555555555556
			34.7765957446809	-20.7555555555556
			34.8869976359338	-20.7555555555556
			34.9973995271868	-20.7555555555556
			35.1078014184397	-20.7555555555556
			35.2182033096927	-20.8659574468085
			35.3286052009456	-20.8659574468085
			35.4390070921986	-20.8659574468085
			35.5494089834515	-20.8659574468085
			35.6598108747045	-20.8659574468085
			35.7702127659574	-20.8659574468085
			35.8806146572104	-20.8659574468085
			35.9910165484634	-20.9763593380615
			36.1014184397163	-20.9763593380615
			36.2118203309693	-20.9763593380615
			36.3222222222222	-20.9763593380615
			36.4326241134752	-20.9763593380615
			36.5430260047281	-20.9763593380615
			36.6534278959811	-20.9763593380615
			36.763829787234	-20.9763593380615
			36.763829787234	-21.0867612293144
			36.874231678487	-21.0867612293144
			36.98463356974	-21.0867612293144
			37.0950354609929	-21.0867612293144
			37.2054373522459	-21.0867612293144
			37.3158392434988	-21.0867612293144
			37.4262411347518	-21.0867612293144
			37.5366430260047	-21.0867612293144
			37.6470449172577	-21.1971631205674
			37.7574468085106	-21.1971631205674
			37.8678486997636	-21.1971631205674
			37.9782505910166	-21.1971631205674
			38.0886524822695	-21.1971631205674
			38.1990543735225	-21.1971631205674
			38.3094562647754	-21.0867612293144
			38.4198581560284	-21.0867612293144
			38.5302600472813	-20.9763593380615
			38.6406619385343	-20.9763593380615
			38.7510638297872	-20.8659574468085
			38.7510638297872	-20.7555555555556
			38.8614657210402	-20.7555555555556
			38.9718676122931	-20.6451536643026
			39.0822695035461	-20.5347517730496
			39.1926713947991	-20.5347517730496
			39.303073286052	-20.4243498817967
			39.413475177305	-20.3139479905437
			39.5238770685579	-20.3139479905437
			39.5238770685579	-20.2035460992908
			39.6342789598109	-20.0931442080378
			39.7446808510638	-19.9827423167849
			39.8550827423168	-19.8723404255319
			39.9654846335697	-19.761938534279
			40.0758865248227	-19.651536643026
			40.1862884160757	-19.651536643026
			40.2966903073286	-19.5411347517731
			40.4070921985816	-19.4307328605201
			40.5174940898345	-19.4307328605201
			40.6278959810875	-19.4307328605201
			40.7382978723404	-19.3203309692671
			40.8486997635934	-19.3203309692671
			40.9591016548463	-19.3203309692671
			41.0695035460993	-19.3203309692671
			41.1799054373522	-19.4307328605201
			41.2903073286052	-19.4307328605201
			41.4007092198582	-19.4307328605201
			41.5111111111111	-19.5411347517731
			41.6215130023641	-19.5411347517731
			41.731914893617	-19.651536643026
			41.84231678487	-19.761938534279
			41.9527186761229	-19.8723404255319
			41.9527186761229	-19.9827423167849
			42.0631205673759	-20.0931442080378
			42.0631205673759	-20.2035460992908
			42.1735224586288	-20.3139479905437
			42.2839243498818	-20.4243498817967
			42.2839243498818	-20.5347517730496
			42.3943262411348	-20.6451536643026
			42.3943262411348	-20.7555555555556
			42.5047281323877	-20.8659574468085
			42.6151300236407	-20.9763593380615
			42.6151300236407	-21.0867612293144
			42.7255319148936	-21.1971631205674
			42.7255319148936	-21.3075650118203
			42.8359338061466	-21.4179669030733
			42.8359338061466	-21.5283687943262
			42.9463356973995	-21.6387706855792
			42.9463356973995	-21.7491725768322
			43.0567375886525	-21.8595744680851
			43.1671394799054	-21.9699763593381
			43.1671394799054	-22.080378250591
			43.2775413711584	-22.190780141844
			43.2775413711584	-22.3011820330969
			43.3879432624113	-22.4115839243499
			43.3879432624113	-22.5219858156028
			43.4983451536643	-22.6323877068558
			43.4983451536643	-22.7427895981087
			43.6087470449173	-22.8531914893617
			43.6087470449173	-22.9635933806147
			43.7191489361702	-23.0739952718676
			43.7191489361702	-23.1843971631206
			43.8295508274232	-23.2947990543735
			43.8295508274232	-23.4052009456265
			43.8295508274232	-23.5156028368794
			43.9399527186761	-23.5156028368794
			43.9399527186761	-23.6260047281324
			43.9399527186761	-23.7364066193853
			44.0503546099291	-23.7364066193853
			44.0503546099291	-23.8468085106383
			44.0503546099291	-23.9572104018913
			44.0503546099291	-24.0676122931442
			44.160756501182	-24.0676122931442
			44.160756501182	-24.1780141843972
			44.160756501182	-24.2884160756501
			44.271158392435	-24.2884160756501
			44.271158392435	-24.3988179669031
			44.271158392435	-24.509219858156
			44.3815602836879	-24.619621749409
			44.3815602836879	-24.7300236406619
			44.3815602836879	-24.8404255319149
			44.4919621749409	-24.9508274231679
			44.4919621749409	-25.0612293144208
			44.6023640661939	-25.1716312056738
			44.6023640661939	-25.2820330969267
			44.7127659574468	-25.3924349881797
			44.7127659574468	-25.5028368794326
			44.7127659574468	-25.6132387706856
			44.7127659574468	-25.7236406619385
			44.8231678486998	-25.7236406619385
			44.8231678486998	-25.8340425531915
			44.8231678486998	-25.9444444444444
			44.9335697399527	-26.0548463356974
			44.9335697399527	-26.1652482269504
			45.0439716312057	-26.2756501182033
			45.0439716312057	-26.3860520094563
			45.0439716312057	-26.4964539007092
			45.0439716312057	-26.6068557919622
			45.1543735224586	-26.7172576832151
			45.1543735224586	-26.8276595744681
			45.2647754137116	-26.938061465721
			45.2647754137116	-27.048463356974
			45.2647754137116	-27.158865248227
			45.3751773049645	-27.2692671394799
			45.3751773049645	-27.3796690307329
			45.4855791962175	-27.4900709219858
			45.4855791962175	-27.6004728132388
			45.4855791962175	-27.7108747044917
			45.5959810874704	-27.8212765957447
			45.5959810874704	-27.9316784869976
			45.5959810874704	-28.0420803782506
			45.7063829787234	-28.1524822695035
			45.7063829787234	-28.2628841607565
			45.7063829787234	-28.3732860520095
			45.7063829787234	-28.4836879432624
			45.8167848699764	-28.5940898345154
			45.8167848699764	-28.7044917257683
			45.8167848699764	-28.8148936170213
			45.9271867612293	-28.9252955082742
			45.9271867612293	-29.0356973995272
			45.9271867612293	-29.1460992907801
			46.0375886524823	-29.2565011820331
			46.0375886524823	-29.3669030732861
			46.0375886524823	-29.477304964539
			46.0375886524823	-29.587706855792
			46.1479905437352	-29.6981087470449
			46.1479905437352	-29.8085106382979
			46.1479905437352	-29.9189125295508
			46.1479905437352	-30.0293144208038
			46.2583924349882	-30.0293144208038
			46.2583924349882	-30.1397163120567
			46.2583924349882	-30.2501182033097
			46.3687943262411	-30.3605200945626
			46.3687943262411	-30.4709219858156
			46.3687943262411	-30.5813238770686
			46.3687943262411	-30.6917257683215
			46.4791962174941	-30.8021276595745
			46.4791962174941	-30.9125295508274
			46.4791962174941	-31.0229314420804
			46.4791962174941	-31.1333333333333
			46.589598108747	-31.2437352245863
			46.589598108747	-31.3541371158392
			46.589598108747	-31.4645390070922
			46.589598108747	-31.5749408983452
			46.7	-31.6853427895981
			46.7	-31.7957446808511
			46.7	-31.906146572104
			46.7	-32.016548463357
			46.810401891253	-32.1269503546099
			46.810401891253	-32.2373522458629
			46.810401891253	-32.3477541371158
			46.810401891253	-32.4581560283688
			46.9208037825059	-32.5685579196218
			46.9208037825059	-32.6789598108747
			46.9208037825059	-32.7893617021277
			46.9208037825059	-32.8997635933806
			47.0312056737589	-33.0101654846336
			47.0312056737589	-33.1205673758865
			47.0312056737589	-33.2309692671395
			47.0312056737589	-33.3413711583924
			47.0312056737589	-33.4517730496454
			47.1416075650118	-33.5621749408983
			47.1416075650118	-33.6725768321513
			47.1416075650118	-33.7829787234043
			47.1416075650118	-33.8933806146572
			47.1416075650118	-34.0037825059102
			47.2520094562648	-34.1141843971631
			47.2520094562648	-34.2245862884161
			47.2520094562648	-34.334988179669
			47.2520094562648	-34.445390070922
			47.3624113475177	-34.5557919621749
			47.3624113475177	-34.6661938534279
			47.3624113475177	-34.7765957446809
			47.3624113475177	-34.8869976359338
			47.3624113475177	-34.9973995271868
			47.3624113475177	-35.1078014184397
			47.4728132387707	-35.2182033096927
			47.4728132387707	-35.3286052009456
			47.4728132387707	-35.4390070921986
			47.4728132387707	-35.5494089834515
			47.4728132387707	-35.6598108747045
			47.5832151300236	-35.7702127659574
			47.5832151300236	-35.8806146572104
			47.5832151300236	-35.9910165484634
			47.5832151300236	-36.1014184397163
			47.5832151300236	-36.2118203309693
			47.5832151300236	-36.3222222222222
			47.6936170212766	-36.4326241134752
			47.6936170212766	-36.5430260047281
			47.6936170212766	-36.6534278959811
			47.6936170212766	-36.763829787234
			47.6936170212766	-36.874231678487
			47.6936170212766	-36.98463356974
			47.8040189125296	-37.0950354609929
			47.8040189125296	-37.2054373522459
			47.8040189125296	-37.3158392434988
			47.8040189125296	-37.4262411347518
			47.8040189125296	-37.5366430260047
			47.8040189125296	-37.6470449172577
			47.8040189125296	-37.7574468085106
			47.8040189125296	-37.8678486997636
			47.9144208037825	-37.9782505910166
			47.9144208037825	-38.0886524822695
			47.9144208037825	-38.1990543735225
			47.9144208037825	-38.3094562647754
			47.9144208037825	-38.4198581560284
			47.9144208037825	-38.5302600472813
			47.9144208037825	-38.6406619385343
			48.0248226950355	-38.7510638297872
			48.0248226950355	-38.8614657210402
			48.0248226950355	-38.9718676122931
			48.0248226950355	-39.0822695035461
			48.0248226950355	-38.9718676122931
			48.0248226950355	-38.8614657210402
			48.1352245862884	-38.7510638297872
			48.1352245862884	-38.6406619385343
			48.1352245862884	-38.5302600472813
			48.1352245862884	-38.4198581560284
			48.1352245862884	-38.3094562647754
			48.2456264775414	-38.1990543735225
			48.2456264775414	-38.0886524822695
			48.2456264775414	-37.9782505910166
			48.2456264775414	-37.8678486997636
			48.2456264775414	-37.7574468085106
			48.2456264775414	-37.6470449172577
			48.2456264775414	-37.5366430260047
			48.2456264775414	-37.4262411347518
			48.2456264775414	-37.3158392434988
			48.2456264775414	-37.2054373522459
			48.2456264775414	-37.0950354609929
			48.2456264775414	-36.98463356974
			48.2456264775414	-36.874231678487
			48.2456264775414	-36.763829787234
			48.2456264775414	-36.6534278959811
			48.2456264775414	-36.5430260047281
			48.2456264775414	-36.4326241134752
			48.2456264775414	-36.3222222222222
			48.2456264775414	-36.2118203309693
			48.2456264775414	-36.1014184397163
			48.2456264775414	-35.9910165484634
			48.2456264775414	-35.8806146572104
			48.2456264775414	-35.7702127659574
			48.2456264775414	-35.6598108747045
			48.2456264775414	-35.5494089834515
			48.2456264775414	-35.4390070921986
			48.2456264775414	-35.3286052009456
			48.1352245862884	-35.2182033096927
			48.1352245862884	-35.1078014184397
			48.1352245862884	-34.9973995271868
			48.1352245862884	-34.8869976359338
			48.1352245862884	-34.7765957446809
			48.1352245862884	-34.6661938534279
			48.1352245862884	-34.5557919621749
			48.1352245862884	-34.445390070922
			48.1352245862884	-34.334988179669
			48.0248226950355	-34.2245862884161
			48.0248226950355	-34.1141843971631
			48.0248226950355	-34.0037825059102
			48.0248226950355	-33.8933806146572
			48.0248226950355	-33.7829787234043
			48.0248226950355	-33.6725768321513
			47.9144208037825	-33.5621749408983
			47.9144208037825	-33.4517730496454
			47.9144208037825	-33.3413711583924
			47.9144208037825	-33.2309692671395
			47.9144208037825	-33.1205673758865
			47.9144208037825	-33.0101654846336
			47.8040189125296	-32.8997635933806
			47.8040189125296	-32.7893617021277
			47.8040189125296	-32.6789598108747
			47.8040189125296	-32.5685579196218
			47.8040189125296	-32.4581560283688
			47.6936170212766	-32.3477541371158
			47.6936170212766	-32.2373522458629
			47.6936170212766	-32.1269503546099
			47.6936170212766	-32.016548463357
			47.5832151300236	-31.906146572104
			47.5832151300236	-31.7957446808511
			47.5832151300236	-31.6853427895981
			47.5832151300236	-31.5749408983452
			47.5832151300236	-31.4645390070922
			47.4728132387707	-31.3541371158392
			47.4728132387707	-31.2437352245863
			47.4728132387707	-31.1333333333333
			47.4728132387707	-31.0229314420804
			47.3624113475177	-30.9125295508274
			47.3624113475177	-30.8021276595745
			47.3624113475177	-30.6917257683215
			47.3624113475177	-30.5813238770686
			47.2520094562648	-30.4709219858156
			47.2520094562648	-30.3605200945626
			47.2520094562648	-30.2501182033097
			47.2520094562648	-30.1397163120567
			47.1416075650118	-30.0293144208038
			47.1416075650118	-29.9189125295508
			47.1416075650118	-29.8085106382979
			47.0312056737589	-29.6981087470449
			47.0312056737589	-29.587706855792
			47.0312056737589	-29.477304964539
			47.0312056737589	-29.3669030732861
			46.9208037825059	-29.2565011820331
			46.9208037825059	-29.1460992907801
			46.9208037825059	-29.0356973995272
			46.810401891253	-28.9252955082742
			46.810401891253	-28.8148936170213
			46.810401891253	-28.7044917257683
			46.7	-28.5940898345154
			46.7	-28.4836879432624
			46.7	-28.3732860520095
			46.7	-28.2628841607565
			46.589598108747	-28.1524822695035
			46.589598108747	-28.0420803782506
			46.589598108747	-27.9316784869976
			46.4791962174941	-27.8212765957447
			46.4791962174941	-27.7108747044917
			46.4791962174941	-27.6004728132388
			46.3687943262411	-27.4900709219858
			46.3687943262411	-27.3796690307329
			46.3687943262411	-27.2692671394799
			46.2583924349882	-27.158865248227
			46.2583924349882	-27.048463356974
			46.2583924349882	-26.938061465721
			46.1479905437352	-26.8276595744681
			46.1479905437352	-26.7172576832151
			46.1479905437352	-26.6068557919622
			46.1479905437352	-26.4964539007092
			46.0375886524823	-26.3860520094563
			46.0375886524823	-26.2756501182033
			46.0375886524823	-26.1652482269504
			45.9271867612293	-26.0548463356974
			45.9271867612293	-25.9444444444444
			45.8167848699764	-25.8340425531915
			45.8167848699764	-25.7236406619385
			45.8167848699764	-25.6132387706856
			45.7063829787234	-25.5028368794326
			45.7063829787234	-25.3924349881797
			45.7063829787234	-25.2820330969267
			45.5959810874704	-25.1716312056738
			45.5959810874704	-25.0612293144208
			45.5959810874704	-24.9508274231679
			45.4855791962175	-24.8404255319149
			45.4855791962175	-24.7300236406619
			45.3751773049645	-24.619621749409
			45.3751773049645	-24.509219858156
			45.3751773049645	-24.3988179669031
			45.2647754137116	-24.2884160756501
			45.2647754137116	-24.1780141843972
			45.2647754137116	-24.0676122931442
			45.1543735224586	-23.9572104018913
			45.1543735224586	-23.8468085106383
			45.0439716312057	-23.7364066193853
			45.0439716312057	-23.6260047281324
			45.0439716312057	-23.5156028368794
			44.9335697399527	-23.4052009456265
			44.9335697399527	-23.2947990543735
			44.8231678486998	-23.1843971631206
			44.8231678486998	-23.0739952718676
			44.8231678486998	-22.9635933806147
			44.8231678486998	-22.8531914893617
			44.7127659574468	-22.8531914893617
			44.7127659574468	-22.7427895981087
			44.7127659574468	-22.6323877068558
			44.6023640661939	-22.5219858156028
			44.6023640661939	-22.4115839243499
			44.4919621749409	-22.3011820330969
			44.4919621749409	-22.190780141844
			44.4919621749409	-22.080378250591
			44.3815602836879	-21.9699763593381
			44.3815602836879	-21.8595744680851
			44.3815602836879	-21.7491725768322
			44.271158392435	-21.6387706855792
			44.271158392435	-21.5283687943262
			44.160756501182	-21.4179669030733
			44.160756501182	-21.3075650118203
			44.160756501182	-21.1971631205674
			44.0503546099291	-21.0867612293144
			44.0503546099291	-20.9763593380615
			43.9399527186761	-20.8659574468085
			43.9399527186761	-20.7555555555556
			43.9399527186761	-20.6451536643026
			43.8295508274232	-20.5347517730496
			43.8295508274232	-20.4243498817967
			43.7191489361702	-20.3139479905437
			43.7191489361702	-20.2035460992908
			43.7191489361702	-20.0931442080378
			43.6087470449173	-19.9827423167849
		</posterior>
	</curves.scaled>
	<ruler.points type=matrix rownames=TRUE colnames=FALSE nrow=2 ncol=2 as.numeric=TRUE >
		Ruler point 1	56	40
		Ruler point 2	56	463
	</ruler.points>
</shapes>

