<shapes type=list>
	<ruler.pixel type=vector names=FALSE length=1 as.numeric=TRUE >78</ruler.pixel>
	<ruler.interval type=vector names=FALSE length=1 as.numeric=TRUE >3</ruler.interval>
	<scaling.units type=vector names=FALSE length=1 as.numeric=FALSE >mm</scaling.units>
	<scaling type=vector names=FALSE length=1 as.numeric=TRUE >0.0384615384615385</scaling>
	<landmarks.pixel type=matrix rownames=TRUE colnames=FALSE nrow=16 ncol=2 as.numeric=TRUE >
		LM1	230	9
		LM2	235	95
		LM3	231	231
		LM4	229	252
		LM5	294	227
		LM6	294	234
		LM7	294	247
		LM8	302	165
		LM9	305	219
		LM10	230	9
		LM11	313	232
		LM12	381	265
		LM13	230	9
		LM14	334	195
		LM15	451	252
		LM16	433	425
	</landmarks.pixel>
	<landmarks.scaled type=matrix rownames=TRUE colnames=FALSE nrow=16 ncol=2 as.numeric=TRUE >
		LM1	8.84615384615385	-0.346153846153846
		LM2	9.03846153846154	-3.65384615384615
		LM3	8.88461538461539	-8.88461538461539
		LM4	8.80769230769231	-9.69230769230769
		LM5	11.3076923076923	-8.73076923076923
		LM6	11.3076923076923	-9
		LM7	11.3076923076923	-9.5
		LM8	11.6153846153846	-6.34615384615385
		LM9	11.7307692307692	-8.42307692307692
		LM10	8.84615384615385	-0.346153846153846
		LM11	12.0384615384615	-8.92307692307692
		LM12	14.6538461538462	-10.1923076923077
		LM13	8.84615384615385	-0.346153846153846
		LM14	12.8461538461538	-7.5
		LM15	17.3461538461538	-9.69230769230769
		LM16	16.6538461538462	-16.3461538461538
	</landmarks.scaled>
	<curves.control type=list>
		<glabella type=matrix rownames=FALSE colnames=FALSE nrow=11 ncol=2 as.numeric=TRUE >
			235	95
			262	97
			273	121
			275	157
			277	179
			280	189
			286	200
			291	217
			294	227
			295	231
			294	247
		</glabella>
		<suture type=matrix rownames=FALSE colnames=FALSE nrow=21 ncol=2 as.numeric=TRUE >
			230	9
			275	10
			329	33
			339	40
			348	62
			367	80
			381	112
			376	136
			329	138
			306	146
			300	156
			299	168
			314	165
			331	171
			332	188
			327	213
			317	214
			278	220
			350	251
			369	254
			381	265
		</suture>
		<anterior type=matrix rownames=FALSE colnames=FALSE nrow=5 ncol=2 as.numeric=TRUE >
			230	9
			275	10
			329	33
			454	125
			451	252
		</anterior>
		<posterior type=matrix rownames=FALSE colnames=FALSE nrow=21 ncol=2 as.numeric=TRUE >
			229	252
			259	257
			285	254
			290	252
			295	249
			300	255
			320	251
			330	252
			338	259
			362	263
			374	264
			400	270
			405	277
			414	292
			423	356
			428	386
			431	417
			431	449
			445	383
			457	329
			451	252
		</posterior>
	</curves.control>
	<curves.pixel type=list>
		<glabella type=matrix rownames=FALSE colnames=FALSE nrow=175 ncol=2 as.numeric=TRUE >
			235	95
			236	95
			237	95
			238	95
			239	95
			240	96
			241	96
			242	96
			243	96
			244	96
			245	97
			246	97
			247	97
			248	98
			249	98
			250	98
			251	99
			252	99
			253	99
			253	100
			254	100
			255	101
			256	101
			257	102
			258	103
			259	103
			260	104
			261	105
			262	105
			263	106
			263	107
			264	108
			265	109
			266	109
			266	110
			267	111
			268	112
			269	113
			269	114
			270	115
			271	116
			271	117
			272	118
			272	119
			273	120
			273	121
			273	122
			273	123
			273	124
			273	125
			273	126
			273	127
			273	128
			273	129
			274	130
			274	131
			274	132
			274	133
			274	134
			274	135
			274	136
			274	137
			274	138
			274	139
			274	140
			274	141
			274	142
			274	143
			274	144
			274	145
			274	146
			275	146
			275	147
			275	148
			275	149
			275	150
			275	151
			275	152
			275	153
			275	154
			275	155
			275	156
			275	157
			275	158
			275	159
			275	160
			276	161
			276	162
			276	163
			276	164
			276	165
			276	166
			276	167
			276	168
			276	169
			276	170
			276	171
			276	172
			277	173
			277	174
			277	175
			277	176
			277	177
			277	178
			277	179
			277	180
			278	181
			278	182
			278	183
			279	184
			279	185
			279	186
			280	187
			280	188
			281	189
			281	190
			282	191
			282	192
			283	193
			283	194
			283	195
			284	196
			284	197
			285	198
			285	199
			286	200
			286	201
			287	202
			287	203
			287	204
			287	205
			288	205
			288	206
			288	207
			288	208
			289	209
			289	210
			289	211
			290	212
			290	213
			290	214
			290	215
			291	216
			291	217
			291	218
			292	219
			292	220
			292	221
			293	222
			293	223
			293	224
			293	225
			294	225
			294	226
			294	227
			294	228
			294	229
			294	230
			294	231
			294	232
			294	233
			294	234
			294	235
			294	236
			294	237
			294	238
			294	239
			294	240
			294	241
			294	242
			294	243
			294	244
			294	245
			294	246
			294	247
		</glabella>
		<suture type=matrix rownames=FALSE colnames=FALSE nrow=455 ncol=2 as.numeric=TRUE >
			230	9
			231	9
			232	9
			233	9
			234	9
			235	9
			236	9
			237	9
			238	9
			239	9
			240	9
			240	10
			241	10
			242	10
			243	10
			244	10
			245	10
			246	10
			247	10
			248	10
			249	10
			250	10
			251	11
			252	11
			253	11
			254	11
			255	11
			256	11
			257	11
			258	12
			259	12
			260	12
			261	12
			262	12
			263	13
			264	13
			265	13
			266	13
			267	13
			268	13
			269	14
			270	14
			271	14
			272	14
			273	15
			274	15
			275	15
			276	15
			277	15
			278	16
			279	16
			280	16
			281	16
			282	17
			283	17
			284	17
			285	18
			286	18
			287	18
			288	18
			289	19
			290	19
			291	19
			292	20
			293	20
			294	20
			295	20
			296	21
			297	21
			298	21
			299	22
			300	22
			301	22
			302	23
			303	23
			304	23
			305	24
			306	24
			307	24
			308	25
			309	25
			310	25
			311	26
			312	26
			313	27
			314	27
			315	27
			316	28
			317	28
			318	29
			319	29
			320	29
			321	30
			322	30
			323	31
			324	31
			325	31
			326	32
			327	32
			328	33
			329	33
			330	34
			331	34
			331	35
			332	36
			333	36
			334	37
			334	38
			335	39
			336	40
			337	41
			337	42
			338	43
			339	44
			339	45
			340	46
			341	47
			342	48
			342	49
			342	50
			343	51
			343	52
			344	53
			345	54
			345	55
			346	56
			346	57
			346	58
			347	59
			347	60
			348	61
			348	62
			349	63
			350	64
			351	65
			352	66
			353	67
			354	68
			354	69
			355	70
			356	71
			357	72
			358	73
			359	74
			360	75
			360	76
			361	77
			362	78
			363	79
			364	80
			364	81
			365	82
			366	83
			366	84
			367	85
			367	86
			368	87
			368	88
			369	88
			369	89
			370	90
			371	91
			371	92
			372	93
			372	94
			373	95
			373	96
			374	97
			374	98
			375	99
			375	100
			376	101
			376	102
			377	103
			377	104
			378	105
			378	106
			379	107
			379	108
			380	109
			380	110
			381	111
			381	112
			381	113
			381	114
			380	115
			380	116
			379	117
			379	118
			378	119
			378	120
			377	121
			376	122
			376	123
			375	124
			374	125
			373	126
			372	126
			371	127
			370	128
			369	129
			368	129
			367	130
			366	130
			365	131
			364	131
			363	132
			362	132
			361	133
			360	133
			359	133
			358	134
			357	134
			356	134
			355	134
			354	135
			353	135
			352	135
			351	135
			350	136
			349	136
			348	136
			347	136
			346	136
			345	137
			344	137
			343	137
			342	137
			341	137
			340	137
			339	137
			338	137
			337	138
			336	138
			335	138
			334	138
			333	138
			332	138
			331	138
			330	138
			329	138
			328	138
			327	139
			326	139
			325	140
			324	140
			323	140
			322	141
			321	141
			320	141
			319	142
			318	142
			317	143
			316	143
			315	144
			314	144
			313	145
			312	145
			312	146
			311	146
			310	147
			309	147
			309	148
			308	148
			307	149
			306	149
			306	150
			305	150
			305	151
			304	151
			304	152
			303	152
			303	153
			302	153
			302	154
			301	154
			301	155
			300	156
			300	157
			300	158
			300	159
			300	160
			301	161
			301	162
			301	163
			302	163
			302	164
			303	164
			304	165
			305	165
			306	165
			307	166
			308	166
			309	166
			310	166
			311	165
			312	165
			313	165
			314	165
			315	165
			316	166
			317	166
			318	167
			319	167
			320	168
			321	168
			321	169
			322	169
			323	170
			324	170
			324	171
			325	172
			326	172
			326	173
			327	174
			328	175
			329	176
			329	177
			330	178
			330	179
			330	180
			331	181
			331	182
			331	183
			331	184
			332	185
			332	186
			332	187
			332	188
			332	189
			332	190
			331	190
			331	191
			331	192
			331	193
			331	194
			330	195
			330	196
			330	197
			330	198
			329	199
			329	200
			328	201
			328	202
			328	203
			327	204
			327	205
			326	206
			326	207
			325	208
			324	209
			323	210
			322	211
			321	212
			320	213
			319	213
			318	214
			317	214
			316	214
			315	214
			314	215
			313	215
			312	215
			311	215
			310	216
			309	216
			308	216
			307	217
			306	217
			305	218
			304	219
			304	220
			303	221
			303	222
			304	223
			304	224
			305	225
			306	226
			307	227
			308	228
			309	229
			310	230
			311	231
			312	231
			313	232
			314	233
			315	234
			316	234
			317	235
			318	235
			319	236
			320	236
			321	237
			322	238
			323	238
			324	239
			325	239
			326	240
			327	240
			328	241
			329	241
			330	242
			331	242
			332	243
			333	243
			334	244
			335	244
			336	245
			337	245
			338	246
			339	246
			340	247
			341	247
			342	247
			343	248
			344	248
			345	249
			346	249
			347	250
			348	250
			349	250
			349	251
			350	251
			351	251
			352	251
			353	252
			354	252
			355	252
			356	252
			357	252
			358	253
			359	253
			360	253
			361	254
			362	254
			363	254
			364	255
			365	255
			366	256
			367	256
			368	257
			369	257
			370	257
			371	258
			372	259
			373	259
			374	260
			375	260
			376	261
			377	262
			378	262
			378	263
			379	263
			380	264
			381	265
		</suture>
		<anterior type=matrix rownames=FALSE colnames=FALSE nrow=341 ncol=2 as.numeric=TRUE >
			230	9
			231	9
			232	9
			233	9
			234	9
			235	9
			236	9
			237	9
			238	9
			239	9
			240	9
			241	10
			242	10
			243	10
			244	10
			245	10
			246	10
			247	10
			248	10
			249	10
			250	11
			251	11
			252	11
			253	11
			254	11
			255	11
			256	11
			257	11
			258	12
			259	12
			260	12
			261	12
			262	12
			263	12
			263	13
			264	13
			265	13
			266	13
			267	13
			268	13
			269	14
			270	14
			271	14
			272	14
			273	14
			274	15
			275	15
			276	15
			277	15
			278	16
			279	16
			280	16
			281	17
			282	17
			283	17
			284	17
			285	17
			285	18
			286	18
			287	18
			288	18
			289	19
			290	19
			291	19
			292	20
			293	20
			294	20
			295	20
			296	21
			297	21
			298	21
			299	22
			300	22
			301	22
			302	23
			303	23
			304	23
			305	24
			306	24
			307	25
			308	25
			309	25
			310	25
			310	26
			311	26
			312	26
			313	27
			314	27
			315	27
			316	28
			317	28
			318	28
			318	29
			319	29
			320	29
			321	30
			322	30
			323	30
			324	31
			325	31
			326	32
			327	32
			328	32
			328	33
			329	33
			330	34
			331	35
			332	35
			333	36
			334	37
			335	38
			336	38
			337	39
			338	40
			339	40
			339	41
			340	42
			341	42
			342	43
			343	44
			344	44
			345	45
			346	46
			347	47
			348	48
			349	49
			350	50
			351	51
			352	51
			353	52
			354	53
			355	54
			356	55
			357	56
			358	56
			359	57
			360	58
			361	59
			362	60
			363	61
			364	62
			365	62
			366	63
			367	64
			367	65
			368	66
			369	67
			370	68
			371	68
			372	69
			373	70
			374	71
			375	72
			375	73
			376	74
			377	75
			378	75
			379	76
			380	77
			381	78
			381	79
			382	80
			383	81
			384	82
			385	83
			386	83
			386	84
			387	85
			388	86
			389	87
			390	88
			390	89
			391	90
			392	91
			393	92
			394	93
			395	94
			396	95
			396	96
			397	96
			397	97
			398	98
			399	99
			400	100
			400	101
			401	102
			402	103
			402	104
			403	104
			403	105
			404	106
			405	107
			405	108
			406	108
			406	109
			407	110
			407	111
			408	112
			409	112
			409	113
			410	114
			410	115
			411	116
			412	117
			413	118
			413	119
			414	120
			414	121
			415	122
			416	123
			416	124
			417	125
			418	126
			418	127
			419	128
			419	129
			420	130
			420	131
			421	132
			422	133
			422	134
			423	135
			423	136
			424	137
			424	138
			425	139
			425	140
			426	141
			426	142
			427	143
			427	144
			428	145
			428	146
			429	147
			429	148
			430	149
			430	150
			431	151
			431	152
			432	153
			432	154
			433	155
			433	156
			434	157
			434	158
			434	159
			435	160
			435	161
			436	162
			436	163
			436	164
			436	165
			437	165
			437	166
			437	167
			438	168
			438	169
			438	170
			439	171
			439	172
			439	173
			440	174
			440	175
			440	176
			441	177
			441	178
			441	179
			442	180
			442	181
			442	182
			443	183
			443	184
			443	185
			443	186
			443	187
			444	187
			444	188
			444	189
			444	190
			445	191
			445	192
			445	193
			445	194
			446	195
			446	196
			446	197
			446	198
			446	199
			447	200
			447	201
			447	202
			447	203
			447	204
			447	205
			448	206
			448	207
			448	208
			448	209
			448	210
			448	211
			449	212
			449	213
			449	214
			449	215
			449	216
			449	217
			449	218
			450	219
			450	220
			450	221
			450	222
			450	223
			450	224
			450	225
			450	226
			450	227
			450	228
			450	229
			451	230
			451	231
			451	232
			451	233
			451	234
			451	235
			451	236
			451	237
			451	238
			451	239
			451	240
			451	241
			451	242
			451	243
			451	244
			451	245
			451	246
			451	247
			451	248
			451	249
			451	250
			451	251
			451	252
		</anterior>
		<posterior type=matrix rownames=FALSE colnames=FALSE nrow=508 ncol=2 as.numeric=TRUE >
			229	252
			230	252
			231	252
			232	253
			233	253
			234	253
			235	253
			236	253
			237	253
			238	253
			239	253
			240	254
			241	254
			242	254
			243	254
			244	254
			245	254
			246	254
			247	254
			248	254
			249	254
			250	255
			251	255
			252	255
			253	255
			254	255
			255	255
			256	255
			257	255
			258	255
			259	255
			260	255
			261	255
			262	255
			263	255
			264	255
			265	255
			266	255
			267	255
			268	255
			269	255
			270	255
			271	255
			272	255
			273	255
			274	255
			275	255
			276	255
			277	255
			278	255
			279	255
			280	254
			281	254
			282	254
			283	254
			284	254
			285	254
			286	254
			287	253
			288	253
			289	252
			290	252
			291	251
			292	251
			293	250
			294	250
			295	249
			296	250
			297	251
			298	251
			299	252
			300	252
			301	252
			302	252
			303	252
			304	253
			305	253
			306	253
			307	253
			308	253
			309	253
			310	252
			311	252
			312	252
			313	252
			314	252
			315	252
			316	252
			317	252
			318	251
			319	251
			320	251
			321	251
			322	251
			323	251
			324	252
			325	252
			326	252
			327	252
			328	253
			329	253
			330	254
			331	254
			332	255
			333	256
			334	256
			335	257
			336	257
			336	258
			337	258
			338	259
			339	259
			340	259
			341	260
			342	260
			343	260
			344	260
			345	260
			346	260
			347	261
			348	261
			349	261
			350	261
			351	261
			352	261
			353	261
			354	262
			355	262
			356	262
			357	262
			358	262
			359	262
			360	262
			361	263
			362	263
			363	263
			364	263
			365	263
			366	263
			367	263
			368	263
			369	264
			370	264
			371	264
			372	264
			373	264
			374	264
			375	264
			376	264
			377	265
			378	265
			379	265
			380	265
			381	266
			382	266
			383	266
			384	266
			384	267
			385	267
			386	267
			387	267
			388	268
			389	268
			390	268
			391	269
			392	269
			393	270
			394	270
			395	270
			395	271
			396	271
			397	271
			398	272
			399	272
			400	273
			401	274
			402	274
			403	275
			404	276
			405	276
			405	277
			406	278
			406	279
			407	280
			407	281
			407	282
			408	283
			408	284
			409	285
			409	286
			409	287
			410	288
			410	289
			410	290
			411	291
			411	292
			411	293
			411	294
			412	295
			412	296
			412	297
			412	298
			413	299
			413	300
			413	301
			414	302
			414	303
			414	304
			414	305
			414	306
			415	307
			415	308
			415	309
			415	310
			415	311
			416	312
			416	313
			416	314
			416	315
			417	316
			417	317
			417	318
			417	319
			417	320
			417	321
			418	322
			418	323
			418	324
			418	325
			418	326
			418	327
			419	328
			419	329
			419	330
			419	331
			419	332
			419	333
			420	334
			420	335
			420	336
			420	337
			420	338
			420	339
			421	340
			421	341
			421	342
			421	343
			421	344
			421	345
			422	346
			422	347
			422	348
			422	349
			422	350
			422	351
			422	352
			423	353
			423	354
			423	355
			423	356
			423	357
			423	358
			423	359
			424	360
			424	361
			424	362
			424	363
			424	364
			424	365
			425	366
			425	367
			425	368
			425	369
			425	370
			425	371
			425	372
			426	373
			426	374
			426	375
			426	376
			426	377
			426	378
			426	379
			427	380
			427	381
			427	382
			427	383
			427	384
			427	385
			427	386
			428	387
			428	388
			428	389
			428	390
			428	391
			428	392
			428	393
			428	394
			429	395
			429	396
			429	397
			429	398
			429	399
			429	400
			429	401
			429	402
			430	403
			430	404
			430	405
			430	406
			430	407
			430	408
			430	409
			430	410
			430	411
			430	412
			431	413
			431	414
			431	415
			431	416
			431	417
			431	418
			431	419
			431	420
			431	421
			431	422
			431	423
			431	424
			431	425
			432	426
			432	427
			433	427
			434	426
			434	425
			435	424
			435	423
			435	422
			436	421
			436	420
			436	419
			437	418
			437	417
			437	416
			437	415
			438	414
			438	413
			438	412
			439	411
			439	410
			439	409
			439	408
			440	407
			440	406
			440	405
			440	404
			441	403
			441	402
			441	401
			441	400
			441	399
			442	399
			442	398
			442	397
			442	396
			442	395
			443	394
			443	393
			443	392
			443	391
			444	390
			444	389
			444	388
			444	387
			444	386
			445	385
			445	384
			445	383
			445	382
			445	381
			446	380
			446	379
			446	378
			446	377
			447	376
			447	375
			447	374
			447	373
			447	372
			447	371
			448	370
			448	369
			448	368
			448	367
			448	366
			448	365
			449	364
			449	363
			449	362
			449	361
			449	360
			449	359
			449	358
			450	357
			450	356
			450	355
			450	354
			450	353
			450	352
			450	351
			450	350
			451	349
			451	348
			451	347
			451	346
			451	345
			451	344
			451	343
			451	342
			451	341
			451	340
			452	339
			452	338
			452	337
			452	336
			452	335
			452	334
			452	333
			452	332
			452	331
			452	330
			452	329
			452	328
			452	327
			452	326
			452	325
			452	324
			453	323
			453	322
			453	321
			453	320
			453	319
			453	318
			453	317
			453	316
			453	315
			453	314
			453	313
			453	312
			453	311
			453	310
			453	309
			453	308
			453	307
			453	306
			453	305
			453	304
			453	303
			453	302
			453	301
			453	300
			453	299
			453	298
			453	297
			453	296
			453	295
			453	294
			453	293
			453	292
			453	291
			453	290
			453	289
			453	288
			453	287
			453	286
			453	285
			453	284
			453	283
			453	282
			453	281
			453	280
			453	279
			453	278
			452	277
			452	276
			452	275
			452	274
			452	273
			452	272
			452	271
			452	270
			452	269
			452	268
			452	267
			452	266
			452	265
			452	264
			452	263
			452	262
			452	261
			452	260
			451	259
			451	258
			451	257
			451	256
			451	255
			451	254
			451	253
			451	252
		</posterior>
	</curves.pixel>
	<curves.scaled type=list>
		<glabella type=matrix rownames=FALSE colnames=FALSE nrow=175 ncol=2 as.numeric=TRUE >
			9.03846153846154	-3.65384615384615
			9.07692307692308	-3.65384615384615
			9.11538461538462	-3.65384615384615
			9.15384615384616	-3.65384615384615
			9.19230769230769	-3.65384615384615
			9.23076923076923	-3.69230769230769
			9.26923076923077	-3.69230769230769
			9.30769230769231	-3.69230769230769
			9.34615384615385	-3.69230769230769
			9.38461538461539	-3.69230769230769
			9.42307692307692	-3.73076923076923
			9.46153846153846	-3.73076923076923
			9.5	-3.73076923076923
			9.53846153846154	-3.76923076923077
			9.57692307692308	-3.76923076923077
			9.61538461538462	-3.76923076923077
			9.65384615384616	-3.80769230769231
			9.69230769230769	-3.80769230769231
			9.73076923076923	-3.80769230769231
			9.73076923076923	-3.84615384615385
			9.76923076923077	-3.84615384615385
			9.80769230769231	-3.88461538461539
			9.84615384615385	-3.88461538461539
			9.88461538461539	-3.92307692307692
			9.92307692307692	-3.96153846153846
			9.96153846153846	-3.96153846153846
			10	-4
			10.0384615384615	-4.03846153846154
			10.0769230769231	-4.03846153846154
			10.1153846153846	-4.07692307692308
			10.1153846153846	-4.11538461538462
			10.1538461538462	-4.15384615384615
			10.1923076923077	-4.19230769230769
			10.2307692307692	-4.19230769230769
			10.2307692307692	-4.23076923076923
			10.2692307692308	-4.26923076923077
			10.3076923076923	-4.30769230769231
			10.3461538461538	-4.34615384615385
			10.3461538461538	-4.38461538461539
			10.3846153846154	-4.42307692307692
			10.4230769230769	-4.46153846153846
			10.4230769230769	-4.5
			10.4615384615385	-4.53846153846154
			10.4615384615385	-4.57692307692308
			10.5	-4.61538461538462
			10.5	-4.65384615384615
			10.5	-4.69230769230769
			10.5	-4.73076923076923
			10.5	-4.76923076923077
			10.5	-4.80769230769231
			10.5	-4.84615384615385
			10.5	-4.88461538461539
			10.5	-4.92307692307692
			10.5	-4.96153846153846
			10.5384615384615	-5
			10.5384615384615	-5.03846153846154
			10.5384615384615	-5.07692307692308
			10.5384615384615	-5.11538461538462
			10.5384615384615	-5.15384615384615
			10.5384615384615	-5.19230769230769
			10.5384615384615	-5.23076923076923
			10.5384615384615	-5.26923076923077
			10.5384615384615	-5.30769230769231
			10.5384615384615	-5.34615384615385
			10.5384615384615	-5.38461538461539
			10.5384615384615	-5.42307692307692
			10.5384615384615	-5.46153846153846
			10.5384615384615	-5.5
			10.5384615384615	-5.53846153846154
			10.5384615384615	-5.57692307692308
			10.5384615384615	-5.61538461538462
			10.5769230769231	-5.61538461538462
			10.5769230769231	-5.65384615384615
			10.5769230769231	-5.69230769230769
			10.5769230769231	-5.73076923076923
			10.5769230769231	-5.76923076923077
			10.5769230769231	-5.80769230769231
			10.5769230769231	-5.84615384615385
			10.5769230769231	-5.88461538461539
			10.5769230769231	-5.92307692307692
			10.5769230769231	-5.96153846153846
			10.5769230769231	-6
			10.5769230769231	-6.03846153846154
			10.5769230769231	-6.07692307692308
			10.5769230769231	-6.11538461538462
			10.5769230769231	-6.15384615384615
			10.6153846153846	-6.19230769230769
			10.6153846153846	-6.23076923076923
			10.6153846153846	-6.26923076923077
			10.6153846153846	-6.30769230769231
			10.6153846153846	-6.34615384615385
			10.6153846153846	-6.38461538461539
			10.6153846153846	-6.42307692307692
			10.6153846153846	-6.46153846153846
			10.6153846153846	-6.5
			10.6153846153846	-6.53846153846154
			10.6153846153846	-6.57692307692308
			10.6153846153846	-6.61538461538462
			10.6538461538462	-6.65384615384615
			10.6538461538462	-6.69230769230769
			10.6538461538462	-6.73076923076923
			10.6538461538462	-6.76923076923077
			10.6538461538462	-6.80769230769231
			10.6538461538462	-6.84615384615385
			10.6538461538462	-6.88461538461539
			10.6538461538462	-6.92307692307692
			10.6923076923077	-6.96153846153846
			10.6923076923077	-7
			10.6923076923077	-7.03846153846154
			10.7307692307692	-7.07692307692308
			10.7307692307692	-7.11538461538462
			10.7307692307692	-7.15384615384615
			10.7692307692308	-7.19230769230769
			10.7692307692308	-7.23076923076923
			10.8076923076923	-7.26923076923077
			10.8076923076923	-7.30769230769231
			10.8461538461538	-7.34615384615385
			10.8461538461538	-7.38461538461539
			10.8846153846154	-7.42307692307692
			10.8846153846154	-7.46153846153846
			10.8846153846154	-7.5
			10.9230769230769	-7.53846153846154
			10.9230769230769	-7.57692307692308
			10.9615384615385	-7.61538461538462
			10.9615384615385	-7.65384615384615
			11	-7.69230769230769
			11	-7.73076923076923
			11.0384615384615	-7.76923076923077
			11.0384615384615	-7.80769230769231
			11.0384615384615	-7.84615384615385
			11.0384615384615	-7.88461538461539
			11.0769230769231	-7.88461538461539
			11.0769230769231	-7.92307692307692
			11.0769230769231	-7.96153846153846
			11.0769230769231	-8
			11.1153846153846	-8.03846153846154
			11.1153846153846	-8.07692307692308
			11.1153846153846	-8.11538461538461
			11.1538461538462	-8.15384615384616
			11.1538461538462	-8.19230769230769
			11.1538461538462	-8.23076923076923
			11.1538461538462	-8.26923076923077
			11.1923076923077	-8.30769230769231
			11.1923076923077	-8.34615384615385
			11.1923076923077	-8.38461538461539
			11.2307692307692	-8.42307692307692
			11.2307692307692	-8.46153846153846
			11.2307692307692	-8.5
			11.2692307692308	-8.53846153846154
			11.2692307692308	-8.57692307692308
			11.2692307692308	-8.61538461538462
			11.2692307692308	-8.65384615384616
			11.3076923076923	-8.65384615384616
			11.3076923076923	-8.69230769230769
			11.3076923076923	-8.73076923076923
			11.3076923076923	-8.76923076923077
			11.3076923076923	-8.80769230769231
			11.3076923076923	-8.84615384615385
			11.3076923076923	-8.88461538461539
			11.3076923076923	-8.92307692307692
			11.3076923076923	-8.96153846153846
			11.3076923076923	-9
			11.3076923076923	-9.03846153846154
			11.3076923076923	-9.07692307692308
			11.3076923076923	-9.11538461538462
			11.3076923076923	-9.15384615384616
			11.3076923076923	-9.19230769230769
			11.3076923076923	-9.23076923076923
			11.3076923076923	-9.26923076923077
			11.3076923076923	-9.30769230769231
			11.3076923076923	-9.34615384615385
			11.3076923076923	-9.38461538461539
			11.3076923076923	-9.42307692307692
			11.3076923076923	-9.46153846153846
			11.3076923076923	-9.5
		</glabella>
		<suture type=matrix rownames=FALSE colnames=FALSE nrow=455 ncol=2 as.numeric=TRUE >
			8.84615384615385	-0.346153846153846
			8.88461538461539	-0.346153846153846
			8.92307692307692	-0.346153846153846
			8.96153846153846	-0.346153846153846
			9	-0.346153846153846
			9.03846153846154	-0.346153846153846
			9.07692307692308	-0.346153846153846
			9.11538461538462	-0.346153846153846
			9.15384615384616	-0.346153846153846
			9.19230769230769	-0.346153846153846
			9.23076923076923	-0.346153846153846
			9.23076923076923	-0.384615384615385
			9.26923076923077	-0.384615384615385
			9.30769230769231	-0.384615384615385
			9.34615384615385	-0.384615384615385
			9.38461538461539	-0.384615384615385
			9.42307692307692	-0.384615384615385
			9.46153846153846	-0.384615384615385
			9.5	-0.384615384615385
			9.53846153846154	-0.384615384615385
			9.57692307692308	-0.384615384615385
			9.61538461538462	-0.384615384615385
			9.65384615384616	-0.423076923076923
			9.69230769230769	-0.423076923076923
			9.73076923076923	-0.423076923076923
			9.76923076923077	-0.423076923076923
			9.80769230769231	-0.423076923076923
			9.84615384615385	-0.423076923076923
			9.88461538461539	-0.423076923076923
			9.92307692307692	-0.461538461538462
			9.96153846153846	-0.461538461538462
			10	-0.461538461538462
			10.0384615384615	-0.461538461538462
			10.0769230769231	-0.461538461538462
			10.1153846153846	-0.5
			10.1538461538462	-0.5
			10.1923076923077	-0.5
			10.2307692307692	-0.5
			10.2692307692308	-0.5
			10.3076923076923	-0.5
			10.3461538461538	-0.538461538461539
			10.3846153846154	-0.538461538461539
			10.4230769230769	-0.538461538461539
			10.4615384615385	-0.538461538461539
			10.5	-0.576923076923077
			10.5384615384615	-0.576923076923077
			10.5769230769231	-0.576923076923077
			10.6153846153846	-0.576923076923077
			10.6538461538462	-0.576923076923077
			10.6923076923077	-0.615384615384615
			10.7307692307692	-0.615384615384615
			10.7692307692308	-0.615384615384615
			10.8076923076923	-0.615384615384615
			10.8461538461538	-0.653846153846154
			10.8846153846154	-0.653846153846154
			10.9230769230769	-0.653846153846154
			10.9615384615385	-0.692307692307692
			11	-0.692307692307692
			11.0384615384615	-0.692307692307692
			11.0769230769231	-0.692307692307692
			11.1153846153846	-0.730769230769231
			11.1538461538462	-0.730769230769231
			11.1923076923077	-0.730769230769231
			11.2307692307692	-0.769230769230769
			11.2692307692308	-0.769230769230769
			11.3076923076923	-0.769230769230769
			11.3461538461538	-0.769230769230769
			11.3846153846154	-0.807692307692308
			11.4230769230769	-0.807692307692308
			11.4615384615385	-0.807692307692308
			11.5	-0.846153846153846
			11.5384615384615	-0.846153846153846
			11.5769230769231	-0.846153846153846
			11.6153846153846	-0.884615384615385
			11.6538461538462	-0.884615384615385
			11.6923076923077	-0.884615384615385
			11.7307692307692	-0.923076923076923
			11.7692307692308	-0.923076923076923
			11.8076923076923	-0.923076923076923
			11.8461538461538	-0.961538461538462
			11.8846153846154	-0.961538461538462
			11.9230769230769	-0.961538461538462
			11.9615384615385	-1
			12	-1
			12.0384615384615	-1.03846153846154
			12.0769230769231	-1.03846153846154
			12.1153846153846	-1.03846153846154
			12.1538461538462	-1.07692307692308
			12.1923076923077	-1.07692307692308
			12.2307692307692	-1.11538461538462
			12.2692307692308	-1.11538461538462
			12.3076923076923	-1.11538461538462
			12.3461538461538	-1.15384615384615
			12.3846153846154	-1.15384615384615
			12.4230769230769	-1.19230769230769
			12.4615384615385	-1.19230769230769
			12.5	-1.19230769230769
			12.5384615384615	-1.23076923076923
			12.5769230769231	-1.23076923076923
			12.6153846153846	-1.26923076923077
			12.6538461538462	-1.26923076923077
			12.6923076923077	-1.30769230769231
			12.7307692307692	-1.30769230769231
			12.7307692307692	-1.34615384615385
			12.7692307692308	-1.38461538461538
			12.8076923076923	-1.38461538461538
			12.8461538461538	-1.42307692307692
			12.8461538461538	-1.46153846153846
			12.8846153846154	-1.5
			12.9230769230769	-1.53846153846154
			12.9615384615385	-1.57692307692308
			12.9615384615385	-1.61538461538462
			13	-1.65384615384615
			13.0384615384615	-1.69230769230769
			13.0384615384615	-1.73076923076923
			13.0769230769231	-1.76923076923077
			13.1153846153846	-1.80769230769231
			13.1538461538462	-1.84615384615385
			13.1538461538462	-1.88461538461538
			13.1538461538462	-1.92307692307692
			13.1923076923077	-1.96153846153846
			13.1923076923077	-2
			13.2307692307692	-2.03846153846154
			13.2692307692308	-2.07692307692308
			13.2692307692308	-2.11538461538462
			13.3076923076923	-2.15384615384615
			13.3076923076923	-2.19230769230769
			13.3076923076923	-2.23076923076923
			13.3461538461538	-2.26923076923077
			13.3461538461538	-2.30769230769231
			13.3846153846154	-2.34615384615385
			13.3846153846154	-2.38461538461538
			13.4230769230769	-2.42307692307692
			13.4615384615385	-2.46153846153846
			13.5	-2.5
			13.5384615384615	-2.53846153846154
			13.5769230769231	-2.57692307692308
			13.6153846153846	-2.61538461538462
			13.6153846153846	-2.65384615384615
			13.6538461538462	-2.69230769230769
			13.6923076923077	-2.73076923076923
			13.7307692307692	-2.76923076923077
			13.7692307692308	-2.80769230769231
			13.8076923076923	-2.84615384615385
			13.8461538461538	-2.88461538461538
			13.8461538461538	-2.92307692307692
			13.8846153846154	-2.96153846153846
			13.9230769230769	-3
			13.9615384615385	-3.03846153846154
			14	-3.07692307692308
			14	-3.11538461538462
			14.0384615384615	-3.15384615384615
			14.0769230769231	-3.19230769230769
			14.0769230769231	-3.23076923076923
			14.1153846153846	-3.26923076923077
			14.1153846153846	-3.30769230769231
			14.1538461538462	-3.34615384615385
			14.1538461538462	-3.38461538461539
			14.1923076923077	-3.38461538461539
			14.1923076923077	-3.42307692307692
			14.2307692307692	-3.46153846153846
			14.2692307692308	-3.5
			14.2692307692308	-3.53846153846154
			14.3076923076923	-3.57692307692308
			14.3076923076923	-3.61538461538462
			14.3461538461538	-3.65384615384615
			14.3461538461538	-3.69230769230769
			14.3846153846154	-3.73076923076923
			14.3846153846154	-3.76923076923077
			14.4230769230769	-3.80769230769231
			14.4230769230769	-3.84615384615385
			14.4615384615385	-3.88461538461539
			14.4615384615385	-3.92307692307692
			14.5	-3.96153846153846
			14.5	-4
			14.5384615384615	-4.03846153846154
			14.5384615384615	-4.07692307692308
			14.5769230769231	-4.11538461538462
			14.5769230769231	-4.15384615384615
			14.6153846153846	-4.19230769230769
			14.6153846153846	-4.23076923076923
			14.6538461538462	-4.26923076923077
			14.6538461538462	-4.30769230769231
			14.6538461538462	-4.34615384615385
			14.6538461538462	-4.38461538461539
			14.6153846153846	-4.42307692307692
			14.6153846153846	-4.46153846153846
			14.5769230769231	-4.5
			14.5769230769231	-4.53846153846154
			14.5384615384615	-4.57692307692308
			14.5384615384615	-4.61538461538462
			14.5	-4.65384615384615
			14.4615384615385	-4.69230769230769
			14.4615384615385	-4.73076923076923
			14.4230769230769	-4.76923076923077
			14.3846153846154	-4.80769230769231
			14.3461538461538	-4.84615384615385
			14.3076923076923	-4.84615384615385
			14.2692307692308	-4.88461538461539
			14.2307692307692	-4.92307692307692
			14.1923076923077	-4.96153846153846
			14.1538461538462	-4.96153846153846
			14.1153846153846	-5
			14.0769230769231	-5
			14.0384615384615	-5.03846153846154
			14	-5.03846153846154
			13.9615384615385	-5.07692307692308
			13.9230769230769	-5.07692307692308
			13.8846153846154	-5.11538461538462
			13.8461538461538	-5.11538461538462
			13.8076923076923	-5.11538461538462
			13.7692307692308	-5.15384615384615
			13.7307692307692	-5.15384615384615
			13.6923076923077	-5.15384615384615
			13.6538461538462	-5.15384615384615
			13.6153846153846	-5.19230769230769
			13.5769230769231	-5.19230769230769
			13.5384615384615	-5.19230769230769
			13.5	-5.19230769230769
			13.4615384615385	-5.23076923076923
			13.4230769230769	-5.23076923076923
			13.3846153846154	-5.23076923076923
			13.3461538461538	-5.23076923076923
			13.3076923076923	-5.23076923076923
			13.2692307692308	-5.26923076923077
			13.2307692307692	-5.26923076923077
			13.1923076923077	-5.26923076923077
			13.1538461538462	-5.26923076923077
			13.1153846153846	-5.26923076923077
			13.0769230769231	-5.26923076923077
			13.0384615384615	-5.26923076923077
			13	-5.26923076923077
			12.9615384615385	-5.30769230769231
			12.9230769230769	-5.30769230769231
			12.8846153846154	-5.30769230769231
			12.8461538461538	-5.30769230769231
			12.8076923076923	-5.30769230769231
			12.7692307692308	-5.30769230769231
			12.7307692307692	-5.30769230769231
			12.6923076923077	-5.30769230769231
			12.6538461538462	-5.30769230769231
			12.6153846153846	-5.30769230769231
			12.5769230769231	-5.34615384615385
			12.5384615384615	-5.34615384615385
			12.5	-5.38461538461539
			12.4615384615385	-5.38461538461539
			12.4230769230769	-5.38461538461539
			12.3846153846154	-5.42307692307692
			12.3461538461538	-5.42307692307692
			12.3076923076923	-5.42307692307692
			12.2692307692308	-5.46153846153846
			12.2307692307692	-5.46153846153846
			12.1923076923077	-5.5
			12.1538461538462	-5.5
			12.1153846153846	-5.53846153846154
			12.0769230769231	-5.53846153846154
			12.0384615384615	-5.57692307692308
			12	-5.57692307692308
			12	-5.61538461538462
			11.9615384615385	-5.61538461538462
			11.9230769230769	-5.65384615384615
			11.8846153846154	-5.65384615384615
			11.8846153846154	-5.69230769230769
			11.8461538461538	-5.69230769230769
			11.8076923076923	-5.73076923076923
			11.7692307692308	-5.73076923076923
			11.7692307692308	-5.76923076923077
			11.7307692307692	-5.76923076923077
			11.7307692307692	-5.80769230769231
			11.6923076923077	-5.80769230769231
			11.6923076923077	-5.84615384615385
			11.6538461538462	-5.84615384615385
			11.6538461538462	-5.88461538461539
			11.6153846153846	-5.88461538461539
			11.6153846153846	-5.92307692307692
			11.5769230769231	-5.92307692307692
			11.5769230769231	-5.96153846153846
			11.5384615384615	-6
			11.5384615384615	-6.03846153846154
			11.5384615384615	-6.07692307692308
			11.5384615384615	-6.11538461538462
			11.5384615384615	-6.15384615384615
			11.5769230769231	-6.19230769230769
			11.5769230769231	-6.23076923076923
			11.5769230769231	-6.26923076923077
			11.6153846153846	-6.26923076923077
			11.6153846153846	-6.30769230769231
			11.6538461538462	-6.30769230769231
			11.6923076923077	-6.34615384615385
			11.7307692307692	-6.34615384615385
			11.7692307692308	-6.34615384615385
			11.8076923076923	-6.38461538461539
			11.8461538461538	-6.38461538461539
			11.8846153846154	-6.38461538461539
			11.9230769230769	-6.38461538461539
			11.9615384615385	-6.34615384615385
			12	-6.34615384615385
			12.0384615384615	-6.34615384615385
			12.0769230769231	-6.34615384615385
			12.1153846153846	-6.34615384615385
			12.1538461538462	-6.38461538461539
			12.1923076923077	-6.38461538461539
			12.2307692307692	-6.42307692307692
			12.2692307692308	-6.42307692307692
			12.3076923076923	-6.46153846153846
			12.3461538461538	-6.46153846153846
			12.3461538461538	-6.5
			12.3846153846154	-6.5
			12.4230769230769	-6.53846153846154
			12.4615384615385	-6.53846153846154
			12.4615384615385	-6.57692307692308
			12.5	-6.61538461538462
			12.5384615384615	-6.61538461538462
			12.5384615384615	-6.65384615384615
			12.5769230769231	-6.69230769230769
			12.6153846153846	-6.73076923076923
			12.6538461538462	-6.76923076923077
			12.6538461538462	-6.80769230769231
			12.6923076923077	-6.84615384615385
			12.6923076923077	-6.88461538461539
			12.6923076923077	-6.92307692307692
			12.7307692307692	-6.96153846153846
			12.7307692307692	-7
			12.7307692307692	-7.03846153846154
			12.7307692307692	-7.07692307692308
			12.7692307692308	-7.11538461538462
			12.7692307692308	-7.15384615384615
			12.7692307692308	-7.19230769230769
			12.7692307692308	-7.23076923076923
			12.7692307692308	-7.26923076923077
			12.7692307692308	-7.30769230769231
			12.7307692307692	-7.30769230769231
			12.7307692307692	-7.34615384615385
			12.7307692307692	-7.38461538461539
			12.7307692307692	-7.42307692307692
			12.7307692307692	-7.46153846153846
			12.6923076923077	-7.5
			12.6923076923077	-7.53846153846154
			12.6923076923077	-7.57692307692308
			12.6923076923077	-7.61538461538462
			12.6538461538462	-7.65384615384615
			12.6538461538462	-7.69230769230769
			12.6153846153846	-7.73076923076923
			12.6153846153846	-7.76923076923077
			12.6153846153846	-7.80769230769231
			12.5769230769231	-7.84615384615385
			12.5769230769231	-7.88461538461539
			12.5384615384615	-7.92307692307692
			12.5384615384615	-7.96153846153846
			12.5	-8
			12.4615384615385	-8.03846153846154
			12.4230769230769	-8.07692307692308
			12.3846153846154	-8.11538461538461
			12.3461538461538	-8.15384615384616
			12.3076923076923	-8.19230769230769
			12.2692307692308	-8.19230769230769
			12.2307692307692	-8.23076923076923
			12.1923076923077	-8.23076923076923
			12.1538461538462	-8.23076923076923
			12.1153846153846	-8.23076923076923
			12.0769230769231	-8.26923076923077
			12.0384615384615	-8.26923076923077
			12	-8.26923076923077
			11.9615384615385	-8.26923076923077
			11.9230769230769	-8.30769230769231
			11.8846153846154	-8.30769230769231
			11.8461538461538	-8.30769230769231
			11.8076923076923	-8.34615384615385
			11.7692307692308	-8.34615384615385
			11.7307692307692	-8.38461538461539
			11.6923076923077	-8.42307692307692
			11.6923076923077	-8.46153846153846
			11.6538461538462	-8.5
			11.6538461538462	-8.53846153846154
			11.6923076923077	-8.57692307692308
			11.6923076923077	-8.61538461538462
			11.7307692307692	-8.65384615384616
			11.7692307692308	-8.69230769230769
			11.8076923076923	-8.73076923076923
			11.8461538461538	-8.76923076923077
			11.8846153846154	-8.80769230769231
			11.9230769230769	-8.84615384615385
			11.9615384615385	-8.88461538461539
			12	-8.88461538461539
			12.0384615384615	-8.92307692307692
			12.0769230769231	-8.96153846153846
			12.1153846153846	-9
			12.1538461538462	-9
			12.1923076923077	-9.03846153846154
			12.2307692307692	-9.03846153846154
			12.2692307692308	-9.07692307692308
			12.3076923076923	-9.07692307692308
			12.3461538461538	-9.11538461538462
			12.3846153846154	-9.15384615384616
			12.4230769230769	-9.15384615384616
			12.4615384615385	-9.19230769230769
			12.5	-9.19230769230769
			12.5384615384615	-9.23076923076923
			12.5769230769231	-9.23076923076923
			12.6153846153846	-9.26923076923077
			12.6538461538462	-9.26923076923077
			12.6923076923077	-9.30769230769231
			12.7307692307692	-9.30769230769231
			12.7692307692308	-9.34615384615385
			12.8076923076923	-9.34615384615385
			12.8461538461538	-9.38461538461539
			12.8846153846154	-9.38461538461539
			12.9230769230769	-9.42307692307692
			12.9615384615385	-9.42307692307692
			13	-9.46153846153846
			13.0384615384615	-9.46153846153846
			13.0769230769231	-9.5
			13.1153846153846	-9.5
			13.1538461538462	-9.5
			13.1923076923077	-9.53846153846154
			13.2307692307692	-9.53846153846154
			13.2692307692308	-9.57692307692308
			13.3076923076923	-9.57692307692308
			13.3461538461538	-9.61538461538462
			13.3846153846154	-9.61538461538462
			13.4230769230769	-9.61538461538462
			13.4230769230769	-9.65384615384616
			13.4615384615385	-9.65384615384616
			13.5	-9.65384615384616
			13.5384615384615	-9.65384615384616
			13.5769230769231	-9.69230769230769
			13.6153846153846	-9.69230769230769
			13.6538461538462	-9.69230769230769
			13.6923076923077	-9.69230769230769
			13.7307692307692	-9.69230769230769
			13.7692307692308	-9.73076923076923
			13.8076923076923	-9.73076923076923
			13.8461538461538	-9.73076923076923
			13.8846153846154	-9.76923076923077
			13.9230769230769	-9.76923076923077
			13.9615384615385	-9.76923076923077
			14	-9.80769230769231
			14.0384615384615	-9.80769230769231
			14.0769230769231	-9.84615384615385
			14.1153846153846	-9.84615384615385
			14.1538461538462	-9.88461538461539
			14.1923076923077	-9.88461538461539
			14.2307692307692	-9.88461538461539
			14.2692307692308	-9.92307692307692
			14.3076923076923	-9.96153846153846
			14.3461538461538	-9.96153846153846
			14.3846153846154	-10
			14.4230769230769	-10
			14.4615384615385	-10.0384615384615
			14.5	-10.0769230769231
			14.5384615384615	-10.0769230769231
			14.5384615384615	-10.1153846153846
			14.5769230769231	-10.1153846153846
			14.6153846153846	-10.1538461538462
			14.6538461538462	-10.1923076923077
		</suture>
		<anterior type=matrix rownames=FALSE colnames=FALSE nrow=341 ncol=2 as.numeric=TRUE >
			8.84615384615385	-0.346153846153846
			8.88461538461539	-0.346153846153846
			8.92307692307692	-0.346153846153846
			8.96153846153846	-0.346153846153846
			9	-0.346153846153846
			9.03846153846154	-0.346153846153846
			9.07692307692308	-0.346153846153846
			9.11538461538462	-0.346153846153846
			9.15384615384616	-0.346153846153846
			9.19230769230769	-0.346153846153846
			9.23076923076923	-0.346153846153846
			9.26923076923077	-0.384615384615385
			9.30769230769231	-0.384615384615385
			9.34615384615385	-0.384615384615385
			9.38461538461539	-0.384615384615385
			9.42307692307692	-0.384615384615385
			9.46153846153846	-0.384615384615385
			9.5	-0.384615384615385
			9.53846153846154	-0.384615384615385
			9.57692307692308	-0.384615384615385
			9.61538461538462	-0.423076923076923
			9.65384615384616	-0.423076923076923
			9.69230769230769	-0.423076923076923
			9.73076923076923	-0.423076923076923
			9.76923076923077	-0.423076923076923
			9.80769230769231	-0.423076923076923
			9.84615384615385	-0.423076923076923
			9.88461538461539	-0.423076923076923
			9.92307692307692	-0.461538461538462
			9.96153846153846	-0.461538461538462
			10	-0.461538461538462
			10.0384615384615	-0.461538461538462
			10.0769230769231	-0.461538461538462
			10.1153846153846	-0.461538461538462
			10.1153846153846	-0.5
			10.1538461538462	-0.5
			10.1923076923077	-0.5
			10.2307692307692	-0.5
			10.2692307692308	-0.5
			10.3076923076923	-0.5
			10.3461538461538	-0.538461538461539
			10.3846153846154	-0.538461538461539
			10.4230769230769	-0.538461538461539
			10.4615384615385	-0.538461538461539
			10.5	-0.538461538461539
			10.5384615384615	-0.576923076923077
			10.5769230769231	-0.576923076923077
			10.6153846153846	-0.576923076923077
			10.6538461538462	-0.576923076923077
			10.6923076923077	-0.615384615384615
			10.7307692307692	-0.615384615384615
			10.7692307692308	-0.615384615384615
			10.8076923076923	-0.653846153846154
			10.8461538461538	-0.653846153846154
			10.8846153846154	-0.653846153846154
			10.9230769230769	-0.653846153846154
			10.9615384615385	-0.653846153846154
			10.9615384615385	-0.692307692307692
			11	-0.692307692307692
			11.0384615384615	-0.692307692307692
			11.0769230769231	-0.692307692307692
			11.1153846153846	-0.730769230769231
			11.1538461538462	-0.730769230769231
			11.1923076923077	-0.730769230769231
			11.2307692307692	-0.769230769230769
			11.2692307692308	-0.769230769230769
			11.3076923076923	-0.769230769230769
			11.3461538461538	-0.769230769230769
			11.3846153846154	-0.807692307692308
			11.4230769230769	-0.807692307692308
			11.4615384615385	-0.807692307692308
			11.5	-0.846153846153846
			11.5384615384615	-0.846153846153846
			11.5769230769231	-0.846153846153846
			11.6153846153846	-0.884615384615385
			11.6538461538462	-0.884615384615385
			11.6923076923077	-0.884615384615385
			11.7307692307692	-0.923076923076923
			11.7692307692308	-0.923076923076923
			11.8076923076923	-0.961538461538462
			11.8461538461538	-0.961538461538462
			11.8846153846154	-0.961538461538462
			11.9230769230769	-0.961538461538462
			11.9230769230769	-1
			11.9615384615385	-1
			12	-1
			12.0384615384615	-1.03846153846154
			12.0769230769231	-1.03846153846154
			12.1153846153846	-1.03846153846154
			12.1538461538462	-1.07692307692308
			12.1923076923077	-1.07692307692308
			12.2307692307692	-1.07692307692308
			12.2307692307692	-1.11538461538462
			12.2692307692308	-1.11538461538462
			12.3076923076923	-1.11538461538462
			12.3461538461538	-1.15384615384615
			12.3846153846154	-1.15384615384615
			12.4230769230769	-1.15384615384615
			12.4615384615385	-1.19230769230769
			12.5	-1.19230769230769
			12.5384615384615	-1.23076923076923
			12.5769230769231	-1.23076923076923
			12.6153846153846	-1.23076923076923
			12.6153846153846	-1.26923076923077
			12.6538461538462	-1.26923076923077
			12.6923076923077	-1.30769230769231
			12.7307692307692	-1.34615384615385
			12.7692307692308	-1.34615384615385
			12.8076923076923	-1.38461538461538
			12.8461538461538	-1.42307692307692
			12.8846153846154	-1.46153846153846
			12.9230769230769	-1.46153846153846
			12.9615384615385	-1.5
			13	-1.53846153846154
			13.0384615384615	-1.53846153846154
			13.0384615384615	-1.57692307692308
			13.0769230769231	-1.61538461538462
			13.1153846153846	-1.61538461538462
			13.1538461538462	-1.65384615384615
			13.1923076923077	-1.69230769230769
			13.2307692307692	-1.69230769230769
			13.2692307692308	-1.73076923076923
			13.3076923076923	-1.76923076923077
			13.3461538461538	-1.80769230769231
			13.3846153846154	-1.84615384615385
			13.4230769230769	-1.88461538461538
			13.4615384615385	-1.92307692307692
			13.5	-1.96153846153846
			13.5384615384615	-1.96153846153846
			13.5769230769231	-2
			13.6153846153846	-2.03846153846154
			13.6538461538462	-2.07692307692308
			13.6923076923077	-2.11538461538462
			13.7307692307692	-2.15384615384615
			13.7692307692308	-2.15384615384615
			13.8076923076923	-2.19230769230769
			13.8461538461538	-2.23076923076923
			13.8846153846154	-2.26923076923077
			13.9230769230769	-2.30769230769231
			13.9615384615385	-2.34615384615385
			14	-2.38461538461538
			14.0384615384615	-2.38461538461538
			14.0769230769231	-2.42307692307692
			14.1153846153846	-2.46153846153846
			14.1153846153846	-2.5
			14.1538461538462	-2.53846153846154
			14.1923076923077	-2.57692307692308
			14.2307692307692	-2.61538461538462
			14.2692307692308	-2.61538461538462
			14.3076923076923	-2.65384615384615
			14.3461538461538	-2.69230769230769
			14.3846153846154	-2.73076923076923
			14.4230769230769	-2.76923076923077
			14.4230769230769	-2.80769230769231
			14.4615384615385	-2.84615384615385
			14.5	-2.88461538461538
			14.5384615384615	-2.88461538461538
			14.5769230769231	-2.92307692307692
			14.6153846153846	-2.96153846153846
			14.6538461538462	-3
			14.6538461538462	-3.03846153846154
			14.6923076923077	-3.07692307692308
			14.7307692307692	-3.11538461538462
			14.7692307692308	-3.15384615384615
			14.8076923076923	-3.19230769230769
			14.8461538461538	-3.19230769230769
			14.8461538461538	-3.23076923076923
			14.8846153846154	-3.26923076923077
			14.9230769230769	-3.30769230769231
			14.9615384615385	-3.34615384615385
			15	-3.38461538461539
			15	-3.42307692307692
			15.0384615384615	-3.46153846153846
			15.0769230769231	-3.5
			15.1153846153846	-3.53846153846154
			15.1538461538462	-3.57692307692308
			15.1923076923077	-3.61538461538462
			15.2307692307692	-3.65384615384615
			15.2307692307692	-3.69230769230769
			15.2692307692308	-3.69230769230769
			15.2692307692308	-3.73076923076923
			15.3076923076923	-3.76923076923077
			15.3461538461538	-3.80769230769231
			15.3846153846154	-3.84615384615385
			15.3846153846154	-3.88461538461539
			15.4230769230769	-3.92307692307692
			15.4615384615385	-3.96153846153846
			15.4615384615385	-4
			15.5	-4
			15.5	-4.03846153846154
			15.5384615384615	-4.07692307692308
			15.5769230769231	-4.11538461538462
			15.5769230769231	-4.15384615384615
			15.6153846153846	-4.15384615384615
			15.6153846153846	-4.19230769230769
			15.6538461538462	-4.23076923076923
			15.6538461538462	-4.26923076923077
			15.6923076923077	-4.30769230769231
			15.7307692307692	-4.30769230769231
			15.7307692307692	-4.34615384615385
			15.7692307692308	-4.38461538461539
			15.7692307692308	-4.42307692307692
			15.8076923076923	-4.46153846153846
			15.8461538461538	-4.5
			15.8846153846154	-4.53846153846154
			15.8846153846154	-4.57692307692308
			15.9230769230769	-4.61538461538462
			15.9230769230769	-4.65384615384615
			15.9615384615385	-4.69230769230769
			16	-4.73076923076923
			16	-4.76923076923077
			16.0384615384615	-4.80769230769231
			16.0769230769231	-4.84615384615385
			16.0769230769231	-4.88461538461539
			16.1153846153846	-4.92307692307692
			16.1153846153846	-4.96153846153846
			16.1538461538462	-5
			16.1538461538462	-5.03846153846154
			16.1923076923077	-5.07692307692308
			16.2307692307692	-5.11538461538462
			16.2307692307692	-5.15384615384615
			16.2692307692308	-5.19230769230769
			16.2692307692308	-5.23076923076923
			16.3076923076923	-5.26923076923077
			16.3076923076923	-5.30769230769231
			16.3461538461538	-5.34615384615385
			16.3461538461538	-5.38461538461539
			16.3846153846154	-5.42307692307692
			16.3846153846154	-5.46153846153846
			16.4230769230769	-5.5
			16.4230769230769	-5.53846153846154
			16.4615384615385	-5.57692307692308
			16.4615384615385	-5.61538461538462
			16.5	-5.65384615384615
			16.5	-5.69230769230769
			16.5384615384615	-5.73076923076923
			16.5384615384615	-5.76923076923077
			16.5769230769231	-5.80769230769231
			16.5769230769231	-5.84615384615385
			16.6153846153846	-5.88461538461539
			16.6153846153846	-5.92307692307692
			16.6538461538462	-5.96153846153846
			16.6538461538462	-6
			16.6923076923077	-6.03846153846154
			16.6923076923077	-6.07692307692308
			16.6923076923077	-6.11538461538462
			16.7307692307692	-6.15384615384615
			16.7307692307692	-6.19230769230769
			16.7692307692308	-6.23076923076923
			16.7692307692308	-6.26923076923077
			16.7692307692308	-6.30769230769231
			16.7692307692308	-6.34615384615385
			16.8076923076923	-6.34615384615385
			16.8076923076923	-6.38461538461539
			16.8076923076923	-6.42307692307692
			16.8461538461538	-6.46153846153846
			16.8461538461538	-6.5
			16.8461538461538	-6.53846153846154
			16.8846153846154	-6.57692307692308
			16.8846153846154	-6.61538461538462
			16.8846153846154	-6.65384615384615
			16.9230769230769	-6.69230769230769
			16.9230769230769	-6.73076923076923
			16.9230769230769	-6.76923076923077
			16.9615384615385	-6.80769230769231
			16.9615384615385	-6.84615384615385
			16.9615384615385	-6.88461538461539
			17	-6.92307692307692
			17	-6.96153846153846
			17	-7
			17.0384615384615	-7.03846153846154
			17.0384615384615	-7.07692307692308
			17.0384615384615	-7.11538461538462
			17.0384615384615	-7.15384615384615
			17.0384615384615	-7.19230769230769
			17.0769230769231	-7.19230769230769
			17.0769230769231	-7.23076923076923
			17.0769230769231	-7.26923076923077
			17.0769230769231	-7.30769230769231
			17.1153846153846	-7.34615384615385
			17.1153846153846	-7.38461538461539
			17.1153846153846	-7.42307692307692
			17.1153846153846	-7.46153846153846
			17.1538461538462	-7.5
			17.1538461538462	-7.53846153846154
			17.1538461538462	-7.57692307692308
			17.1538461538462	-7.61538461538462
			17.1538461538462	-7.65384615384615
			17.1923076923077	-7.69230769230769
			17.1923076923077	-7.73076923076923
			17.1923076923077	-7.76923076923077
			17.1923076923077	-7.80769230769231
			17.1923076923077	-7.84615384615385
			17.1923076923077	-7.88461538461539
			17.2307692307692	-7.92307692307692
			17.2307692307692	-7.96153846153846
			17.2307692307692	-8
			17.2307692307692	-8.03846153846154
			17.2307692307692	-8.07692307692308
			17.2307692307692	-8.11538461538461
			17.2692307692308	-8.15384615384616
			17.2692307692308	-8.19230769230769
			17.2692307692308	-8.23076923076923
			17.2692307692308	-8.26923076923077
			17.2692307692308	-8.30769230769231
			17.2692307692308	-8.34615384615385
			17.2692307692308	-8.38461538461539
			17.3076923076923	-8.42307692307692
			17.3076923076923	-8.46153846153846
			17.3076923076923	-8.5
			17.3076923076923	-8.53846153846154
			17.3076923076923	-8.57692307692308
			17.3076923076923	-8.61538461538462
			17.3076923076923	-8.65384615384616
			17.3076923076923	-8.69230769230769
			17.3076923076923	-8.73076923076923
			17.3076923076923	-8.76923076923077
			17.3076923076923	-8.80769230769231
			17.3461538461538	-8.84615384615385
			17.3461538461538	-8.88461538461539
			17.3461538461538	-8.92307692307692
			17.3461538461538	-8.96153846153846
			17.3461538461538	-9
			17.3461538461538	-9.03846153846154
			17.3461538461538	-9.07692307692308
			17.3461538461538	-9.11538461538462
			17.3461538461538	-9.15384615384616
			17.3461538461538	-9.19230769230769
			17.3461538461538	-9.23076923076923
			17.3461538461538	-9.26923076923077
			17.3461538461538	-9.30769230769231
			17.3461538461538	-9.34615384615385
			17.3461538461538	-9.38461538461539
			17.3461538461538	-9.42307692307692
			17.3461538461538	-9.46153846153846
			17.3461538461538	-9.5
			17.3461538461538	-9.53846153846154
			17.3461538461538	-9.57692307692308
			17.3461538461538	-9.61538461538462
			17.3461538461538	-9.65384615384616
			17.3461538461538	-9.69230769230769
		</anterior>
		<posterior type=matrix rownames=FALSE colnames=FALSE nrow=508 ncol=2 as.numeric=TRUE >
			8.80769230769231	-9.69230769230769
			8.84615384615385	-9.69230769230769
			8.88461538461539	-9.69230769230769
			8.92307692307692	-9.73076923076923
			8.96153846153846	-9.73076923076923
			9	-9.73076923076923
			9.03846153846154	-9.73076923076923
			9.07692307692308	-9.73076923076923
			9.11538461538462	-9.73076923076923
			9.15384615384616	-9.73076923076923
			9.19230769230769	-9.73076923076923
			9.23076923076923	-9.76923076923077
			9.26923076923077	-9.76923076923077
			9.30769230769231	-9.76923076923077
			9.34615384615385	-9.76923076923077
			9.38461538461539	-9.76923076923077
			9.42307692307692	-9.76923076923077
			9.46153846153846	-9.76923076923077
			9.5	-9.76923076923077
			9.53846153846154	-9.76923076923077
			9.57692307692308	-9.76923076923077
			9.61538461538462	-9.80769230769231
			9.65384615384616	-9.80769230769231
			9.69230769230769	-9.80769230769231
			9.73076923076923	-9.80769230769231
			9.76923076923077	-9.80769230769231
			9.80769230769231	-9.80769230769231
			9.84615384615385	-9.80769230769231
			9.88461538461539	-9.80769230769231
			9.92307692307692	-9.80769230769231
			9.96153846153846	-9.80769230769231
			10	-9.80769230769231
			10.0384615384615	-9.80769230769231
			10.0769230769231	-9.80769230769231
			10.1153846153846	-9.80769230769231
			10.1538461538462	-9.80769230769231
			10.1923076923077	-9.80769230769231
			10.2307692307692	-9.80769230769231
			10.2692307692308	-9.80769230769231
			10.3076923076923	-9.80769230769231
			10.3461538461538	-9.80769230769231
			10.3846153846154	-9.80769230769231
			10.4230769230769	-9.80769230769231
			10.4615384615385	-9.80769230769231
			10.5	-9.80769230769231
			10.5384615384615	-9.80769230769231
			10.5769230769231	-9.80769230769231
			10.6153846153846	-9.80769230769231
			10.6538461538462	-9.80769230769231
			10.6923076923077	-9.80769230769231
			10.7307692307692	-9.80769230769231
			10.7692307692308	-9.76923076923077
			10.8076923076923	-9.76923076923077
			10.8461538461538	-9.76923076923077
			10.8846153846154	-9.76923076923077
			10.9230769230769	-9.76923076923077
			10.9615384615385	-9.76923076923077
			11	-9.76923076923077
			11.0384615384615	-9.73076923076923
			11.0769230769231	-9.73076923076923
			11.1153846153846	-9.69230769230769
			11.1538461538462	-9.69230769230769
			11.1923076923077	-9.65384615384616
			11.2307692307692	-9.65384615384616
			11.2692307692308	-9.61538461538462
			11.3076923076923	-9.61538461538462
			11.3461538461538	-9.57692307692308
			11.3846153846154	-9.61538461538462
			11.4230769230769	-9.65384615384616
			11.4615384615385	-9.65384615384616
			11.5	-9.69230769230769
			11.5384615384615	-9.69230769230769
			11.5769230769231	-9.69230769230769
			11.6153846153846	-9.69230769230769
			11.6538461538462	-9.69230769230769
			11.6923076923077	-9.73076923076923
			11.7307692307692	-9.73076923076923
			11.7692307692308	-9.73076923076923
			11.8076923076923	-9.73076923076923
			11.8461538461538	-9.73076923076923
			11.8846153846154	-9.73076923076923
			11.9230769230769	-9.69230769230769
			11.9615384615385	-9.69230769230769
			12	-9.69230769230769
			12.0384615384615	-9.69230769230769
			12.0769230769231	-9.69230769230769
			12.1153846153846	-9.69230769230769
			12.1538461538462	-9.69230769230769
			12.1923076923077	-9.69230769230769
			12.2307692307692	-9.65384615384616
			12.2692307692308	-9.65384615384616
			12.3076923076923	-9.65384615384616
			12.3461538461538	-9.65384615384616
			12.3846153846154	-9.65384615384616
			12.4230769230769	-9.65384615384616
			12.4615384615385	-9.69230769230769
			12.5	-9.69230769230769
			12.5384615384615	-9.69230769230769
			12.5769230769231	-9.69230769230769
			12.6153846153846	-9.73076923076923
			12.6538461538462	-9.73076923076923
			12.6923076923077	-9.76923076923077
			12.7307692307692	-9.76923076923077
			12.7692307692308	-9.80769230769231
			12.8076923076923	-9.84615384615385
			12.8461538461538	-9.84615384615385
			12.8846153846154	-9.88461538461539
			12.9230769230769	-9.88461538461539
			12.9230769230769	-9.92307692307692
			12.9615384615385	-9.92307692307692
			13	-9.96153846153846
			13.0384615384615	-9.96153846153846
			13.0769230769231	-9.96153846153846
			13.1153846153846	-10
			13.1538461538462	-10
			13.1923076923077	-10
			13.2307692307692	-10
			13.2692307692308	-10
			13.3076923076923	-10
			13.3461538461538	-10.0384615384615
			13.3846153846154	-10.0384615384615
			13.4230769230769	-10.0384615384615
			13.4615384615385	-10.0384615384615
			13.5	-10.0384615384615
			13.5384615384615	-10.0384615384615
			13.5769230769231	-10.0384615384615
			13.6153846153846	-10.0769230769231
			13.6538461538462	-10.0769230769231
			13.6923076923077	-10.0769230769231
			13.7307692307692	-10.0769230769231
			13.7692307692308	-10.0769230769231
			13.8076923076923	-10.0769230769231
			13.8461538461538	-10.0769230769231
			13.8846153846154	-10.1153846153846
			13.9230769230769	-10.1153846153846
			13.9615384615385	-10.1153846153846
			14	-10.1153846153846
			14.0384615384615	-10.1153846153846
			14.0769230769231	-10.1153846153846
			14.1153846153846	-10.1153846153846
			14.1538461538462	-10.1153846153846
			14.1923076923077	-10.1538461538462
			14.2307692307692	-10.1538461538462
			14.2692307692308	-10.1538461538462
			14.3076923076923	-10.1538461538462
			14.3461538461538	-10.1538461538462
			14.3846153846154	-10.1538461538462
			14.4230769230769	-10.1538461538462
			14.4615384615385	-10.1538461538462
			14.5	-10.1923076923077
			14.5384615384615	-10.1923076923077
			14.5769230769231	-10.1923076923077
			14.6153846153846	-10.1923076923077
			14.6538461538462	-10.2307692307692
			14.6923076923077	-10.2307692307692
			14.7307692307692	-10.2307692307692
			14.7692307692308	-10.2307692307692
			14.7692307692308	-10.2692307692308
			14.8076923076923	-10.2692307692308
			14.8461538461538	-10.2692307692308
			14.8846153846154	-10.2692307692308
			14.9230769230769	-10.3076923076923
			14.9615384615385	-10.3076923076923
			15	-10.3076923076923
			15.0384615384615	-10.3461538461538
			15.0769230769231	-10.3461538461538
			15.1153846153846	-10.3846153846154
			15.1538461538462	-10.3846153846154
			15.1923076923077	-10.3846153846154
			15.1923076923077	-10.4230769230769
			15.2307692307692	-10.4230769230769
			15.2692307692308	-10.4230769230769
			15.3076923076923	-10.4615384615385
			15.3461538461538	-10.4615384615385
			15.3846153846154	-10.5
			15.4230769230769	-10.5384615384615
			15.4615384615385	-10.5384615384615
			15.5	-10.5769230769231
			15.5384615384615	-10.6153846153846
			15.5769230769231	-10.6153846153846
			15.5769230769231	-10.6538461538462
			15.6153846153846	-10.6923076923077
			15.6153846153846	-10.7307692307692
			15.6538461538462	-10.7692307692308
			15.6538461538462	-10.8076923076923
			15.6538461538462	-10.8461538461538
			15.6923076923077	-10.8846153846154
			15.6923076923077	-10.9230769230769
			15.7307692307692	-10.9615384615385
			15.7307692307692	-11
			15.7307692307692	-11.0384615384615
			15.7692307692308	-11.0769230769231
			15.7692307692308	-11.1153846153846
			15.7692307692308	-11.1538461538462
			15.8076923076923	-11.1923076923077
			15.8076923076923	-11.2307692307692
			15.8076923076923	-11.2692307692308
			15.8076923076923	-11.3076923076923
			15.8461538461538	-11.3461538461538
			15.8461538461538	-11.3846153846154
			15.8461538461538	-11.4230769230769
			15.8461538461538	-11.4615384615385
			15.8846153846154	-11.5
			15.8846153846154	-11.5384615384615
			15.8846153846154	-11.5769230769231
			15.9230769230769	-11.6153846153846
			15.9230769230769	-11.6538461538462
			15.9230769230769	-11.6923076923077
			15.9230769230769	-11.7307692307692
			15.9230769230769	-11.7692307692308
			15.9615384615385	-11.8076923076923
			15.9615384615385	-11.8461538461538
			15.9615384615385	-11.8846153846154
			15.9615384615385	-11.9230769230769
			15.9615384615385	-11.9615384615385
			16	-12
			16	-12.0384615384615
			16	-12.0769230769231
			16	-12.1153846153846
			16.0384615384615	-12.1538461538462
			16.0384615384615	-12.1923076923077
			16.0384615384615	-12.2307692307692
			16.0384615384615	-12.2692307692308
			16.0384615384615	-12.3076923076923
			16.0384615384615	-12.3461538461538
			16.0769230769231	-12.3846153846154
			16.0769230769231	-12.4230769230769
			16.0769230769231	-12.4615384615385
			16.0769230769231	-12.5
			16.0769230769231	-12.5384615384615
			16.0769230769231	-12.5769230769231
			16.1153846153846	-12.6153846153846
			16.1153846153846	-12.6538461538462
			16.1153846153846	-12.6923076923077
			16.1153846153846	-12.7307692307692
			16.1153846153846	-12.7692307692308
			16.1153846153846	-12.8076923076923
			16.1538461538462	-12.8461538461538
			16.1538461538462	-12.8846153846154
			16.1538461538462	-12.9230769230769
			16.1538461538462	-12.9615384615385
			16.1538461538462	-13
			16.1538461538462	-13.0384615384615
			16.1923076923077	-13.0769230769231
			16.1923076923077	-13.1153846153846
			16.1923076923077	-13.1538461538462
			16.1923076923077	-13.1923076923077
			16.1923076923077	-13.2307692307692
			16.1923076923077	-13.2692307692308
			16.2307692307692	-13.3076923076923
			16.2307692307692	-13.3461538461538
			16.2307692307692	-13.3846153846154
			16.2307692307692	-13.4230769230769
			16.2307692307692	-13.4615384615385
			16.2307692307692	-13.5
			16.2307692307692	-13.5384615384615
			16.2692307692308	-13.5769230769231
			16.2692307692308	-13.6153846153846
			16.2692307692308	-13.6538461538462
			16.2692307692308	-13.6923076923077
			16.2692307692308	-13.7307692307692
			16.2692307692308	-13.7692307692308
			16.2692307692308	-13.8076923076923
			16.3076923076923	-13.8461538461538
			16.3076923076923	-13.8846153846154
			16.3076923076923	-13.9230769230769
			16.3076923076923	-13.9615384615385
			16.3076923076923	-14
			16.3076923076923	-14.0384615384615
			16.3461538461538	-14.0769230769231
			16.3461538461538	-14.1153846153846
			16.3461538461538	-14.1538461538462
			16.3461538461538	-14.1923076923077
			16.3461538461538	-14.2307692307692
			16.3461538461538	-14.2692307692308
			16.3461538461538	-14.3076923076923
			16.3846153846154	-14.3461538461538
			16.3846153846154	-14.3846153846154
			16.3846153846154	-14.4230769230769
			16.3846153846154	-14.4615384615385
			16.3846153846154	-14.5
			16.3846153846154	-14.5384615384615
			16.3846153846154	-14.5769230769231
			16.4230769230769	-14.6153846153846
			16.4230769230769	-14.6538461538462
			16.4230769230769	-14.6923076923077
			16.4230769230769	-14.7307692307692
			16.4230769230769	-14.7692307692308
			16.4230769230769	-14.8076923076923
			16.4230769230769	-14.8461538461538
			16.4615384615385	-14.8846153846154
			16.4615384615385	-14.9230769230769
			16.4615384615385	-14.9615384615385
			16.4615384615385	-15
			16.4615384615385	-15.0384615384615
			16.4615384615385	-15.0769230769231
			16.4615384615385	-15.1153846153846
			16.4615384615385	-15.1538461538462
			16.5	-15.1923076923077
			16.5	-15.2307692307692
			16.5	-15.2692307692308
			16.5	-15.3076923076923
			16.5	-15.3461538461538
			16.5	-15.3846153846154
			16.5	-15.4230769230769
			16.5	-15.4615384615385
			16.5384615384615	-15.5
			16.5384615384615	-15.5384615384615
			16.5384615384615	-15.5769230769231
			16.5384615384615	-15.6153846153846
			16.5384615384615	-15.6538461538462
			16.5384615384615	-15.6923076923077
			16.5384615384615	-15.7307692307692
			16.5384615384615	-15.7692307692308
			16.5384615384615	-15.8076923076923
			16.5384615384615	-15.8461538461538
			16.5769230769231	-15.8846153846154
			16.5769230769231	-15.9230769230769
			16.5769230769231	-15.9615384615385
			16.5769230769231	-16
			16.5769230769231	-16.0384615384615
			16.5769230769231	-16.0769230769231
			16.5769230769231	-16.1153846153846
			16.5769230769231	-16.1538461538462
			16.5769230769231	-16.1923076923077
			16.5769230769231	-16.2307692307692
			16.5769230769231	-16.2692307692308
			16.5769230769231	-16.3076923076923
			16.5769230769231	-16.3461538461538
			16.6153846153846	-16.3846153846154
			16.6153846153846	-16.4230769230769
			16.6538461538462	-16.4230769230769
			16.6923076923077	-16.3846153846154
			16.6923076923077	-16.3461538461538
			16.7307692307692	-16.3076923076923
			16.7307692307692	-16.2692307692308
			16.7307692307692	-16.2307692307692
			16.7692307692308	-16.1923076923077
			16.7692307692308	-16.1538461538462
			16.7692307692308	-16.1153846153846
			16.8076923076923	-16.0769230769231
			16.8076923076923	-16.0384615384615
			16.8076923076923	-16
			16.8076923076923	-15.9615384615385
			16.8461538461538	-15.9230769230769
			16.8461538461538	-15.8846153846154
			16.8461538461538	-15.8461538461538
			16.8846153846154	-15.8076923076923
			16.8846153846154	-15.7692307692308
			16.8846153846154	-15.7307692307692
			16.8846153846154	-15.6923076923077
			16.9230769230769	-15.6538461538462
			16.9230769230769	-15.6153846153846
			16.9230769230769	-15.5769230769231
			16.9230769230769	-15.5384615384615
			16.9615384615385	-15.5
			16.9615384615385	-15.4615384615385
			16.9615384615385	-15.4230769230769
			16.9615384615385	-15.3846153846154
			16.9615384615385	-15.3461538461538
			17	-15.3461538461538
			17	-15.3076923076923
			17	-15.2692307692308
			17	-15.2307692307692
			17	-15.1923076923077
			17.0384615384615	-15.1538461538462
			17.0384615384615	-15.1153846153846
			17.0384615384615	-15.0769230769231
			17.0384615384615	-15.0384615384615
			17.0769230769231	-15
			17.0769230769231	-14.9615384615385
			17.0769230769231	-14.9230769230769
			17.0769230769231	-14.8846153846154
			17.0769230769231	-14.8461538461538
			17.1153846153846	-14.8076923076923
			17.1153846153846	-14.7692307692308
			17.1153846153846	-14.7307692307692
			17.1153846153846	-14.6923076923077
			17.1153846153846	-14.6538461538462
			17.1538461538462	-14.6153846153846
			17.1538461538462	-14.5769230769231
			17.1538461538462	-14.5384615384615
			17.1538461538462	-14.5
			17.1923076923077	-14.4615384615385
			17.1923076923077	-14.4230769230769
			17.1923076923077	-14.3846153846154
			17.1923076923077	-14.3461538461538
			17.1923076923077	-14.3076923076923
			17.1923076923077	-14.2692307692308
			17.2307692307692	-14.2307692307692
			17.2307692307692	-14.1923076923077
			17.2307692307692	-14.1538461538462
			17.2307692307692	-14.1153846153846
			17.2307692307692	-14.0769230769231
			17.2307692307692	-14.0384615384615
			17.2692307692308	-14
			17.2692307692308	-13.9615384615385
			17.2692307692308	-13.9230769230769
			17.2692307692308	-13.8846153846154
			17.2692307692308	-13.8461538461538
			17.2692307692308	-13.8076923076923
			17.2692307692308	-13.7692307692308
			17.3076923076923	-13.7307692307692
			17.3076923076923	-13.6923076923077
			17.3076923076923	-13.6538461538462
			17.3076923076923	-13.6153846153846
			17.3076923076923	-13.5769230769231
			17.3076923076923	-13.5384615384615
			17.3076923076923	-13.5
			17.3076923076923	-13.4615384615385
			17.3461538461538	-13.4230769230769
			17.3461538461538	-13.3846153846154
			17.3461538461538	-13.3461538461538
			17.3461538461538	-13.3076923076923
			17.3461538461538	-13.2692307692308
			17.3461538461538	-13.2307692307692
			17.3461538461538	-13.1923076923077
			17.3461538461538	-13.1538461538462
			17.3461538461538	-13.1153846153846
			17.3461538461538	-13.0769230769231
			17.3846153846154	-13.0384615384615
			17.3846153846154	-13
			17.3846153846154	-12.9615384615385
			17.3846153846154	-12.9230769230769
			17.3846153846154	-12.8846153846154
			17.3846153846154	-12.8461538461538
			17.3846153846154	-12.8076923076923
			17.3846153846154	-12.7692307692308
			17.3846153846154	-12.7307692307692
			17.3846153846154	-12.6923076923077
			17.3846153846154	-12.6538461538462
			17.3846153846154	-12.6153846153846
			17.3846153846154	-12.5769230769231
			17.3846153846154	-12.5384615384615
			17.3846153846154	-12.5
			17.3846153846154	-12.4615384615385
			17.4230769230769	-12.4230769230769
			17.4230769230769	-12.3846153846154
			17.4230769230769	-12.3461538461538
			17.4230769230769	-12.3076923076923
			17.4230769230769	-12.2692307692308
			17.4230769230769	-12.2307692307692
			17.4230769230769	-12.1923076923077
			17.4230769230769	-12.1538461538462
			17.4230769230769	-12.1153846153846
			17.4230769230769	-12.0769230769231
			17.4230769230769	-12.0384615384615
			17.4230769230769	-12
			17.4230769230769	-11.9615384615385
			17.4230769230769	-11.9230769230769
			17.4230769230769	-11.8846153846154
			17.4230769230769	-11.8461538461538
			17.4230769230769	-11.8076923076923
			17.4230769230769	-11.7692307692308
			17.4230769230769	-11.7307692307692
			17.4230769230769	-11.6923076923077
			17.4230769230769	-11.6538461538462
			17.4230769230769	-11.6153846153846
			17.4230769230769	-11.5769230769231
			17.4230769230769	-11.5384615384615
			17.4230769230769	-11.5
			17.4230769230769	-11.4615384615385
			17.4230769230769	-11.4230769230769
			17.4230769230769	-11.3846153846154
			17.4230769230769	-11.3461538461538
			17.4230769230769	-11.3076923076923
			17.4230769230769	-11.2692307692308
			17.4230769230769	-11.2307692307692
			17.4230769230769	-11.1923076923077
			17.4230769230769	-11.1538461538462
			17.4230769230769	-11.1153846153846
			17.4230769230769	-11.0769230769231
			17.4230769230769	-11.0384615384615
			17.4230769230769	-11
			17.4230769230769	-10.9615384615385
			17.4230769230769	-10.9230769230769
			17.4230769230769	-10.8846153846154
			17.4230769230769	-10.8461538461538
			17.4230769230769	-10.8076923076923
			17.4230769230769	-10.7692307692308
			17.4230769230769	-10.7307692307692
			17.4230769230769	-10.6923076923077
			17.3846153846154	-10.6538461538462
			17.3846153846154	-10.6153846153846
			17.3846153846154	-10.5769230769231
			17.3846153846154	-10.5384615384615
			17.3846153846154	-10.5
			17.3846153846154	-10.4615384615385
			17.3846153846154	-10.4230769230769
			17.3846153846154	-10.3846153846154
			17.3846153846154	-10.3461538461538
			17.3846153846154	-10.3076923076923
			17.3846153846154	-10.2692307692308
			17.3846153846154	-10.2307692307692
			17.3846153846154	-10.1923076923077
			17.3846153846154	-10.1538461538462
			17.3846153846154	-10.1153846153846
			17.3846153846154	-10.0769230769231
			17.3846153846154	-10.0384615384615
			17.3846153846154	-10
			17.3461538461538	-9.96153846153846
			17.3461538461538	-9.92307692307692
			17.3461538461538	-9.88461538461539
			17.3461538461538	-9.84615384615385
			17.3461538461538	-9.80769230769231
			17.3461538461538	-9.76923076923077
			17.3461538461538	-9.73076923076923
			17.3461538461538	-9.69230769230769
		</posterior>
	</curves.scaled>
	<ruler.points type=matrix rownames=TRUE colnames=FALSE nrow=2 ncol=2 as.numeric=TRUE >
		Ruler point 1	363	34
		Ruler point 2	441	34
	</ruler.points>
</shapes>

