<shapes type=list>
	<ruler.pixel type=vector names=FALSE length=1 as.numeric=TRUE >184</ruler.pixel>
	<ruler.interval type=vector names=FALSE length=1 as.numeric=TRUE >5</ruler.interval>
	<scaling.units type=vector names=FALSE length=1 as.numeric=FALSE >mm</scaling.units>
	<scaling type=vector names=FALSE length=1 as.numeric=TRUE >0.0271739130434783</scaling>
	<landmarks.pixel type=matrix rownames=TRUE colnames=FALSE nrow=16 ncol=2 as.numeric=TRUE >
		LM1	155	37
		LM2	155	50
		LM3	155	160
		LM4	155	179
		LM5	199	129
		LM6	191	162
		LM7	191	170
		LM8	223	77
		LM9	223	98
		LM10	155	37
		LM11	254	120
		LM12	264	124
		LM13	155	37
		LM14	232	87
		LM15	313	179
		LM16	330	261
	</landmarks.pixel>
	<landmarks.scaled type=matrix rownames=TRUE colnames=FALSE nrow=16 ncol=2 as.numeric=TRUE >
		LM1	4.21195652173913	-1.0054347826087
		LM2	4.21195652173913	-1.35869565217391
		LM3	4.21195652173913	-4.34782608695652
		LM4	4.21195652173913	-4.86413043478261
		LM5	5.40760869565217	-3.5054347826087
		LM6	5.19021739130435	-4.40217391304348
		LM7	5.19021739130435	-4.6195652173913
		LM8	6.05978260869565	-2.09239130434783
		LM9	6.05978260869565	-2.66304347826087
		LM10	4.21195652173913	-1.0054347826087
		LM11	6.90217391304348	-3.26086956521739
		LM12	7.17391304347826	-3.3695652173913
		LM13	4.21195652173913	-1.0054347826087
		LM14	6.30434782608696	-2.36413043478261
		LM15	8.5054347826087	-4.86413043478261
		LM16	8.96739130434783	-7.09239130434783
	</landmarks.scaled>
	<curves.control type=list>
		<glabella type=matrix rownames=FALSE colnames=FALSE nrow=3 ncol=2 as.numeric=TRUE >
			155	50
			215	52
			191	170
		</glabella>
		<suture type=matrix rownames=FALSE colnames=FALSE nrow=9 ncol=2 as.numeric=TRUE >
			155	37
			166	37
			200	43
			215	41
			223	77
			236	86
			222	99
			230	117
			264	124
		</suture>
		<anterior type=matrix rownames=FALSE colnames=FALSE nrow=5 ncol=2 as.numeric=TRUE >
			155	37
			167	37
			200	43
			260	55
			313	179
		</anterior>
		<posterior type=matrix rownames=FALSE colnames=FALSE nrow=21 ncol=2 as.numeric=TRUE >
			155	179
			172	183
			191	170
			210	162
			226	155
			238	154
			242	160
			253	179
			259	197
			254	169
			250	157
			253	148
			260	136
			264	129
			268	116
			276	114
			294	152
			309	181
			330	262
			326	225
			313	179
		</posterior>
	</curves.control>
	<curves.pixel type=list>
		<glabella type=matrix rownames=FALSE colnames=FALSE nrow=143 ncol=2 as.numeric=TRUE >
			155	50
			156	50
			157	50
			158	50
			159	50
			160	50
			161	51
			162	51
			163	51
			164	51
			165	51
			166	51
			166	52
			167	52
			168	52
			169	52
			170	53
			171	53
			172	54
			173	54
			174	55
			175	55
			176	56
			177	56
			177	57
			178	57
			179	58
			180	58
			181	59
			181	60
			182	60
			183	61
			184	62
			184	63
			185	63
			186	64
			186	65
			187	66
			187	67
			188	68
			189	68
			189	69
			190	70
			190	71
			191	72
			191	73
			192	74
			192	75
			192	76
			193	77
			193	78
			193	79
			194	80
			194	81
			194	82
			195	83
			195	84
			195	85
			195	86
			196	87
			196	88
			196	89
			196	90
			196	91
			196	92
			197	93
			197	94
			197	95
			197	96
			197	97
			197	98
			197	99
			197	100
			197	101
			198	102
			198	103
			198	104
			198	105
			198	106
			198	107
			198	108
			198	109
			198	110
			198	111
			198	112
			198	113
			198	114
			198	115
			198	116
			198	117
			198	118
			198	119
			198	120
			198	121
			198	122
			198	123
			197	124
			197	125
			197	126
			197	127
			197	128
			197	129
			197	130
			197	131
			197	132
			197	133
			197	134
			197	135
			196	136
			196	137
			196	138
			196	139
			196	140
			196	141
			196	142
			196	143
			195	144
			195	145
			195	146
			195	147
			195	148
			195	149
			195	150
			194	151
			194	152
			194	153
			194	154
			194	155
			194	156
			193	157
			193	158
			193	159
			193	160
			193	161
			193	162
			192	163
			192	164
			192	165
			192	166
			192	167
			191	168
			191	169
			191	170
		</glabella>
		<suture type=matrix rownames=FALSE colnames=FALSE nrow=161 ncol=2 as.numeric=TRUE >
			155	37
			156	37
			157	37
			158	37
			159	37
			160	37
			161	37
			162	37
			163	37
			164	38
			165	38
			166	38
			167	38
			168	38
			169	38
			170	38
			171	38
			172	39
			173	39
			174	39
			175	39
			176	39
			177	39
			178	39
			179	40
			180	40
			181	40
			182	40
			183	40
			184	40
			185	40
			186	41
			187	41
			188	41
			189	41
			190	41
			191	42
			192	42
			193	42
			194	42
			195	42
			196	42
			197	42
			198	43
			199	43
			200	43
			201	43
			202	43
			203	43
			204	43
			205	43
			206	44
			207	44
			208	45
			209	46
			210	47
			211	48
			212	49
			213	50
			214	51
			214	52
			215	53
			215	54
			216	55
			216	56
			217	57
			217	58
			218	59
			218	60
			218	61
			219	62
			219	63
			219	64
			220	65
			220	66
			220	67
			221	68
			221	69
			221	70
			222	71
			222	72
			222	73
			222	74
			223	75
			223	76
			223	77
			224	77
			224	78
			225	78
			225	79
			226	79
			227	80
			227	81
			228	81
			228	82
			228	83
			229	83
			229	84
			229	85
			229	86
			229	87
			229	88
			229	89
			229	90
			228	91
			228	92
			227	93
			227	94
			226	95
			225	96
			224	96
			224	97
			223	98
			222	99
			222	100
			223	101
			224	102
			224	103
			225	104
			226	105
			226	106
			227	107
			228	108
			229	108
			230	109
			231	110
			231	111
			232	112
			233	112
			234	112
			234	113
			235	113
			236	114
			237	115
			238	115
			239	116
			240	116
			241	116
			242	117
			243	117
			244	118
			245	118
			246	119
			247	119
			248	119
			249	120
			250	120
			251	121
			252	121
			253	121
			254	122
			255	122
			256	122
			257	122
			258	123
			259	123
			260	123
			261	123
			262	124
			263	124
			264	124
		</suture>
		<anterior type=matrix rownames=FALSE colnames=FALSE nrow=209 ncol=2 as.numeric=TRUE >
			155	37
			156	37
			157	37
			158	37
			159	37
			160	37
			161	37
			162	37
			163	37
			164	38
			165	38
			166	38
			167	38
			168	38
			169	38
			170	38
			171	38
			172	38
			173	39
			174	39
			175	39
			176	39
			177	39
			178	39
			179	39
			180	40
			181	40
			182	40
			183	40
			184	40
			185	40
			186	41
			187	41
			188	41
			189	41
			190	41
			191	41
			192	42
			193	42
			194	42
			195	42
			196	42
			197	42
			198	43
			199	43
			200	43
			201	43
			202	43
			203	44
			204	44
			205	44
			206	44
			207	45
			208	45
			209	45
			210	46
			211	46
			212	46
			213	47
			214	48
			215	48
			216	48
			217	49
			218	49
			219	50
			220	50
			221	51
			222	51
			222	52
			223	52
			224	52
			225	53
			226	53
			226	54
			227	54
			228	55
			229	55
			230	56
			230	57
			231	57
			232	58
			233	58
			233	59
			234	59
			235	60
			236	61
			237	61
			237	62
			238	63
			239	63
			240	64
			241	65
			242	66
			243	67
			244	68
			245	69
			246	69
			247	70
			248	71
			249	72
			250	73
			250	74
			251	75
			252	76
			253	77
			254	78
			255	79
			256	80
			257	81
			257	82
			258	83
			259	83
			259	84
			260	85
			261	86
			261	87
			262	88
			263	89
			264	90
			265	91
			266	92
			266	93
			267	94
			268	95
			268	96
			269	97
			270	98
			270	99
			271	100
			272	101
			273	102
			273	103
			274	104
			275	105
			275	106
			276	107
			277	108
			277	109
			278	110
			278	111
			279	112
			280	113
			280	114
			281	115
			281	116
			282	117
			282	118
			283	118
			283	119
			284	120
			284	121
			285	122
			286	123
			286	124
			287	125
			287	126
			288	127
			289	128
			289	129
			290	130
			290	131
			291	132
			291	133
			292	134
			292	135
			293	136
			293	137
			294	138
			294	139
			295	140
			295	141
			296	142
			296	143
			297	144
			297	145
			298	146
			298	147
			299	148
			299	149
			300	150
			300	151
			301	152
			301	153
			302	154
			302	155
			303	156
			303	157
			304	158
			304	159
			305	160
			305	161
			306	162
			306	163
			307	164
			307	165
			308	166
			308	167
			308	168
			309	169
			309	170
			310	171
			310	172
			310	173
			311	174
			311	175
			312	176
			312	177
			313	178
			313	179
		</anterior>
		<posterior type=matrix rownames=FALSE colnames=FALSE nrow=448 ncol=2 as.numeric=TRUE >
			155	179
			156	179
			157	179
			158	180
			159	180
			160	180
			161	180
			162	180
			163	180
			164	180
			165	180
			166	180
			167	180
			168	180
			169	179
			170	179
			171	179
			172	179
			173	179
			174	178
			175	178
			176	178
			177	177
			178	177
			179	177
			180	176
			181	176
			182	175
			183	175
			184	174
			185	174
			186	173
			187	173
			188	172
			189	171
			190	171
			191	170
			192	170
			193	169
			194	169
			195	168
			196	168
			197	167
			198	167
			199	167
			200	166
			201	166
			202	165
			203	165
			204	165
			205	164
			206	164
			207	163
			208	163
			209	163
			210	162
			211	161
			212	161
			213	161
			214	160
			215	160
			216	159
			217	159
			218	159
			219	158
			220	158
			221	157
			222	157
			223	156
			224	156
			225	156
			226	155
			227	155
			228	155
			229	155
			230	155
			231	155
			232	155
			233	155
			234	155
			235	155
			235	156
			236	156
			237	156
			238	156
			239	157
			240	158
			241	158
			241	159
			242	160
			243	161
			243	162
			244	163
			244	164
			245	165
			245	166
			246	167
			246	168
			247	169
			248	170
			248	171
			248	172
			249	172
			249	173
			249	174
			250	175
			251	176
			251	177
			251	178
			252	179
			252	180
			253	181
			253	182
			253	183
			254	184
			255	185
			255	186
			255	187
			256	188
			256	189
			257	190
			257	191
			257	192
			257	193
			258	193
			258	194
			258	195
			259	196
			259	197
			259	196
			259	195
			258	194
			258	193
			258	192
			258	191
			258	190
			257	189
			257	188
			257	187
			257	186
			257	185
			257	184
			256	183
			256	182
			256	181
			256	180
			256	179
			255	178
			255	177
			255	176
			255	175
			254	174
			254	173
			254	172
			254	171
			253	170
			253	169
			253	168
			253	167
			253	166
			252	165
			252	164
			252	163
			251	162
			251	161
			251	160
			251	159
			250	158
			250	157
			250	156
			251	155
			251	154
			252	153
			252	152
			252	151
			253	150
			253	149
			254	148
			254	147
			255	146
			255	145
			256	144
			256	143
			257	142
			257	141
			258	140
			258	139
			259	138
			260	137
			260	136
			261	135
			261	134
			262	133
			262	132
			263	131
			263	130
			263	129
			264	128
			264	127
			265	126
			265	125
			265	124
			266	124
			266	123
			266	122
			266	121
			267	120
			267	119
			267	118
			268	117
			268	116
			269	116
			270	116
			271	117
			272	117
			273	118
			274	119
			275	120
			276	121
			277	122
			278	123
			278	124
			279	125
			280	126
			281	127
			282	128
			282	129
			282	130
			283	131
			283	132
			284	133
			285	134
			286	135
			286	136
			286	137
			287	138
			288	139
			288	140
			288	141
			289	142
			289	143
			290	144
			290	145
			291	146
			291	147
			292	148
			293	149
			293	150
			294	151
			294	152
			295	153
			295	154
			295	155
			296	156
			296	157
			297	158
			297	159
			298	160
			298	161
			299	162
			299	163
			300	164
			300	165
			301	166
			301	167
			301	168
			301	169
			302	169
			302	170
			302	171
			303	172
			303	173
			304	174
			304	175
			304	176
			305	177
			305	178
			305	179
			306	180
			306	181
			306	182
			307	183
			307	184
			308	185
			308	186
			308	187
			308	188
			309	188
			309	189
			309	190
			310	191
			310	192
			310	193
			310	194
			311	194
			311	195
			311	196
			311	197
			312	198
			312	199
			312	200
			313	201
			313	202
			314	203
			314	204
			314	205
			314	206
			315	207
			315	208
			315	209
			315	210
			316	211
			316	212
			316	213
			317	214
			317	215
			317	216
			318	217
			318	218
			318	219
			319	220
			319	221
			319	222
			319	223
			320	224
			320	225
			320	226
			320	227
			321	227
			321	228
			321	229
			321	230
			322	231
			322	232
			322	233
			323	234
			323	235
			323	236
			323	237
			324	238
			324	239
			324	240
			324	241
			325	242
			325	243
			325	244
			326	245
			326	246
			326	247
			326	248
			327	249
			327	250
			327	251
			327	252
			328	253
			328	254
			328	255
			328	256
			329	257
			329	258
			329	259
			329	260
			330	261
			330	262
			330	261
			330	260
			330	259
			329	258
			329	257
			329	256
			329	255
			329	254
			329	253
			329	252
			329	251
			329	250
			328	250
			328	249
			328	248
			328	247
			328	246
			328	245
			328	244
			327	243
			327	242
			327	241
			327	240
			327	239
			327	238
			326	237
			326	236
			326	235
			326	234
			326	233
			326	232
			325	231
			325	230
			325	229
			325	228
			325	227
			324	226
			324	225
			324	224
			324	223
			324	222
			323	221
			323	220
			323	219
			323	218
			322	217
			322	216
			322	215
			322	214
			322	213
			321	212
			321	211
			321	210
			321	209
			321	208
			320	207
			320	206
			320	205
			320	204
			319	203
			319	202
			319	201
			319	200
			318	199
			318	198
			318	197
			317	196
			317	195
			317	194
			317	193
			317	192
			316	191
			316	190
			316	189
			315	188
			315	187
			315	186
			315	185
			314	184
			314	183
			314	182
			313	181
			313	180
			313	179
		</posterior>
	</curves.pixel>
	<curves.scaled type=list>
		<glabella type=matrix rownames=FALSE colnames=FALSE nrow=143 ncol=2 as.numeric=TRUE >
			4.21195652173913	-1.35869565217391
			4.23913043478261	-1.35869565217391
			4.26630434782609	-1.35869565217391
			4.29347826086957	-1.35869565217391
			4.32065217391304	-1.35869565217391
			4.34782608695652	-1.35869565217391
			4.375	-1.38586956521739
			4.40217391304348	-1.38586956521739
			4.42934782608696	-1.38586956521739
			4.45652173913043	-1.38586956521739
			4.48369565217391	-1.38586956521739
			4.51086956521739	-1.38586956521739
			4.51086956521739	-1.41304347826087
			4.53804347826087	-1.41304347826087
			4.56521739130435	-1.41304347826087
			4.59239130434783	-1.41304347826087
			4.6195652173913	-1.44021739130435
			4.64673913043478	-1.44021739130435
			4.67391304347826	-1.46739130434783
			4.70108695652174	-1.46739130434783
			4.72826086956522	-1.4945652173913
			4.7554347826087	-1.4945652173913
			4.78260869565217	-1.52173913043478
			4.80978260869565	-1.52173913043478
			4.80978260869565	-1.54891304347826
			4.83695652173913	-1.54891304347826
			4.86413043478261	-1.57608695652174
			4.89130434782609	-1.57608695652174
			4.91847826086957	-1.60326086956522
			4.91847826086957	-1.6304347826087
			4.94565217391304	-1.6304347826087
			4.97282608695652	-1.65760869565217
			5	-1.68478260869565
			5	-1.71195652173913
			5.02717391304348	-1.71195652173913
			5.05434782608696	-1.73913043478261
			5.05434782608696	-1.76630434782609
			5.08152173913043	-1.79347826086957
			5.08152173913043	-1.82065217391304
			5.10869565217391	-1.84782608695652
			5.13586956521739	-1.84782608695652
			5.13586956521739	-1.875
			5.16304347826087	-1.90217391304348
			5.16304347826087	-1.92934782608696
			5.19021739130435	-1.95652173913043
			5.19021739130435	-1.98369565217391
			5.21739130434783	-2.01086956521739
			5.21739130434783	-2.03804347826087
			5.21739130434783	-2.06521739130435
			5.2445652173913	-2.09239130434783
			5.2445652173913	-2.1195652173913
			5.2445652173913	-2.14673913043478
			5.27173913043478	-2.17391304347826
			5.27173913043478	-2.20108695652174
			5.27173913043478	-2.22826086956522
			5.29891304347826	-2.2554347826087
			5.29891304347826	-2.28260869565217
			5.29891304347826	-2.30978260869565
			5.29891304347826	-2.33695652173913
			5.32608695652174	-2.36413043478261
			5.32608695652174	-2.39130434782609
			5.32608695652174	-2.41847826086956
			5.32608695652174	-2.44565217391304
			5.32608695652174	-2.47282608695652
			5.32608695652174	-2.5
			5.35326086956522	-2.52717391304348
			5.35326086956522	-2.55434782608696
			5.35326086956522	-2.58152173913043
			5.35326086956522	-2.60869565217391
			5.35326086956522	-2.63586956521739
			5.35326086956522	-2.66304347826087
			5.35326086956522	-2.69021739130435
			5.35326086956522	-2.71739130434783
			5.35326086956522	-2.7445652173913
			5.3804347826087	-2.77173913043478
			5.3804347826087	-2.79891304347826
			5.3804347826087	-2.82608695652174
			5.3804347826087	-2.85326086956522
			5.3804347826087	-2.8804347826087
			5.3804347826087	-2.90760869565217
			5.3804347826087	-2.93478260869565
			5.3804347826087	-2.96195652173913
			5.3804347826087	-2.98913043478261
			5.3804347826087	-3.01630434782609
			5.3804347826087	-3.04347826086956
			5.3804347826087	-3.07065217391304
			5.3804347826087	-3.09782608695652
			5.3804347826087	-3.125
			5.3804347826087	-3.15217391304348
			5.3804347826087	-3.17934782608696
			5.3804347826087	-3.20652173913043
			5.3804347826087	-3.23369565217391
			5.3804347826087	-3.26086956521739
			5.3804347826087	-3.28804347826087
			5.3804347826087	-3.31521739130435
			5.3804347826087	-3.34239130434783
			5.35326086956522	-3.3695652173913
			5.35326086956522	-3.39673913043478
			5.35326086956522	-3.42391304347826
			5.35326086956522	-3.45108695652174
			5.35326086956522	-3.47826086956522
			5.35326086956522	-3.5054347826087
			5.35326086956522	-3.53260869565217
			5.35326086956522	-3.55978260869565
			5.35326086956522	-3.58695652173913
			5.35326086956522	-3.61413043478261
			5.35326086956522	-3.64130434782609
			5.35326086956522	-3.66847826086956
			5.32608695652174	-3.69565217391304
			5.32608695652174	-3.72282608695652
			5.32608695652174	-3.75
			5.32608695652174	-3.77717391304348
			5.32608695652174	-3.80434782608696
			5.32608695652174	-3.83152173913043
			5.32608695652174	-3.85869565217391
			5.32608695652174	-3.88586956521739
			5.29891304347826	-3.91304347826087
			5.29891304347826	-3.94021739130435
			5.29891304347826	-3.96739130434783
			5.29891304347826	-3.9945652173913
			5.29891304347826	-4.02173913043478
			5.29891304347826	-4.04891304347826
			5.29891304347826	-4.07608695652174
			5.27173913043478	-4.10326086956522
			5.27173913043478	-4.1304347826087
			5.27173913043478	-4.15760869565217
			5.27173913043478	-4.18478260869565
			5.27173913043478	-4.21195652173913
			5.27173913043478	-4.23913043478261
			5.2445652173913	-4.26630434782609
			5.2445652173913	-4.29347826086957
			5.2445652173913	-4.32065217391304
			5.2445652173913	-4.34782608695652
			5.2445652173913	-4.375
			5.2445652173913	-4.40217391304348
			5.21739130434783	-4.42934782608696
			5.21739130434783	-4.45652173913043
			5.21739130434783	-4.48369565217391
			5.21739130434783	-4.51086956521739
			5.21739130434783	-4.53804347826087
			5.19021739130435	-4.56521739130435
			5.19021739130435	-4.59239130434783
			5.19021739130435	-4.6195652173913
		</glabella>
		<suture type=matrix rownames=FALSE colnames=FALSE nrow=161 ncol=2 as.numeric=TRUE >
			4.21195652173913	-1.0054347826087
			4.23913043478261	-1.0054347826087
			4.26630434782609	-1.0054347826087
			4.29347826086957	-1.0054347826087
			4.32065217391304	-1.0054347826087
			4.34782608695652	-1.0054347826087
			4.375	-1.0054347826087
			4.40217391304348	-1.0054347826087
			4.42934782608696	-1.0054347826087
			4.45652173913043	-1.03260869565217
			4.48369565217391	-1.03260869565217
			4.51086956521739	-1.03260869565217
			4.53804347826087	-1.03260869565217
			4.56521739130435	-1.03260869565217
			4.59239130434783	-1.03260869565217
			4.6195652173913	-1.03260869565217
			4.64673913043478	-1.03260869565217
			4.67391304347826	-1.05978260869565
			4.70108695652174	-1.05978260869565
			4.72826086956522	-1.05978260869565
			4.7554347826087	-1.05978260869565
			4.78260869565217	-1.05978260869565
			4.80978260869565	-1.05978260869565
			4.83695652173913	-1.05978260869565
			4.86413043478261	-1.08695652173913
			4.89130434782609	-1.08695652173913
			4.91847826086957	-1.08695652173913
			4.94565217391304	-1.08695652173913
			4.97282608695652	-1.08695652173913
			5	-1.08695652173913
			5.02717391304348	-1.08695652173913
			5.05434782608696	-1.11413043478261
			5.08152173913043	-1.11413043478261
			5.10869565217391	-1.11413043478261
			5.13586956521739	-1.11413043478261
			5.16304347826087	-1.11413043478261
			5.19021739130435	-1.14130434782609
			5.21739130434783	-1.14130434782609
			5.2445652173913	-1.14130434782609
			5.27173913043478	-1.14130434782609
			5.29891304347826	-1.14130434782609
			5.32608695652174	-1.14130434782609
			5.35326086956522	-1.14130434782609
			5.3804347826087	-1.16847826086957
			5.40760869565217	-1.16847826086957
			5.43478260869565	-1.16847826086957
			5.46195652173913	-1.16847826086957
			5.48913043478261	-1.16847826086957
			5.51630434782609	-1.16847826086957
			5.54347826086957	-1.16847826086957
			5.57065217391304	-1.16847826086957
			5.59782608695652	-1.19565217391304
			5.625	-1.19565217391304
			5.65217391304348	-1.22282608695652
			5.67934782608696	-1.25
			5.70652173913043	-1.27717391304348
			5.73369565217391	-1.30434782608696
			5.76086956521739	-1.33152173913043
			5.78804347826087	-1.35869565217391
			5.81521739130435	-1.38586956521739
			5.81521739130435	-1.41304347826087
			5.84239130434783	-1.44021739130435
			5.84239130434783	-1.46739130434783
			5.8695652173913	-1.4945652173913
			5.8695652173913	-1.52173913043478
			5.89673913043478	-1.54891304347826
			5.89673913043478	-1.57608695652174
			5.92391304347826	-1.60326086956522
			5.92391304347826	-1.6304347826087
			5.92391304347826	-1.65760869565217
			5.95108695652174	-1.68478260869565
			5.95108695652174	-1.71195652173913
			5.95108695652174	-1.73913043478261
			5.97826086956522	-1.76630434782609
			5.97826086956522	-1.79347826086957
			5.97826086956522	-1.82065217391304
			6.0054347826087	-1.84782608695652
			6.0054347826087	-1.875
			6.0054347826087	-1.90217391304348
			6.03260869565217	-1.92934782608696
			6.03260869565217	-1.95652173913043
			6.03260869565217	-1.98369565217391
			6.03260869565217	-2.01086956521739
			6.05978260869565	-2.03804347826087
			6.05978260869565	-2.06521739130435
			6.05978260869565	-2.09239130434783
			6.08695652173913	-2.09239130434783
			6.08695652173913	-2.1195652173913
			6.11413043478261	-2.1195652173913
			6.11413043478261	-2.14673913043478
			6.14130434782609	-2.14673913043478
			6.16847826086957	-2.17391304347826
			6.16847826086957	-2.20108695652174
			6.19565217391304	-2.20108695652174
			6.19565217391304	-2.22826086956522
			6.19565217391304	-2.2554347826087
			6.22282608695652	-2.2554347826087
			6.22282608695652	-2.28260869565217
			6.22282608695652	-2.30978260869565
			6.22282608695652	-2.33695652173913
			6.22282608695652	-2.36413043478261
			6.22282608695652	-2.39130434782609
			6.22282608695652	-2.41847826086956
			6.22282608695652	-2.44565217391304
			6.19565217391304	-2.47282608695652
			6.19565217391304	-2.5
			6.16847826086957	-2.52717391304348
			6.16847826086957	-2.55434782608696
			6.14130434782609	-2.58152173913043
			6.11413043478261	-2.60869565217391
			6.08695652173913	-2.60869565217391
			6.08695652173913	-2.63586956521739
			6.05978260869565	-2.66304347826087
			6.03260869565217	-2.69021739130435
			6.03260869565217	-2.71739130434783
			6.05978260869565	-2.7445652173913
			6.08695652173913	-2.77173913043478
			6.08695652173913	-2.79891304347826
			6.11413043478261	-2.82608695652174
			6.14130434782609	-2.85326086956522
			6.14130434782609	-2.8804347826087
			6.16847826086957	-2.90760869565217
			6.19565217391304	-2.93478260869565
			6.22282608695652	-2.93478260869565
			6.25	-2.96195652173913
			6.27717391304348	-2.98913043478261
			6.27717391304348	-3.01630434782609
			6.30434782608696	-3.04347826086956
			6.33152173913043	-3.04347826086956
			6.35869565217391	-3.04347826086956
			6.35869565217391	-3.07065217391304
			6.38586956521739	-3.07065217391304
			6.41304347826087	-3.09782608695652
			6.44021739130435	-3.125
			6.46739130434783	-3.125
			6.4945652173913	-3.15217391304348
			6.52173913043478	-3.15217391304348
			6.54891304347826	-3.15217391304348
			6.57608695652174	-3.17934782608696
			6.60326086956522	-3.17934782608696
			6.6304347826087	-3.20652173913043
			6.65760869565217	-3.20652173913043
			6.68478260869565	-3.23369565217391
			6.71195652173913	-3.23369565217391
			6.73913043478261	-3.23369565217391
			6.76630434782609	-3.26086956521739
			6.79347826086957	-3.26086956521739
			6.82065217391304	-3.28804347826087
			6.84782608695652	-3.28804347826087
			6.875	-3.28804347826087
			6.90217391304348	-3.31521739130435
			6.92934782608696	-3.31521739130435
			6.95652173913043	-3.31521739130435
			6.98369565217391	-3.31521739130435
			7.01086956521739	-3.34239130434783
			7.03804347826087	-3.34239130434783
			7.06521739130435	-3.34239130434783
			7.09239130434783	-3.34239130434783
			7.1195652173913	-3.3695652173913
			7.14673913043478	-3.3695652173913
			7.17391304347826	-3.3695652173913
		</suture>
		<anterior type=matrix rownames=FALSE colnames=FALSE nrow=209 ncol=2 as.numeric=TRUE >
			4.21195652173913	-1.0054347826087
			4.23913043478261	-1.0054347826087
			4.26630434782609	-1.0054347826087
			4.29347826086957	-1.0054347826087
			4.32065217391304	-1.0054347826087
			4.34782608695652	-1.0054347826087
			4.375	-1.0054347826087
			4.40217391304348	-1.0054347826087
			4.42934782608696	-1.0054347826087
			4.45652173913043	-1.03260869565217
			4.48369565217391	-1.03260869565217
			4.51086956521739	-1.03260869565217
			4.53804347826087	-1.03260869565217
			4.56521739130435	-1.03260869565217
			4.59239130434783	-1.03260869565217
			4.6195652173913	-1.03260869565217
			4.64673913043478	-1.03260869565217
			4.67391304347826	-1.03260869565217
			4.70108695652174	-1.05978260869565
			4.72826086956522	-1.05978260869565
			4.7554347826087	-1.05978260869565
			4.78260869565217	-1.05978260869565
			4.80978260869565	-1.05978260869565
			4.83695652173913	-1.05978260869565
			4.86413043478261	-1.05978260869565
			4.89130434782609	-1.08695652173913
			4.91847826086957	-1.08695652173913
			4.94565217391304	-1.08695652173913
			4.97282608695652	-1.08695652173913
			5	-1.08695652173913
			5.02717391304348	-1.08695652173913
			5.05434782608696	-1.11413043478261
			5.08152173913043	-1.11413043478261
			5.10869565217391	-1.11413043478261
			5.13586956521739	-1.11413043478261
			5.16304347826087	-1.11413043478261
			5.19021739130435	-1.11413043478261
			5.21739130434783	-1.14130434782609
			5.2445652173913	-1.14130434782609
			5.27173913043478	-1.14130434782609
			5.29891304347826	-1.14130434782609
			5.32608695652174	-1.14130434782609
			5.35326086956522	-1.14130434782609
			5.3804347826087	-1.16847826086957
			5.40760869565217	-1.16847826086957
			5.43478260869565	-1.16847826086957
			5.46195652173913	-1.16847826086957
			5.48913043478261	-1.16847826086957
			5.51630434782609	-1.19565217391304
			5.54347826086957	-1.19565217391304
			5.57065217391304	-1.19565217391304
			5.59782608695652	-1.19565217391304
			5.625	-1.22282608695652
			5.65217391304348	-1.22282608695652
			5.67934782608696	-1.22282608695652
			5.70652173913043	-1.25
			5.73369565217391	-1.25
			5.76086956521739	-1.25
			5.78804347826087	-1.27717391304348
			5.81521739130435	-1.30434782608696
			5.84239130434783	-1.30434782608696
			5.8695652173913	-1.30434782608696
			5.89673913043478	-1.33152173913043
			5.92391304347826	-1.33152173913043
			5.95108695652174	-1.35869565217391
			5.97826086956522	-1.35869565217391
			6.0054347826087	-1.38586956521739
			6.03260869565217	-1.38586956521739
			6.03260869565217	-1.41304347826087
			6.05978260869565	-1.41304347826087
			6.08695652173913	-1.41304347826087
			6.11413043478261	-1.44021739130435
			6.14130434782609	-1.44021739130435
			6.14130434782609	-1.46739130434783
			6.16847826086957	-1.46739130434783
			6.19565217391304	-1.4945652173913
			6.22282608695652	-1.4945652173913
			6.25	-1.52173913043478
			6.25	-1.54891304347826
			6.27717391304348	-1.54891304347826
			6.30434782608696	-1.57608695652174
			6.33152173913043	-1.57608695652174
			6.33152173913043	-1.60326086956522
			6.35869565217391	-1.60326086956522
			6.38586956521739	-1.6304347826087
			6.41304347826087	-1.65760869565217
			6.44021739130435	-1.65760869565217
			6.44021739130435	-1.68478260869565
			6.46739130434783	-1.71195652173913
			6.4945652173913	-1.71195652173913
			6.52173913043478	-1.73913043478261
			6.54891304347826	-1.76630434782609
			6.57608695652174	-1.79347826086957
			6.60326086956522	-1.82065217391304
			6.6304347826087	-1.84782608695652
			6.65760869565217	-1.875
			6.68478260869565	-1.875
			6.71195652173913	-1.90217391304348
			6.73913043478261	-1.92934782608696
			6.76630434782609	-1.95652173913043
			6.79347826086957	-1.98369565217391
			6.79347826086957	-2.01086956521739
			6.82065217391304	-2.03804347826087
			6.84782608695652	-2.06521739130435
			6.875	-2.09239130434783
			6.90217391304348	-2.1195652173913
			6.92934782608696	-2.14673913043478
			6.95652173913043	-2.17391304347826
			6.98369565217391	-2.20108695652174
			6.98369565217391	-2.22826086956522
			7.01086956521739	-2.2554347826087
			7.03804347826087	-2.2554347826087
			7.03804347826087	-2.28260869565217
			7.06521739130435	-2.30978260869565
			7.09239130434783	-2.33695652173913
			7.09239130434783	-2.36413043478261
			7.1195652173913	-2.39130434782609
			7.14673913043478	-2.41847826086956
			7.17391304347826	-2.44565217391304
			7.20108695652174	-2.47282608695652
			7.22826086956522	-2.5
			7.22826086956522	-2.52717391304348
			7.2554347826087	-2.55434782608696
			7.28260869565217	-2.58152173913043
			7.28260869565217	-2.60869565217391
			7.30978260869565	-2.63586956521739
			7.33695652173913	-2.66304347826087
			7.33695652173913	-2.69021739130435
			7.36413043478261	-2.71739130434783
			7.39130434782609	-2.7445652173913
			7.41847826086957	-2.77173913043478
			7.41847826086957	-2.79891304347826
			7.44565217391304	-2.82608695652174
			7.47282608695652	-2.85326086956522
			7.47282608695652	-2.8804347826087
			7.5	-2.90760869565217
			7.52717391304348	-2.93478260869565
			7.52717391304348	-2.96195652173913
			7.55434782608696	-2.98913043478261
			7.55434782608696	-3.01630434782609
			7.58152173913043	-3.04347826086956
			7.60869565217391	-3.07065217391304
			7.60869565217391	-3.09782608695652
			7.63586956521739	-3.125
			7.63586956521739	-3.15217391304348
			7.66304347826087	-3.17934782608696
			7.66304347826087	-3.20652173913043
			7.69021739130435	-3.20652173913043
			7.69021739130435	-3.23369565217391
			7.71739130434783	-3.26086956521739
			7.71739130434783	-3.28804347826087
			7.7445652173913	-3.31521739130435
			7.77173913043478	-3.34239130434783
			7.77173913043478	-3.3695652173913
			7.79891304347826	-3.39673913043478
			7.79891304347826	-3.42391304347826
			7.82608695652174	-3.45108695652174
			7.85326086956522	-3.47826086956522
			7.85326086956522	-3.5054347826087
			7.8804347826087	-3.53260869565217
			7.8804347826087	-3.55978260869565
			7.90760869565217	-3.58695652173913
			7.90760869565217	-3.61413043478261
			7.93478260869565	-3.64130434782609
			7.93478260869565	-3.66847826086956
			7.96195652173913	-3.69565217391304
			7.96195652173913	-3.72282608695652
			7.98913043478261	-3.75
			7.98913043478261	-3.77717391304348
			8.01630434782609	-3.80434782608696
			8.01630434782609	-3.83152173913043
			8.04347826086956	-3.85869565217391
			8.04347826086956	-3.88586956521739
			8.07065217391304	-3.91304347826087
			8.07065217391304	-3.94021739130435
			8.09782608695652	-3.96739130434783
			8.09782608695652	-3.9945652173913
			8.125	-4.02173913043478
			8.125	-4.04891304347826
			8.15217391304348	-4.07608695652174
			8.15217391304348	-4.10326086956522
			8.17934782608696	-4.1304347826087
			8.17934782608696	-4.15760869565217
			8.20652173913043	-4.18478260869565
			8.20652173913043	-4.21195652173913
			8.23369565217391	-4.23913043478261
			8.23369565217391	-4.26630434782609
			8.26086956521739	-4.29347826086957
			8.26086956521739	-4.32065217391304
			8.28804347826087	-4.34782608695652
			8.28804347826087	-4.375
			8.31521739130435	-4.40217391304348
			8.31521739130435	-4.42934782608696
			8.34239130434783	-4.45652173913043
			8.34239130434783	-4.48369565217391
			8.3695652173913	-4.51086956521739
			8.3695652173913	-4.53804347826087
			8.3695652173913	-4.56521739130435
			8.39673913043478	-4.59239130434783
			8.39673913043478	-4.6195652173913
			8.42391304347826	-4.64673913043478
			8.42391304347826	-4.67391304347826
			8.42391304347826	-4.70108695652174
			8.45108695652174	-4.72826086956522
			8.45108695652174	-4.7554347826087
			8.47826086956522	-4.78260869565217
			8.47826086956522	-4.80978260869565
			8.5054347826087	-4.83695652173913
			8.5054347826087	-4.86413043478261
		</anterior>
		<posterior type=matrix rownames=FALSE colnames=FALSE nrow=448 ncol=2 as.numeric=TRUE >
			4.21195652173913	-4.86413043478261
			4.23913043478261	-4.86413043478261
			4.26630434782609	-4.86413043478261
			4.29347826086957	-4.89130434782609
			4.32065217391304	-4.89130434782609
			4.34782608695652	-4.89130434782609
			4.375	-4.89130434782609
			4.40217391304348	-4.89130434782609
			4.42934782608696	-4.89130434782609
			4.45652173913043	-4.89130434782609
			4.48369565217391	-4.89130434782609
			4.51086956521739	-4.89130434782609
			4.53804347826087	-4.89130434782609
			4.56521739130435	-4.89130434782609
			4.59239130434783	-4.86413043478261
			4.6195652173913	-4.86413043478261
			4.64673913043478	-4.86413043478261
			4.67391304347826	-4.86413043478261
			4.70108695652174	-4.86413043478261
			4.72826086956522	-4.83695652173913
			4.7554347826087	-4.83695652173913
			4.78260869565217	-4.83695652173913
			4.80978260869565	-4.80978260869565
			4.83695652173913	-4.80978260869565
			4.86413043478261	-4.80978260869565
			4.89130434782609	-4.78260869565217
			4.91847826086957	-4.78260869565217
			4.94565217391304	-4.7554347826087
			4.97282608695652	-4.7554347826087
			5	-4.72826086956522
			5.02717391304348	-4.72826086956522
			5.05434782608696	-4.70108695652174
			5.08152173913043	-4.70108695652174
			5.10869565217391	-4.67391304347826
			5.13586956521739	-4.64673913043478
			5.16304347826087	-4.64673913043478
			5.19021739130435	-4.6195652173913
			5.21739130434783	-4.6195652173913
			5.2445652173913	-4.59239130434783
			5.27173913043478	-4.59239130434783
			5.29891304347826	-4.56521739130435
			5.32608695652174	-4.56521739130435
			5.35326086956522	-4.53804347826087
			5.3804347826087	-4.53804347826087
			5.40760869565217	-4.53804347826087
			5.43478260869565	-4.51086956521739
			5.46195652173913	-4.51086956521739
			5.48913043478261	-4.48369565217391
			5.51630434782609	-4.48369565217391
			5.54347826086957	-4.48369565217391
			5.57065217391304	-4.45652173913043
			5.59782608695652	-4.45652173913043
			5.625	-4.42934782608696
			5.65217391304348	-4.42934782608696
			5.67934782608696	-4.42934782608696
			5.70652173913043	-4.40217391304348
			5.73369565217391	-4.375
			5.76086956521739	-4.375
			5.78804347826087	-4.375
			5.81521739130435	-4.34782608695652
			5.84239130434783	-4.34782608695652
			5.8695652173913	-4.32065217391304
			5.89673913043478	-4.32065217391304
			5.92391304347826	-4.32065217391304
			5.95108695652174	-4.29347826086957
			5.97826086956522	-4.29347826086957
			6.0054347826087	-4.26630434782609
			6.03260869565217	-4.26630434782609
			6.05978260869565	-4.23913043478261
			6.08695652173913	-4.23913043478261
			6.11413043478261	-4.23913043478261
			6.14130434782609	-4.21195652173913
			6.16847826086957	-4.21195652173913
			6.19565217391304	-4.21195652173913
			6.22282608695652	-4.21195652173913
			6.25	-4.21195652173913
			6.27717391304348	-4.21195652173913
			6.30434782608696	-4.21195652173913
			6.33152173913043	-4.21195652173913
			6.35869565217391	-4.21195652173913
			6.38586956521739	-4.21195652173913
			6.38586956521739	-4.23913043478261
			6.41304347826087	-4.23913043478261
			6.44021739130435	-4.23913043478261
			6.46739130434783	-4.23913043478261
			6.4945652173913	-4.26630434782609
			6.52173913043478	-4.29347826086957
			6.54891304347826	-4.29347826086957
			6.54891304347826	-4.32065217391304
			6.57608695652174	-4.34782608695652
			6.60326086956522	-4.375
			6.60326086956522	-4.40217391304348
			6.6304347826087	-4.42934782608696
			6.6304347826087	-4.45652173913043
			6.65760869565217	-4.48369565217391
			6.65760869565217	-4.51086956521739
			6.68478260869565	-4.53804347826087
			6.68478260869565	-4.56521739130435
			6.71195652173913	-4.59239130434783
			6.73913043478261	-4.6195652173913
			6.73913043478261	-4.64673913043478
			6.73913043478261	-4.67391304347826
			6.76630434782609	-4.67391304347826
			6.76630434782609	-4.70108695652174
			6.76630434782609	-4.72826086956522
			6.79347826086957	-4.7554347826087
			6.82065217391304	-4.78260869565217
			6.82065217391304	-4.80978260869565
			6.82065217391304	-4.83695652173913
			6.84782608695652	-4.86413043478261
			6.84782608695652	-4.89130434782609
			6.875	-4.91847826086957
			6.875	-4.94565217391304
			6.875	-4.97282608695652
			6.90217391304348	-5
			6.92934782608696	-5.02717391304348
			6.92934782608696	-5.05434782608696
			6.92934782608696	-5.08152173913043
			6.95652173913043	-5.10869565217391
			6.95652173913043	-5.13586956521739
			6.98369565217391	-5.16304347826087
			6.98369565217391	-5.19021739130435
			6.98369565217391	-5.21739130434783
			6.98369565217391	-5.2445652173913
			7.01086956521739	-5.2445652173913
			7.01086956521739	-5.27173913043478
			7.01086956521739	-5.29891304347826
			7.03804347826087	-5.32608695652174
			7.03804347826087	-5.35326086956522
			7.03804347826087	-5.32608695652174
			7.03804347826087	-5.29891304347826
			7.01086956521739	-5.27173913043478
			7.01086956521739	-5.2445652173913
			7.01086956521739	-5.21739130434783
			7.01086956521739	-5.19021739130435
			7.01086956521739	-5.16304347826087
			6.98369565217391	-5.13586956521739
			6.98369565217391	-5.10869565217391
			6.98369565217391	-5.08152173913043
			6.98369565217391	-5.05434782608696
			6.98369565217391	-5.02717391304348
			6.98369565217391	-5
			6.95652173913043	-4.97282608695652
			6.95652173913043	-4.94565217391304
			6.95652173913043	-4.91847826086957
			6.95652173913043	-4.89130434782609
			6.95652173913043	-4.86413043478261
			6.92934782608696	-4.83695652173913
			6.92934782608696	-4.80978260869565
			6.92934782608696	-4.78260869565217
			6.92934782608696	-4.7554347826087
			6.90217391304348	-4.72826086956522
			6.90217391304348	-4.70108695652174
			6.90217391304348	-4.67391304347826
			6.90217391304348	-4.64673913043478
			6.875	-4.6195652173913
			6.875	-4.59239130434783
			6.875	-4.56521739130435
			6.875	-4.53804347826087
			6.875	-4.51086956521739
			6.84782608695652	-4.48369565217391
			6.84782608695652	-4.45652173913043
			6.84782608695652	-4.42934782608696
			6.82065217391304	-4.40217391304348
			6.82065217391304	-4.375
			6.82065217391304	-4.34782608695652
			6.82065217391304	-4.32065217391304
			6.79347826086957	-4.29347826086957
			6.79347826086957	-4.26630434782609
			6.79347826086957	-4.23913043478261
			6.82065217391304	-4.21195652173913
			6.82065217391304	-4.18478260869565
			6.84782608695652	-4.15760869565217
			6.84782608695652	-4.1304347826087
			6.84782608695652	-4.10326086956522
			6.875	-4.07608695652174
			6.875	-4.04891304347826
			6.90217391304348	-4.02173913043478
			6.90217391304348	-3.9945652173913
			6.92934782608696	-3.96739130434783
			6.92934782608696	-3.94021739130435
			6.95652173913043	-3.91304347826087
			6.95652173913043	-3.88586956521739
			6.98369565217391	-3.85869565217391
			6.98369565217391	-3.83152173913043
			7.01086956521739	-3.80434782608696
			7.01086956521739	-3.77717391304348
			7.03804347826087	-3.75
			7.06521739130435	-3.72282608695652
			7.06521739130435	-3.69565217391304
			7.09239130434783	-3.66847826086956
			7.09239130434783	-3.64130434782609
			7.1195652173913	-3.61413043478261
			7.1195652173913	-3.58695652173913
			7.14673913043478	-3.55978260869565
			7.14673913043478	-3.53260869565217
			7.14673913043478	-3.5054347826087
			7.17391304347826	-3.47826086956522
			7.17391304347826	-3.45108695652174
			7.20108695652174	-3.42391304347826
			7.20108695652174	-3.39673913043478
			7.20108695652174	-3.3695652173913
			7.22826086956522	-3.3695652173913
			7.22826086956522	-3.34239130434783
			7.22826086956522	-3.31521739130435
			7.22826086956522	-3.28804347826087
			7.2554347826087	-3.26086956521739
			7.2554347826087	-3.23369565217391
			7.2554347826087	-3.20652173913043
			7.28260869565217	-3.17934782608696
			7.28260869565217	-3.15217391304348
			7.30978260869565	-3.15217391304348
			7.33695652173913	-3.15217391304348
			7.36413043478261	-3.17934782608696
			7.39130434782609	-3.17934782608696
			7.41847826086957	-3.20652173913043
			7.44565217391304	-3.23369565217391
			7.47282608695652	-3.26086956521739
			7.5	-3.28804347826087
			7.52717391304348	-3.31521739130435
			7.55434782608696	-3.34239130434783
			7.55434782608696	-3.3695652173913
			7.58152173913043	-3.39673913043478
			7.60869565217391	-3.42391304347826
			7.63586956521739	-3.45108695652174
			7.66304347826087	-3.47826086956522
			7.66304347826087	-3.5054347826087
			7.66304347826087	-3.53260869565217
			7.69021739130435	-3.55978260869565
			7.69021739130435	-3.58695652173913
			7.71739130434783	-3.61413043478261
			7.7445652173913	-3.64130434782609
			7.77173913043478	-3.66847826086956
			7.77173913043478	-3.69565217391304
			7.77173913043478	-3.72282608695652
			7.79891304347826	-3.75
			7.82608695652174	-3.77717391304348
			7.82608695652174	-3.80434782608696
			7.82608695652174	-3.83152173913043
			7.85326086956522	-3.85869565217391
			7.85326086956522	-3.88586956521739
			7.8804347826087	-3.91304347826087
			7.8804347826087	-3.94021739130435
			7.90760869565217	-3.96739130434783
			7.90760869565217	-3.9945652173913
			7.93478260869565	-4.02173913043478
			7.96195652173913	-4.04891304347826
			7.96195652173913	-4.07608695652174
			7.98913043478261	-4.10326086956522
			7.98913043478261	-4.1304347826087
			8.01630434782609	-4.15760869565217
			8.01630434782609	-4.18478260869565
			8.01630434782609	-4.21195652173913
			8.04347826086956	-4.23913043478261
			8.04347826086956	-4.26630434782609
			8.07065217391304	-4.29347826086957
			8.07065217391304	-4.32065217391304
			8.09782608695652	-4.34782608695652
			8.09782608695652	-4.375
			8.125	-4.40217391304348
			8.125	-4.42934782608696
			8.15217391304348	-4.45652173913043
			8.15217391304348	-4.48369565217391
			8.17934782608696	-4.51086956521739
			8.17934782608696	-4.53804347826087
			8.17934782608696	-4.56521739130435
			8.17934782608696	-4.59239130434783
			8.20652173913043	-4.59239130434783
			8.20652173913043	-4.6195652173913
			8.20652173913043	-4.64673913043478
			8.23369565217391	-4.67391304347826
			8.23369565217391	-4.70108695652174
			8.26086956521739	-4.72826086956522
			8.26086956521739	-4.7554347826087
			8.26086956521739	-4.78260869565217
			8.28804347826087	-4.80978260869565
			8.28804347826087	-4.83695652173913
			8.28804347826087	-4.86413043478261
			8.31521739130435	-4.89130434782609
			8.31521739130435	-4.91847826086957
			8.31521739130435	-4.94565217391304
			8.34239130434783	-4.97282608695652
			8.34239130434783	-5
			8.3695652173913	-5.02717391304348
			8.3695652173913	-5.05434782608696
			8.3695652173913	-5.08152173913043
			8.3695652173913	-5.10869565217391
			8.39673913043478	-5.10869565217391
			8.39673913043478	-5.13586956521739
			8.39673913043478	-5.16304347826087
			8.42391304347826	-5.19021739130435
			8.42391304347826	-5.21739130434783
			8.42391304347826	-5.2445652173913
			8.42391304347826	-5.27173913043478
			8.45108695652174	-5.27173913043478
			8.45108695652174	-5.29891304347826
			8.45108695652174	-5.32608695652174
			8.45108695652174	-5.35326086956522
			8.47826086956522	-5.3804347826087
			8.47826086956522	-5.40760869565217
			8.47826086956522	-5.43478260869565
			8.5054347826087	-5.46195652173913
			8.5054347826087	-5.48913043478261
			8.53260869565217	-5.51630434782609
			8.53260869565217	-5.54347826086957
			8.53260869565217	-5.57065217391304
			8.53260869565217	-5.59782608695652
			8.55978260869565	-5.625
			8.55978260869565	-5.65217391304348
			8.55978260869565	-5.67934782608696
			8.55978260869565	-5.70652173913043
			8.58695652173913	-5.73369565217391
			8.58695652173913	-5.76086956521739
			8.58695652173913	-5.78804347826087
			8.61413043478261	-5.81521739130435
			8.61413043478261	-5.84239130434783
			8.61413043478261	-5.8695652173913
			8.64130434782609	-5.89673913043478
			8.64130434782609	-5.92391304347826
			8.64130434782609	-5.95108695652174
			8.66847826086956	-5.97826086956522
			8.66847826086956	-6.0054347826087
			8.66847826086956	-6.03260869565217
			8.66847826086956	-6.05978260869565
			8.69565217391304	-6.08695652173913
			8.69565217391304	-6.11413043478261
			8.69565217391304	-6.14130434782609
			8.69565217391304	-6.16847826086957
			8.72282608695652	-6.16847826086957
			8.72282608695652	-6.19565217391304
			8.72282608695652	-6.22282608695652
			8.72282608695652	-6.25
			8.75	-6.27717391304348
			8.75	-6.30434782608696
			8.75	-6.33152173913043
			8.77717391304348	-6.35869565217391
			8.77717391304348	-6.38586956521739
			8.77717391304348	-6.41304347826087
			8.77717391304348	-6.44021739130435
			8.80434782608696	-6.46739130434783
			8.80434782608696	-6.4945652173913
			8.80434782608696	-6.52173913043478
			8.80434782608696	-6.54891304347826
			8.83152173913043	-6.57608695652174
			8.83152173913043	-6.60326086956522
			8.83152173913043	-6.6304347826087
			8.85869565217391	-6.65760869565217
			8.85869565217391	-6.68478260869565
			8.85869565217391	-6.71195652173913
			8.85869565217391	-6.73913043478261
			8.88586956521739	-6.76630434782609
			8.88586956521739	-6.79347826086957
			8.88586956521739	-6.82065217391304
			8.88586956521739	-6.84782608695652
			8.91304347826087	-6.875
			8.91304347826087	-6.90217391304348
			8.91304347826087	-6.92934782608696
			8.91304347826087	-6.95652173913043
			8.94021739130435	-6.98369565217391
			8.94021739130435	-7.01086956521739
			8.94021739130435	-7.03804347826087
			8.94021739130435	-7.06521739130435
			8.96739130434783	-7.09239130434783
			8.96739130434783	-7.1195652173913
			8.96739130434783	-7.09239130434783
			8.96739130434783	-7.06521739130435
			8.96739130434783	-7.03804347826087
			8.94021739130435	-7.01086956521739
			8.94021739130435	-6.98369565217391
			8.94021739130435	-6.95652173913043
			8.94021739130435	-6.92934782608696
			8.94021739130435	-6.90217391304348
			8.94021739130435	-6.875
			8.94021739130435	-6.84782608695652
			8.94021739130435	-6.82065217391304
			8.94021739130435	-6.79347826086957
			8.91304347826087	-6.79347826086957
			8.91304347826087	-6.76630434782609
			8.91304347826087	-6.73913043478261
			8.91304347826087	-6.71195652173913
			8.91304347826087	-6.68478260869565
			8.91304347826087	-6.65760869565217
			8.91304347826087	-6.6304347826087
			8.88586956521739	-6.60326086956522
			8.88586956521739	-6.57608695652174
			8.88586956521739	-6.54891304347826
			8.88586956521739	-6.52173913043478
			8.88586956521739	-6.4945652173913
			8.88586956521739	-6.46739130434783
			8.85869565217391	-6.44021739130435
			8.85869565217391	-6.41304347826087
			8.85869565217391	-6.38586956521739
			8.85869565217391	-6.35869565217391
			8.85869565217391	-6.33152173913043
			8.85869565217391	-6.30434782608696
			8.83152173913043	-6.27717391304348
			8.83152173913043	-6.25
			8.83152173913043	-6.22282608695652
			8.83152173913043	-6.19565217391304
			8.83152173913043	-6.16847826086957
			8.80434782608696	-6.14130434782609
			8.80434782608696	-6.11413043478261
			8.80434782608696	-6.08695652173913
			8.80434782608696	-6.05978260869565
			8.80434782608696	-6.03260869565217
			8.77717391304348	-6.0054347826087
			8.77717391304348	-5.97826086956522
			8.77717391304348	-5.95108695652174
			8.77717391304348	-5.92391304347826
			8.75	-5.89673913043478
			8.75	-5.8695652173913
			8.75	-5.84239130434783
			8.75	-5.81521739130435
			8.75	-5.78804347826087
			8.72282608695652	-5.76086956521739
			8.72282608695652	-5.73369565217391
			8.72282608695652	-5.70652173913043
			8.72282608695652	-5.67934782608696
			8.72282608695652	-5.65217391304348
			8.69565217391304	-5.625
			8.69565217391304	-5.59782608695652
			8.69565217391304	-5.57065217391304
			8.69565217391304	-5.54347826086957
			8.66847826086956	-5.51630434782609
			8.66847826086956	-5.48913043478261
			8.66847826086956	-5.46195652173913
			8.66847826086956	-5.43478260869565
			8.64130434782609	-5.40760869565217
			8.64130434782609	-5.3804347826087
			8.64130434782609	-5.35326086956522
			8.61413043478261	-5.32608695652174
			8.61413043478261	-5.29891304347826
			8.61413043478261	-5.27173913043478
			8.61413043478261	-5.2445652173913
			8.61413043478261	-5.21739130434783
			8.58695652173913	-5.19021739130435
			8.58695652173913	-5.16304347826087
			8.58695652173913	-5.13586956521739
			8.55978260869565	-5.10869565217391
			8.55978260869565	-5.08152173913043
			8.55978260869565	-5.05434782608696
			8.55978260869565	-5.02717391304348
			8.53260869565217	-5
			8.53260869565217	-4.97282608695652
			8.53260869565217	-4.94565217391304
			8.5054347826087	-4.91847826086957
			8.5054347826087	-4.89130434782609
			8.5054347826087	-4.86413043478261
		</posterior>
	</curves.scaled>
	<ruler.points type=matrix rownames=TRUE colnames=FALSE nrow=2 ncol=2 as.numeric=TRUE >
		Ruler point 1	34	550
		Ruler point 2	218	550
	</ruler.points>
</shapes>

