<shapes type=list>
	<square.size type=vector names=FALSE length=1 as.numeric=TRUE >2</square.size>
	<scaling.units type=vector names=FALSE length=1 as.numeric=FALSE >mm</scaling.units>
	<scaling type=logical names=FALSE length=1 as.numeric=FALSE >NA</scaling>
	<landmarks.pixel type=matrix rownames=TRUE colnames=FALSE nrow=13 ncol=2 as.numeric=TRUE >
		LM1	205	6
		LM2	205	26
		LM3	205	158
		LM4	205	186
		LM5	256	119
		LM6	255	157
		LM7	249	183
		LM10	205	6
		LM11	278	162
		LM12	303	179
		LM13	205	6
		LM15	347	186
		LM16	390	324
	</landmarks.pixel>
	<curves.control type=list>
		<glabella type=matrix rownames=FALSE colnames=FALSE nrow=9 ncol=2 as.numeric=TRUE >
			205	26
			230	27
			243	43
			254	64
			255	86
			256	106
			255	133
			255	157
			249	183
		</glabella>
		<suture type=matrix rownames=FALSE colnames=FALSE nrow=19 ncol=2 as.numeric=TRUE >
			205	6
			224	6
			255	18
			269	25
			281	35
			288	46
			289	56
			287	67
			280	80
			274	89
			275	101
			279	118
			277	132
			273	146
			276	157
			279	166
			288	171
			299	175
			303	179
		</suture>
		<anterior type=matrix rownames=FALSE colnames=FALSE nrow=11 ncol=2 as.numeric=TRUE >
			205	6
			224	6
			255	18
			269	25
			281	35
			308	59
			322	94
			331	119
			333	139
			335	156
			347	186
		</anterior>
		<posterior type=matrix rownames=FALSE colnames=FALSE nrow=17 ncol=2 as.numeric=TRUE >
			205	186
			227	187
			249	183
			275	184
			303	179
			320	179
			324	196
			343	238
			371	305
			380	328
			390	325
			399	320
			393	305
			384	280
			374	252
			361	218
			347	186
		</posterior>
	</curves.control>
	<curves.pixel type=list>
		<glabella type=matrix rownames=FALSE colnames=FALSE nrow=185 ncol=2 as.numeric=TRUE >
			205	26
			206	26
			207	26
			208	26
			209	26
			210	26
			211	27
			212	27
			213	27
			214	27
			215	27
			216	27
			217	28
			218	28
			219	28
			220	28
			221	28
			222	29
			223	29
			224	30
			225	30
			226	30
			227	31
			228	31
			229	32
			230	32
			231	33
			232	33
			233	34
			234	35
			235	35
			235	36
			236	36
			237	37
			238	38
			239	38
			239	39
			240	40
			241	41
			242	41
			242	42
			243	43
			244	44
			244	45
			245	46
			245	47
			246	48
			246	49
			246	50
			247	50
			247	51
			247	52
			248	53
			248	54
			249	55
			249	56
			249	57
			249	58
			250	58
			250	59
			250	60
			250	61
			251	62
			251	63
			251	64
			252	65
			252	66
			252	67
			252	68
			253	69
			253	70
			253	71
			253	72
			253	73
			254	74
			254	75
			254	76
			254	77
			254	78
			254	79
			254	80
			255	81
			255	82
			255	83
			255	84
			255	85
			255	86
			255	87
			255	88
			255	89
			255	90
			255	91
			255	92
			255	93
			255	94
			255	95
			255	96
			255	97
			255	98
			255	99
			255	100
			255	101
			255	102
			255	103
			255	104
			255	105
			255	106
			255	107
			255	108
			255	109
			255	110
			255	111
			255	112
			255	113
			255	114
			255	115
			255	116
			255	117
			255	118
			255	119
			255	120
			255	121
			255	122
			255	123
			255	124
			255	125
			255	126
			255	127
			255	128
			255	129
			255	130
			255	131
			255	132
			255	133
			255	134
			255	135
			255	136
			255	137
			255	138
			255	139
			255	140
			255	141
			255	142
			255	143
			255	144
			255	145
			255	146
			254	147
			254	148
			254	149
			254	150
			254	151
			254	152
			254	153
			254	154
			254	155
			254	156
			254	157
			253	158
			253	159
			253	160
			253	161
			253	162
			253	163
			253	164
			252	165
			252	166
			252	167
			252	168
			252	169
			252	170
			252	171
			251	172
			251	173
			251	174
			251	175
			251	176
			250	176
			250	177
			250	178
			250	179
			250	180
			249	181
			249	182
			249	183
		</glabella>
		<suture type=matrix rownames=FALSE colnames=FALSE nrow=239 ncol=2 as.numeric=TRUE >
			205	6
			206	6
			207	6
			208	6
			209	6
			210	6
			211	6
			212	6
			213	6
			214	7
			215	7
			216	7
			217	7
			218	7
			219	7
			220	8
			221	8
			222	8
			223	8
			224	8
			225	9
			226	9
			227	9
			228	9
			229	9
			230	10
			231	10
			232	10
			233	10
			234	11
			235	11
			236	11
			237	12
			238	12
			239	12
			240	13
			241	13
			242	13
			243	14
			244	14
			245	14
			246	15
			247	15
			248	15
			249	16
			250	16
			251	16
			252	17
			253	17
			254	18
			255	18
			256	18
			256	19
			257	19
			258	20
			259	20
			260	21
			261	21
			262	22
			263	22
			264	23
			265	23
			265	24
			266	24
			267	25
			268	25
			269	26
			270	27
			271	27
			271	28
			272	28
			273	29
			274	29
			275	30
			276	31
			277	32
			278	33
			279	33
			280	34
			281	35
			282	36
			282	37
			283	38
			284	39
			284	40
			285	41
			285	42
			286	43
			286	44
			286	45
			287	46
			287	47
			287	48
			288	49
			288	50
			288	51
			288	52
			289	53
			289	54
			289	55
			289	56
			289	57
			289	58
			288	59
			288	60
			288	61
			287	62
			287	63
			287	64
			287	65
			286	66
			286	67
			286	68
			285	69
			285	70
			285	71
			284	71
			284	72
			283	73
			283	74
			283	75
			282	76
			281	77
			281	78
			280	79
			280	80
			279	81
			279	82
			278	83
			278	84
			277	85
			277	86
			277	87
			276	88
			276	89
			276	90
			275	91
			275	92
			275	93
			275	94
			275	95
			275	96
			275	97
			275	98
			275	99
			275	100
			275	101
			275	102
			275	103
			276	104
			276	105
			276	106
			276	107
			276	108
			277	109
			277	110
			277	111
			277	112
			277	113
			277	114
			277	115
			277	116
			277	117
			278	118
			278	119
			278	120
			278	121
			278	122
			278	123
			278	124
			278	125
			278	126
			277	127
			277	128
			277	129
			277	130
			277	131
			277	132
			277	133
			276	134
			276	135
			276	136
			276	137
			276	138
			275	139
			275	140
			275	141
			275	142
			275	143
			275	144
			275	145
			275	146
			275	147
			275	148
			275	149
			275	150
			275	151
			275	152
			275	153
			275	154
			276	155
			276	156
			276	157
			276	158
			277	159
			277	160
			278	161
			278	162
			279	163
			279	164
			280	164
			281	165
			281	166
			282	167
			283	167
			284	168
			285	169
			286	170
			287	171
			288	171
			289	171
			290	172
			291	172
			292	173
			293	173
			294	173
			295	174
			296	174
			296	175
			297	175
			298	175
			298	176
			299	176
			300	176
			300	177
			301	177
			301	178
			302	178
			303	179
		</suture>
		<anterior type=matrix rownames=FALSE colnames=FALSE nrow=239 ncol=2 as.numeric=TRUE >
			205	6
			206	6
			207	6
			208	6
			209	6
			210	6
			211	6
			212	6
			213	6
			214	7
			215	7
			216	7
			217	7
			218	7
			219	7
			220	8
			221	8
			222	8
			223	8
			224	8
			225	8
			225	9
			226	9
			227	9
			228	9
			229	9
			230	10
			231	10
			232	10
			233	11
			234	11
			235	11
			236	11
			236	12
			237	12
			238	12
			239	12
			240	13
			241	13
			242	13
			243	14
			244	14
			245	14
			246	15
			247	15
			248	16
			249	16
			250	16
			251	17
			252	17
			253	17
			254	18
			255	18
			256	18
			257	19
			258	19
			259	20
			260	21
			261	21
			262	22
			263	22
			264	23
			265	24
			266	24
			267	25
			268	25
			269	26
			270	27
			271	28
			272	28
			273	29
			274	30
			275	30
			276	31
			277	32
			278	32
			279	33
			280	34
			280	35
			281	35
			282	36
			283	37
			284	38
			285	38
			285	39
			286	40
			287	40
			288	41
			288	42
			289	43
			290	43
			290	44
			291	45
			292	45
			292	46
			293	47
			294	48
			295	49
			296	50
			296	51
			297	52
			298	52
			298	53
			299	54
			300	55
			301	56
			301	57
			302	58
			303	59
			303	60
			304	61
			305	62
			305	63
			306	64
			307	64
			307	65
			308	66
			308	67
			309	68
			310	69
			310	70
			311	71
			311	72
			312	73
			313	74
			313	75
			314	76
			314	77
			315	78
			315	79
			316	80
			316	81
			317	82
			317	83
			318	84
			318	85
			319	86
			319	87
			319	88
			320	89
			320	90
			321	91
			321	92
			321	93
			322	94
			322	95
			323	96
			323	97
			323	98
			324	98
			324	99
			324	100
			324	101
			325	102
			325	103
			325	104
			326	105
			326	106
			326	107
			327	108
			327	109
			327	110
			327	111
			328	112
			328	113
			328	114
			329	115
			329	116
			329	117
			329	118
			330	119
			330	120
			330	121
			330	122
			330	123
			331	123
			331	124
			331	125
			331	126
			331	127
			331	128
			332	129
			332	130
			332	131
			332	132
			332	133
			332	134
			333	135
			333	136
			333	137
			333	138
			333	139
			333	140
			333	141
			333	142
			334	143
			334	144
			334	145
			334	146
			334	147
			334	148
			335	149
			335	150
			335	151
			335	152
			336	153
			336	154
			336	155
			337	156
			337	157
			337	158
			338	159
			338	160
			338	161
			338	162
			339	163
			339	164
			339	165
			340	166
			340	167
			340	168
			341	169
			341	170
			341	171
			342	172
			342	173
			342	174
			343	175
			343	176
			343	177
			344	178
			344	179
			345	180
			345	181
			345	182
			346	183
			346	184
			347	185
			347	186
		</anterior>
		<posterior type=matrix rownames=FALSE colnames=FALSE nrow=410 ncol=2 as.numeric=TRUE >
			205	186
			206	186
			207	186
			208	186
			209	186
			210	186
			211	186
			212	186
			213	186
			214	186
			215	186
			216	186
			217	186
			218	186
			219	186
			220	186
			221	186
			222	186
			223	186
			224	186
			225	186
			226	186
			227	186
			228	186
			229	186
			230	186
			231	185
			232	185
			233	185
			234	185
			235	185
			236	185
			237	185
			238	185
			239	185
			240	184
			241	184
			242	184
			243	184
			244	184
			245	184
			246	184
			247	183
			248	183
			249	183
			250	183
			251	183
			252	183
			253	183
			254	183
			255	183
			256	183
			257	183
			258	183
			259	183
			260	183
			261	183
			262	183
			263	183
			264	183
			265	183
			266	183
			267	183
			268	183
			269	183
			270	183
			271	183
			272	183
			273	183
			274	183
			275	183
			276	182
			277	182
			278	182
			279	182
			280	182
			281	182
			282	182
			283	182
			284	182
			285	182
			286	181
			287	181
			288	181
			289	181
			290	181
			291	181
			292	181
			293	181
			294	181
			294	180
			295	180
			296	180
			297	180
			298	180
			299	180
			300	179
			301	179
			302	179
			303	179
			304	179
			305	179
			306	179
			307	179
			308	179
			309	180
			310	180
			311	180
			312	180
			313	181
			314	181
			315	182
			316	183
			317	183
			318	184
			319	185
			319	186
			320	187
			321	188
			321	189
			322	190
			322	191
			323	192
			323	193
			323	194
			324	195
			324	196
			325	197
			325	198
			325	199
			326	200
			326	201
			327	202
			327	203
			328	204
			328	205
			329	206
			329	207
			329	208
			330	209
			330	210
			331	211
			331	212
			332	213
			332	214
			333	215
			333	216
			333	217
			334	218
			334	219
			335	220
			335	221
			336	222
			336	223
			337	224
			337	225
			337	226
			338	227
			338	228
			339	229
			339	230
			339	231
			340	231
			340	232
			340	233
			341	234
			341	235
			342	236
			342	237
			343	238
			343	239
			343	240
			344	241
			344	242
			345	243
			345	244
			346	245
			346	246
			347	247
			347	248
			347	249
			348	250
			348	251
			349	252
			349	253
			349	254
			350	255
			350	256
			351	257
			351	258
			352	259
			352	260
			352	261
			353	262
			353	263
			354	264
			354	265
			354	266
			355	267
			355	268
			356	269
			356	270
			357	271
			357	272
			357	273
			358	274
			358	275
			359	276
			359	277
			359	278
			360	279
			360	280
			361	281
			361	282
			362	283
			362	284
			362	285
			363	286
			363	287
			364	288
			364	289
			365	290
			365	291
			365	292
			366	293
			366	294
			367	295
			367	296
			368	297
			368	298
			369	299
			369	300
			369	301
			370	302
			370	303
			371	304
			371	305
			371	306
			372	307
			372	308
			373	309
			373	310
			374	311
			374	312
			374	313
			375	314
			376	315
			376	316
			377	317
			377	318
			378	318
			378	319
			379	320
			379	321
			380	321
			380	322
			381	322
			382	323
			383	324
			384	324
			385	325
			386	325
			387	325
			388	325
			389	325
			390	325
			391	324
			392	324
			393	323
			393	322
			394	321
			394	320
			395	319
			395	318
			395	317
			395	316
			395	315
			395	314
			395	313
			395	312
			395	311
			395	310
			394	309
			394	308
			394	307
			393	306
			393	305
			393	304
			392	303
			392	302
			392	301
			391	301
			391	300
			391	299
			390	298
			390	297
			390	296
			389	295
			389	294
			389	293
			388	292
			388	291
			387	290
			387	289
			387	288
			387	287
			386	286
			386	285
			385	284
			385	283
			385	282
			384	281
			384	280
			384	279
			383	278
			383	277
			383	276
			382	275
			382	274
			382	273
			381	272
			381	271
			381	270
			380	269
			380	268
			379	267
			379	266
			379	265
			378	264
			378	263
			378	262
			377	261
			377	260
			377	259
			376	258
			376	257
			376	256
			375	255
			375	254
			375	253
			374	252
			374	251
			373	250
			373	249
			372	248
			372	247
			372	246
			371	245
			371	244
			370	243
			370	242
			370	241
			369	240
			369	239
			369	238
			368	237
			368	236
			367	235
			367	234
			366	233
			366	232
			366	231
			365	230
			365	229
			365	228
			364	227
			364	226
			363	225
			363	224
			363	223
			362	223
			362	222
			362	221
			362	220
			361	220
			361	219
			361	218
			360	217
			360	216
			359	215
			359	214
			359	213
			358	212
			358	211
			357	211
			357	210
			357	209
			356	208
			356	207
			356	206
			355	205
			355	204
			354	203
			354	202
			353	201
			353	200
			352	199
			352	198
			352	197
			351	196
			351	195
			350	194
			350	193
			350	192
			349	191
			349	190
			348	189
			348	188
			347	187
			347	186
		</posterior>
	</curves.pixel>
	<ruler.points type=matrix rownames=TRUE colnames=FALSE nrow=2 ncol=2 as.numeric=TRUE >
		Ruler point 1	309	24
		Ruler point 2	365	24
	</ruler.points>
</shapes>

