<shapes type=list>
	<square.size type=vector names=FALSE length=1 as.numeric=TRUE >2</square.size>
	<scaling.units type=vector names=FALSE length=1 as.numeric=FALSE >mm</scaling.units>
	<scaling type=logical names=FALSE length=1 as.numeric=FALSE >NA</scaling>
	<landmarks.pixel type=matrix rownames=TRUE colnames=FALSE nrow=13 ncol=2 as.numeric=TRUE >
		LM1	209	32
		LM2	209	55
		LM3	209	173
		LM4	209	184
		LM5	247	132
		LM6	245	169
		LM7	243	183
		LM10	209	32
		LM11	251	170
		LM12	274	187
		LM13	209	32
		LM15	318	184
		LM16	318	267
	</landmarks.pixel>
	<curves.control type=list>
		<glabella type=matrix rownames=FALSE colnames=FALSE nrow=11 ncol=2 as.numeric=TRUE >
			209	55
			220	56
			225	68
			233	84
			237	105
			245	124
			247	132
			247	145
			244	160
			246	172
			243	183
		</glabella>
		<suture type=matrix rownames=FALSE colnames=FALSE nrow=19 ncol=2 as.numeric=TRUE >
			209	32
			220	31
			237	39
			248	47
			258	53
			269	67
			267	78
			262	87
			255	97
			250	105
			250	114
			256	131
			253	144
			250	156
			249	164
			250	170
			254	174
			267	178
			274	187
		</suture>
		<anterior type=matrix rownames=FALSE colnames=FALSE nrow=9 ncol=2 as.numeric=TRUE >
			209	32
			220	31
			237	39
			248	47
			258	53
			282	71
			302	114
			313	157
			318	184
		</anterior>
		<posterior type=matrix rownames=FALSE colnames=FALSE nrow=13 ncol=2 as.numeric=TRUE >
			209	184
			223	184
			234	183
			243	183
			274	187
			295	186
			300	210
			306	233
			314	260
			317	273
			322	264
			327	249
			318	184
		</posterior>
	</curves.control>
	<curves.pixel type=list>
		<glabella type=matrix rownames=FALSE colnames=FALSE nrow=140 ncol=2 as.numeric=TRUE >
			209	55
			210	55
			211	55
			212	56
			213	56
			214	56
			215	57
			216	57
			217	57
			217	58
			218	58
			219	59
			220	60
			221	61
			222	62
			223	63
			223	64
			224	65
			224	66
			224	67
			225	67
			225	68
			226	69
			226	70
			227	71
			227	72
			227	73
			228	74
			228	75
			229	76
			229	77
			229	78
			230	79
			230	80
			231	81
			231	82
			231	83
			232	84
			232	85
			232	86
			233	87
			233	88
			233	89
			234	90
			234	91
			234	92
			234	93
			235	94
			235	95
			235	96
			235	97
			236	98
			236	99
			236	100
			236	101
			236	102
			237	103
			237	104
			237	105
			237	106
			238	107
			238	108
			239	109
			239	110
			239	111
			240	111
			240	112
			240	113
			241	114
			241	115
			242	116
			242	117
			242	118
			242	119
			243	119
			243	120
			243	121
			244	122
			244	123
			245	124
			245	125
			245	126
			245	127
			246	127
			246	128
			246	129
			246	130
			247	131
			247	132
			247	133
			247	134
			247	135
			247	136
			247	137
			247	138
			247	139
			247	140
			247	141
			247	142
			246	143
			246	144
			246	145
			246	146
			246	147
			246	148
			246	149
			246	150
			246	151
			245	152
			245	153
			245	154
			245	155
			245	156
			245	157
			244	158
			244	159
			244	160
			244	161
			244	162
			244	163
			245	164
			245	165
			245	166
			245	167
			245	168
			245	169
			245	170
			245	171
			245	172
			245	173
			245	174
			245	175
			244	176
			244	177
			244	178
			244	179
			244	180
			243	181
			243	182
			243	183
		</glabella>
		<suture type=matrix rownames=FALSE colnames=FALSE nrow=198 ncol=2 as.numeric=TRUE >
			209	32
			210	32
			211	32
			212	32
			213	32
			214	32
			215	32
			216	32
			217	32
			218	33
			219	33
			220	33
			221	33
			222	33
			223	34
			224	34
			225	34
			226	35
			227	35
			228	35
			229	36
			230	36
			231	36
			232	37
			233	37
			234	38
			235	38
			236	39
			237	39
			238	40
			239	41
			240	41
			241	42
			242	43
			243	43
			244	44
			245	45
			246	45
			247	46
			248	47
			249	47
			250	48
			251	49
			252	49
			253	50
			254	50
			255	51
			256	52
			257	53
			258	53
			259	54
			259	55
			260	56
			261	57
			261	58
			262	58
			262	59
			263	60
			263	61
			264	62
			264	63
			265	63
			265	64
			265	65
			266	66
			266	67
			266	68
			267	69
			267	70
			267	71
			267	72
			267	73
			267	74
			267	75
			267	76
			267	77
			267	78
			266	79
			266	80
			265	81
			265	82
			264	83
			263	84
			263	85
			262	86
			261	87
			261	88
			260	89
			260	90
			259	90
			259	91
			259	92
			258	92
			258	93
			257	94
			256	95
			255	96
			255	97
			254	98
			254	99
			253	100
			253	101
			252	102
			252	103
			252	104
			251	105
			251	106
			251	107
			251	108
			250	109
			250	110
			250	111
			250	112
			250	113
			250	114
			250	115
			251	116
			251	117
			251	118
			252	119
			252	120
			252	121
			252	122
			253	123
			253	124
			253	125
			253	126
			253	127
			254	128
			254	129
			254	130
			254	131
			254	132
			254	133
			254	134
			254	135
			254	136
			254	137
			254	138
			254	139
			254	140
			254	141
			253	142
			253	143
			253	144
			253	145
			253	146
			252	147
			252	148
			252	149
			252	150
			251	151
			251	152
			251	153
			251	154
			251	155
			250	156
			250	157
			250	158
			250	159
			250	160
			249	161
			249	162
			249	163
			249	164
			249	165
			249	166
			250	167
			250	168
			251	169
			251	170
			252	171
			253	172
			253	173
			254	174
			255	174
			256	175
			257	175
			258	175
			259	176
			260	176
			261	176
			261	177
			262	177
			263	178
			264	178
			265	179
			266	180
			267	181
			268	181
			269	182
			270	183
			271	183
			271	184
			272	185
			273	185
			273	186
			274	187
		</suture>
		<anterior type=matrix rownames=FALSE colnames=FALSE nrow=186 ncol=2 as.numeric=TRUE >
			209	32
			210	32
			211	32
			212	32
			213	32
			214	32
			215	32
			216	32
			217	32
			218	32
			219	33
			220	33
			221	33
			222	33
			223	34
			224	34
			225	34
			226	35
			227	35
			228	35
			229	36
			230	36
			231	36
			232	37
			233	37
			234	37
			235	38
			236	38
			236	39
			237	39
			238	40
			239	40
			239	41
			240	41
			241	42
			242	43
			243	44
			244	44
			245	45
			246	45
			246	46
			247	46
			248	47
			249	47
			250	48
			251	49
			252	49
			253	50
			254	50
			255	51
			256	52
			257	53
			258	53
			259	54
			260	55
			261	55
			262	56
			263	57
			264	58
			265	59
			266	60
			267	61
			268	62
			269	63
			270	64
			271	65
			272	66
			273	67
			274	68
			275	69
			276	70
			276	71
			277	72
			278	73
			279	74
			279	75
			280	76
			281	77
			281	78
			282	79
			283	79
			283	80
			284	81
			285	82
			285	83
			286	84
			287	85
			287	86
			288	87
			288	88
			289	89
			290	90
			290	91
			290	92
			291	93
			292	94
			292	95
			293	96
			294	97
			294	98
			295	99
			295	100
			296	101
			296	102
			297	103
			297	104
			298	105
			298	106
			299	107
			299	108
			300	109
			300	110
			300	111
			301	112
			302	113
			302	114
			302	115
			303	116
			303	117
			303	118
			303	119
			304	120
			304	121
			304	122
			304	123
			304	124
			305	125
			305	126
			305	127
			306	128
			306	129
			306	130
			306	131
			307	132
			307	133
			307	134
			307	135
			308	136
			308	137
			308	138
			308	139
			308	140
			309	141
			309	142
			309	143
			309	144
			310	145
			310	146
			310	147
			310	148
			311	149
			311	150
			311	151
			311	152
			312	153
			312	154
			312	155
			312	156
			312	157
			313	158
			313	159
			313	160
			313	161
			314	162
			314	163
			314	164
			314	165
			314	166
			315	167
			315	168
			315	169
			315	170
			316	171
			316	172
			316	173
			316	174
			316	175
			317	176
			317	177
			317	178
			317	179
			317	180
			317	181
			318	182
			318	183
			318	184
		</anterior>
		<posterior type=matrix rownames=FALSE colnames=FALSE nrow=245 ncol=2 as.numeric=TRUE >
			209	184
			210	184
			211	184
			212	184
			213	184
			214	184
			215	184
			216	184
			217	184
			218	184
			219	184
			220	184
			221	184
			222	184
			223	184
			224	184
			225	184
			226	184
			227	183
			228	183
			229	183
			230	183
			231	183
			232	183
			233	183
			234	183
			235	183
			236	183
			237	183
			238	183
			239	183
			240	183
			241	183
			242	183
			243	184
			244	184
			245	184
			246	184
			247	184
			248	184
			249	184
			250	184
			251	184
			252	184
			253	184
			254	185
			255	185
			256	185
			257	185
			258	185
			259	185
			260	185
			261	185
			262	185
			263	186
			264	186
			265	186
			266	186
			267	186
			268	186
			269	186
			270	186
			271	187
			272	187
			273	187
			274	187
			275	187
			276	187
			277	187
			278	187
			279	187
			280	187
			281	187
			282	188
			283	188
			284	188
			285	189
			286	189
			287	190
			288	190
			289	191
			290	191
			291	192
			292	193
			292	194
			293	194
			294	195
			294	196
			295	197
			296	198
			296	199
			297	200
			297	201
			298	202
			298	203
			298	204
			299	205
			299	206
			299	207
			300	208
			300	209
			300	210
			300	211
			301	212
			301	213
			301	214
			301	215
			302	216
			302	217
			302	218
			303	219
			303	220
			303	221
			303	222
			304	223
			304	224
			304	225
			304	226
			305	227
			305	228
			305	229
			305	230
			306	231
			306	232
			306	233
			306	234
			307	235
			307	236
			307	237
			308	238
			308	239
			308	240
			308	241
			309	242
			309	243
			309	244
			310	245
			310	246
			310	247
			310	248
			311	249
			311	250
			311	251
			312	252
			312	253
			312	254
			312	255
			313	256
			313	257
			313	258
			314	259
			314	260
			314	261
			314	262
			315	263
			315	264
			316	265
			316	266
			317	267
			318	268
			319	267
			320	267
			321	266
			321	265
			322	264
			322	263
			323	262
			323	261
			323	260
			323	259
			323	258
			323	257
			323	256
			323	255
			324	254
			324	253
			324	252
			324	251
			324	250
			324	249
			324	248
			324	247
			324	246
			324	245
			324	244
			324	243
			324	242
			324	241
			324	240
			324	239
			324	238
			324	237
			323	236
			323	235
			323	234
			323	233
			323	232
			323	231
			323	230
			323	229
			323	228
			323	227
			323	226
			323	225
			323	224
			323	223
			322	222
			322	221
			322	220
			322	219
			322	218
			322	217
			322	216
			322	215
			322	214
			322	213
			321	212
			321	211
			321	210
			321	209
			321	208
			321	207
			321	206
			321	205
			321	204
			320	203
			320	202
			320	201
			320	200
			320	199
			320	198
			320	197
			320	196
			319	195
			319	194
			319	193
			319	192
			319	191
			319	190
			319	189
			319	188
			318	187
			318	186
			318	185
			318	184
		</posterior>
	</curves.pixel>
	<ruler.points type=matrix rownames=TRUE colnames=FALSE nrow=2 ncol=2 as.numeric=TRUE >
		Ruler point 1	22	22
		Ruler point 2	75	22
	</ruler.points>
</shapes>

