<shapes type=list>
	<ruler.pixel type=vector names=FALSE length=1 as.numeric=TRUE >39</ruler.pixel>
	<ruler.interval type=vector names=FALSE length=1 as.numeric=TRUE >1</ruler.interval>
	<scaling.units type=vector names=FALSE length=1 as.numeric=FALSE >mm</scaling.units>
	<scaling type=vector names=FALSE length=1 as.numeric=TRUE >0.0256410256410256</scaling>
	<landmarks.pixel type=matrix rownames=TRUE colnames=FALSE nrow=16 ncol=2 as.numeric=TRUE >
		LM1	294	8
		LM2	294	32
		LM3	294	266
		LM4	294	327
		LM5	391	212
		LM6	395	291
		LM7	393	303
		LM8	396	106
		LM9	409	209
		LM10	294	8
		LM11	470	284
		LM12	515	304
		LM13	294	8
		LM14	450	156
		LM15	567	310
		LM16	567	310
	</landmarks.pixel>
	<landmarks.scaled type=matrix rownames=TRUE colnames=FALSE nrow=16 ncol=2 as.numeric=TRUE >
		LM1	7.53846153846154	-0.205128205128205
		LM2	7.53846153846154	-0.82051282051282
		LM3	7.53846153846154	-6.82051282051282
		LM4	7.53846153846154	-8.38461538461539
		LM5	10.025641025641	-5.43589743589744
		LM6	10.1282051282051	-7.46153846153846
		LM7	10.0769230769231	-7.76923076923077
		LM8	10.1538461538462	-2.71794871794872
		LM9	10.4871794871795	-5.35897435897436
		LM10	7.53846153846154	-0.205128205128205
		LM11	12.0512820512821	-7.28205128205128
		LM12	13.2051282051282	-7.79487179487179
		LM13	7.53846153846154	-0.205128205128205
		LM14	11.5384615384615	-4
		LM15	14.5384615384615	-7.94871794871795
		LM16	14.5384615384615	-7.94871794871795
	</landmarks.scaled>
	<curves.control type=list>
		<glabella type=matrix rownames=FALSE colnames=FALSE nrow=9 ncol=2 as.numeric=TRUE >
			294	32
			332	34
			366	63
			381	109
			385	144
			390	188
			393	224
			395	254
			393	303
		</glabella>
		<suture type=matrix rownames=FALSE colnames=FALSE nrow=19 ncol=2 as.numeric=TRUE >
			294	8
			355	9
			368	29
			380	41
			385	51
			390	65
			387	84
			394	106
			405	125
			430	146
			422	175
			411	194
			409	209
			406	251
			419	271
			445	281
			470	284
			497	289
			515	304
		</suture>
		<anterior type=matrix rownames=FALSE colnames=FALSE nrow=9 ncol=2 as.numeric=TRUE >
			294	8
			355	9
			408	36
			449	63
			494	106
			532	162
			550	211
			564	254
			567	310
		</anterior>
		<posterior type=matrix rownames=FALSE colnames=FALSE nrow=9 ncol=2 as.numeric=TRUE >
			294	327
			377	332
			393	303
			403	311
			434	310
			473	304
			515	304
			537	303
			567	310
		</posterior>
	</curves.control>
	<curves.pixel type=list>
		<glabella type=matrix rownames=FALSE colnames=FALSE nrow=320 ncol=2 as.numeric=TRUE >
			294	32
			295	32
			296	32
			297	32
			298	32
			299	32
			300	32
			301	33
			302	33
			303	33
			304	33
			305	33
			306	33
			307	34
			308	34
			309	34
			310	34
			311	34
			312	35
			313	35
			314	35
			315	35
			316	36
			317	36
			318	36
			319	36
			320	37
			321	37
			322	37
			323	38
			324	38
			325	39
			326	39
			327	39
			328	39
			329	40
			330	40
			331	41
			332	41
			333	42
			334	42
			335	43
			336	43
			337	44
			338	44
			339	45
			340	45
			341	46
			342	46
			343	47
			344	47
			345	48
			346	48
			347	49
			348	50
			349	51
			350	51
			351	52
			352	52
			353	53
			354	54
			355	54
			355	55
			356	55
			357	56
			358	56
			359	57
			359	58
			360	58
			361	59
			362	59
			362	60
			363	61
			364	61
			365	62
			366	63
			366	64
			367	65
			367	66
			367	67
			368	68
			368	69
			368	70
			369	71
			369	72
			369	73
			369	74
			370	75
			370	76
			370	77
			371	78
			371	79
			371	80
			372	81
			372	82
			372	83
			372	84
			373	85
			373	86
			373	87
			374	88
			374	89
			374	90
			374	91
			375	92
			375	93
			375	94
			375	95
			376	96
			376	97
			376	98
			376	99
			377	100
			377	101
			377	102
			377	103
			378	104
			378	105
			378	106
			378	107
			379	107
			379	108
			379	109
			379	110
			379	111
			380	112
			380	113
			380	114
			380	115
			380	116
			381	117
			381	118
			381	119
			381	120
			381	121
			382	122
			382	123
			382	124
			382	125
			382	126
			383	127
			383	128
			383	129
			383	130
			383	131
			383	132
			383	133
			384	134
			384	135
			384	136
			384	137
			384	138
			384	139
			384	140
			385	140
			385	141
			385	142
			385	143
			385	144
			385	145
			385	146
			385	147
			385	148
			386	149
			386	150
			386	151
			386	152
			386	153
			386	154
			386	155
			386	156
			386	157
			387	158
			387	159
			387	160
			387	161
			387	162
			387	163
			387	164
			387	165
			387	166
			388	167
			388	168
			388	169
			388	170
			388	171
			388	172
			388	173
			388	174
			388	175
			388	176
			389	177
			389	178
			389	179
			389	180
			389	181
			389	182
			389	183
			389	184
			389	185
			389	186
			390	186
			390	187
			390	188
			390	189
			390	190
			390	191
			390	192
			390	193
			390	194
			390	195
			390	196
			391	197
			391	198
			391	199
			391	200
			391	201
			391	202
			391	203
			391	204
			391	205
			391	206
			392	207
			392	208
			392	209
			392	210
			392	211
			392	212
			392	213
			392	214
			392	215
			392	216
			392	217
			392	218
			393	218
			393	219
			393	220
			393	221
			393	222
			393	223
			393	224
			393	225
			393	226
			393	227
			393	228
			393	229
			393	230
			393	231
			393	232
			394	233
			394	234
			394	235
			394	236
			394	237
			394	238
			394	239
			394	240
			394	241
			394	242
			394	243
			394	244
			394	245
			394	246
			394	247
			394	248
			394	249
			394	250
			394	251
			394	252
			394	253
			394	254
			394	255
			394	256
			394	257
			394	258
			394	259
			394	260
			394	261
			394	262
			394	263
			394	264
			394	265
			394	266
			394	267
			394	268
			394	269
			394	270
			394	271
			394	272
			394	273
			394	274
			394	275
			394	276
			394	277
			394	278
			394	279
			394	280
			394	281
			394	282
			394	283
			394	284
			394	285
			394	286
			394	287
			394	288
			393	289
			393	290
			393	291
			393	292
			393	293
			393	294
			393	295
			393	296
			393	297
			393	298
			393	299
			393	300
			393	301
			393	302
			393	303
		</glabella>
		<suture type=matrix rownames=FALSE colnames=FALSE nrow=429 ncol=2 as.numeric=TRUE >
			294	8
			295	8
			296	8
			297	8
			298	8
			299	8
			300	8
			301	8
			302	8
			303	8
			304	8
			305	8
			306	8
			307	8
			308	9
			309	9
			310	9
			311	9
			312	9
			313	9
			314	9
			315	9
			316	9
			317	9
			318	9
			319	9
			320	9
			320	10
			321	10
			322	10
			323	10
			324	10
			325	10
			326	10
			327	10
			328	11
			329	11
			330	11
			331	11
			332	11
			333	11
			334	12
			335	12
			336	12
			337	12
			338	12
			339	13
			340	13
			341	13
			342	14
			343	14
			344	14
			345	14
			346	15
			347	15
			348	15
			349	16
			350	16
			351	17
			352	17
			353	17
			354	18
			355	18
			356	19
			357	19
			357	20
			358	20
			359	21
			360	21
			361	22
			362	23
			363	24
			364	25
			365	25
			366	26
			366	27
			367	27
			367	28
			368	29
			369	30
			370	31
			371	32
			371	33
			372	33
			373	34
			374	35
			375	36
			375	37
			376	38
			377	39
			378	40
			379	41
			380	42
			380	43
			381	44
			382	45
			382	46
			383	47
			383	48
			384	49
			384	50
			385	51
			385	52
			386	53
			386	54
			386	55
			386	56
			387	57
			387	58
			387	59
			387	60
			388	61
			388	62
			388	63
			388	64
			388	65
			388	66
			388	67
			388	68
			388	69
			388	70
			388	71
			388	72
			388	73
			388	74
			388	75
			388	76
			388	77
			388	78
			388	79
			388	80
			387	81
			387	82
			387	83
			387	84
			387	85
			388	86
			388	87
			388	88
			389	89
			389	90
			389	91
			390	91
			390	92
			390	93
			390	94
			391	95
			391	96
			391	97
			392	97
			392	98
			392	99
			393	100
			393	101
			393	102
			394	103
			395	104
			395	105
			395	106
			396	107
			396	108
			397	109
			397	110
			398	111
			398	112
			399	113
			399	114
			400	115
			400	116
			401	117
			401	118
			402	119
			402	120
			403	121
			403	122
			404	123
			405	124
			405	125
			406	126
			407	127
			408	127
			408	128
			409	129
			410	130
			411	130
			411	131
			412	132
			413	133
			414	134
			415	135
			416	136
			416	137
			417	138
			417	139
			418	140
			419	141
			419	142
			420	143
			420	144
			421	145
			421	146
			421	147
			422	148
			422	149
			422	150
			423	151
			423	152
			423	153
			423	154
			423	155
			424	156
			424	157
			424	158
			424	159
			424	160
			424	161
			424	162
			424	163
			424	164
			424	165
			424	166
			424	167
			423	168
			423	169
			423	170
			423	171
			423	172
			422	173
			422	174
			422	175
			421	176
			421	177
			420	178
			420	179
			419	180
			419	181
			418	182
			418	183
			417	184
			417	185
			416	186
			416	187
			415	188
			415	189
			415	190
			414	191
			414	192
			413	193
			413	194
			412	195
			412	196
			412	197
			411	198
			411	199
			411	200
			411	201
			410	202
			410	203
			410	204
			410	205
			409	206
			409	207
			409	208
			409	209
			409	210
			409	211
			409	212
			409	213
			409	214
			409	215
			409	216
			409	217
			409	218
			409	219
			408	220
			408	221
			408	222
			408	223
			408	224
			408	225
			408	226
			408	227
			408	228
			409	229
			409	230
			409	231
			409	232
			409	233
			409	234
			409	235
			409	236
			409	237
			409	238
			409	239
			409	240
			409	241
			410	242
			410	243
			410	244
			410	245
			410	246
			410	247
			410	248
			411	248
			411	249
			411	250
			411	251
			411	252
			411	253
			412	253
			412	254
			412	255
			412	256
			413	257
			413	258
			413	259
			414	260
			414	261
			414	262
			415	263
			415	264
			416	265
			416	266
			417	267
			417	268
			418	269
			418	270
			419	271
			420	271
			421	272
			422	272
			423	272
			424	273
			425	273
			426	274
			427	274
			428	274
			429	275
			430	275
			431	275
			432	276
			433	276
			434	276
			435	277
			436	277
			437	277
			438	277
			438	278
			439	278
			440	278
			441	278
			442	278
			442	279
			443	279
			444	279
			445	279
			446	280
			447	280
			448	280
			449	280
			450	280
			451	281
			452	281
			453	281
			454	281
			455	282
			456	282
			457	282
			458	282
			459	282
			460	283
			461	283
			462	283
			463	283
			464	283
			465	283
			466	283
			467	284
			468	284
			469	284
			470	284
			471	284
			472	284
			473	285
			474	285
			475	285
			476	285
			477	285
			478	286
			479	286
			480	286
			481	286
			481	287
			482	287
			483	287
			484	288
			485	288
			486	288
			487	288
			488	289
			489	289
			490	289
			491	290
			492	290
			493	291
			494	291
			495	292
			496	292
			497	293
			498	293
			499	294
			500	294
			501	295
			502	295
			503	296
			504	296
			505	297
			506	297
			507	298
			508	299
			509	299
			509	300
			510	300
			511	301
			512	302
			513	302
			514	303
			514	304
			515	304
		</suture>
		<anterior type=matrix rownames=FALSE colnames=FALSE nrow=423 ncol=2 as.numeric=TRUE >
			294	8
			295	8
			296	8
			297	8
			298	8
			299	8
			300	8
			301	8
			302	8
			303	8
			304	8
			305	8
			306	8
			307	8
			307	9
			308	9
			309	9
			310	9
			311	9
			312	9
			313	9
			314	9
			315	9
			316	9
			317	9
			318	9
			319	10
			320	10
			321	10
			322	10
			323	10
			324	10
			325	10
			326	10
			327	10
			328	11
			329	11
			330	11
			331	11
			332	11
			333	11
			334	12
			335	12
			336	12
			337	12
			338	12
			339	12
			340	13
			341	13
			342	13
			343	13
			344	13
			345	14
			346	14
			347	14
			348	14
			349	15
			350	15
			351	15
			352	15
			353	15
			354	16
			355	16
			356	16
			357	16
			358	17
			359	17
			360	17
			361	18
			362	18
			363	18
			364	19
			365	19
			366	19
			367	19
			368	20
			369	20
			370	20
			371	21
			372	21
			373	21
			374	22
			375	22
			376	22
			377	23
			378	23
			379	23
			380	24
			381	24
			382	24
			382	25
			383	25
			384	25
			385	26
			386	26
			387	27
			388	27
			389	27
			390	28
			391	28
			392	28
			393	29
			394	29
			395	30
			396	30
			397	31
			398	31
			399	32
			400	32
			401	33
			402	33
			403	34
			404	34
			405	34
			406	35
			407	36
			408	36
			409	37
			410	37
			410	38
			411	38
			412	38
			412	39
			413	39
			414	40
			415	40
			415	41
			416	41
			417	42
			418	43
			419	44
			420	44
			421	45
			422	45
			423	46
			424	47
			425	48
			426	49
			427	50
			428	50
			429	50
			429	51
			430	51
			431	52
			432	53
			433	54
			434	54
			435	55
			436	56
			437	57
			438	58
			439	58
			440	59
			441	60
			442	60
			443	61
			444	62
			445	63
			446	63
			447	64
			448	65
			448	66
			449	67
			450	67
			451	68
			452	69
			453	70
			454	70
			455	71
			456	72
			457	73
			458	74
			459	74
			460	75
			461	76
			462	77
			463	78
			464	79
			465	79
			466	80
			467	81
			468	82
			469	83
			470	84
			471	84
			472	85
			473	86
			473	87
			474	88
			475	89
			476	90
			477	91
			478	91
			479	92
			480	93
			481	94
			482	95
			483	96
			484	97
			485	98
			486	99
			487	100
			488	101
			489	101
			490	102
			491	103
			492	104
			493	105
			494	106
			495	107
			495	108
			496	109
			496	110
			497	110
			497	111
			498	112
			498	113
			499	113
			499	114
			500	115
			500	116
			501	116
			501	117
			502	118
			502	119
			503	119
			503	120
			504	121
			505	122
			505	123
			506	124
			506	125
			507	126
			507	127
			508	127
			508	128
			509	129
			510	130
			510	131
			511	132
			511	133
			512	133
			512	134
			513	135
			513	136
			514	137
			514	138
			515	139
			516	140
			516	141
			517	142
			518	143
			518	144
			519	145
			519	146
			520	147
			520	148
			521	149
			521	150
			522	151
			523	152
			523	153
			523	154
			524	154
			524	155
			525	156
			525	157
			526	158
			526	159
			527	160
			527	161
			528	162
			529	163
			529	164
			530	165
			530	166
			531	167
			531	168
			532	169
			532	170
			533	171
			533	172
			533	173
			534	173
			534	174
			534	175
			535	175
			535	176
			536	177
			536	178
			537	179
			537	180
			537	181
			538	182
			538	183
			539	184
			539	185
			540	186
			540	187
			541	188
			541	189
			542	190
			542	191
			543	192
			543	193
			543	194
			544	195
			544	196
			545	197
			545	198
			545	199
			546	200
			546	201
			547	202
			547	203
			547	204
			548	205
			548	206
			549	207
			549	208
			549	209
			550	210
			550	211
			550	212
			551	213
			551	214
			551	215
			552	216
			552	217
			552	218
			552	219
			553	220
			553	221
			553	222
			554	223
			554	224
			554	225
			554	226
			555	227
			555	228
			555	229
			555	230
			556	231
			556	232
			556	233
			557	234
			557	235
			557	236
			557	237
			557	238
			558	239
			558	240
			558	241
			558	242
			559	243
			559	244
			559	245
			559	246
			559	247
			560	248
			560	249
			560	250
			560	251
			560	252
			561	253
			561	254
			561	255
			561	256
			561	257
			561	258
			561	259
			562	260
			562	261
			562	262
			562	263
			562	264
			563	265
			563	266
			563	267
			563	268
			563	269
			563	270
			563	271
			563	272
			564	273
			564	274
			564	275
			564	276
			564	277
			564	278
			564	279
			565	280
			565	281
			565	282
			565	283
			565	284
			565	285
			565	286
			565	287
			565	288
			565	289
			566	290
			566	291
			566	292
			566	293
			566	294
			566	295
			566	296
			566	297
			566	298
			566	299
			566	300
			566	301
			566	302
			567	302
			567	303
			567	304
			567	305
			567	306
			567	307
			567	308
			567	309
			567	310
		</anterior>
		<posterior type=matrix rownames=FALSE colnames=FALSE nrow=287 ncol=2 as.numeric=TRUE >
			294	327
			295	327
			296	327
			297	327
			298	327
			299	327
			300	327
			301	327
			302	327
			303	327
			304	327
			305	328
			306	328
			307	328
			308	328
			309	328
			310	328
			311	328
			312	328
			313	328
			314	328
			315	328
			316	328
			317	328
			318	328
			319	328
			320	328
			321	328
			322	328
			323	328
			324	328
			325	328
			326	328
			327	328
			328	328
			329	327
			330	327
			331	327
			332	327
			333	327
			334	327
			335	327
			336	327
			337	327
			338	327
			339	327
			340	327
			341	327
			342	327
			343	326
			344	326
			345	326
			346	326
			347	326
			348	326
			349	326
			350	325
			351	325
			352	325
			353	325
			354	325
			355	325
			356	324
			357	324
			358	324
			359	324
			360	324
			361	323
			362	323
			363	323
			364	323
			364	322
			365	322
			366	322
			367	322
			368	321
			369	321
			370	321
			371	320
			372	320
			373	319
			374	319
			375	319
			375	318
			376	318
			377	318
			378	317
			379	317
			379	316
			380	316
			381	315
			382	315
			382	314
			383	314
			384	314
			384	313
			385	313
			385	312
			386	312
			387	311
			387	310
			388	310
			388	309
			389	309
			389	308
			390	308
			390	307
			391	307
			391	306
			392	305
			392	304
			393	303
			394	304
			395	304
			396	305
			397	306
			398	306
			399	306
			400	307
			401	307
			402	307
			403	308
			404	308
			405	308
			406	308
			407	308
			408	309
			409	309
			410	309
			411	309
			412	309
			413	309
			414	310
			415	310
			416	310
			417	310
			418	310
			419	310
			420	310
			421	310
			422	310
			423	310
			424	310
			425	310
			426	310
			427	310
			428	310
			429	310
			430	310
			431	310
			432	310
			433	310
			434	310
			435	310
			436	310
			437	310
			438	309
			439	309
			440	309
			441	309
			442	309
			443	309
			444	309
			445	308
			446	308
			447	308
			448	308
			449	308
			450	308
			451	308
			452	308
			453	307
			454	307
			455	307
			456	307
			457	307
			458	307
			459	307
			460	307
			461	307
			462	306
			463	306
			464	306
			465	306
			466	306
			467	306
			468	306
			469	306
			470	306
			471	306
			472	306
			473	306
			474	305
			475	305
			476	305
			477	305
			478	305
			479	305
			480	305
			481	305
			482	305
			483	305
			484	305
			485	305
			486	305
			487	305
			488	305
			489	305
			490	305
			491	304
			492	304
			493	304
			494	304
			495	304
			496	304
			497	304
			498	304
			499	304
			500	304
			501	304
			502	304
			503	304
			504	304
			505	304
			506	304
			507	304
			508	304
			509	304
			510	304
			511	304
			512	304
			513	304
			514	304
			515	304
			516	304
			517	304
			518	304
			519	304
			520	304
			521	304
			522	304
			523	304
			524	304
			525	304
			526	304
			527	304
			528	304
			529	304
			530	304
			531	304
			532	304
			533	304
			534	305
			535	305
			536	305
			537	305
			538	305
			539	305
			540	305
			541	305
			542	305
			543	305
			544	306
			545	306
			546	306
			547	306
			548	306
			549	306
			550	307
			551	307
			552	307
			553	307
			554	307
			555	308
			556	308
			557	308
			558	308
			559	308
			560	308
			560	309
			561	309
			562	309
			563	309
			564	309
			565	310
			566	310
			567	310
		</posterior>
	</curves.pixel>
	<curves.scaled type=list>
		<glabella type=matrix rownames=FALSE colnames=FALSE nrow=320 ncol=2 as.numeric=TRUE >
			7.53846153846154	-0.82051282051282
			7.56410256410256	-0.82051282051282
			7.58974358974359	-0.82051282051282
			7.61538461538461	-0.82051282051282
			7.64102564102564	-0.82051282051282
			7.66666666666667	-0.82051282051282
			7.69230769230769	-0.82051282051282
			7.71794871794872	-0.846153846153846
			7.74358974358974	-0.846153846153846
			7.76923076923077	-0.846153846153846
			7.79487179487179	-0.846153846153846
			7.82051282051282	-0.846153846153846
			7.84615384615385	-0.846153846153846
			7.87179487179487	-0.871794871794872
			7.8974358974359	-0.871794871794872
			7.92307692307692	-0.871794871794872
			7.94871794871795	-0.871794871794872
			7.97435897435897	-0.871794871794872
			8	-0.897435897435897
			8.02564102564103	-0.897435897435897
			8.05128205128205	-0.897435897435897
			8.07692307692308	-0.897435897435897
			8.1025641025641	-0.923076923076923
			8.12820512820513	-0.923076923076923
			8.15384615384615	-0.923076923076923
			8.17948717948718	-0.923076923076923
			8.2051282051282	-0.948717948717949
			8.23076923076923	-0.948717948717949
			8.25641025641026	-0.948717948717949
			8.28205128205128	-0.974358974358974
			8.30769230769231	-0.974358974358974
			8.33333333333333	-1
			8.35897435897436	-1
			8.38461538461539	-1
			8.41025641025641	-1
			8.43589743589744	-1.02564102564103
			8.46153846153846	-1.02564102564103
			8.48717948717949	-1.05128205128205
			8.51282051282051	-1.05128205128205
			8.53846153846154	-1.07692307692308
			8.56410256410256	-1.07692307692308
			8.58974358974359	-1.1025641025641
			8.61538461538461	-1.1025641025641
			8.64102564102564	-1.12820512820513
			8.66666666666667	-1.12820512820513
			8.69230769230769	-1.15384615384615
			8.71794871794872	-1.15384615384615
			8.74358974358974	-1.17948717948718
			8.76923076923077	-1.17948717948718
			8.79487179487179	-1.20512820512821
			8.82051282051282	-1.20512820512821
			8.84615384615385	-1.23076923076923
			8.87179487179487	-1.23076923076923
			8.8974358974359	-1.25641025641026
			8.92307692307692	-1.28205128205128
			8.94871794871795	-1.30769230769231
			8.97435897435897	-1.30769230769231
			9	-1.33333333333333
			9.02564102564103	-1.33333333333333
			9.05128205128205	-1.35897435897436
			9.07692307692308	-1.38461538461538
			9.1025641025641	-1.38461538461538
			9.1025641025641	-1.41025641025641
			9.12820512820513	-1.41025641025641
			9.15384615384615	-1.43589743589744
			9.17948717948718	-1.43589743589744
			9.2051282051282	-1.46153846153846
			9.2051282051282	-1.48717948717949
			9.23076923076923	-1.48717948717949
			9.25641025641026	-1.51282051282051
			9.28205128205128	-1.51282051282051
			9.28205128205128	-1.53846153846154
			9.30769230769231	-1.56410256410256
			9.33333333333333	-1.56410256410256
			9.35897435897436	-1.58974358974359
			9.38461538461539	-1.61538461538462
			9.38461538461539	-1.64102564102564
			9.41025641025641	-1.66666666666667
			9.41025641025641	-1.69230769230769
			9.41025641025641	-1.71794871794872
			9.43589743589744	-1.74358974358974
			9.43589743589744	-1.76923076923077
			9.43589743589744	-1.79487179487179
			9.46153846153846	-1.82051282051282
			9.46153846153846	-1.84615384615385
			9.46153846153846	-1.87179487179487
			9.46153846153846	-1.8974358974359
			9.48717948717949	-1.92307692307692
			9.48717948717949	-1.94871794871795
			9.48717948717949	-1.97435897435897
			9.51282051282051	-2
			9.51282051282051	-2.02564102564103
			9.51282051282051	-2.05128205128205
			9.53846153846154	-2.07692307692308
			9.53846153846154	-2.1025641025641
			9.53846153846154	-2.12820512820513
			9.53846153846154	-2.15384615384615
			9.56410256410256	-2.17948717948718
			9.56410256410256	-2.2051282051282
			9.56410256410256	-2.23076923076923
			9.58974358974359	-2.25641025641026
			9.58974358974359	-2.28205128205128
			9.58974358974359	-2.30769230769231
			9.58974358974359	-2.33333333333333
			9.61538461538461	-2.35897435897436
			9.61538461538461	-2.38461538461538
			9.61538461538461	-2.41025641025641
			9.61538461538461	-2.43589743589744
			9.64102564102564	-2.46153846153846
			9.64102564102564	-2.48717948717949
			9.64102564102564	-2.51282051282051
			9.64102564102564	-2.53846153846154
			9.66666666666667	-2.56410256410256
			9.66666666666667	-2.58974358974359
			9.66666666666667	-2.61538461538462
			9.66666666666667	-2.64102564102564
			9.69230769230769	-2.66666666666667
			9.69230769230769	-2.69230769230769
			9.69230769230769	-2.71794871794872
			9.69230769230769	-2.74358974358974
			9.71794871794872	-2.74358974358974
			9.71794871794872	-2.76923076923077
			9.71794871794872	-2.79487179487179
			9.71794871794872	-2.82051282051282
			9.71794871794872	-2.84615384615385
			9.74358974358974	-2.87179487179487
			9.74358974358974	-2.8974358974359
			9.74358974358974	-2.92307692307692
			9.74358974358974	-2.94871794871795
			9.74358974358974	-2.97435897435897
			9.76923076923077	-3
			9.76923076923077	-3.02564102564103
			9.76923076923077	-3.05128205128205
			9.76923076923077	-3.07692307692308
			9.76923076923077	-3.1025641025641
			9.79487179487179	-3.12820512820513
			9.79487179487179	-3.15384615384615
			9.79487179487179	-3.17948717948718
			9.79487179487179	-3.2051282051282
			9.79487179487179	-3.23076923076923
			9.82051282051282	-3.25641025641026
			9.82051282051282	-3.28205128205128
			9.82051282051282	-3.30769230769231
			9.82051282051282	-3.33333333333333
			9.82051282051282	-3.35897435897436
			9.82051282051282	-3.38461538461538
			9.82051282051282	-3.41025641025641
			9.84615384615385	-3.43589743589744
			9.84615384615385	-3.46153846153846
			9.84615384615385	-3.48717948717949
			9.84615384615385	-3.51282051282051
			9.84615384615385	-3.53846153846154
			9.84615384615385	-3.56410256410256
			9.84615384615385	-3.58974358974359
			9.87179487179487	-3.58974358974359
			9.87179487179487	-3.61538461538462
			9.87179487179487	-3.64102564102564
			9.87179487179487	-3.66666666666667
			9.87179487179487	-3.69230769230769
			9.87179487179487	-3.71794871794872
			9.87179487179487	-3.74358974358974
			9.87179487179487	-3.76923076923077
			9.87179487179487	-3.79487179487179
			9.8974358974359	-3.82051282051282
			9.8974358974359	-3.84615384615385
			9.8974358974359	-3.87179487179487
			9.8974358974359	-3.8974358974359
			9.8974358974359	-3.92307692307692
			9.8974358974359	-3.94871794871795
			9.8974358974359	-3.97435897435897
			9.8974358974359	-4
			9.8974358974359	-4.02564102564103
			9.92307692307692	-4.05128205128205
			9.92307692307692	-4.07692307692308
			9.92307692307692	-4.1025641025641
			9.92307692307692	-4.12820512820513
			9.92307692307692	-4.15384615384615
			9.92307692307692	-4.17948717948718
			9.92307692307692	-4.20512820512821
			9.92307692307692	-4.23076923076923
			9.92307692307692	-4.25641025641026
			9.94871794871795	-4.28205128205128
			9.94871794871795	-4.30769230769231
			9.94871794871795	-4.33333333333333
			9.94871794871795	-4.35897435897436
			9.94871794871795	-4.38461538461538
			9.94871794871795	-4.41025641025641
			9.94871794871795	-4.43589743589744
			9.94871794871795	-4.46153846153846
			9.94871794871795	-4.48717948717949
			9.94871794871795	-4.51282051282051
			9.97435897435897	-4.53846153846154
			9.97435897435897	-4.56410256410256
			9.97435897435897	-4.58974358974359
			9.97435897435897	-4.61538461538461
			9.97435897435897	-4.64102564102564
			9.97435897435897	-4.66666666666667
			9.97435897435897	-4.69230769230769
			9.97435897435897	-4.71794871794872
			9.97435897435897	-4.74358974358974
			9.97435897435897	-4.76923076923077
			10	-4.76923076923077
			10	-4.79487179487179
			10	-4.82051282051282
			10	-4.84615384615385
			10	-4.87179487179487
			10	-4.8974358974359
			10	-4.92307692307692
			10	-4.94871794871795
			10	-4.97435897435897
			10	-5
			10	-5.02564102564103
			10.025641025641	-5.05128205128205
			10.025641025641	-5.07692307692308
			10.025641025641	-5.1025641025641
			10.025641025641	-5.12820512820513
			10.025641025641	-5.15384615384615
			10.025641025641	-5.17948717948718
			10.025641025641	-5.20512820512821
			10.025641025641	-5.23076923076923
			10.025641025641	-5.25641025641026
			10.025641025641	-5.28205128205128
			10.0512820512821	-5.30769230769231
			10.0512820512821	-5.33333333333333
			10.0512820512821	-5.35897435897436
			10.0512820512821	-5.38461538461538
			10.0512820512821	-5.41025641025641
			10.0512820512821	-5.43589743589744
			10.0512820512821	-5.46153846153846
			10.0512820512821	-5.48717948717949
			10.0512820512821	-5.51282051282051
			10.0512820512821	-5.53846153846154
			10.0512820512821	-5.56410256410256
			10.0512820512821	-5.58974358974359
			10.0769230769231	-5.58974358974359
			10.0769230769231	-5.61538461538461
			10.0769230769231	-5.64102564102564
			10.0769230769231	-5.66666666666667
			10.0769230769231	-5.69230769230769
			10.0769230769231	-5.71794871794872
			10.0769230769231	-5.74358974358974
			10.0769230769231	-5.76923076923077
			10.0769230769231	-5.79487179487179
			10.0769230769231	-5.82051282051282
			10.0769230769231	-5.84615384615385
			10.0769230769231	-5.87179487179487
			10.0769230769231	-5.8974358974359
			10.0769230769231	-5.92307692307692
			10.0769230769231	-5.94871794871795
			10.1025641025641	-5.97435897435897
			10.1025641025641	-6
			10.1025641025641	-6.02564102564103
			10.1025641025641	-6.05128205128205
			10.1025641025641	-6.07692307692308
			10.1025641025641	-6.1025641025641
			10.1025641025641	-6.12820512820513
			10.1025641025641	-6.15384615384615
			10.1025641025641	-6.17948717948718
			10.1025641025641	-6.20512820512821
			10.1025641025641	-6.23076923076923
			10.1025641025641	-6.25641025641026
			10.1025641025641	-6.28205128205128
			10.1025641025641	-6.30769230769231
			10.1025641025641	-6.33333333333333
			10.1025641025641	-6.35897435897436
			10.1025641025641	-6.38461538461538
			10.1025641025641	-6.41025641025641
			10.1025641025641	-6.43589743589744
			10.1025641025641	-6.46153846153846
			10.1025641025641	-6.48717948717949
			10.1025641025641	-6.51282051282051
			10.1025641025641	-6.53846153846154
			10.1025641025641	-6.56410256410256
			10.1025641025641	-6.58974358974359
			10.1025641025641	-6.61538461538461
			10.1025641025641	-6.64102564102564
			10.1025641025641	-6.66666666666667
			10.1025641025641	-6.69230769230769
			10.1025641025641	-6.71794871794872
			10.1025641025641	-6.74358974358974
			10.1025641025641	-6.76923076923077
			10.1025641025641	-6.79487179487179
			10.1025641025641	-6.82051282051282
			10.1025641025641	-6.84615384615385
			10.1025641025641	-6.87179487179487
			10.1025641025641	-6.8974358974359
			10.1025641025641	-6.92307692307692
			10.1025641025641	-6.94871794871795
			10.1025641025641	-6.97435897435897
			10.1025641025641	-7
			10.1025641025641	-7.02564102564103
			10.1025641025641	-7.05128205128205
			10.1025641025641	-7.07692307692308
			10.1025641025641	-7.1025641025641
			10.1025641025641	-7.12820512820513
			10.1025641025641	-7.15384615384615
			10.1025641025641	-7.17948717948718
			10.1025641025641	-7.20512820512821
			10.1025641025641	-7.23076923076923
			10.1025641025641	-7.25641025641026
			10.1025641025641	-7.28205128205128
			10.1025641025641	-7.30769230769231
			10.1025641025641	-7.33333333333333
			10.1025641025641	-7.35897435897436
			10.1025641025641	-7.38461538461538
			10.0769230769231	-7.41025641025641
			10.0769230769231	-7.43589743589744
			10.0769230769231	-7.46153846153846
			10.0769230769231	-7.48717948717949
			10.0769230769231	-7.51282051282051
			10.0769230769231	-7.53846153846154
			10.0769230769231	-7.56410256410256
			10.0769230769231	-7.58974358974359
			10.0769230769231	-7.61538461538461
			10.0769230769231	-7.64102564102564
			10.0769230769231	-7.66666666666667
			10.0769230769231	-7.69230769230769
			10.0769230769231	-7.71794871794872
			10.0769230769231	-7.74358974358974
			10.0769230769231	-7.76923076923077
		</glabella>
		<suture type=matrix rownames=FALSE colnames=FALSE nrow=429 ncol=2 as.numeric=TRUE >
			7.53846153846154	-0.205128205128205
			7.56410256410256	-0.205128205128205
			7.58974358974359	-0.205128205128205
			7.61538461538461	-0.205128205128205
			7.64102564102564	-0.205128205128205
			7.66666666666667	-0.205128205128205
			7.69230769230769	-0.205128205128205
			7.71794871794872	-0.205128205128205
			7.74358974358974	-0.205128205128205
			7.76923076923077	-0.205128205128205
			7.79487179487179	-0.205128205128205
			7.82051282051282	-0.205128205128205
			7.84615384615385	-0.205128205128205
			7.87179487179487	-0.205128205128205
			7.8974358974359	-0.230769230769231
			7.92307692307692	-0.230769230769231
			7.94871794871795	-0.230769230769231
			7.97435897435897	-0.230769230769231
			8	-0.230769230769231
			8.02564102564103	-0.230769230769231
			8.05128205128205	-0.230769230769231
			8.07692307692308	-0.230769230769231
			8.1025641025641	-0.230769230769231
			8.12820512820513	-0.230769230769231
			8.15384615384615	-0.230769230769231
			8.17948717948718	-0.230769230769231
			8.2051282051282	-0.230769230769231
			8.2051282051282	-0.256410256410256
			8.23076923076923	-0.256410256410256
			8.25641025641026	-0.256410256410256
			8.28205128205128	-0.256410256410256
			8.30769230769231	-0.256410256410256
			8.33333333333333	-0.256410256410256
			8.35897435897436	-0.256410256410256
			8.38461538461539	-0.256410256410256
			8.41025641025641	-0.282051282051282
			8.43589743589744	-0.282051282051282
			8.46153846153846	-0.282051282051282
			8.48717948717949	-0.282051282051282
			8.51282051282051	-0.282051282051282
			8.53846153846154	-0.282051282051282
			8.56410256410256	-0.307692307692308
			8.58974358974359	-0.307692307692308
			8.61538461538461	-0.307692307692308
			8.64102564102564	-0.307692307692308
			8.66666666666667	-0.307692307692308
			8.69230769230769	-0.333333333333333
			8.71794871794872	-0.333333333333333
			8.74358974358974	-0.333333333333333
			8.76923076923077	-0.358974358974359
			8.79487179487179	-0.358974358974359
			8.82051282051282	-0.358974358974359
			8.84615384615385	-0.358974358974359
			8.87179487179487	-0.384615384615385
			8.8974358974359	-0.384615384615385
			8.92307692307692	-0.384615384615385
			8.94871794871795	-0.41025641025641
			8.97435897435897	-0.41025641025641
			9	-0.435897435897436
			9.02564102564103	-0.435897435897436
			9.05128205128205	-0.435897435897436
			9.07692307692308	-0.461538461538462
			9.1025641025641	-0.461538461538462
			9.12820512820513	-0.487179487179487
			9.15384615384615	-0.487179487179487
			9.15384615384615	-0.512820512820513
			9.17948717948718	-0.512820512820513
			9.2051282051282	-0.538461538461538
			9.23076923076923	-0.538461538461538
			9.25641025641026	-0.564102564102564
			9.28205128205128	-0.58974358974359
			9.30769230769231	-0.615384615384615
			9.33333333333333	-0.641025641025641
			9.35897435897436	-0.641025641025641
			9.38461538461539	-0.666666666666667
			9.38461538461539	-0.692307692307692
			9.41025641025641	-0.692307692307692
			9.41025641025641	-0.717948717948718
			9.43589743589744	-0.743589743589744
			9.46153846153846	-0.769230769230769
			9.48717948717949	-0.794871794871795
			9.51282051282051	-0.82051282051282
			9.51282051282051	-0.846153846153846
			9.53846153846154	-0.846153846153846
			9.56410256410256	-0.871794871794872
			9.58974358974359	-0.897435897435897
			9.61538461538461	-0.923076923076923
			9.61538461538461	-0.948717948717949
			9.64102564102564	-0.974358974358974
			9.66666666666667	-1
			9.69230769230769	-1.02564102564103
			9.71794871794872	-1.05128205128205
			9.74358974358974	-1.07692307692308
			9.74358974358974	-1.1025641025641
			9.76923076923077	-1.12820512820513
			9.79487179487179	-1.15384615384615
			9.79487179487179	-1.17948717948718
			9.82051282051282	-1.20512820512821
			9.82051282051282	-1.23076923076923
			9.84615384615385	-1.25641025641026
			9.84615384615385	-1.28205128205128
			9.87179487179487	-1.30769230769231
			9.87179487179487	-1.33333333333333
			9.8974358974359	-1.35897435897436
			9.8974358974359	-1.38461538461538
			9.8974358974359	-1.41025641025641
			9.8974358974359	-1.43589743589744
			9.92307692307692	-1.46153846153846
			9.92307692307692	-1.48717948717949
			9.92307692307692	-1.51282051282051
			9.92307692307692	-1.53846153846154
			9.94871794871795	-1.56410256410256
			9.94871794871795	-1.58974358974359
			9.94871794871795	-1.61538461538462
			9.94871794871795	-1.64102564102564
			9.94871794871795	-1.66666666666667
			9.94871794871795	-1.69230769230769
			9.94871794871795	-1.71794871794872
			9.94871794871795	-1.74358974358974
			9.94871794871795	-1.76923076923077
			9.94871794871795	-1.79487179487179
			9.94871794871795	-1.82051282051282
			9.94871794871795	-1.84615384615385
			9.94871794871795	-1.87179487179487
			9.94871794871795	-1.8974358974359
			9.94871794871795	-1.92307692307692
			9.94871794871795	-1.94871794871795
			9.94871794871795	-1.97435897435897
			9.94871794871795	-2
			9.94871794871795	-2.02564102564103
			9.94871794871795	-2.05128205128205
			9.92307692307692	-2.07692307692308
			9.92307692307692	-2.1025641025641
			9.92307692307692	-2.12820512820513
			9.92307692307692	-2.15384615384615
			9.92307692307692	-2.17948717948718
			9.94871794871795	-2.2051282051282
			9.94871794871795	-2.23076923076923
			9.94871794871795	-2.25641025641026
			9.97435897435897	-2.28205128205128
			9.97435897435897	-2.30769230769231
			9.97435897435897	-2.33333333333333
			10	-2.33333333333333
			10	-2.35897435897436
			10	-2.38461538461538
			10	-2.41025641025641
			10.025641025641	-2.43589743589744
			10.025641025641	-2.46153846153846
			10.025641025641	-2.48717948717949
			10.0512820512821	-2.48717948717949
			10.0512820512821	-2.51282051282051
			10.0512820512821	-2.53846153846154
			10.0769230769231	-2.56410256410256
			10.0769230769231	-2.58974358974359
			10.0769230769231	-2.61538461538462
			10.1025641025641	-2.64102564102564
			10.1282051282051	-2.66666666666667
			10.1282051282051	-2.69230769230769
			10.1282051282051	-2.71794871794872
			10.1538461538462	-2.74358974358974
			10.1538461538462	-2.76923076923077
			10.1794871794872	-2.79487179487179
			10.1794871794872	-2.82051282051282
			10.2051282051282	-2.84615384615385
			10.2051282051282	-2.87179487179487
			10.2307692307692	-2.8974358974359
			10.2307692307692	-2.92307692307692
			10.2564102564103	-2.94871794871795
			10.2564102564103	-2.97435897435897
			10.2820512820513	-3
			10.2820512820513	-3.02564102564103
			10.3076923076923	-3.05128205128205
			10.3076923076923	-3.07692307692308
			10.3333333333333	-3.1025641025641
			10.3333333333333	-3.12820512820513
			10.3589743589744	-3.15384615384615
			10.3846153846154	-3.17948717948718
			10.3846153846154	-3.2051282051282
			10.4102564102564	-3.23076923076923
			10.4358974358974	-3.25641025641026
			10.4615384615385	-3.25641025641026
			10.4615384615385	-3.28205128205128
			10.4871794871795	-3.30769230769231
			10.5128205128205	-3.33333333333333
			10.5384615384615	-3.33333333333333
			10.5384615384615	-3.35897435897436
			10.5641025641026	-3.38461538461538
			10.5897435897436	-3.41025641025641
			10.6153846153846	-3.43589743589744
			10.6410256410256	-3.46153846153846
			10.6666666666667	-3.48717948717949
			10.6666666666667	-3.51282051282051
			10.6923076923077	-3.53846153846154
			10.6923076923077	-3.56410256410256
			10.7179487179487	-3.58974358974359
			10.7435897435897	-3.61538461538462
			10.7435897435897	-3.64102564102564
			10.7692307692308	-3.66666666666667
			10.7692307692308	-3.69230769230769
			10.7948717948718	-3.71794871794872
			10.7948717948718	-3.74358974358974
			10.7948717948718	-3.76923076923077
			10.8205128205128	-3.79487179487179
			10.8205128205128	-3.82051282051282
			10.8205128205128	-3.84615384615385
			10.8461538461538	-3.87179487179487
			10.8461538461538	-3.8974358974359
			10.8461538461538	-3.92307692307692
			10.8461538461538	-3.94871794871795
			10.8461538461538	-3.97435897435897
			10.8717948717949	-4
			10.8717948717949	-4.02564102564103
			10.8717948717949	-4.05128205128205
			10.8717948717949	-4.07692307692308
			10.8717948717949	-4.1025641025641
			10.8717948717949	-4.12820512820513
			10.8717948717949	-4.15384615384615
			10.8717948717949	-4.17948717948718
			10.8717948717949	-4.20512820512821
			10.8717948717949	-4.23076923076923
			10.8717948717949	-4.25641025641026
			10.8717948717949	-4.28205128205128
			10.8461538461538	-4.30769230769231
			10.8461538461538	-4.33333333333333
			10.8461538461538	-4.35897435897436
			10.8461538461538	-4.38461538461538
			10.8461538461538	-4.41025641025641
			10.8205128205128	-4.43589743589744
			10.8205128205128	-4.46153846153846
			10.8205128205128	-4.48717948717949
			10.7948717948718	-4.51282051282051
			10.7948717948718	-4.53846153846154
			10.7692307692308	-4.56410256410256
			10.7692307692308	-4.58974358974359
			10.7435897435897	-4.61538461538461
			10.7435897435897	-4.64102564102564
			10.7179487179487	-4.66666666666667
			10.7179487179487	-4.69230769230769
			10.6923076923077	-4.71794871794872
			10.6923076923077	-4.74358974358974
			10.6666666666667	-4.76923076923077
			10.6666666666667	-4.79487179487179
			10.6410256410256	-4.82051282051282
			10.6410256410256	-4.84615384615385
			10.6410256410256	-4.87179487179487
			10.6153846153846	-4.8974358974359
			10.6153846153846	-4.92307692307692
			10.5897435897436	-4.94871794871795
			10.5897435897436	-4.97435897435897
			10.5641025641026	-5
			10.5641025641026	-5.02564102564103
			10.5641025641026	-5.05128205128205
			10.5384615384615	-5.07692307692308
			10.5384615384615	-5.1025641025641
			10.5384615384615	-5.12820512820513
			10.5384615384615	-5.15384615384615
			10.5128205128205	-5.17948717948718
			10.5128205128205	-5.20512820512821
			10.5128205128205	-5.23076923076923
			10.5128205128205	-5.25641025641026
			10.4871794871795	-5.28205128205128
			10.4871794871795	-5.30769230769231
			10.4871794871795	-5.33333333333333
			10.4871794871795	-5.35897435897436
			10.4871794871795	-5.38461538461538
			10.4871794871795	-5.41025641025641
			10.4871794871795	-5.43589743589744
			10.4871794871795	-5.46153846153846
			10.4871794871795	-5.48717948717949
			10.4871794871795	-5.51282051282051
			10.4871794871795	-5.53846153846154
			10.4871794871795	-5.56410256410256
			10.4871794871795	-5.58974358974359
			10.4871794871795	-5.61538461538461
			10.4615384615385	-5.64102564102564
			10.4615384615385	-5.66666666666667
			10.4615384615385	-5.69230769230769
			10.4615384615385	-5.71794871794872
			10.4615384615385	-5.74358974358974
			10.4615384615385	-5.76923076923077
			10.4615384615385	-5.79487179487179
			10.4615384615385	-5.82051282051282
			10.4615384615385	-5.84615384615385
			10.4871794871795	-5.87179487179487
			10.4871794871795	-5.8974358974359
			10.4871794871795	-5.92307692307692
			10.4871794871795	-5.94871794871795
			10.4871794871795	-5.97435897435897
			10.4871794871795	-6
			10.4871794871795	-6.02564102564103
			10.4871794871795	-6.05128205128205
			10.4871794871795	-6.07692307692308
			10.4871794871795	-6.1025641025641
			10.4871794871795	-6.12820512820513
			10.4871794871795	-6.15384615384615
			10.4871794871795	-6.17948717948718
			10.5128205128205	-6.20512820512821
			10.5128205128205	-6.23076923076923
			10.5128205128205	-6.25641025641026
			10.5128205128205	-6.28205128205128
			10.5128205128205	-6.30769230769231
			10.5128205128205	-6.33333333333333
			10.5128205128205	-6.35897435897436
			10.5384615384615	-6.35897435897436
			10.5384615384615	-6.38461538461538
			10.5384615384615	-6.41025641025641
			10.5384615384615	-6.43589743589744
			10.5384615384615	-6.46153846153846
			10.5384615384615	-6.48717948717949
			10.5641025641026	-6.48717948717949
			10.5641025641026	-6.51282051282051
			10.5641025641026	-6.53846153846154
			10.5641025641026	-6.56410256410256
			10.5897435897436	-6.58974358974359
			10.5897435897436	-6.61538461538461
			10.5897435897436	-6.64102564102564
			10.6153846153846	-6.66666666666667
			10.6153846153846	-6.69230769230769
			10.6153846153846	-6.71794871794872
			10.6410256410256	-6.74358974358974
			10.6410256410256	-6.76923076923077
			10.6666666666667	-6.79487179487179
			10.6666666666667	-6.82051282051282
			10.6923076923077	-6.84615384615385
			10.6923076923077	-6.87179487179487
			10.7179487179487	-6.8974358974359
			10.7179487179487	-6.92307692307692
			10.7435897435897	-6.94871794871795
			10.7692307692308	-6.94871794871795
			10.7948717948718	-6.97435897435897
			10.8205128205128	-6.97435897435897
			10.8461538461538	-6.97435897435897
			10.8717948717949	-7
			10.8974358974359	-7
			10.9230769230769	-7.02564102564103
			10.9487179487179	-7.02564102564103
			10.974358974359	-7.02564102564103
			11	-7.05128205128205
			11.025641025641	-7.05128205128205
			11.0512820512821	-7.05128205128205
			11.0769230769231	-7.07692307692308
			11.1025641025641	-7.07692307692308
			11.1282051282051	-7.07692307692308
			11.1538461538462	-7.1025641025641
			11.1794871794872	-7.1025641025641
			11.2051282051282	-7.1025641025641
			11.2307692307692	-7.1025641025641
			11.2307692307692	-7.12820512820513
			11.2564102564103	-7.12820512820513
			11.2820512820513	-7.12820512820513
			11.3076923076923	-7.12820512820513
			11.3333333333333	-7.12820512820513
			11.3333333333333	-7.15384615384615
			11.3589743589744	-7.15384615384615
			11.3846153846154	-7.15384615384615
			11.4102564102564	-7.15384615384615
			11.4358974358974	-7.17948717948718
			11.4615384615385	-7.17948717948718
			11.4871794871795	-7.17948717948718
			11.5128205128205	-7.17948717948718
			11.5384615384615	-7.17948717948718
			11.5641025641026	-7.20512820512821
			11.5897435897436	-7.20512820512821
			11.6153846153846	-7.20512820512821
			11.6410256410256	-7.20512820512821
			11.6666666666667	-7.23076923076923
			11.6923076923077	-7.23076923076923
			11.7179487179487	-7.23076923076923
			11.7435897435897	-7.23076923076923
			11.7692307692308	-7.23076923076923
			11.7948717948718	-7.25641025641026
			11.8205128205128	-7.25641025641026
			11.8461538461538	-7.25641025641026
			11.8717948717949	-7.25641025641026
			11.8974358974359	-7.25641025641026
			11.9230769230769	-7.25641025641026
			11.9487179487179	-7.25641025641026
			11.974358974359	-7.28205128205128
			12	-7.28205128205128
			12.025641025641	-7.28205128205128
			12.0512820512821	-7.28205128205128
			12.0769230769231	-7.28205128205128
			12.1025641025641	-7.28205128205128
			12.1282051282051	-7.30769230769231
			12.1538461538462	-7.30769230769231
			12.1794871794872	-7.30769230769231
			12.2051282051282	-7.30769230769231
			12.2307692307692	-7.30769230769231
			12.2564102564103	-7.33333333333333
			12.2820512820513	-7.33333333333333
			12.3076923076923	-7.33333333333333
			12.3333333333333	-7.33333333333333
			12.3333333333333	-7.35897435897436
			12.3589743589744	-7.35897435897436
			12.3846153846154	-7.35897435897436
			12.4102564102564	-7.38461538461538
			12.4358974358974	-7.38461538461538
			12.4615384615385	-7.38461538461538
			12.4871794871795	-7.38461538461538
			12.5128205128205	-7.41025641025641
			12.5384615384615	-7.41025641025641
			12.5641025641026	-7.41025641025641
			12.5897435897436	-7.43589743589744
			12.6153846153846	-7.43589743589744
			12.6410256410256	-7.46153846153846
			12.6666666666667	-7.46153846153846
			12.6923076923077	-7.48717948717949
			12.7179487179487	-7.48717948717949
			12.7435897435897	-7.51282051282051
			12.7692307692308	-7.51282051282051
			12.7948717948718	-7.53846153846154
			12.8205128205128	-7.53846153846154
			12.8461538461538	-7.56410256410256
			12.8717948717949	-7.56410256410256
			12.8974358974359	-7.58974358974359
			12.9230769230769	-7.58974358974359
			12.9487179487179	-7.61538461538461
			12.974358974359	-7.61538461538461
			13	-7.64102564102564
			13.025641025641	-7.66666666666667
			13.0512820512821	-7.66666666666667
			13.0512820512821	-7.69230769230769
			13.0769230769231	-7.69230769230769
			13.1025641025641	-7.71794871794872
			13.1282051282051	-7.74358974358974
			13.1538461538462	-7.74358974358974
			13.1794871794872	-7.76923076923077
			13.1794871794872	-7.79487179487179
			13.2051282051282	-7.79487179487179
		</suture>
		<anterior type=matrix rownames=FALSE colnames=FALSE nrow=423 ncol=2 as.numeric=TRUE >
			7.53846153846154	-0.205128205128205
			7.56410256410256	-0.205128205128205
			7.58974358974359	-0.205128205128205
			7.61538461538461	-0.205128205128205
			7.64102564102564	-0.205128205128205
			7.66666666666667	-0.205128205128205
			7.69230769230769	-0.205128205128205
			7.71794871794872	-0.205128205128205
			7.74358974358974	-0.205128205128205
			7.76923076923077	-0.205128205128205
			7.79487179487179	-0.205128205128205
			7.82051282051282	-0.205128205128205
			7.84615384615385	-0.205128205128205
			7.87179487179487	-0.205128205128205
			7.87179487179487	-0.230769230769231
			7.8974358974359	-0.230769230769231
			7.92307692307692	-0.230769230769231
			7.94871794871795	-0.230769230769231
			7.97435897435897	-0.230769230769231
			8	-0.230769230769231
			8.02564102564103	-0.230769230769231
			8.05128205128205	-0.230769230769231
			8.07692307692308	-0.230769230769231
			8.1025641025641	-0.230769230769231
			8.12820512820513	-0.230769230769231
			8.15384615384615	-0.230769230769231
			8.17948717948718	-0.256410256410256
			8.2051282051282	-0.256410256410256
			8.23076923076923	-0.256410256410256
			8.25641025641026	-0.256410256410256
			8.28205128205128	-0.256410256410256
			8.30769230769231	-0.256410256410256
			8.33333333333333	-0.256410256410256
			8.35897435897436	-0.256410256410256
			8.38461538461539	-0.256410256410256
			8.41025641025641	-0.282051282051282
			8.43589743589744	-0.282051282051282
			8.46153846153846	-0.282051282051282
			8.48717948717949	-0.282051282051282
			8.51282051282051	-0.282051282051282
			8.53846153846154	-0.282051282051282
			8.56410256410256	-0.307692307692308
			8.58974358974359	-0.307692307692308
			8.61538461538461	-0.307692307692308
			8.64102564102564	-0.307692307692308
			8.66666666666667	-0.307692307692308
			8.69230769230769	-0.307692307692308
			8.71794871794872	-0.333333333333333
			8.74358974358974	-0.333333333333333
			8.76923076923077	-0.333333333333333
			8.79487179487179	-0.333333333333333
			8.82051282051282	-0.333333333333333
			8.84615384615385	-0.358974358974359
			8.87179487179487	-0.358974358974359
			8.8974358974359	-0.358974358974359
			8.92307692307692	-0.358974358974359
			8.94871794871795	-0.384615384615385
			8.97435897435897	-0.384615384615385
			9	-0.384615384615385
			9.02564102564103	-0.384615384615385
			9.05128205128205	-0.384615384615385
			9.07692307692308	-0.41025641025641
			9.1025641025641	-0.41025641025641
			9.12820512820513	-0.41025641025641
			9.15384615384615	-0.41025641025641
			9.17948717948718	-0.435897435897436
			9.2051282051282	-0.435897435897436
			9.23076923076923	-0.435897435897436
			9.25641025641026	-0.461538461538462
			9.28205128205128	-0.461538461538462
			9.30769230769231	-0.461538461538462
			9.33333333333333	-0.487179487179487
			9.35897435897436	-0.487179487179487
			9.38461538461539	-0.487179487179487
			9.41025641025641	-0.487179487179487
			9.43589743589744	-0.512820512820513
			9.46153846153846	-0.512820512820513
			9.48717948717949	-0.512820512820513
			9.51282051282051	-0.538461538461538
			9.53846153846154	-0.538461538461538
			9.56410256410256	-0.538461538461538
			9.58974358974359	-0.564102564102564
			9.61538461538461	-0.564102564102564
			9.64102564102564	-0.564102564102564
			9.66666666666667	-0.58974358974359
			9.69230769230769	-0.58974358974359
			9.71794871794872	-0.58974358974359
			9.74358974358974	-0.615384615384615
			9.76923076923077	-0.615384615384615
			9.79487179487179	-0.615384615384615
			9.79487179487179	-0.641025641025641
			9.82051282051282	-0.641025641025641
			9.84615384615385	-0.641025641025641
			9.87179487179487	-0.666666666666667
			9.8974358974359	-0.666666666666667
			9.92307692307692	-0.692307692307692
			9.94871794871795	-0.692307692307692
			9.97435897435897	-0.692307692307692
			10	-0.717948717948718
			10.025641025641	-0.717948717948718
			10.0512820512821	-0.717948717948718
			10.0769230769231	-0.743589743589744
			10.1025641025641	-0.743589743589744
			10.1282051282051	-0.769230769230769
			10.1538461538462	-0.769230769230769
			10.1794871794872	-0.794871794871795
			10.2051282051282	-0.794871794871795
			10.2307692307692	-0.82051282051282
			10.2564102564103	-0.82051282051282
			10.2820512820513	-0.846153846153846
			10.3076923076923	-0.846153846153846
			10.3333333333333	-0.871794871794872
			10.3589743589744	-0.871794871794872
			10.3846153846154	-0.871794871794872
			10.4102564102564	-0.897435897435897
			10.4358974358974	-0.923076923076923
			10.4615384615385	-0.923076923076923
			10.4871794871795	-0.948717948717949
			10.5128205128205	-0.948717948717949
			10.5128205128205	-0.974358974358974
			10.5384615384615	-0.974358974358974
			10.5641025641026	-0.974358974358974
			10.5641025641026	-1
			10.5897435897436	-1
			10.6153846153846	-1.02564102564103
			10.6410256410256	-1.02564102564103
			10.6410256410256	-1.05128205128205
			10.6666666666667	-1.05128205128205
			10.6923076923077	-1.07692307692308
			10.7179487179487	-1.1025641025641
			10.7435897435897	-1.12820512820513
			10.7692307692308	-1.12820512820513
			10.7948717948718	-1.15384615384615
			10.8205128205128	-1.15384615384615
			10.8461538461538	-1.17948717948718
			10.8717948717949	-1.20512820512821
			10.8974358974359	-1.23076923076923
			10.9230769230769	-1.25641025641026
			10.9487179487179	-1.28205128205128
			10.974358974359	-1.28205128205128
			11	-1.28205128205128
			11	-1.30769230769231
			11.025641025641	-1.30769230769231
			11.0512820512821	-1.33333333333333
			11.0769230769231	-1.35897435897436
			11.1025641025641	-1.38461538461538
			11.1282051282051	-1.38461538461538
			11.1538461538462	-1.41025641025641
			11.1794871794872	-1.43589743589744
			11.2051282051282	-1.46153846153846
			11.2307692307692	-1.48717948717949
			11.2564102564103	-1.48717948717949
			11.2820512820513	-1.51282051282051
			11.3076923076923	-1.53846153846154
			11.3333333333333	-1.53846153846154
			11.3589743589744	-1.56410256410256
			11.3846153846154	-1.58974358974359
			11.4102564102564	-1.61538461538462
			11.4358974358974	-1.61538461538462
			11.4615384615385	-1.64102564102564
			11.4871794871795	-1.66666666666667
			11.4871794871795	-1.69230769230769
			11.5128205128205	-1.71794871794872
			11.5384615384615	-1.71794871794872
			11.5641025641026	-1.74358974358974
			11.5897435897436	-1.76923076923077
			11.6153846153846	-1.79487179487179
			11.6410256410256	-1.79487179487179
			11.6666666666667	-1.82051282051282
			11.6923076923077	-1.84615384615385
			11.7179487179487	-1.87179487179487
			11.7435897435897	-1.8974358974359
			11.7692307692308	-1.8974358974359
			11.7948717948718	-1.92307692307692
			11.8205128205128	-1.94871794871795
			11.8461538461538	-1.97435897435897
			11.8717948717949	-2
			11.8974358974359	-2.02564102564103
			11.9230769230769	-2.02564102564103
			11.9487179487179	-2.05128205128205
			11.974358974359	-2.07692307692308
			12	-2.1025641025641
			12.025641025641	-2.12820512820513
			12.0512820512821	-2.15384615384615
			12.0769230769231	-2.15384615384615
			12.1025641025641	-2.17948717948718
			12.1282051282051	-2.2051282051282
			12.1282051282051	-2.23076923076923
			12.1538461538462	-2.25641025641026
			12.1794871794872	-2.28205128205128
			12.2051282051282	-2.30769230769231
			12.2307692307692	-2.33333333333333
			12.2564102564103	-2.33333333333333
			12.2820512820513	-2.35897435897436
			12.3076923076923	-2.38461538461538
			12.3333333333333	-2.41025641025641
			12.3589743589744	-2.43589743589744
			12.3846153846154	-2.46153846153846
			12.4102564102564	-2.48717948717949
			12.4358974358974	-2.51282051282051
			12.4615384615385	-2.53846153846154
			12.4871794871795	-2.56410256410256
			12.5128205128205	-2.58974358974359
			12.5384615384615	-2.58974358974359
			12.5641025641026	-2.61538461538462
			12.5897435897436	-2.64102564102564
			12.6153846153846	-2.66666666666667
			12.6410256410256	-2.69230769230769
			12.6666666666667	-2.71794871794872
			12.6923076923077	-2.74358974358974
			12.6923076923077	-2.76923076923077
			12.7179487179487	-2.79487179487179
			12.7179487179487	-2.82051282051282
			12.7435897435897	-2.82051282051282
			12.7435897435897	-2.84615384615385
			12.7692307692308	-2.87179487179487
			12.7692307692308	-2.8974358974359
			12.7948717948718	-2.8974358974359
			12.7948717948718	-2.92307692307692
			12.8205128205128	-2.94871794871795
			12.8205128205128	-2.97435897435897
			12.8461538461538	-2.97435897435897
			12.8461538461538	-3
			12.8717948717949	-3.02564102564103
			12.8717948717949	-3.05128205128205
			12.8974358974359	-3.05128205128205
			12.8974358974359	-3.07692307692308
			12.9230769230769	-3.1025641025641
			12.9487179487179	-3.12820512820513
			12.9487179487179	-3.15384615384615
			12.974358974359	-3.17948717948718
			12.974358974359	-3.2051282051282
			13	-3.23076923076923
			13	-3.25641025641026
			13.025641025641	-3.25641025641026
			13.025641025641	-3.28205128205128
			13.0512820512821	-3.30769230769231
			13.0769230769231	-3.33333333333333
			13.0769230769231	-3.35897435897436
			13.1025641025641	-3.38461538461538
			13.1025641025641	-3.41025641025641
			13.1282051282051	-3.41025641025641
			13.1282051282051	-3.43589743589744
			13.1538461538462	-3.46153846153846
			13.1538461538462	-3.48717948717949
			13.1794871794872	-3.51282051282051
			13.1794871794872	-3.53846153846154
			13.2051282051282	-3.56410256410256
			13.2307692307692	-3.58974358974359
			13.2307692307692	-3.61538461538462
			13.2564102564103	-3.64102564102564
			13.2820512820513	-3.66666666666667
			13.2820512820513	-3.69230769230769
			13.3076923076923	-3.71794871794872
			13.3076923076923	-3.74358974358974
			13.3333333333333	-3.76923076923077
			13.3333333333333	-3.79487179487179
			13.3589743589744	-3.82051282051282
			13.3589743589744	-3.84615384615385
			13.3846153846154	-3.87179487179487
			13.4102564102564	-3.8974358974359
			13.4102564102564	-3.92307692307692
			13.4102564102564	-3.94871794871795
			13.4358974358974	-3.94871794871795
			13.4358974358974	-3.97435897435897
			13.4615384615385	-4
			13.4615384615385	-4.02564102564103
			13.4871794871795	-4.05128205128205
			13.4871794871795	-4.07692307692308
			13.5128205128205	-4.1025641025641
			13.5128205128205	-4.12820512820513
			13.5384615384615	-4.15384615384615
			13.5641025641026	-4.17948717948718
			13.5641025641026	-4.20512820512821
			13.5897435897436	-4.23076923076923
			13.5897435897436	-4.25641025641026
			13.6153846153846	-4.28205128205128
			13.6153846153846	-4.30769230769231
			13.6410256410256	-4.33333333333333
			13.6410256410256	-4.35897435897436
			13.6666666666667	-4.38461538461538
			13.6666666666667	-4.41025641025641
			13.6666666666667	-4.43589743589744
			13.6923076923077	-4.43589743589744
			13.6923076923077	-4.46153846153846
			13.6923076923077	-4.48717948717949
			13.7179487179487	-4.48717948717949
			13.7179487179487	-4.51282051282051
			13.7435897435897	-4.53846153846154
			13.7435897435897	-4.56410256410256
			13.7692307692308	-4.58974358974359
			13.7692307692308	-4.61538461538461
			13.7692307692308	-4.64102564102564
			13.7948717948718	-4.66666666666667
			13.7948717948718	-4.69230769230769
			13.8205128205128	-4.71794871794872
			13.8205128205128	-4.74358974358974
			13.8461538461538	-4.76923076923077
			13.8461538461538	-4.79487179487179
			13.8717948717949	-4.82051282051282
			13.8717948717949	-4.84615384615385
			13.8974358974359	-4.87179487179487
			13.8974358974359	-4.8974358974359
			13.9230769230769	-4.92307692307692
			13.9230769230769	-4.94871794871795
			13.9230769230769	-4.97435897435897
			13.9487179487179	-5
			13.9487179487179	-5.02564102564103
			13.974358974359	-5.05128205128205
			13.974358974359	-5.07692307692308
			13.974358974359	-5.1025641025641
			14	-5.12820512820513
			14	-5.15384615384615
			14.025641025641	-5.17948717948718
			14.025641025641	-5.20512820512821
			14.025641025641	-5.23076923076923
			14.0512820512821	-5.25641025641026
			14.0512820512821	-5.28205128205128
			14.0769230769231	-5.30769230769231
			14.0769230769231	-5.33333333333333
			14.0769230769231	-5.35897435897436
			14.1025641025641	-5.38461538461538
			14.1025641025641	-5.41025641025641
			14.1025641025641	-5.43589743589744
			14.1282051282051	-5.46153846153846
			14.1282051282051	-5.48717948717949
			14.1282051282051	-5.51282051282051
			14.1538461538462	-5.53846153846154
			14.1538461538462	-5.56410256410256
			14.1538461538462	-5.58974358974359
			14.1538461538462	-5.61538461538461
			14.1794871794872	-5.64102564102564
			14.1794871794872	-5.66666666666667
			14.1794871794872	-5.69230769230769
			14.2051282051282	-5.71794871794872
			14.2051282051282	-5.74358974358974
			14.2051282051282	-5.76923076923077
			14.2051282051282	-5.79487179487179
			14.2307692307692	-5.82051282051282
			14.2307692307692	-5.84615384615385
			14.2307692307692	-5.87179487179487
			14.2307692307692	-5.8974358974359
			14.2564102564103	-5.92307692307692
			14.2564102564103	-5.94871794871795
			14.2564102564103	-5.97435897435897
			14.2820512820513	-6
			14.2820512820513	-6.02564102564103
			14.2820512820513	-6.05128205128205
			14.2820512820513	-6.07692307692308
			14.2820512820513	-6.1025641025641
			14.3076923076923	-6.12820512820513
			14.3076923076923	-6.15384615384615
			14.3076923076923	-6.17948717948718
			14.3076923076923	-6.20512820512821
			14.3333333333333	-6.23076923076923
			14.3333333333333	-6.25641025641026
			14.3333333333333	-6.28205128205128
			14.3333333333333	-6.30769230769231
			14.3333333333333	-6.33333333333333
			14.3589743589744	-6.35897435897436
			14.3589743589744	-6.38461538461538
			14.3589743589744	-6.41025641025641
			14.3589743589744	-6.43589743589744
			14.3589743589744	-6.46153846153846
			14.3846153846154	-6.48717948717949
			14.3846153846154	-6.51282051282051
			14.3846153846154	-6.53846153846154
			14.3846153846154	-6.56410256410256
			14.3846153846154	-6.58974358974359
			14.3846153846154	-6.61538461538461
			14.3846153846154	-6.64102564102564
			14.4102564102564	-6.66666666666667
			14.4102564102564	-6.69230769230769
			14.4102564102564	-6.71794871794872
			14.4102564102564	-6.74358974358974
			14.4102564102564	-6.76923076923077
			14.4358974358974	-6.79487179487179
			14.4358974358974	-6.82051282051282
			14.4358974358974	-6.84615384615385
			14.4358974358974	-6.87179487179487
			14.4358974358974	-6.8974358974359
			14.4358974358974	-6.92307692307692
			14.4358974358974	-6.94871794871795
			14.4358974358974	-6.97435897435897
			14.4615384615385	-7
			14.4615384615385	-7.02564102564103
			14.4615384615385	-7.05128205128205
			14.4615384615385	-7.07692307692308
			14.4615384615385	-7.1025641025641
			14.4615384615385	-7.12820512820513
			14.4615384615385	-7.15384615384615
			14.4871794871795	-7.17948717948718
			14.4871794871795	-7.20512820512821
			14.4871794871795	-7.23076923076923
			14.4871794871795	-7.25641025641026
			14.4871794871795	-7.28205128205128
			14.4871794871795	-7.30769230769231
			14.4871794871795	-7.33333333333333
			14.4871794871795	-7.35897435897436
			14.4871794871795	-7.38461538461538
			14.4871794871795	-7.41025641025641
			14.5128205128205	-7.43589743589744
			14.5128205128205	-7.46153846153846
			14.5128205128205	-7.48717948717949
			14.5128205128205	-7.51282051282051
			14.5128205128205	-7.53846153846154
			14.5128205128205	-7.56410256410256
			14.5128205128205	-7.58974358974359
			14.5128205128205	-7.61538461538461
			14.5128205128205	-7.64102564102564
			14.5128205128205	-7.66666666666667
			14.5128205128205	-7.69230769230769
			14.5128205128205	-7.71794871794872
			14.5128205128205	-7.74358974358974
			14.5384615384615	-7.74358974358974
			14.5384615384615	-7.76923076923077
			14.5384615384615	-7.79487179487179
			14.5384615384615	-7.82051282051282
			14.5384615384615	-7.84615384615385
			14.5384615384615	-7.87179487179487
			14.5384615384615	-7.8974358974359
			14.5384615384615	-7.92307692307692
			14.5384615384615	-7.94871794871795
		</anterior>
		<posterior type=matrix rownames=FALSE colnames=FALSE nrow=287 ncol=2 as.numeric=TRUE >
			7.53846153846154	-8.38461538461539
			7.56410256410256	-8.38461538461539
			7.58974358974359	-8.38461538461539
			7.61538461538461	-8.38461538461539
			7.64102564102564	-8.38461538461539
			7.66666666666667	-8.38461538461539
			7.69230769230769	-8.38461538461539
			7.71794871794872	-8.38461538461539
			7.74358974358974	-8.38461538461539
			7.76923076923077	-8.38461538461539
			7.79487179487179	-8.38461538461539
			7.82051282051282	-8.41025641025641
			7.84615384615385	-8.41025641025641
			7.87179487179487	-8.41025641025641
			7.8974358974359	-8.41025641025641
			7.92307692307692	-8.41025641025641
			7.94871794871795	-8.41025641025641
			7.97435897435897	-8.41025641025641
			8	-8.41025641025641
			8.02564102564103	-8.41025641025641
			8.05128205128205	-8.41025641025641
			8.07692307692308	-8.41025641025641
			8.1025641025641	-8.41025641025641
			8.12820512820513	-8.41025641025641
			8.15384615384615	-8.41025641025641
			8.17948717948718	-8.41025641025641
			8.2051282051282	-8.41025641025641
			8.23076923076923	-8.41025641025641
			8.25641025641026	-8.41025641025641
			8.28205128205128	-8.41025641025641
			8.30769230769231	-8.41025641025641
			8.33333333333333	-8.41025641025641
			8.35897435897436	-8.41025641025641
			8.38461538461539	-8.41025641025641
			8.41025641025641	-8.41025641025641
			8.43589743589744	-8.38461538461539
			8.46153846153846	-8.38461538461539
			8.48717948717949	-8.38461538461539
			8.51282051282051	-8.38461538461539
			8.53846153846154	-8.38461538461539
			8.56410256410256	-8.38461538461539
			8.58974358974359	-8.38461538461539
			8.61538461538461	-8.38461538461539
			8.64102564102564	-8.38461538461539
			8.66666666666667	-8.38461538461539
			8.69230769230769	-8.38461538461539
			8.71794871794872	-8.38461538461539
			8.74358974358974	-8.38461538461539
			8.76923076923077	-8.38461538461539
			8.79487179487179	-8.35897435897436
			8.82051282051282	-8.35897435897436
			8.84615384615385	-8.35897435897436
			8.87179487179487	-8.35897435897436
			8.8974358974359	-8.35897435897436
			8.92307692307692	-8.35897435897436
			8.94871794871795	-8.35897435897436
			8.97435897435897	-8.33333333333333
			9	-8.33333333333333
			9.02564102564103	-8.33333333333333
			9.05128205128205	-8.33333333333333
			9.07692307692308	-8.33333333333333
			9.1025641025641	-8.33333333333333
			9.12820512820513	-8.30769230769231
			9.15384615384615	-8.30769230769231
			9.17948717948718	-8.30769230769231
			9.2051282051282	-8.30769230769231
			9.23076923076923	-8.30769230769231
			9.25641025641026	-8.28205128205128
			9.28205128205128	-8.28205128205128
			9.30769230769231	-8.28205128205128
			9.33333333333333	-8.28205128205128
			9.33333333333333	-8.25641025641026
			9.35897435897436	-8.25641025641026
			9.38461538461539	-8.25641025641026
			9.41025641025641	-8.25641025641026
			9.43589743589744	-8.23076923076923
			9.46153846153846	-8.23076923076923
			9.48717948717949	-8.23076923076923
			9.51282051282051	-8.2051282051282
			9.53846153846154	-8.2051282051282
			9.56410256410256	-8.17948717948718
			9.58974358974359	-8.17948717948718
			9.61538461538461	-8.17948717948718
			9.61538461538461	-8.15384615384615
			9.64102564102564	-8.15384615384615
			9.66666666666667	-8.15384615384615
			9.69230769230769	-8.12820512820513
			9.71794871794872	-8.12820512820513
			9.71794871794872	-8.1025641025641
			9.74358974358974	-8.1025641025641
			9.76923076923077	-8.07692307692308
			9.79487179487179	-8.07692307692308
			9.79487179487179	-8.05128205128205
			9.82051282051282	-8.05128205128205
			9.84615384615385	-8.05128205128205
			9.84615384615385	-8.02564102564103
			9.87179487179487	-8.02564102564103
			9.87179487179487	-8
			9.8974358974359	-8
			9.92307692307692	-7.97435897435897
			9.92307692307692	-7.94871794871795
			9.94871794871795	-7.94871794871795
			9.94871794871795	-7.92307692307692
			9.97435897435897	-7.92307692307692
			9.97435897435897	-7.8974358974359
			10	-7.8974358974359
			10	-7.87179487179487
			10.025641025641	-7.87179487179487
			10.025641025641	-7.84615384615385
			10.0512820512821	-7.82051282051282
			10.0512820512821	-7.79487179487179
			10.0769230769231	-7.76923076923077
			10.1025641025641	-7.79487179487179
			10.1282051282051	-7.79487179487179
			10.1538461538462	-7.82051282051282
			10.1794871794872	-7.84615384615385
			10.2051282051282	-7.84615384615385
			10.2307692307692	-7.84615384615385
			10.2564102564103	-7.87179487179487
			10.2820512820513	-7.87179487179487
			10.3076923076923	-7.87179487179487
			10.3333333333333	-7.8974358974359
			10.3589743589744	-7.8974358974359
			10.3846153846154	-7.8974358974359
			10.4102564102564	-7.8974358974359
			10.4358974358974	-7.8974358974359
			10.4615384615385	-7.92307692307692
			10.4871794871795	-7.92307692307692
			10.5128205128205	-7.92307692307692
			10.5384615384615	-7.92307692307692
			10.5641025641026	-7.92307692307692
			10.5897435897436	-7.92307692307692
			10.6153846153846	-7.94871794871795
			10.6410256410256	-7.94871794871795
			10.6666666666667	-7.94871794871795
			10.6923076923077	-7.94871794871795
			10.7179487179487	-7.94871794871795
			10.7435897435897	-7.94871794871795
			10.7692307692308	-7.94871794871795
			10.7948717948718	-7.94871794871795
			10.8205128205128	-7.94871794871795
			10.8461538461538	-7.94871794871795
			10.8717948717949	-7.94871794871795
			10.8974358974359	-7.94871794871795
			10.9230769230769	-7.94871794871795
			10.9487179487179	-7.94871794871795
			10.974358974359	-7.94871794871795
			11	-7.94871794871795
			11.025641025641	-7.94871794871795
			11.0512820512821	-7.94871794871795
			11.0769230769231	-7.94871794871795
			11.1025641025641	-7.94871794871795
			11.1282051282051	-7.94871794871795
			11.1538461538462	-7.94871794871795
			11.1794871794872	-7.94871794871795
			11.2051282051282	-7.94871794871795
			11.2307692307692	-7.92307692307692
			11.2564102564103	-7.92307692307692
			11.2820512820513	-7.92307692307692
			11.3076923076923	-7.92307692307692
			11.3333333333333	-7.92307692307692
			11.3589743589744	-7.92307692307692
			11.3846153846154	-7.92307692307692
			11.4102564102564	-7.8974358974359
			11.4358974358974	-7.8974358974359
			11.4615384615385	-7.8974358974359
			11.4871794871795	-7.8974358974359
			11.5128205128205	-7.8974358974359
			11.5384615384615	-7.8974358974359
			11.5641025641026	-7.8974358974359
			11.5897435897436	-7.8974358974359
			11.6153846153846	-7.87179487179487
			11.6410256410256	-7.87179487179487
			11.6666666666667	-7.87179487179487
			11.6923076923077	-7.87179487179487
			11.7179487179487	-7.87179487179487
			11.7435897435897	-7.87179487179487
			11.7692307692308	-7.87179487179487
			11.7948717948718	-7.87179487179487
			11.8205128205128	-7.87179487179487
			11.8461538461538	-7.84615384615385
			11.8717948717949	-7.84615384615385
			11.8974358974359	-7.84615384615385
			11.9230769230769	-7.84615384615385
			11.9487179487179	-7.84615384615385
			11.974358974359	-7.84615384615385
			12	-7.84615384615385
			12.025641025641	-7.84615384615385
			12.0512820512821	-7.84615384615385
			12.0769230769231	-7.84615384615385
			12.1025641025641	-7.84615384615385
			12.1282051282051	-7.84615384615385
			12.1538461538462	-7.82051282051282
			12.1794871794872	-7.82051282051282
			12.2051282051282	-7.82051282051282
			12.2307692307692	-7.82051282051282
			12.2564102564103	-7.82051282051282
			12.2820512820513	-7.82051282051282
			12.3076923076923	-7.82051282051282
			12.3333333333333	-7.82051282051282
			12.3589743589744	-7.82051282051282
			12.3846153846154	-7.82051282051282
			12.4102564102564	-7.82051282051282
			12.4358974358974	-7.82051282051282
			12.4615384615385	-7.82051282051282
			12.4871794871795	-7.82051282051282
			12.5128205128205	-7.82051282051282
			12.5384615384615	-7.82051282051282
			12.5641025641026	-7.82051282051282
			12.5897435897436	-7.79487179487179
			12.6153846153846	-7.79487179487179
			12.6410256410256	-7.79487179487179
			12.6666666666667	-7.79487179487179
			12.6923076923077	-7.79487179487179
			12.7179487179487	-7.79487179487179
			12.7435897435897	-7.79487179487179
			12.7692307692308	-7.79487179487179
			12.7948717948718	-7.79487179487179
			12.8205128205128	-7.79487179487179
			12.8461538461538	-7.79487179487179
			12.8717948717949	-7.79487179487179
			12.8974358974359	-7.79487179487179
			12.9230769230769	-7.79487179487179
			12.9487179487179	-7.79487179487179
			12.974358974359	-7.79487179487179
			13	-7.79487179487179
			13.025641025641	-7.79487179487179
			13.0512820512821	-7.79487179487179
			13.0769230769231	-7.79487179487179
			13.1025641025641	-7.79487179487179
			13.1282051282051	-7.79487179487179
			13.1538461538462	-7.79487179487179
			13.1794871794872	-7.79487179487179
			13.2051282051282	-7.79487179487179
			13.2307692307692	-7.79487179487179
			13.2564102564103	-7.79487179487179
			13.2820512820513	-7.79487179487179
			13.3076923076923	-7.79487179487179
			13.3333333333333	-7.79487179487179
			13.3589743589744	-7.79487179487179
			13.3846153846154	-7.79487179487179
			13.4102564102564	-7.79487179487179
			13.4358974358974	-7.79487179487179
			13.4615384615385	-7.79487179487179
			13.4871794871795	-7.79487179487179
			13.5128205128205	-7.79487179487179
			13.5384615384615	-7.79487179487179
			13.5641025641026	-7.79487179487179
			13.5897435897436	-7.79487179487179
			13.6153846153846	-7.79487179487179
			13.6410256410256	-7.79487179487179
			13.6666666666667	-7.79487179487179
			13.6923076923077	-7.82051282051282
			13.7179487179487	-7.82051282051282
			13.7435897435897	-7.82051282051282
			13.7692307692308	-7.82051282051282
			13.7948717948718	-7.82051282051282
			13.8205128205128	-7.82051282051282
			13.8461538461538	-7.82051282051282
			13.8717948717949	-7.82051282051282
			13.8974358974359	-7.82051282051282
			13.9230769230769	-7.82051282051282
			13.9487179487179	-7.84615384615385
			13.974358974359	-7.84615384615385
			14	-7.84615384615385
			14.025641025641	-7.84615384615385
			14.0512820512821	-7.84615384615385
			14.0769230769231	-7.84615384615385
			14.1025641025641	-7.87179487179487
			14.1282051282051	-7.87179487179487
			14.1538461538462	-7.87179487179487
			14.1794871794872	-7.87179487179487
			14.2051282051282	-7.87179487179487
			14.2307692307692	-7.8974358974359
			14.2564102564103	-7.8974358974359
			14.2820512820513	-7.8974358974359
			14.3076923076923	-7.8974358974359
			14.3333333333333	-7.8974358974359
			14.3589743589744	-7.8974358974359
			14.3589743589744	-7.92307692307692
			14.3846153846154	-7.92307692307692
			14.4102564102564	-7.92307692307692
			14.4358974358974	-7.92307692307692
			14.4615384615385	-7.92307692307692
			14.4871794871795	-7.94871794871795
			14.5128205128205	-7.94871794871795
			14.5384615384615	-7.94871794871795
		</posterior>
	</curves.scaled>
	<ruler.points type=matrix rownames=TRUE colnames=FALSE nrow=2 ncol=2 as.numeric=TRUE >
		Ruler point 1	517	56
		Ruler point 2	556	56
	</ruler.points>
</shapes>
