<shapes type=list>
	<ruler.pixel type=vector names=FALSE length=1 as.numeric=TRUE >91</ruler.pixel>
	<ruler.interval type=vector names=FALSE length=1 as.numeric=TRUE >5.95</ruler.interval>
	<scaling.units type=vector names=FALSE length=1 as.numeric=FALSE >mm</scaling.units>
	<scaling type=vector names=FALSE length=1 as.numeric=TRUE >0.0653846153846154</scaling>
	<landmarks.pixel type=matrix rownames=TRUE colnames=FALSE nrow=16 ncol=2 as.numeric=TRUE >
		LM1	163	17
		LM2	163	26
		LM3	163	128
		LM4	163	142
		LM5	210	90
		LM6	212	128
		LM7	210	138
		LM8	214	59
		LM9	226	88
		LM10	163	17
		LM11	276	140
		LM12	278	152
		LM13	163	17
		LM14	236	72
		LM15	300	142
		LM16	271	372
	</landmarks.pixel>
	<landmarks.scaled type=matrix rownames=TRUE colnames=FALSE nrow=16 ncol=2 as.numeric=TRUE >
		LM1	10.6576923076923	-1.11153846153846
		LM2	10.6576923076923	-1.7
		LM3	10.6576923076923	-8.36923076923077
		LM4	10.6576923076923	-9.28461538461539
		LM5	13.7307692307692	-5.88461538461539
		LM6	13.8615384615385	-8.36923076923077
		LM7	13.7307692307692	-9.02307692307692
		LM8	13.9923076923077	-3.85769230769231
		LM9	14.7769230769231	-5.75384615384615
		LM10	10.6576923076923	-1.11153846153846
		LM11	18.0461538461538	-9.15384615384616
		LM12	18.1769230769231	-9.93846153846154
		LM13	10.6576923076923	-1.11153846153846
		LM14	15.4307692307692	-4.70769230769231
		LM15	19.6153846153846	-9.28461538461539
		LM16	17.7192307692308	-24.3230769230769
	</landmarks.scaled>
	<curves.control type=list>
		<glabella type=matrix rownames=FALSE colnames=FALSE nrow=5 ncol=2 as.numeric=TRUE >
			163	26
			177	26
			192	31
			215	49
			210	138
		</glabella>
		<suture type=matrix rownames=FALSE colnames=FALSE nrow=11 ncol=2 as.numeric=TRUE >
			163	17
			196	13
			226	26
			225	40
			215	59
			242	72
			225	88
			221	102
			239	112
			282	138
			278	152
		</suture>
		<anterior type=matrix rownames=FALSE colnames=FALSE nrow=5 ncol=2 as.numeric=TRUE >
			163	17
			196	12
			226	26
			292	77
			300	142
		</anterior>
		<posterior type=matrix rownames=FALSE colnames=FALSE nrow=13 ncol=2 as.numeric=TRUE >
			163	142
			178	146
			210	139
			242	144
			277	153
			288	159
			293	170
			299	225
			292	275
			275	345
			270	375
			321	242
			300	142
		</posterior>
	</curves.control>
	<curves.pixel type=list>
		<glabella type=matrix rownames=FALSE colnames=FALSE nrow=137 ncol=2 as.numeric=TRUE >
			163	26
			164	26
			165	26
			166	26
			167	26
			168	26
			169	26
			170	26
			171	26
			172	27
			173	27
			174	27
			175	27
			176	27
			177	27
			178	27
			179	28
			180	28
			181	28
			182	28
			183	28
			184	29
			185	29
			186	29
			187	29
			188	30
			189	30
			190	30
			191	31
			192	31
			193	32
			194	33
			195	34
			196	35
			197	36
			198	37
			198	38
			199	39
			199	40
			200	41
			201	42
			201	43
			202	44
			202	45
			203	46
			203	47
			203	48
			204	49
			204	50
			204	51
			205	52
			205	53
			205	54
			206	55
			206	56
			206	57
			206	58
			207	59
			207	60
			207	61
			207	62
			207	63
			208	64
			208	65
			208	66
			208	67
			208	68
			208	69
			209	70
			209	71
			209	72
			209	73
			209	74
			209	75
			209	76
			209	77
			210	78
			210	79
			210	80
			210	81
			210	82
			210	83
			210	84
			210	85
			210	86
			210	87
			210	88
			210	89
			210	90
			211	91
			211	92
			211	93
			211	94
			211	95
			211	96
			211	97
			211	98
			211	99
			211	100
			211	101
			211	102
			211	103
			211	104
			211	105
			211	106
			211	107
			211	108
			211	109
			211	110
			211	111
			211	112
			211	113
			211	114
			211	115
			211	116
			211	117
			211	118
			211	119
			211	120
			211	121
			211	122
			211	123
			211	124
			211	125
			211	126
			211	127
			210	128
			210	129
			210	130
			210	131
			210	132
			210	133
			210	134
			210	135
			210	136
			210	137
			210	138
		</glabella>
		<suture type=matrix rownames=FALSE colnames=FALSE nrow=219 ncol=2 as.numeric=TRUE >
			163	17
			164	17
			165	17
			166	17
			167	17
			168	16
			169	16
			170	16
			171	16
			172	16
			173	16
			174	16
			175	16
			176	16
			177	16
			178	16
			179	16
			180	16
			181	16
			182	16
			183	16
			184	16
			185	16
			186	16
			187	16
			188	16
			189	17
			190	17
			191	17
			192	17
			193	17
			194	17
			195	17
			196	17
			197	17
			198	18
			199	18
			200	18
			201	18
			202	19
			203	19
			204	19
			205	19
			206	19
			207	20
			208	20
			209	20
			210	20
			211	21
			212	21
			213	21
			214	21
			214	22
			215	22
			216	22
			217	23
			218	23
			219	23
			220	23
			221	24
			222	24
			223	25
			224	25
			225	26
			226	26
			226	27
			226	28
			226	29
			226	30
			225	31
			225	32
			225	33
			225	34
			225	35
			224	36
			224	37
			224	38
			223	39
			223	40
			223	41
			222	42
			222	43
			222	44
			221	45
			221	46
			221	47
			220	48
			220	49
			219	50
			219	51
			218	52
			218	53
			218	54
			217	54
			217	55
			217	56
			216	56
			216	57
			216	58
			215	58
			215	59
			216	59
			217	60
			218	60
			219	61
			220	62
			221	62
			222	63
			223	63
			224	64
			224	65
			225	65
			226	66
			227	66
			227	67
			228	68
			229	69
			230	70
			230	71
			231	72
			231	73
			231	74
			231	75
			232	75
			232	76
			232	77
			231	78
			231	79
			231	80
			230	81
			230	82
			229	83
			229	84
			228	85
			227	86
			226	87
			225	88
			225	89
			224	90
			224	91
			224	92
			224	93
			224	94
			224	95
			225	96
			225	97
			225	98
			225	99
			226	100
			226	101
			227	102
			228	103
			229	104
			230	105
			231	106
			232	107
			233	108
			234	109
			235	110
			236	110
			237	111
			238	111
			239	112
			240	112
			241	113
			242	114
			243	114
			244	115
			245	115
			245	116
			246	116
			247	117
			248	117
			248	118
			249	118
			250	119
			251	120
			252	121
			253	121
			254	122
			255	122
			255	123
			256	123
			257	124
			258	124
			258	125
			259	125
			260	126
			261	127
			262	128
			263	129
			264	129
			265	130
			266	131
			267	132
			268	133
			269	134
			270	134
			270	135
			271	136
			272	136
			272	137
			273	138
			274	139
			275	140
			275	141
			276	142
			276	143
			277	143
			277	144
			277	145
			278	145
			278	146
			278	147
			278	148
			278	149
			278	150
			278	151
			278	152
		</suture>
		<anterior type=matrix rownames=FALSE colnames=FALSE nrow=192 ncol=2 as.numeric=TRUE >
			163	17
			164	17
			165	17
			166	17
			167	16
			168	16
			169	16
			170	16
			171	16
			172	16
			173	16
			174	16
			175	16
			176	16
			177	16
			178	16
			179	16
			180	16
			181	16
			182	16
			183	16
			184	16
			185	16
			186	16
			187	16
			188	16
			189	16
			190	16
			191	16
			192	16
			193	16
			194	17
			195	17
			196	17
			197	17
			198	17
			199	17
			200	18
			201	18
			202	18
			203	18
			204	18
			205	19
			206	19
			207	19
			208	19
			209	20
			210	20
			211	20
			212	20
			213	21
			214	21
			215	22
			216	22
			217	22
			218	23
			219	23
			220	23
			221	24
			222	24
			223	25
			224	25
			225	26
			226	26
			227	27
			228	28
			229	29
			230	29
			231	30
			232	30
			232	31
			233	32
			234	32
			234	33
			235	33
			236	34
			236	35
			237	35
			238	36
			239	36
			239	37
			240	37
			241	38
			241	39
			242	39
			243	40
			244	41
			245	42
			246	43
			247	44
			248	45
			249	46
			250	47
			251	48
			252	49
			253	50
			254	50
			254	51
			255	52
			256	53
			257	54
			258	55
			259	56
			259	57
			260	58
			261	58
			262	59
			262	60
			263	61
			264	62
			265	63
			265	64
			266	65
			267	66
			268	67
			269	68
			270	69
			270	70
			271	71
			272	72
			273	73
			273	74
			274	75
			274	76
			275	77
			276	77
			276	78
			277	79
			277	80
			278	81
			278	82
			279	82
			279	83
			280	84
			280	85
			281	86
			282	87
			282	88
			283	89
			283	90
			284	91
			284	92
			285	93
			285	94
			286	95
			286	96
			287	97
			287	98
			288	99
			288	100
			289	101
			289	102
			290	103
			290	104
			290	105
			291	106
			291	107
			292	108
			292	109
			292	110
			293	111
			293	112
			293	113
			294	114
			294	115
			294	116
			295	117
			295	118
			295	119
			296	120
			296	121
			296	122
			296	123
			297	124
			297	125
			297	126
			297	127
			297	128
			298	129
			298	130
			298	131
			298	132
			299	133
			299	134
			299	135
			299	136
			299	137
			299	138
			300	139
			300	140
			300	141
			300	142
		</anterior>
		<posterior type=matrix rownames=FALSE colnames=FALSE nrow=582 ncol=2 as.numeric=TRUE >
			163	142
			164	142
			165	142
			166	143
			167	143
			168	143
			169	143
			170	143
			171	143
			172	143
			173	143
			174	143
			175	143
			176	143
			177	143
			178	143
			179	143
			180	143
			181	143
			182	143
			183	143
			184	143
			185	143
			186	143
			187	143
			188	143
			189	143
			190	142
			191	142
			192	142
			193	142
			194	142
			195	142
			196	142
			197	141
			198	141
			199	141
			200	141
			201	141
			202	141
			203	140
			204	140
			205	140
			206	140
			207	140
			208	140
			208	139
			209	139
			210	139
			211	139
			212	139
			213	139
			214	140
			215	140
			216	140
			217	140
			218	140
			219	141
			220	141
			221	141
			222	141
			223	141
			224	141
			225	141
			225	142
			226	142
			227	142
			228	142
			229	142
			230	143
			231	143
			232	143
			233	143
			234	143
			235	143
			236	144
			237	144
			238	144
			239	144
			240	144
			241	145
			242	145
			243	145
			244	145
			245	145
			245	146
			246	146
			247	146
			248	146
			249	146
			250	147
			251	147
			252	147
			253	147
			254	147
			255	148
			256	148
			257	148
			258	148
			259	149
			260	149
			261	149
			262	149
			263	150
			264	150
			265	150
			266	150
			267	150
			268	151
			269	151
			270	151
			271	151
			272	152
			273	152
			274	152
			275	152
			276	153
			277	153
			278	153
			278	154
			279	154
			280	155
			281	156
			282	156
			283	157
			284	158
			285	159
			286	160
			287	161
			288	162
			289	163
			290	164
			290	165
			291	166
			292	167
			292	168
			292	169
			293	170
			293	171
			293	172
			293	173
			293	174
			294	175
			294	176
			294	177
			294	178
			294	179
			294	180
			294	181
			294	182
			294	183
			294	184
			294	185
			294	186
			295	187
			295	188
			295	189
			295	190
			295	191
			295	192
			295	193
			295	194
			295	195
			295	196
			295	197
			295	198
			295	199
			295	200
			295	201
			295	202
			295	203
			295	204
			296	205
			296	206
			296	207
			296	208
			296	209
			296	210
			296	211
			296	212
			296	213
			296	214
			296	215
			296	216
			296	217
			296	218
			296	219
			296	220
			296	221
			296	222
			296	223
			296	224
			296	225
			296	226
			296	227
			296	228
			296	229
			296	230
			296	231
			296	232
			296	233
			296	234
			295	235
			295	236
			295	237
			295	238
			295	239
			295	240
			295	241
			295	242
			295	243
			295	244
			295	245
			295	246
			295	247
			295	248
			295	249
			295	250
			295	251
			295	252
			294	253
			294	254
			294	255
			294	256
			294	257
			294	258
			294	259
			294	260
			294	261
			294	262
			294	263
			293	263
			293	264
			293	265
			293	266
			293	267
			293	268
			293	269
			293	270
			293	271
			292	272
			292	273
			292	274
			292	275
			292	276
			292	277
			291	278
			291	279
			291	280
			291	281
			290	282
			290	283
			290	284
			290	285
			289	286
			289	287
			289	288
			289	289
			288	290
			288	291
			288	292
			288	293
			287	294
			287	295
			287	296
			287	297
			286	298
			286	299
			286	300
			286	301
			286	302
			285	302
			285	303
			285	304
			285	305
			285	306
			284	307
			284	308
			284	309
			284	310
			283	311
			283	312
			283	313
			283	314
			282	315
			282	316
			282	317
			282	318
			282	319
			281	320
			281	321
			281	322
			281	323
			280	324
			280	325
			280	326
			280	327
			279	328
			279	329
			279	330
			279	331
			279	332
			278	333
			278	334
			278	335
			278	336
			278	337
			277	337
			277	338
			277	339
			277	340
			277	341
			276	342
			276	343
			276	344
			276	345
			276	346
			275	347
			275	348
			275	349
			275	350
			275	351
			274	352
			274	353
			274	354
			274	355
			273	356
			273	357
			273	358
			273	359
			273	360
			273	361
			272	362
			272	363
			272	364
			272	365
			272	366
			271	367
			271	368
			271	369
			271	370
			271	371
			270	372
			270	373
			270	374
			270	375
			270	374
			271	373
			271	372
			271	371
			272	370
			272	369
			272	368
			273	368
			273	367
			273	366
			274	365
			274	364
			274	363
			275	362
			275	361
			276	360
			276	359
			276	358
			277	357
			277	356
			277	355
			278	354
			278	353
			278	352
			279	351
			279	350
			279	349
			280	348
			280	347
			280	346
			281	345
			281	344
			281	343
			282	342
			282	341
			282	340
			283	339
			283	338
			283	337
			284	336
			284	335
			284	334
			285	333
			285	332
			285	331
			285	330
			286	330
			286	329
			286	328
			286	327
			287	327
			287	326
			287	325
			287	324
			288	323
			288	322
			288	321
			288	320
			289	319
			289	318
			289	317
			290	316
			290	315
			290	314
			290	313
			291	312
			291	311
			291	310
			291	309
			292	308
			292	307
			292	306
			292	305
			293	304
			293	303
			293	302
			293	301
			294	300
			294	299
			294	298
			294	297
			295	296
			295	295
			295	294
			295	293
			296	292
			296	291
			296	290
			296	289
			296	288
			297	287
			297	286
			297	285
			297	284
			297	283
			298	282
			298	281
			298	280
			298	279
			299	278
			299	277
			299	276
			299	275
			299	274
			299	273
			300	272
			300	271
			300	270
			300	269
			300	268
			300	267
			301	266
			301	265
			301	264
			301	263
			301	262
			301	261
			302	260
			302	259
			302	258
			302	257
			302	256
			302	255
			303	254
			303	253
			303	252
			303	251
			303	250
			303	249
			303	248
			303	247
			304	246
			304	245
			304	244
			304	243
			304	242
			304	241
			304	240
			304	239
			304	238
			304	237
			305	236
			305	235
			305	234
			305	233
			305	232
			305	231
			305	230
			305	229
			305	228
			305	227
			305	226
			305	225
			306	224
			306	223
			306	222
			306	221
			306	220
			306	219
			306	218
			306	217
			306	216
			306	215
			306	214
			306	213
			306	212
			306	211
			306	210
			306	209
			306	208
			306	207
			306	206
			306	205
			306	204
			306	203
			306	202
			306	201
			306	200
			306	199
			306	198
			306	197
			306	196
			306	195
			306	194
			306	193
			306	192
			306	191
			306	190
			306	189
			306	188
			306	187
			306	186
			306	185
			306	184
			306	183
			305	182
			305	181
			305	180
			305	179
			305	178
			305	177
			305	176
			305	175
			305	174
			305	173
			305	172
			305	171
			304	170
			304	169
			304	168
			304	167
			304	166
			304	165
			304	164
			304	163
			303	162
			303	161
			303	160
			303	159
			303	158
			303	157
			303	156
			302	155
			302	154
			302	153
			302	152
			302	151
			302	150
			301	149
			301	148
			301	147
			301	146
			301	145
			300	144
			300	143
			300	142
		</posterior>
	</curves.pixel>
	<curves.scaled type=list>
		<glabella type=matrix rownames=FALSE colnames=FALSE nrow=137 ncol=2 as.numeric=TRUE >
			10.6576923076923	-1.7
			10.7230769230769	-1.7
			10.7884615384615	-1.7
			10.8538461538462	-1.7
			10.9192307692308	-1.7
			10.9846153846154	-1.7
			11.05	-1.7
			11.1153846153846	-1.7
			11.1807692307692	-1.7
			11.2461538461538	-1.76538461538462
			11.3115384615385	-1.76538461538462
			11.3769230769231	-1.76538461538462
			11.4423076923077	-1.76538461538462
			11.5076923076923	-1.76538461538462
			11.5730769230769	-1.76538461538462
			11.6384615384615	-1.76538461538462
			11.7038461538462	-1.83076923076923
			11.7692307692308	-1.83076923076923
			11.8346153846154	-1.83076923076923
			11.9	-1.83076923076923
			11.9653846153846	-1.83076923076923
			12.0307692307692	-1.89615384615385
			12.0961538461538	-1.89615384615385
			12.1615384615385	-1.89615384615385
			12.2269230769231	-1.89615384615385
			12.2923076923077	-1.96153846153846
			12.3576923076923	-1.96153846153846
			12.4230769230769	-1.96153846153846
			12.4884615384615	-2.02692307692308
			12.5538461538462	-2.02692307692308
			12.6192307692308	-2.09230769230769
			12.6846153846154	-2.15769230769231
			12.75	-2.22307692307692
			12.8153846153846	-2.28846153846154
			12.8807692307692	-2.35384615384615
			12.9461538461538	-2.41923076923077
			12.9461538461538	-2.48461538461538
			13.0115384615385	-2.55
			13.0115384615385	-2.61538461538462
			13.0769230769231	-2.68076923076923
			13.1423076923077	-2.74615384615385
			13.1423076923077	-2.81153846153846
			13.2076923076923	-2.87692307692308
			13.2076923076923	-2.94230769230769
			13.2730769230769	-3.00769230769231
			13.2730769230769	-3.07307692307692
			13.2730769230769	-3.13846153846154
			13.3384615384615	-3.20384615384615
			13.3384615384615	-3.26923076923077
			13.3384615384615	-3.33461538461538
			13.4038461538462	-3.4
			13.4038461538462	-3.46538461538462
			13.4038461538462	-3.53076923076923
			13.4692307692308	-3.59615384615385
			13.4692307692308	-3.66153846153846
			13.4692307692308	-3.72692307692308
			13.4692307692308	-3.79230769230769
			13.5346153846154	-3.85769230769231
			13.5346153846154	-3.92307692307692
			13.5346153846154	-3.98846153846154
			13.5346153846154	-4.05384615384615
			13.5346153846154	-4.11923076923077
			13.6	-4.18461538461538
			13.6	-4.25
			13.6	-4.31538461538462
			13.6	-4.38076923076923
			13.6	-4.44615384615385
			13.6	-4.51153846153846
			13.6653846153846	-4.57692307692308
			13.6653846153846	-4.64230769230769
			13.6653846153846	-4.70769230769231
			13.6653846153846	-4.77307692307692
			13.6653846153846	-4.83846153846154
			13.6653846153846	-4.90384615384615
			13.6653846153846	-4.96923076923077
			13.6653846153846	-5.03461538461538
			13.7307692307692	-5.1
			13.7307692307692	-5.16538461538462
			13.7307692307692	-5.23076923076923
			13.7307692307692	-5.29615384615385
			13.7307692307692	-5.36153846153846
			13.7307692307692	-5.42692307692308
			13.7307692307692	-5.49230769230769
			13.7307692307692	-5.55769230769231
			13.7307692307692	-5.62307692307692
			13.7307692307692	-5.68846153846154
			13.7307692307692	-5.75384615384615
			13.7307692307692	-5.81923076923077
			13.7307692307692	-5.88461538461539
			13.7961538461538	-5.95
			13.7961538461538	-6.01538461538462
			13.7961538461538	-6.08076923076923
			13.7961538461538	-6.14615384615385
			13.7961538461538	-6.21153846153846
			13.7961538461538	-6.27692307692308
			13.7961538461538	-6.34230769230769
			13.7961538461538	-6.40769230769231
			13.7961538461538	-6.47307692307692
			13.7961538461538	-6.53846153846154
			13.7961538461538	-6.60384615384615
			13.7961538461538	-6.66923076923077
			13.7961538461538	-6.73461538461538
			13.7961538461538	-6.8
			13.7961538461538	-6.86538461538462
			13.7961538461538	-6.93076923076923
			13.7961538461538	-6.99615384615385
			13.7961538461538	-7.06153846153846
			13.7961538461538	-7.12692307692308
			13.7961538461538	-7.19230769230769
			13.7961538461538	-7.25769230769231
			13.7961538461538	-7.32307692307692
			13.7961538461538	-7.38846153846154
			13.7961538461538	-7.45384615384615
			13.7961538461538	-7.51923076923077
			13.7961538461538	-7.58461538461539
			13.7961538461538	-7.65
			13.7961538461538	-7.71538461538462
			13.7961538461538	-7.78076923076923
			13.7961538461538	-7.84615384615385
			13.7961538461538	-7.91153846153846
			13.7961538461538	-7.97692307692308
			13.7961538461538	-8.04230769230769
			13.7961538461538	-8.10769230769231
			13.7961538461538	-8.17307692307692
			13.7961538461538	-8.23846153846154
			13.7961538461538	-8.30384615384615
			13.7307692307692	-8.36923076923077
			13.7307692307692	-8.43461538461539
			13.7307692307692	-8.5
			13.7307692307692	-8.56538461538462
			13.7307692307692	-8.63076923076923
			13.7307692307692	-8.69615384615385
			13.7307692307692	-8.76153846153846
			13.7307692307692	-8.82692307692308
			13.7307692307692	-8.89230769230769
			13.7307692307692	-8.95769230769231
			13.7307692307692	-9.02307692307692
		</glabella>
		<suture type=matrix rownames=FALSE colnames=FALSE nrow=219 ncol=2 as.numeric=TRUE >
			10.6576923076923	-1.11153846153846
			10.7230769230769	-1.11153846153846
			10.7884615384615	-1.11153846153846
			10.8538461538462	-1.11153846153846
			10.9192307692308	-1.11153846153846
			10.9846153846154	-1.04615384615385
			11.05	-1.04615384615385
			11.1153846153846	-1.04615384615385
			11.1807692307692	-1.04615384615385
			11.2461538461538	-1.04615384615385
			11.3115384615385	-1.04615384615385
			11.3769230769231	-1.04615384615385
			11.4423076923077	-1.04615384615385
			11.5076923076923	-1.04615384615385
			11.5730769230769	-1.04615384615385
			11.6384615384615	-1.04615384615385
			11.7038461538462	-1.04615384615385
			11.7692307692308	-1.04615384615385
			11.8346153846154	-1.04615384615385
			11.9	-1.04615384615385
			11.9653846153846	-1.04615384615385
			12.0307692307692	-1.04615384615385
			12.0961538461538	-1.04615384615385
			12.1615384615385	-1.04615384615385
			12.2269230769231	-1.04615384615385
			12.2923076923077	-1.04615384615385
			12.3576923076923	-1.11153846153846
			12.4230769230769	-1.11153846153846
			12.4884615384615	-1.11153846153846
			12.5538461538462	-1.11153846153846
			12.6192307692308	-1.11153846153846
			12.6846153846154	-1.11153846153846
			12.75	-1.11153846153846
			12.8153846153846	-1.11153846153846
			12.8807692307692	-1.11153846153846
			12.9461538461538	-1.17692307692308
			13.0115384615385	-1.17692307692308
			13.0769230769231	-1.17692307692308
			13.1423076923077	-1.17692307692308
			13.2076923076923	-1.24230769230769
			13.2730769230769	-1.24230769230769
			13.3384615384615	-1.24230769230769
			13.4038461538462	-1.24230769230769
			13.4692307692308	-1.24230769230769
			13.5346153846154	-1.30769230769231
			13.6	-1.30769230769231
			13.6653846153846	-1.30769230769231
			13.7307692307692	-1.30769230769231
			13.7961538461538	-1.37307692307692
			13.8615384615385	-1.37307692307692
			13.9269230769231	-1.37307692307692
			13.9923076923077	-1.37307692307692
			13.9923076923077	-1.43846153846154
			14.0576923076923	-1.43846153846154
			14.1230769230769	-1.43846153846154
			14.1884615384615	-1.50384615384615
			14.2538461538462	-1.50384615384615
			14.3192307692308	-1.50384615384615
			14.3846153846154	-1.50384615384615
			14.45	-1.56923076923077
			14.5153846153846	-1.56923076923077
			14.5807692307692	-1.63461538461538
			14.6461538461538	-1.63461538461538
			14.7115384615385	-1.7
			14.7769230769231	-1.7
			14.7769230769231	-1.76538461538462
			14.7769230769231	-1.83076923076923
			14.7769230769231	-1.89615384615385
			14.7769230769231	-1.96153846153846
			14.7115384615385	-2.02692307692308
			14.7115384615385	-2.09230769230769
			14.7115384615385	-2.15769230769231
			14.7115384615385	-2.22307692307692
			14.7115384615385	-2.28846153846154
			14.6461538461538	-2.35384615384615
			14.6461538461538	-2.41923076923077
			14.6461538461538	-2.48461538461538
			14.5807692307692	-2.55
			14.5807692307692	-2.61538461538462
			14.5807692307692	-2.68076923076923
			14.5153846153846	-2.74615384615385
			14.5153846153846	-2.81153846153846
			14.5153846153846	-2.87692307692308
			14.45	-2.94230769230769
			14.45	-3.00769230769231
			14.45	-3.07307692307692
			14.3846153846154	-3.13846153846154
			14.3846153846154	-3.20384615384615
			14.3192307692308	-3.26923076923077
			14.3192307692308	-3.33461538461538
			14.2538461538462	-3.4
			14.2538461538462	-3.46538461538462
			14.2538461538462	-3.53076923076923
			14.1884615384615	-3.53076923076923
			14.1884615384615	-3.59615384615385
			14.1884615384615	-3.66153846153846
			14.1230769230769	-3.66153846153846
			14.1230769230769	-3.72692307692308
			14.1230769230769	-3.79230769230769
			14.0576923076923	-3.79230769230769
			14.0576923076923	-3.85769230769231
			14.1230769230769	-3.85769230769231
			14.1884615384615	-3.92307692307692
			14.2538461538462	-3.92307692307692
			14.3192307692308	-3.98846153846154
			14.3846153846154	-4.05384615384615
			14.45	-4.05384615384615
			14.5153846153846	-4.11923076923077
			14.5807692307692	-4.11923076923077
			14.6461538461538	-4.18461538461538
			14.6461538461538	-4.25
			14.7115384615385	-4.25
			14.7769230769231	-4.31538461538462
			14.8423076923077	-4.31538461538462
			14.8423076923077	-4.38076923076923
			14.9076923076923	-4.44615384615385
			14.9730769230769	-4.51153846153846
			15.0384615384615	-4.57692307692308
			15.0384615384615	-4.64230769230769
			15.1038461538462	-4.70769230769231
			15.1038461538462	-4.77307692307692
			15.1038461538462	-4.83846153846154
			15.1038461538462	-4.90384615384615
			15.1692307692308	-4.90384615384615
			15.1692307692308	-4.96923076923077
			15.1692307692308	-5.03461538461538
			15.1038461538462	-5.1
			15.1038461538462	-5.16538461538462
			15.1038461538462	-5.23076923076923
			15.0384615384615	-5.29615384615385
			15.0384615384615	-5.36153846153846
			14.9730769230769	-5.42692307692308
			14.9730769230769	-5.49230769230769
			14.9076923076923	-5.55769230769231
			14.8423076923077	-5.62307692307692
			14.7769230769231	-5.68846153846154
			14.7115384615385	-5.75384615384615
			14.7115384615385	-5.81923076923077
			14.6461538461538	-5.88461538461539
			14.6461538461538	-5.95
			14.6461538461538	-6.01538461538462
			14.6461538461538	-6.08076923076923
			14.6461538461538	-6.14615384615385
			14.6461538461538	-6.21153846153846
			14.7115384615385	-6.27692307692308
			14.7115384615385	-6.34230769230769
			14.7115384615385	-6.40769230769231
			14.7115384615385	-6.47307692307692
			14.7769230769231	-6.53846153846154
			14.7769230769231	-6.60384615384615
			14.8423076923077	-6.66923076923077
			14.9076923076923	-6.73461538461538
			14.9730769230769	-6.8
			15.0384615384615	-6.86538461538462
			15.1038461538462	-6.93076923076923
			15.1692307692308	-6.99615384615385
			15.2346153846154	-7.06153846153846
			15.3	-7.12692307692308
			15.3653846153846	-7.19230769230769
			15.4307692307692	-7.19230769230769
			15.4961538461538	-7.25769230769231
			15.5615384615385	-7.25769230769231
			15.6269230769231	-7.32307692307692
			15.6923076923077	-7.32307692307692
			15.7576923076923	-7.38846153846154
			15.8230769230769	-7.45384615384615
			15.8884615384615	-7.45384615384615
			15.9538461538462	-7.51923076923077
			16.0192307692308	-7.51923076923077
			16.0192307692308	-7.58461538461539
			16.0846153846154	-7.58461538461539
			16.15	-7.65
			16.2153846153846	-7.65
			16.2153846153846	-7.71538461538462
			16.2807692307692	-7.71538461538462
			16.3461538461538	-7.78076923076923
			16.4115384615385	-7.84615384615385
			16.4769230769231	-7.91153846153846
			16.5423076923077	-7.91153846153846
			16.6076923076923	-7.97692307692308
			16.6730769230769	-7.97692307692308
			16.6730769230769	-8.04230769230769
			16.7384615384615	-8.04230769230769
			16.8038461538462	-8.10769230769231
			16.8692307692308	-8.10769230769231
			16.8692307692308	-8.17307692307692
			16.9346153846154	-8.17307692307692
			17	-8.23846153846154
			17.0653846153846	-8.30384615384615
			17.1307692307692	-8.36923076923077
			17.1961538461538	-8.43461538461539
			17.2615384615385	-8.43461538461539
			17.3269230769231	-8.5
			17.3923076923077	-8.56538461538462
			17.4576923076923	-8.63076923076923
			17.5230769230769	-8.69615384615385
			17.5884615384615	-8.76153846153846
			17.6538461538462	-8.76153846153846
			17.6538461538462	-8.82692307692308
			17.7192307692308	-8.89230769230769
			17.7846153846154	-8.89230769230769
			17.7846153846154	-8.95769230769231
			17.85	-9.02307692307692
			17.9153846153846	-9.08846153846154
			17.9807692307692	-9.15384615384616
			17.9807692307692	-9.21923076923077
			18.0461538461538	-9.28461538461539
			18.0461538461538	-9.35
			18.1115384615385	-9.35
			18.1115384615385	-9.41538461538462
			18.1115384615385	-9.48076923076923
			18.1769230769231	-9.48076923076923
			18.1769230769231	-9.54615384615385
			18.1769230769231	-9.61153846153846
			18.1769230769231	-9.67692307692308
			18.1769230769231	-9.74230769230769
			18.1769230769231	-9.80769230769231
			18.1769230769231	-9.87307692307692
			18.1769230769231	-9.93846153846154
		</suture>
		<anterior type=matrix rownames=FALSE colnames=FALSE nrow=192 ncol=2 as.numeric=TRUE >
			10.6576923076923	-1.11153846153846
			10.7230769230769	-1.11153846153846
			10.7884615384615	-1.11153846153846
			10.8538461538462	-1.11153846153846
			10.9192307692308	-1.04615384615385
			10.9846153846154	-1.04615384615385
			11.05	-1.04615384615385
			11.1153846153846	-1.04615384615385
			11.1807692307692	-1.04615384615385
			11.2461538461538	-1.04615384615385
			11.3115384615385	-1.04615384615385
			11.3769230769231	-1.04615384615385
			11.4423076923077	-1.04615384615385
			11.5076923076923	-1.04615384615385
			11.5730769230769	-1.04615384615385
			11.6384615384615	-1.04615384615385
			11.7038461538462	-1.04615384615385
			11.7692307692308	-1.04615384615385
			11.8346153846154	-1.04615384615385
			11.9	-1.04615384615385
			11.9653846153846	-1.04615384615385
			12.0307692307692	-1.04615384615385
			12.0961538461538	-1.04615384615385
			12.1615384615385	-1.04615384615385
			12.2269230769231	-1.04615384615385
			12.2923076923077	-1.04615384615385
			12.3576923076923	-1.04615384615385
			12.4230769230769	-1.04615384615385
			12.4884615384615	-1.04615384615385
			12.5538461538462	-1.04615384615385
			12.6192307692308	-1.04615384615385
			12.6846153846154	-1.11153846153846
			12.75	-1.11153846153846
			12.8153846153846	-1.11153846153846
			12.8807692307692	-1.11153846153846
			12.9461538461538	-1.11153846153846
			13.0115384615385	-1.11153846153846
			13.0769230769231	-1.17692307692308
			13.1423076923077	-1.17692307692308
			13.2076923076923	-1.17692307692308
			13.2730769230769	-1.17692307692308
			13.3384615384615	-1.17692307692308
			13.4038461538462	-1.24230769230769
			13.4692307692308	-1.24230769230769
			13.5346153846154	-1.24230769230769
			13.6	-1.24230769230769
			13.6653846153846	-1.30769230769231
			13.7307692307692	-1.30769230769231
			13.7961538461538	-1.30769230769231
			13.8615384615385	-1.30769230769231
			13.9269230769231	-1.37307692307692
			13.9923076923077	-1.37307692307692
			14.0576923076923	-1.43846153846154
			14.1230769230769	-1.43846153846154
			14.1884615384615	-1.43846153846154
			14.2538461538462	-1.50384615384615
			14.3192307692308	-1.50384615384615
			14.3846153846154	-1.50384615384615
			14.45	-1.56923076923077
			14.5153846153846	-1.56923076923077
			14.5807692307692	-1.63461538461538
			14.6461538461538	-1.63461538461538
			14.7115384615385	-1.7
			14.7769230769231	-1.7
			14.8423076923077	-1.76538461538462
			14.9076923076923	-1.83076923076923
			14.9730769230769	-1.89615384615385
			15.0384615384615	-1.89615384615385
			15.1038461538462	-1.96153846153846
			15.1692307692308	-1.96153846153846
			15.1692307692308	-2.02692307692308
			15.2346153846154	-2.09230769230769
			15.3	-2.09230769230769
			15.3	-2.15769230769231
			15.3653846153846	-2.15769230769231
			15.4307692307692	-2.22307692307692
			15.4307692307692	-2.28846153846154
			15.4961538461538	-2.28846153846154
			15.5615384615385	-2.35384615384615
			15.6269230769231	-2.35384615384615
			15.6269230769231	-2.41923076923077
			15.6923076923077	-2.41923076923077
			15.7576923076923	-2.48461538461538
			15.7576923076923	-2.55
			15.8230769230769	-2.55
			15.8884615384615	-2.61538461538462
			15.9538461538462	-2.68076923076923
			16.0192307692308	-2.74615384615385
			16.0846153846154	-2.81153846153846
			16.15	-2.87692307692308
			16.2153846153846	-2.94230769230769
			16.2807692307692	-3.00769230769231
			16.3461538461538	-3.07307692307692
			16.4115384615385	-3.13846153846154
			16.4769230769231	-3.20384615384615
			16.5423076923077	-3.26923076923077
			16.6076923076923	-3.26923076923077
			16.6076923076923	-3.33461538461538
			16.6730769230769	-3.4
			16.7384615384615	-3.46538461538462
			16.8038461538462	-3.53076923076923
			16.8692307692308	-3.59615384615385
			16.9346153846154	-3.66153846153846
			16.9346153846154	-3.72692307692308
			17	-3.79230769230769
			17.0653846153846	-3.79230769230769
			17.1307692307692	-3.85769230769231
			17.1307692307692	-3.92307692307692
			17.1961538461538	-3.98846153846154
			17.2615384615385	-4.05384615384615
			17.3269230769231	-4.11923076923077
			17.3269230769231	-4.18461538461538
			17.3923076923077	-4.25
			17.4576923076923	-4.31538461538462
			17.5230769230769	-4.38076923076923
			17.5884615384615	-4.44615384615385
			17.6538461538462	-4.51153846153846
			17.6538461538462	-4.57692307692308
			17.7192307692308	-4.64230769230769
			17.7846153846154	-4.70769230769231
			17.85	-4.77307692307692
			17.85	-4.83846153846154
			17.9153846153846	-4.90384615384615
			17.9153846153846	-4.96923076923077
			17.9807692307692	-5.03461538461538
			18.0461538461538	-5.03461538461538
			18.0461538461538	-5.1
			18.1115384615385	-5.16538461538462
			18.1115384615385	-5.23076923076923
			18.1769230769231	-5.29615384615385
			18.1769230769231	-5.36153846153846
			18.2423076923077	-5.36153846153846
			18.2423076923077	-5.42692307692308
			18.3076923076923	-5.49230769230769
			18.3076923076923	-5.55769230769231
			18.3730769230769	-5.62307692307692
			18.4384615384615	-5.68846153846154
			18.4384615384615	-5.75384615384615
			18.5038461538462	-5.81923076923077
			18.5038461538462	-5.88461538461539
			18.5692307692308	-5.95
			18.5692307692308	-6.01538461538462
			18.6346153846154	-6.08076923076923
			18.6346153846154	-6.14615384615385
			18.7	-6.21153846153846
			18.7	-6.27692307692308
			18.7653846153846	-6.34230769230769
			18.7653846153846	-6.40769230769231
			18.8307692307692	-6.47307692307692
			18.8307692307692	-6.53846153846154
			18.8961538461538	-6.60384615384615
			18.8961538461538	-6.66923076923077
			18.9615384615385	-6.73461538461538
			18.9615384615385	-6.8
			18.9615384615385	-6.86538461538462
			19.0269230769231	-6.93076923076923
			19.0269230769231	-6.99615384615385
			19.0923076923077	-7.06153846153846
			19.0923076923077	-7.12692307692308
			19.0923076923077	-7.19230769230769
			19.1576923076923	-7.25769230769231
			19.1576923076923	-7.32307692307692
			19.1576923076923	-7.38846153846154
			19.2230769230769	-7.45384615384615
			19.2230769230769	-7.51923076923077
			19.2230769230769	-7.58461538461539
			19.2884615384615	-7.65
			19.2884615384615	-7.71538461538462
			19.2884615384615	-7.78076923076923
			19.3538461538462	-7.84615384615385
			19.3538461538462	-7.91153846153846
			19.3538461538462	-7.97692307692308
			19.3538461538462	-8.04230769230769
			19.4192307692308	-8.10769230769231
			19.4192307692308	-8.17307692307692
			19.4192307692308	-8.23846153846154
			19.4192307692308	-8.30384615384615
			19.4192307692308	-8.36923076923077
			19.4846153846154	-8.43461538461539
			19.4846153846154	-8.5
			19.4846153846154	-8.56538461538462
			19.4846153846154	-8.63076923076923
			19.55	-8.69615384615385
			19.55	-8.76153846153846
			19.55	-8.82692307692308
			19.55	-8.89230769230769
			19.55	-8.95769230769231
			19.55	-9.02307692307692
			19.6153846153846	-9.08846153846154
			19.6153846153846	-9.15384615384616
			19.6153846153846	-9.21923076923077
			19.6153846153846	-9.28461538461539
		</anterior>
		<posterior type=matrix rownames=FALSE colnames=FALSE nrow=582 ncol=2 as.numeric=TRUE >
			10.6576923076923	-9.28461538461539
			10.7230769230769	-9.28461538461539
			10.7884615384615	-9.28461538461539
			10.8538461538462	-9.35
			10.9192307692308	-9.35
			10.9846153846154	-9.35
			11.05	-9.35
			11.1153846153846	-9.35
			11.1807692307692	-9.35
			11.2461538461538	-9.35
			11.3115384615385	-9.35
			11.3769230769231	-9.35
			11.4423076923077	-9.35
			11.5076923076923	-9.35
			11.5730769230769	-9.35
			11.6384615384615	-9.35
			11.7038461538462	-9.35
			11.7692307692308	-9.35
			11.8346153846154	-9.35
			11.9	-9.35
			11.9653846153846	-9.35
			12.0307692307692	-9.35
			12.0961538461538	-9.35
			12.1615384615385	-9.35
			12.2269230769231	-9.35
			12.2923076923077	-9.35
			12.3576923076923	-9.35
			12.4230769230769	-9.28461538461539
			12.4884615384615	-9.28461538461539
			12.5538461538462	-9.28461538461539
			12.6192307692308	-9.28461538461539
			12.6846153846154	-9.28461538461539
			12.75	-9.28461538461539
			12.8153846153846	-9.28461538461539
			12.8807692307692	-9.21923076923077
			12.9461538461538	-9.21923076923077
			13.0115384615385	-9.21923076923077
			13.0769230769231	-9.21923076923077
			13.1423076923077	-9.21923076923077
			13.2076923076923	-9.21923076923077
			13.2730769230769	-9.15384615384616
			13.3384615384615	-9.15384615384616
			13.4038461538462	-9.15384615384616
			13.4692307692308	-9.15384615384616
			13.5346153846154	-9.15384615384616
			13.6	-9.15384615384616
			13.6	-9.08846153846154
			13.6653846153846	-9.08846153846154
			13.7307692307692	-9.08846153846154
			13.7961538461538	-9.08846153846154
			13.8615384615385	-9.08846153846154
			13.9269230769231	-9.08846153846154
			13.9923076923077	-9.15384615384616
			14.0576923076923	-9.15384615384616
			14.1230769230769	-9.15384615384616
			14.1884615384615	-9.15384615384616
			14.2538461538462	-9.15384615384616
			14.3192307692308	-9.21923076923077
			14.3846153846154	-9.21923076923077
			14.45	-9.21923076923077
			14.5153846153846	-9.21923076923077
			14.5807692307692	-9.21923076923077
			14.6461538461538	-9.21923076923077
			14.7115384615385	-9.21923076923077
			14.7115384615385	-9.28461538461539
			14.7769230769231	-9.28461538461539
			14.8423076923077	-9.28461538461539
			14.9076923076923	-9.28461538461539
			14.9730769230769	-9.28461538461539
			15.0384615384615	-9.35
			15.1038461538462	-9.35
			15.1692307692308	-9.35
			15.2346153846154	-9.35
			15.3	-9.35
			15.3653846153846	-9.35
			15.4307692307692	-9.41538461538462
			15.4961538461538	-9.41538461538462
			15.5615384615385	-9.41538461538462
			15.6269230769231	-9.41538461538462
			15.6923076923077	-9.41538461538462
			15.7576923076923	-9.48076923076923
			15.8230769230769	-9.48076923076923
			15.8884615384615	-9.48076923076923
			15.9538461538462	-9.48076923076923
			16.0192307692308	-9.48076923076923
			16.0192307692308	-9.54615384615385
			16.0846153846154	-9.54615384615385
			16.15	-9.54615384615385
			16.2153846153846	-9.54615384615385
			16.2807692307692	-9.54615384615385
			16.3461538461538	-9.61153846153846
			16.4115384615385	-9.61153846153846
			16.4769230769231	-9.61153846153846
			16.5423076923077	-9.61153846153846
			16.6076923076923	-9.61153846153846
			16.6730769230769	-9.67692307692308
			16.7384615384615	-9.67692307692308
			16.8038461538462	-9.67692307692308
			16.8692307692308	-9.67692307692308
			16.9346153846154	-9.74230769230769
			17	-9.74230769230769
			17.0653846153846	-9.74230769230769
			17.1307692307692	-9.74230769230769
			17.1961538461538	-9.80769230769231
			17.2615384615385	-9.80769230769231
			17.3269230769231	-9.80769230769231
			17.3923076923077	-9.80769230769231
			17.4576923076923	-9.80769230769231
			17.5230769230769	-9.87307692307692
			17.5884615384615	-9.87307692307692
			17.6538461538462	-9.87307692307692
			17.7192307692308	-9.87307692307692
			17.7846153846154	-9.93846153846154
			17.85	-9.93846153846154
			17.9153846153846	-9.93846153846154
			17.9807692307692	-9.93846153846154
			18.0461538461538	-10.0038461538462
			18.1115384615385	-10.0038461538462
			18.1769230769231	-10.0038461538462
			18.1769230769231	-10.0692307692308
			18.2423076923077	-10.0692307692308
			18.3076923076923	-10.1346153846154
			18.3730769230769	-10.2
			18.4384615384615	-10.2
			18.5038461538462	-10.2653846153846
			18.5692307692308	-10.3307692307692
			18.6346153846154	-10.3961538461538
			18.7	-10.4615384615385
			18.7653846153846	-10.5269230769231
			18.8307692307692	-10.5923076923077
			18.8961538461538	-10.6576923076923
			18.9615384615385	-10.7230769230769
			18.9615384615385	-10.7884615384615
			19.0269230769231	-10.8538461538462
			19.0923076923077	-10.9192307692308
			19.0923076923077	-10.9846153846154
			19.0923076923077	-11.05
			19.1576923076923	-11.1153846153846
			19.1576923076923	-11.1807692307692
			19.1576923076923	-11.2461538461538
			19.1576923076923	-11.3115384615385
			19.1576923076923	-11.3769230769231
			19.2230769230769	-11.4423076923077
			19.2230769230769	-11.5076923076923
			19.2230769230769	-11.5730769230769
			19.2230769230769	-11.6384615384615
			19.2230769230769	-11.7038461538462
			19.2230769230769	-11.7692307692308
			19.2230769230769	-11.8346153846154
			19.2230769230769	-11.9
			19.2230769230769	-11.9653846153846
			19.2230769230769	-12.0307692307692
			19.2230769230769	-12.0961538461538
			19.2230769230769	-12.1615384615385
			19.2884615384615	-12.2269230769231
			19.2884615384615	-12.2923076923077
			19.2884615384615	-12.3576923076923
			19.2884615384615	-12.4230769230769
			19.2884615384615	-12.4884615384615
			19.2884615384615	-12.5538461538462
			19.2884615384615	-12.6192307692308
			19.2884615384615	-12.6846153846154
			19.2884615384615	-12.75
			19.2884615384615	-12.8153846153846
			19.2884615384615	-12.8807692307692
			19.2884615384615	-12.9461538461538
			19.2884615384615	-13.0115384615385
			19.2884615384615	-13.0769230769231
			19.2884615384615	-13.1423076923077
			19.2884615384615	-13.2076923076923
			19.2884615384615	-13.2730769230769
			19.2884615384615	-13.3384615384615
			19.3538461538462	-13.4038461538462
			19.3538461538462	-13.4692307692308
			19.3538461538462	-13.5346153846154
			19.3538461538462	-13.6
			19.3538461538462	-13.6653846153846
			19.3538461538462	-13.7307692307692
			19.3538461538462	-13.7961538461538
			19.3538461538462	-13.8615384615385
			19.3538461538462	-13.9269230769231
			19.3538461538462	-13.9923076923077
			19.3538461538462	-14.0576923076923
			19.3538461538462	-14.1230769230769
			19.3538461538462	-14.1884615384615
			19.3538461538462	-14.2538461538462
			19.3538461538462	-14.3192307692308
			19.3538461538462	-14.3846153846154
			19.3538461538462	-14.45
			19.3538461538462	-14.5153846153846
			19.3538461538462	-14.5807692307692
			19.3538461538462	-14.6461538461538
			19.3538461538462	-14.7115384615385
			19.3538461538462	-14.7769230769231
			19.3538461538462	-14.8423076923077
			19.3538461538462	-14.9076923076923
			19.3538461538462	-14.9730769230769
			19.3538461538462	-15.0384615384615
			19.3538461538462	-15.1038461538462
			19.3538461538462	-15.1692307692308
			19.3538461538462	-15.2346153846154
			19.3538461538462	-15.3
			19.2884615384615	-15.3653846153846
			19.2884615384615	-15.4307692307692
			19.2884615384615	-15.4961538461538
			19.2884615384615	-15.5615384615385
			19.2884615384615	-15.6269230769231
			19.2884615384615	-15.6923076923077
			19.2884615384615	-15.7576923076923
			19.2884615384615	-15.8230769230769
			19.2884615384615	-15.8884615384615
			19.2884615384615	-15.9538461538462
			19.2884615384615	-16.0192307692308
			19.2884615384615	-16.0846153846154
			19.2884615384615	-16.15
			19.2884615384615	-16.2153846153846
			19.2884615384615	-16.2807692307692
			19.2884615384615	-16.3461538461538
			19.2884615384615	-16.4115384615385
			19.2884615384615	-16.4769230769231
			19.2230769230769	-16.5423076923077
			19.2230769230769	-16.6076923076923
			19.2230769230769	-16.6730769230769
			19.2230769230769	-16.7384615384615
			19.2230769230769	-16.8038461538462
			19.2230769230769	-16.8692307692308
			19.2230769230769	-16.9346153846154
			19.2230769230769	-17
			19.2230769230769	-17.0653846153846
			19.2230769230769	-17.1307692307692
			19.2230769230769	-17.1961538461538
			19.1576923076923	-17.1961538461538
			19.1576923076923	-17.2615384615385
			19.1576923076923	-17.3269230769231
			19.1576923076923	-17.3923076923077
			19.1576923076923	-17.4576923076923
			19.1576923076923	-17.5230769230769
			19.1576923076923	-17.5884615384615
			19.1576923076923	-17.6538461538462
			19.1576923076923	-17.7192307692308
			19.0923076923077	-17.7846153846154
			19.0923076923077	-17.85
			19.0923076923077	-17.9153846153846
			19.0923076923077	-17.9807692307692
			19.0923076923077	-18.0461538461538
			19.0923076923077	-18.1115384615385
			19.0269230769231	-18.1769230769231
			19.0269230769231	-18.2423076923077
			19.0269230769231	-18.3076923076923
			19.0269230769231	-18.3730769230769
			18.9615384615385	-18.4384615384615
			18.9615384615385	-18.5038461538462
			18.9615384615385	-18.5692307692308
			18.9615384615385	-18.6346153846154
			18.8961538461538	-18.7
			18.8961538461538	-18.7653846153846
			18.8961538461538	-18.8307692307692
			18.8961538461538	-18.8961538461538
			18.8307692307692	-18.9615384615385
			18.8307692307692	-19.0269230769231
			18.8307692307692	-19.0923076923077
			18.8307692307692	-19.1576923076923
			18.7653846153846	-19.2230769230769
			18.7653846153846	-19.2884615384615
			18.7653846153846	-19.3538461538462
			18.7653846153846	-19.4192307692308
			18.7	-19.4846153846154
			18.7	-19.55
			18.7	-19.6153846153846
			18.7	-19.6807692307692
			18.7	-19.7461538461538
			18.6346153846154	-19.7461538461538
			18.6346153846154	-19.8115384615385
			18.6346153846154	-19.8769230769231
			18.6346153846154	-19.9423076923077
			18.6346153846154	-20.0076923076923
			18.5692307692308	-20.0730769230769
			18.5692307692308	-20.1384615384615
			18.5692307692308	-20.2038461538462
			18.5692307692308	-20.2692307692308
			18.5038461538462	-20.3346153846154
			18.5038461538462	-20.4
			18.5038461538462	-20.4653846153846
			18.5038461538462	-20.5307692307692
			18.4384615384615	-20.5961538461538
			18.4384615384615	-20.6615384615385
			18.4384615384615	-20.7269230769231
			18.4384615384615	-20.7923076923077
			18.4384615384615	-20.8576923076923
			18.3730769230769	-20.9230769230769
			18.3730769230769	-20.9884615384615
			18.3730769230769	-21.0538461538462
			18.3730769230769	-21.1192307692308
			18.3076923076923	-21.1846153846154
			18.3076923076923	-21.25
			18.3076923076923	-21.3153846153846
			18.3076923076923	-21.3807692307692
			18.2423076923077	-21.4461538461538
			18.2423076923077	-21.5115384615385
			18.2423076923077	-21.5769230769231
			18.2423076923077	-21.6423076923077
			18.2423076923077	-21.7076923076923
			18.1769230769231	-21.7730769230769
			18.1769230769231	-21.8384615384615
			18.1769230769231	-21.9038461538462
			18.1769230769231	-21.9692307692308
			18.1769230769231	-22.0346153846154
			18.1115384615385	-22.0346153846154
			18.1115384615385	-22.1
			18.1115384615385	-22.1653846153846
			18.1115384615385	-22.2307692307692
			18.1115384615385	-22.2961538461538
			18.0461538461538	-22.3615384615385
			18.0461538461538	-22.4269230769231
			18.0461538461538	-22.4923076923077
			18.0461538461538	-22.5576923076923
			18.0461538461538	-22.6230769230769
			17.9807692307692	-22.6884615384615
			17.9807692307692	-22.7538461538462
			17.9807692307692	-22.8192307692308
			17.9807692307692	-22.8846153846154
			17.9807692307692	-22.95
			17.9153846153846	-23.0153846153846
			17.9153846153846	-23.0807692307692
			17.9153846153846	-23.1461538461538
			17.9153846153846	-23.2115384615385
			17.85	-23.2769230769231
			17.85	-23.3423076923077
			17.85	-23.4076923076923
			17.85	-23.4730769230769
			17.85	-23.5384615384615
			17.85	-23.6038461538462
			17.7846153846154	-23.6692307692308
			17.7846153846154	-23.7346153846154
			17.7846153846154	-23.8
			17.7846153846154	-23.8653846153846
			17.7846153846154	-23.9307692307692
			17.7192307692308	-23.9961538461538
			17.7192307692308	-24.0615384615385
			17.7192307692308	-24.1269230769231
			17.7192307692308	-24.1923076923077
			17.7192307692308	-24.2576923076923
			17.6538461538462	-24.3230769230769
			17.6538461538462	-24.3884615384615
			17.6538461538462	-24.4538461538462
			17.6538461538462	-24.5192307692308
			17.6538461538462	-24.4538461538462
			17.7192307692308	-24.3884615384615
			17.7192307692308	-24.3230769230769
			17.7192307692308	-24.2576923076923
			17.7846153846154	-24.1923076923077
			17.7846153846154	-24.1269230769231
			17.7846153846154	-24.0615384615385
			17.85	-24.0615384615385
			17.85	-23.9961538461538
			17.85	-23.9307692307692
			17.9153846153846	-23.8653846153846
			17.9153846153846	-23.8
			17.9153846153846	-23.7346153846154
			17.9807692307692	-23.6692307692308
			17.9807692307692	-23.6038461538462
			18.0461538461538	-23.5384615384615
			18.0461538461538	-23.4730769230769
			18.0461538461538	-23.4076923076923
			18.1115384615385	-23.3423076923077
			18.1115384615385	-23.2769230769231
			18.1115384615385	-23.2115384615385
			18.1769230769231	-23.1461538461538
			18.1769230769231	-23.0807692307692
			18.1769230769231	-23.0153846153846
			18.2423076923077	-22.95
			18.2423076923077	-22.8846153846154
			18.2423076923077	-22.8192307692308
			18.3076923076923	-22.7538461538462
			18.3076923076923	-22.6884615384615
			18.3076923076923	-22.6230769230769
			18.3730769230769	-22.5576923076923
			18.3730769230769	-22.4923076923077
			18.3730769230769	-22.4269230769231
			18.4384615384615	-22.3615384615385
			18.4384615384615	-22.2961538461538
			18.4384615384615	-22.2307692307692
			18.5038461538462	-22.1653846153846
			18.5038461538462	-22.1
			18.5038461538462	-22.0346153846154
			18.5692307692308	-21.9692307692308
			18.5692307692308	-21.9038461538462
			18.5692307692308	-21.8384615384615
			18.6346153846154	-21.7730769230769
			18.6346153846154	-21.7076923076923
			18.6346153846154	-21.6423076923077
			18.6346153846154	-21.5769230769231
			18.7	-21.5769230769231
			18.7	-21.5115384615385
			18.7	-21.4461538461538
			18.7	-21.3807692307692
			18.7653846153846	-21.3807692307692
			18.7653846153846	-21.3153846153846
			18.7653846153846	-21.25
			18.7653846153846	-21.1846153846154
			18.8307692307692	-21.1192307692308
			18.8307692307692	-21.0538461538462
			18.8307692307692	-20.9884615384615
			18.8307692307692	-20.9230769230769
			18.8961538461538	-20.8576923076923
			18.8961538461538	-20.7923076923077
			18.8961538461538	-20.7269230769231
			18.9615384615385	-20.6615384615385
			18.9615384615385	-20.5961538461538
			18.9615384615385	-20.5307692307692
			18.9615384615385	-20.4653846153846
			19.0269230769231	-20.4
			19.0269230769231	-20.3346153846154
			19.0269230769231	-20.2692307692308
			19.0269230769231	-20.2038461538462
			19.0923076923077	-20.1384615384615
			19.0923076923077	-20.0730769230769
			19.0923076923077	-20.0076923076923
			19.0923076923077	-19.9423076923077
			19.1576923076923	-19.8769230769231
			19.1576923076923	-19.8115384615385
			19.1576923076923	-19.7461538461538
			19.1576923076923	-19.6807692307692
			19.2230769230769	-19.6153846153846
			19.2230769230769	-19.55
			19.2230769230769	-19.4846153846154
			19.2230769230769	-19.4192307692308
			19.2884615384615	-19.3538461538462
			19.2884615384615	-19.2884615384615
			19.2884615384615	-19.2230769230769
			19.2884615384615	-19.1576923076923
			19.3538461538462	-19.0923076923077
			19.3538461538462	-19.0269230769231
			19.3538461538462	-18.9615384615385
			19.3538461538462	-18.8961538461538
			19.3538461538462	-18.8307692307692
			19.4192307692308	-18.7653846153846
			19.4192307692308	-18.7
			19.4192307692308	-18.6346153846154
			19.4192307692308	-18.5692307692308
			19.4192307692308	-18.5038461538462
			19.4846153846154	-18.4384615384615
			19.4846153846154	-18.3730769230769
			19.4846153846154	-18.3076923076923
			19.4846153846154	-18.2423076923077
			19.55	-18.1769230769231
			19.55	-18.1115384615385
			19.55	-18.0461538461538
			19.55	-17.9807692307692
			19.55	-17.9153846153846
			19.55	-17.85
			19.6153846153846	-17.7846153846154
			19.6153846153846	-17.7192307692308
			19.6153846153846	-17.6538461538462
			19.6153846153846	-17.5884615384615
			19.6153846153846	-17.5230769230769
			19.6153846153846	-17.4576923076923
			19.6807692307692	-17.3923076923077
			19.6807692307692	-17.3269230769231
			19.6807692307692	-17.2615384615385
			19.6807692307692	-17.1961538461538
			19.6807692307692	-17.1307692307692
			19.6807692307692	-17.0653846153846
			19.7461538461538	-17
			19.7461538461538	-16.9346153846154
			19.7461538461538	-16.8692307692308
			19.7461538461538	-16.8038461538462
			19.7461538461538	-16.7384615384615
			19.7461538461538	-16.6730769230769
			19.8115384615385	-16.6076923076923
			19.8115384615385	-16.5423076923077
			19.8115384615385	-16.4769230769231
			19.8115384615385	-16.4115384615385
			19.8115384615385	-16.3461538461538
			19.8115384615385	-16.2807692307692
			19.8115384615385	-16.2153846153846
			19.8115384615385	-16.15
			19.8769230769231	-16.0846153846154
			19.8769230769231	-16.0192307692308
			19.8769230769231	-15.9538461538462
			19.8769230769231	-15.8884615384615
			19.8769230769231	-15.8230769230769
			19.8769230769231	-15.7576923076923
			19.8769230769231	-15.6923076923077
			19.8769230769231	-15.6269230769231
			19.8769230769231	-15.5615384615385
			19.8769230769231	-15.4961538461538
			19.9423076923077	-15.4307692307692
			19.9423076923077	-15.3653846153846
			19.9423076923077	-15.3
			19.9423076923077	-15.2346153846154
			19.9423076923077	-15.1692307692308
			19.9423076923077	-15.1038461538462
			19.9423076923077	-15.0384615384615
			19.9423076923077	-14.9730769230769
			19.9423076923077	-14.9076923076923
			19.9423076923077	-14.8423076923077
			19.9423076923077	-14.7769230769231
			19.9423076923077	-14.7115384615385
			20.0076923076923	-14.6461538461538
			20.0076923076923	-14.5807692307692
			20.0076923076923	-14.5153846153846
			20.0076923076923	-14.45
			20.0076923076923	-14.3846153846154
			20.0076923076923	-14.3192307692308
			20.0076923076923	-14.2538461538462
			20.0076923076923	-14.1884615384615
			20.0076923076923	-14.1230769230769
			20.0076923076923	-14.0576923076923
			20.0076923076923	-13.9923076923077
			20.0076923076923	-13.9269230769231
			20.0076923076923	-13.8615384615385
			20.0076923076923	-13.7961538461538
			20.0076923076923	-13.7307692307692
			20.0076923076923	-13.6653846153846
			20.0076923076923	-13.6
			20.0076923076923	-13.5346153846154
			20.0076923076923	-13.4692307692308
			20.0076923076923	-13.4038461538462
			20.0076923076923	-13.3384615384615
			20.0076923076923	-13.2730769230769
			20.0076923076923	-13.2076923076923
			20.0076923076923	-13.1423076923077
			20.0076923076923	-13.0769230769231
			20.0076923076923	-13.0115384615385
			20.0076923076923	-12.9461538461538
			20.0076923076923	-12.8807692307692
			20.0076923076923	-12.8153846153846
			20.0076923076923	-12.75
			20.0076923076923	-12.6846153846154
			20.0076923076923	-12.6192307692308
			20.0076923076923	-12.5538461538462
			20.0076923076923	-12.4884615384615
			20.0076923076923	-12.4230769230769
			20.0076923076923	-12.3576923076923
			20.0076923076923	-12.2923076923077
			20.0076923076923	-12.2269230769231
			20.0076923076923	-12.1615384615385
			20.0076923076923	-12.0961538461538
			20.0076923076923	-12.0307692307692
			20.0076923076923	-11.9653846153846
			19.9423076923077	-11.9
			19.9423076923077	-11.8346153846154
			19.9423076923077	-11.7692307692308
			19.9423076923077	-11.7038461538462
			19.9423076923077	-11.6384615384615
			19.9423076923077	-11.5730769230769
			19.9423076923077	-11.5076923076923
			19.9423076923077	-11.4423076923077
			19.9423076923077	-11.3769230769231
			19.9423076923077	-11.3115384615385
			19.9423076923077	-11.2461538461538
			19.9423076923077	-11.1807692307692
			19.8769230769231	-11.1153846153846
			19.8769230769231	-11.05
			19.8769230769231	-10.9846153846154
			19.8769230769231	-10.9192307692308
			19.8769230769231	-10.8538461538462
			19.8769230769231	-10.7884615384615
			19.8769230769231	-10.7230769230769
			19.8769230769231	-10.6576923076923
			19.8115384615385	-10.5923076923077
			19.8115384615385	-10.5269230769231
			19.8115384615385	-10.4615384615385
			19.8115384615385	-10.3961538461538
			19.8115384615385	-10.3307692307692
			19.8115384615385	-10.2653846153846
			19.8115384615385	-10.2
			19.7461538461538	-10.1346153846154
			19.7461538461538	-10.0692307692308
			19.7461538461538	-10.0038461538462
			19.7461538461538	-9.93846153846154
			19.7461538461538	-9.87307692307692
			19.7461538461538	-9.80769230769231
			19.6807692307692	-9.74230769230769
			19.6807692307692	-9.67692307692308
			19.6807692307692	-9.61153846153846
			19.6807692307692	-9.54615384615385
			19.6807692307692	-9.48076923076923
			19.6153846153846	-9.41538461538462
			19.6153846153846	-9.35
			19.6153846153846	-9.28461538461539
		</posterior>
	</curves.scaled>
	<ruler.points type=matrix rownames=TRUE colnames=FALSE nrow=2 ncol=2 as.numeric=TRUE >
		Ruler point 1	320	11
		Ruler point 2	320	102
	</ruler.points>
</shapes>

