<shapes type=list>
	<ruler.pixel type=vector names=FALSE length=1 as.numeric=TRUE >670</ruler.pixel>
	<ruler.interval type=vector names=FALSE length=1 as.numeric=TRUE >5</ruler.interval>
	<scaling.units type=vector names=FALSE length=1 as.numeric=FALSE >mm</scaling.units>
	<scaling type=vector names=FALSE length=1 as.numeric=TRUE >0.00746268656716418</scaling>
	<landmarks.pixel type=matrix rownames=TRUE colnames=FALSE nrow=13 ncol=2 as.numeric=TRUE >
		LM1	442	67
		LM2	438	103
		LM3	431	313
		LM4	428	341
		LM5	520	237
		LM6	513	285
		LM7	516	292
		LM8	546	199
		LM9	543	277
		LM13	442	67
		LM14	595	255
		LM15	787	341
		LM16	812	465
	</landmarks.pixel>
	<landmarks.scaled type=matrix rownames=TRUE colnames=FALSE nrow=13 ncol=2 as.numeric=TRUE >
		LM1	3.29850746268657	-0.5
		LM2	3.26865671641791	-0.76865671641791
		LM3	3.21641791044776	-2.33582089552239
		LM4	3.19402985074627	-2.54477611940298
		LM5	3.88059701492537	-1.76865671641791
		LM6	3.82835820895522	-2.12686567164179
		LM7	3.85074626865672	-2.17910447761194
		LM8	4.07462686567164	-1.48507462686567
		LM9	4.05223880597015	-2.06716417910448
		LM13	3.29850746268657	-0.5
		LM14	4.44029850746269	-1.90298507462687
		LM15	5.87313432835821	-2.54477611940298
		LM16	6.05970149253731	-3.47014925373134
	</landmarks.scaled>
	<curves.control type=list>
		<glabella type=matrix rownames=FALSE colnames=FALSE nrow=11 ncol=2 as.numeric=TRUE >
			438	103
			468	107
			480	128
			500	153
			507	176
			514	192
			519	227
			522	234
			513	263
			510	276
			516	292
		</glabella>
		<anterior type=matrix rownames=FALSE colnames=FALSE nrow=29 ncol=2 as.numeric=TRUE >
			442	67
			480	72
			522	75
			552	75
			577	81
			613	96
			633	105
			643	114
			659	124
			676	141
			689	164
			696	179
			700	203
			699	209
			705	212
			709	221
			701	224
			700	232
			706	236
			714	235
			718	241
			716	248
			706	248
			700	250
			710	257
			728	271
			747	285
			765	306
			787	341
		</anterior>
		<posterior type=matrix rownames=FALSE colnames=FALSE nrow=29 ncol=2 as.numeric=TRUE >
			428	341
			438	342
			452	338
			460	334
			464	340
			466	348
			471	336
			469	328
			474	325
			491	309
			512	293
			548	298
			571	296
			581	297
			662	311
			684	312
			701	326
			728	340
			752	366
			776	394
			794	434
			805	457
			808	461
			817	472
			824	453
			827	425
			817	399
			808	372
			787	341
		</posterior>
	</curves.control>
	<curves.pixel type=list>
		<glabella type=matrix rownames=FALSE colnames=FALSE nrow=215 ncol=2 as.numeric=TRUE >
			438	103
			439	103
			440	103
			441	103
			442	104
			443	104
			444	104
			445	104
			446	104
			447	105
			448	105
			449	105
			450	106
			451	106
			452	106
			453	107
			454	107
			455	107
			456	108
			457	108
			458	108
			459	109
			460	109
			461	110
			462	110
			463	111
			464	112
			465	112
			466	113
			467	113
			468	114
			469	115
			470	115
			470	116
			471	117
			472	118
			473	118
			473	119
			474	120
			475	121
			476	122
			477	123
			478	124
			478	125
			479	126
			479	127
			480	128
			481	129
			481	130
			482	131
			483	132
			484	133
			485	134
			485	135
			486	136
			487	137
			487	138
			488	139
			489	140
			489	141
			490	142
			491	143
			491	144
			492	145
			493	146
			494	147
			494	148
			495	149
			495	150
			496	151
			497	152
			497	153
			498	154
			498	155
			498	156
			499	156
			499	157
			500	158
			500	159
			501	160
			501	161
			502	162
			502	163
			503	164
			503	165
			503	166
			504	167
			504	168
			505	169
			505	170
			505	171
			506	172
			506	173
			506	174
			507	175
			507	176
			507	177
			508	178
			508	179
			509	180
			509	181
			509	182
			510	183
			510	184
			510	185
			510	186
			511	187
			511	188
			511	189
			512	190
			512	191
			512	192
			513	193
			513	194
			513	195
			513	196
			514	197
			514	198
			514	199
			514	200
			514	201
			515	202
			515	203
			515	204
			515	205
			515	206
			516	207
			516	208
			516	209
			516	210
			516	211
			517	212
			517	213
			517	214
			517	215
			517	216
			517	217
			518	217
			518	218
			518	219
			518	220
			518	221
			518	222
			518	223
			519	224
			519	225
			519	226
			519	227
			519	228
			519	229
			520	230
			520	231
			520	232
			520	233
			520	234
			520	235
			519	236
			519	237
			519	238
			519	239
			519	240
			519	241
			519	242
			518	243
			518	244
			518	245
			518	246
			517	247
			517	248
			517	249
			517	250
			516	251
			516	252
			516	253
			516	254
			515	255
			515	256
			515	257
			515	258
			514	259
			514	260
			514	261
			513	262
			513	263
			513	264
			513	265
			513	266
			512	266
			512	267
			512	268
			512	269
			512	270
			512	271
			512	272
			512	273
			512	274
			512	275
			512	276
			512	277
			512	278
			513	279
			513	280
			513	281
			513	282
			513	283
			513	284
			514	284
			514	285
			514	286
			514	287
			515	288
			515	289
			515	290
			516	291
			516	292
		</glabella>
		<anterior type=matrix rownames=FALSE colnames=FALSE nrow=478 ncol=2 as.numeric=TRUE >
			442	67
			443	67
			444	67
			445	67
			446	68
			447	68
			448	68
			449	68
			450	68
			451	68
			452	68
			453	68
			454	68
			455	69
			456	69
			457	69
			458	69
			459	69
			460	69
			461	69
			462	69
			463	70
			464	70
			465	70
			466	70
			467	70
			468	70
			469	70
			470	70
			471	70
			472	71
			473	71
			474	71
			475	71
			476	71
			477	71
			478	71
			479	71
			480	71
			481	71
			482	72
			483	72
			484	72
			485	72
			486	72
			487	72
			488	72
			489	72
			490	72
			491	72
			492	73
			493	73
			494	73
			495	73
			496	73
			497	73
			498	73
			499	73
			500	73
			501	73
			502	73
			503	74
			504	74
			505	74
			506	74
			507	74
			508	74
			509	74
			510	74
			511	74
			512	74
			513	74
			514	74
			515	74
			516	75
			517	75
			518	75
			519	75
			520	75
			521	75
			522	75
			523	75
			524	75
			525	75
			526	75
			527	75
			528	75
			529	75
			530	75
			531	75
			532	75
			533	75
			534	75
			535	75
			536	75
			537	75
			538	75
			539	76
			540	76
			541	76
			542	76
			543	76
			544	76
			545	76
			546	76
			547	76
			548	76
			549	76
			550	76
			551	77
			552	77
			553	77
			554	77
			555	77
			556	77
			557	77
			558	77
			559	77
			559	78
			560	78
			561	78
			562	78
			563	78
			564	78
			565	78
			566	79
			567	79
			568	79
			569	79
			570	80
			571	80
			572	80
			573	80
			574	80
			575	80
			575	81
			576	81
			577	81
			578	81
			579	82
			580	82
			581	83
			582	83
			583	84
			584	84
			585	84
			586	85
			587	85
			588	86
			589	86
			590	86
			591	87
			592	87
			593	88
			594	88
			595	88
			596	89
			597	89
			598	90
			599	90
			600	91
			601	91
			602	92
			603	92
			604	92
			604	93
			605	93
			606	93
			607	94
			608	94
			609	95
			610	95
			611	96
			612	96
			613	96
			614	96
			614	97
			615	97
			616	98
			617	98
			618	98
			619	99
			620	99
			621	100
			622	100
			623	101
			624	101
			625	101
			625	102
			626	102
			627	102
			628	103
			629	103
			630	104
			631	104
			632	105
			633	105
			634	106
			635	107
			636	107
			637	108
			638	109
			639	110
			640	111
			641	111
			642	112
			643	113
			644	114
			645	115
			646	115
			647	116
			648	117
			649	117
			649	118
			650	118
			651	119
			652	119
			652	120
			653	120
			654	121
			655	121
			656	122
			657	123
			658	124
			659	124
			660	125
			661	126
			662	127
			663	128
			664	129
			665	130
			666	131
			666	132
			667	133
			668	133
			668	134
			669	135
			670	136
			671	137
			671	138
			672	139
			673	139
			673	140
			674	141
			675	142
			675	143
			676	144
			677	145
			677	146
			678	147
			679	148
			679	149
			680	150
			681	150
			681	151
			682	152
			683	153
			683	154
			684	155
			684	156
			685	157
			686	158
			686	159
			687	160
			687	161
			688	162
			689	163
			689	164
			689	165
			690	166
			690	167
			691	168
			691	169
			691	170
			692	171
			692	172
			693	173
			693	174
			693	175
			694	176
			694	177
			694	178
			695	179
			695	180
			695	181
			696	182
			696	183
			696	184
			696	185
			697	186
			697	187
			697	188
			697	189
			697	190
			698	191
			698	192
			698	193
			698	194
			699	195
			699	196
			699	197
			699	198
			699	199
			699	200
			700	201
			700	202
			700	203
			700	204
			700	205
			700	206
			700	207
			701	208
			701	209
			702	210
			703	211
			704	211
			705	212
			705	213
			706	214
			706	215
			706	216
			706	217
			706	218
			706	219
			706	220
			705	221
			704	222
			703	223
			702	224
			701	224
			701	225
			701	226
			701	227
			701	228
			701	229
			701	230
			702	231
			702	232
			703	233
			703	234
			704	234
			705	235
			705	236
			706	236
			707	236
			708	236
			709	236
			710	236
			711	236
			712	236
			713	237
			714	237
			715	238
			716	239
			717	239
			718	240
			718	241
			718	242
			717	243
			717	244
			716	245
			715	246
			714	246
			713	247
			712	247
			711	247
			710	248
			709	248
			708	248
			707	248
			706	248
			705	248
			705	249
			704	249
			704	250
			704	251
			704	252
			705	253
			706	254
			707	255
			708	256
			709	256
			710	257
			711	258
			712	259
			713	259
			714	260
			715	261
			716	262
			717	263
			718	263
			719	264
			720	265
			721	266
			722	266
			723	267
			724	268
			725	269
			726	269
			727	270
			728	271
			729	272
			730	272
			731	273
			732	274
			733	275
			734	275
			735	276
			736	277
			737	278
			738	278
			739	279
			740	280
			741	281
			742	281
			743	282
			744	283
			745	284
			746	284
			747	285
			748	286
			749	287
			749	288
			750	289
			751	289
			751	290
			752	291
			753	292
			754	293
			754	294
			755	295
			756	296
			757	297
			757	298
			758	299
			759	300
			760	301
			760	302
			761	303
			762	304
			763	305
			763	306
			764	307
			765	308
			766	309
			766	310
			767	311
			768	312
			769	313
			769	314
			770	315
			771	316
			771	317
			772	318
			773	319
			773	320
			774	321
			774	322
			775	322
			776	323
			776	324
			777	325
			777	326
			778	327
			778	328
			779	329
			780	330
			781	331
			782	332
			782	333
			782	334
			783	335
			784	336
			785	337
			785	338
			786	339
			786	340
			787	341
		</anterior>
		<posterior type=matrix rownames=FALSE colnames=FALSE nrow=586 ncol=2 as.numeric=TRUE >
			428	341
			429	341
			430	341
			431	341
			432	341
			433	341
			434	341
			435	341
			436	341
			437	341
			438	341
			439	341
			440	341
			441	340
			442	340
			443	340
			444	340
			445	340
			446	339
			447	339
			448	339
			449	339
			450	339
			451	338
			452	338
			453	338
			454	337
			455	337
			456	337
			457	336
			458	336
			459	337
			460	337
			461	337
			462	338
			463	339
			464	340
			464	341
			465	342
			465	343
			466	343
			467	343
			468	342
			469	341
			469	340
			470	339
			470	338
			471	337
			471	336
			471	335
			471	334
			470	333
			470	332
			470	331
			471	330
			471	329
			471	328
			472	327
			473	326
			474	325
			475	324
			476	323
			477	322
			478	322
			478	321
			479	320
			480	320
			481	319
			481	318
			482	318
			483	317
			483	316
			484	316
			485	315
			486	314
			487	314
			487	313
			488	312
			489	312
			490	311
			490	310
			491	310
			492	309
			493	308
			494	308
			494	307
			495	306
			496	306
			497	305
			498	304
			499	303
			500	302
			501	301
			502	301
			503	300
			504	299
			505	298
			506	297
			507	297
			508	296
			509	295
			510	294
			511	294
			512	293
			513	293
			514	293
			515	293
			516	294
			517	294
			518	294
			519	294
			520	294
			521	294
			522	294
			523	294
			524	295
			525	295
			526	295
			527	295
			528	295
			529	295
			530	295
			531	295
			532	295
			533	295
			534	296
			535	296
			536	296
			537	296
			538	296
			539	296
			540	296
			541	296
			542	296
			543	296
			544	296
			545	296
			546	296
			547	296
			548	296
			549	296
			550	296
			551	296
			552	297
			553	297
			554	297
			555	297
			556	297
			557	297
			558	297
			559	297
			560	297
			561	297
			562	296
			563	296
			564	296
			565	296
			566	296
			567	296
			568	296
			569	296
			570	296
			571	296
			572	296
			573	296
			574	296
			575	297
			576	297
			577	297
			578	297
			579	297
			580	297
			581	297
			582	298
			583	298
			584	298
			585	298
			586	298
			587	298
			588	299
			589	299
			590	299
			591	299
			592	299
			593	299
			594	299
			594	300
			595	300
			596	300
			597	300
			598	300
			599	300
			600	300
			601	301
			602	301
			603	301
			604	301
			605	301
			606	301
			607	302
			608	302
			609	302
			610	302
			611	302
			612	302
			613	303
			614	303
			615	303
			616	303
			617	303
			618	303
			619	304
			620	304
			621	304
			622	304
			623	304
			624	305
			625	305
			626	305
			627	305
			628	305
			629	305
			630	306
			631	306
			632	306
			633	306
			634	306
			635	306
			636	307
			637	307
			638	307
			639	307
			640	307
			641	307
			642	308
			643	308
			644	308
			645	308
			646	308
			647	308
			648	309
			649	309
			650	309
			651	309
			652	309
			653	309
			654	310
			655	310
			656	310
			657	310
			658	310
			659	310
			660	311
			661	311
			662	311
			663	311
			664	311
			665	311
			666	311
			667	311
			668	312
			669	312
			670	312
			671	312
			672	312
			673	312
			674	313
			675	313
			676	313
			677	313
			678	314
			679	314
			680	314
			681	315
			682	315
			683	315
			684	316
			685	316
			686	316
			687	317
			688	318
			689	318
			690	319
			691	319
			692	320
			693	320
			694	321
			695	322
			696	322
			697	323
			698	324
			699	324
			700	325
			701	326
			702	326
			703	327
			704	328
			705	328
			706	329
			707	329
			708	330
			709	331
			710	331
			711	332
			712	333
			713	333
			714	334
			715	334
			716	335
			717	336
			718	336
			719	337
			720	338
			721	339
			722	339
			723	340
			724	341
			725	342
			726	342
			727	343
			728	344
			729	345
			730	345
			731	346
			732	347
			733	348
			734	349
			735	350
			736	350
			737	351
			738	352
			739	353
			740	354
			741	355
			742	356
			743	357
			744	357
			745	358
			746	359
			746	360
			747	361
			748	362
			749	363
			750	364
			751	365
			752	366
			753	367
			754	368
			755	369
			756	370
			756	371
			757	372
			758	373
			759	374
			759	375
			760	376
			761	377
			762	378
			763	379
			763	380
			764	381
			765	382
			766	383
			766	384
			766	385
			767	385
			767	386
			768	387
			769	388
			770	389
			770	390
			771	391
			771	392
			772	392
			772	393
			773	394
			773	395
			774	396
			775	397
			775	398
			776	399
			776	400
			777	401
			778	402
			778	403
			779	404
			779	405
			780	406
			781	407
			781	408
			782	409
			782	410
			783	411
			783	412
			784	413
			784	414
			785	415
			785	416
			786	417
			786	418
			787	419
			787	420
			788	420
			788	421
			788	422
			789	423
			789	424
			790	425
			790	426
			791	427
			791	428
			792	429
			792	430
			793	431
			793	432
			794	433
			794	434
			794	435
			795	435
			795	436
			795	437
			796	438
			796	439
			797	440
			797	441
			798	442
			798	443
			799	444
			799	445
			800	446
			800	447
			801	448
			801	449
			802	450
			802	451
			803	452
			803	453
			804	453
			804	454
			804	455
			805	455
			805	456
			805	457
			806	457
			806	458
			807	459
			807	460
			808	460
			808	461
			809	462
			810	463
			811	464
			812	464
			813	465
			814	465
			815	465
			816	465
			817	464
			818	464
			819	463
			820	462
			820	461
			821	460
			821	459
			822	458
			822	457
			823	456
			823	455
			824	454
			824	453
			824	452
			824	451
			824	450
			824	449
			824	448
			825	447
			825	446
			825	445
			825	444
			825	443
			825	442
			825	441
			825	440
			825	439
			825	438
			825	437
			825	436
			825	435
			825	434
			824	433
			824	432
			824	431
			824	430
			824	429
			824	428
			824	427
			824	426
			824	425
			823	424
			823	423
			823	422
			823	421
			823	420
			823	419
			822	418
			822	417
			822	416
			822	415
			822	414
			821	413
			821	412
			821	411
			821	410
			820	409
			820	408
			820	407
			819	406
			819	405
			819	404
			818	403
			818	402
			818	401
			817	400
			817	399
			817	398
			816	397
			816	396
			816	395
			815	394
			815	393
			814	392
			814	391
			814	390
			813	389
			813	388
			812	387
			812	386
			812	385
			811	384
			811	383
			810	382
			810	381
			809	380
			809	379
			809	378
			808	378
			808	377
			808	376
			807	376
			807	375
			807	374
			806	374
			806	373
			805	372
			805	371
			804	370
			804	369
			804	368
			803	367
			802	366
			802	365
			801	364
			801	363
			800	362
			800	361
			799	360
			799	359
			798	358
			797	357
			797	356
			796	355
			795	354
			795	353
			794	352
			794	351
			793	351
			793	350
			792	349
			792	348
			791	347
			790	346
			790	345
			789	344
			788	343
			788	342
			787	341
		</posterior>
	</curves.pixel>
	<curves.scaled type=list>
		<glabella type=matrix rownames=FALSE colnames=FALSE nrow=215 ncol=2 as.numeric=TRUE >
			3.26865671641791	-0.76865671641791
			3.27611940298507	-0.76865671641791
			3.28358208955224	-0.76865671641791
			3.2910447761194	-0.76865671641791
			3.29850746268657	-0.776119402985075
			3.30597014925373	-0.776119402985075
			3.3134328358209	-0.776119402985075
			3.32089552238806	-0.776119402985075
			3.32835820895522	-0.776119402985075
			3.33582089552239	-0.783582089552239
			3.34328358208955	-0.783582089552239
			3.35074626865672	-0.783582089552239
			3.35820895522388	-0.791044776119403
			3.36567164179104	-0.791044776119403
			3.37313432835821	-0.791044776119403
			3.38059701492537	-0.798507462686567
			3.38805970149254	-0.798507462686567
			3.3955223880597	-0.798507462686567
			3.40298507462687	-0.805970149253731
			3.41044776119403	-0.805970149253731
			3.41791044776119	-0.805970149253731
			3.42537313432836	-0.813432835820896
			3.43283582089552	-0.813432835820896
			3.44029850746269	-0.82089552238806
			3.44776119402985	-0.82089552238806
			3.45522388059702	-0.828358208955224
			3.46268656716418	-0.835820895522388
			3.47014925373134	-0.835820895522388
			3.47761194029851	-0.843283582089552
			3.48507462686567	-0.843283582089552
			3.49253731343284	-0.850746268656716
			3.5	-0.858208955223881
			3.50746268656716	-0.858208955223881
			3.50746268656716	-0.865671641791045
			3.51492537313433	-0.873134328358209
			3.52238805970149	-0.880597014925373
			3.52985074626866	-0.880597014925373
			3.52985074626866	-0.888059701492537
			3.53731343283582	-0.895522388059702
			3.54477611940298	-0.902985074626866
			3.55223880597015	-0.91044776119403
			3.55970149253731	-0.917910447761194
			3.56716417910448	-0.925373134328358
			3.56716417910448	-0.932835820895522
			3.57462686567164	-0.940298507462687
			3.57462686567164	-0.947761194029851
			3.58208955223881	-0.955223880597015
			3.58955223880597	-0.962686567164179
			3.58955223880597	-0.970149253731343
			3.59701492537313	-0.977611940298507
			3.6044776119403	-0.985074626865672
			3.61194029850746	-0.992537313432836
			3.61940298507463	-1
			3.61940298507463	-1.00746268656716
			3.62686567164179	-1.01492537313433
			3.63432835820895	-1.02238805970149
			3.63432835820895	-1.02985074626866
			3.64179104477612	-1.03731343283582
			3.64925373134328	-1.04477611940298
			3.64925373134328	-1.05223880597015
			3.65671641791045	-1.05970149253731
			3.66417910447761	-1.06716417910448
			3.66417910447761	-1.07462686567164
			3.67164179104478	-1.08208955223881
			3.67910447761194	-1.08955223880597
			3.6865671641791	-1.09701492537313
			3.6865671641791	-1.1044776119403
			3.69402985074627	-1.11194029850746
			3.69402985074627	-1.11940298507463
			3.70149253731343	-1.12686567164179
			3.7089552238806	-1.13432835820896
			3.7089552238806	-1.14179104477612
			3.71641791044776	-1.14925373134328
			3.71641791044776	-1.15671641791045
			3.71641791044776	-1.16417910447761
			3.72388059701493	-1.16417910447761
			3.72388059701493	-1.17164179104478
			3.73134328358209	-1.17910447761194
			3.73134328358209	-1.1865671641791
			3.73880597014925	-1.19402985074627
			3.73880597014925	-1.20149253731343
			3.74626865671642	-1.2089552238806
			3.74626865671642	-1.21641791044776
			3.75373134328358	-1.22388059701493
			3.75373134328358	-1.23134328358209
			3.75373134328358	-1.23880597014925
			3.76119402985075	-1.24626865671642
			3.76119402985075	-1.25373134328358
			3.76865671641791	-1.26119402985075
			3.76865671641791	-1.26865671641791
			3.76865671641791	-1.27611940298507
			3.77611940298507	-1.28358208955224
			3.77611940298507	-1.2910447761194
			3.77611940298507	-1.29850746268657
			3.78358208955224	-1.30597014925373
			3.78358208955224	-1.3134328358209
			3.78358208955224	-1.32089552238806
			3.7910447761194	-1.32835820895522
			3.7910447761194	-1.33582089552239
			3.79850746268657	-1.34328358208955
			3.79850746268657	-1.35074626865672
			3.79850746268657	-1.35820895522388
			3.80597014925373	-1.36567164179104
			3.80597014925373	-1.37313432835821
			3.80597014925373	-1.38059701492537
			3.80597014925373	-1.38805970149254
			3.8134328358209	-1.3955223880597
			3.8134328358209	-1.40298507462687
			3.8134328358209	-1.41044776119403
			3.82089552238806	-1.41791044776119
			3.82089552238806	-1.42537313432836
			3.82089552238806	-1.43283582089552
			3.82835820895522	-1.44029850746269
			3.82835820895522	-1.44776119402985
			3.82835820895522	-1.45522388059701
			3.82835820895522	-1.46268656716418
			3.83582089552239	-1.47014925373134
			3.83582089552239	-1.47761194029851
			3.83582089552239	-1.48507462686567
			3.83582089552239	-1.49253731343284
			3.83582089552239	-1.5
			3.84328358208955	-1.50746268656716
			3.84328358208955	-1.51492537313433
			3.84328358208955	-1.52238805970149
			3.84328358208955	-1.52985074626866
			3.84328358208955	-1.53731343283582
			3.85074626865672	-1.54477611940298
			3.85074626865672	-1.55223880597015
			3.85074626865672	-1.55970149253731
			3.85074626865672	-1.56716417910448
			3.85074626865672	-1.57462686567164
			3.85820895522388	-1.58208955223881
			3.85820895522388	-1.58955223880597
			3.85820895522388	-1.59701492537313
			3.85820895522388	-1.6044776119403
			3.85820895522388	-1.61194029850746
			3.85820895522388	-1.61940298507463
			3.86567164179104	-1.61940298507463
			3.86567164179104	-1.62686567164179
			3.86567164179104	-1.63432835820896
			3.86567164179104	-1.64179104477612
			3.86567164179104	-1.64925373134328
			3.86567164179104	-1.65671641791045
			3.86567164179104	-1.66417910447761
			3.87313432835821	-1.67164179104478
			3.87313432835821	-1.67910447761194
			3.87313432835821	-1.6865671641791
			3.87313432835821	-1.69402985074627
			3.87313432835821	-1.70149253731343
			3.87313432835821	-1.7089552238806
			3.88059701492537	-1.71641791044776
			3.88059701492537	-1.72388059701493
			3.88059701492537	-1.73134328358209
			3.88059701492537	-1.73880597014925
			3.88059701492537	-1.74626865671642
			3.88059701492537	-1.75373134328358
			3.87313432835821	-1.76119402985075
			3.87313432835821	-1.76865671641791
			3.87313432835821	-1.77611940298507
			3.87313432835821	-1.78358208955224
			3.87313432835821	-1.7910447761194
			3.87313432835821	-1.79850746268657
			3.87313432835821	-1.80597014925373
			3.86567164179104	-1.8134328358209
			3.86567164179104	-1.82089552238806
			3.86567164179104	-1.82835820895522
			3.86567164179104	-1.83582089552239
			3.85820895522388	-1.84328358208955
			3.85820895522388	-1.85074626865672
			3.85820895522388	-1.85820895522388
			3.85820895522388	-1.86567164179104
			3.85074626865672	-1.87313432835821
			3.85074626865672	-1.88059701492537
			3.85074626865672	-1.88805970149254
			3.85074626865672	-1.8955223880597
			3.84328358208955	-1.90298507462687
			3.84328358208955	-1.91044776119403
			3.84328358208955	-1.91791044776119
			3.84328358208955	-1.92537313432836
			3.83582089552239	-1.93283582089552
			3.83582089552239	-1.94029850746269
			3.83582089552239	-1.94776119402985
			3.82835820895522	-1.95522388059701
			3.82835820895522	-1.96268656716418
			3.82835820895522	-1.97014925373134
			3.82835820895522	-1.97761194029851
			3.82835820895522	-1.98507462686567
			3.82089552238806	-1.98507462686567
			3.82089552238806	-1.99253731343284
			3.82089552238806	-2
			3.82089552238806	-2.00746268656716
			3.82089552238806	-2.01492537313433
			3.82089552238806	-2.02238805970149
			3.82089552238806	-2.02985074626866
			3.82089552238806	-2.03731343283582
			3.82089552238806	-2.04477611940298
			3.82089552238806	-2.05223880597015
			3.82089552238806	-2.05970149253731
			3.82089552238806	-2.06716417910448
			3.82089552238806	-2.07462686567164
			3.82835820895522	-2.08208955223881
			3.82835820895522	-2.08955223880597
			3.82835820895522	-2.09701492537313
			3.82835820895522	-2.1044776119403
			3.82835820895522	-2.11194029850746
			3.82835820895522	-2.11940298507463
			3.83582089552239	-2.11940298507463
			3.83582089552239	-2.12686567164179
			3.83582089552239	-2.13432835820896
			3.83582089552239	-2.14179104477612
			3.84328358208955	-2.14925373134328
			3.84328358208955	-2.15671641791045
			3.84328358208955	-2.16417910447761
			3.85074626865672	-2.17164179104478
			3.85074626865672	-2.17910447761194
		</glabella>
		<anterior type=matrix rownames=FALSE colnames=FALSE nrow=478 ncol=2 as.numeric=TRUE >
			3.29850746268657	-0.5
			3.30597014925373	-0.5
			3.3134328358209	-0.5
			3.32089552238806	-0.5
			3.32835820895522	-0.507462686567164
			3.33582089552239	-0.507462686567164
			3.34328358208955	-0.507462686567164
			3.35074626865672	-0.507462686567164
			3.35820895522388	-0.507462686567164
			3.36567164179104	-0.507462686567164
			3.37313432835821	-0.507462686567164
			3.38059701492537	-0.507462686567164
			3.38805970149254	-0.507462686567164
			3.3955223880597	-0.514925373134328
			3.40298507462687	-0.514925373134328
			3.41044776119403	-0.514925373134328
			3.41791044776119	-0.514925373134328
			3.42537313432836	-0.514925373134328
			3.43283582089552	-0.514925373134328
			3.44029850746269	-0.514925373134328
			3.44776119402985	-0.514925373134328
			3.45522388059702	-0.522388059701492
			3.46268656716418	-0.522388059701492
			3.47014925373134	-0.522388059701492
			3.47761194029851	-0.522388059701492
			3.48507462686567	-0.522388059701492
			3.49253731343284	-0.522388059701492
			3.5	-0.522388059701492
			3.50746268656716	-0.522388059701492
			3.51492537313433	-0.522388059701492
			3.52238805970149	-0.529850746268657
			3.52985074626866	-0.529850746268657
			3.53731343283582	-0.529850746268657
			3.54477611940298	-0.529850746268657
			3.55223880597015	-0.529850746268657
			3.55970149253731	-0.529850746268657
			3.56716417910448	-0.529850746268657
			3.57462686567164	-0.529850746268657
			3.58208955223881	-0.529850746268657
			3.58955223880597	-0.529850746268657
			3.59701492537313	-0.537313432835821
			3.6044776119403	-0.537313432835821
			3.61194029850746	-0.537313432835821
			3.61940298507463	-0.537313432835821
			3.62686567164179	-0.537313432835821
			3.63432835820895	-0.537313432835821
			3.64179104477612	-0.537313432835821
			3.64925373134328	-0.537313432835821
			3.65671641791045	-0.537313432835821
			3.66417910447761	-0.537313432835821
			3.67164179104478	-0.544776119402985
			3.67910447761194	-0.544776119402985
			3.6865671641791	-0.544776119402985
			3.69402985074627	-0.544776119402985
			3.70149253731343	-0.544776119402985
			3.7089552238806	-0.544776119402985
			3.71641791044776	-0.544776119402985
			3.72388059701493	-0.544776119402985
			3.73134328358209	-0.544776119402985
			3.73880597014925	-0.544776119402985
			3.74626865671642	-0.544776119402985
			3.75373134328358	-0.552238805970149
			3.76119402985075	-0.552238805970149
			3.76865671641791	-0.552238805970149
			3.77611940298507	-0.552238805970149
			3.78358208955224	-0.552238805970149
			3.7910447761194	-0.552238805970149
			3.79850746268657	-0.552238805970149
			3.80597014925373	-0.552238805970149
			3.8134328358209	-0.552238805970149
			3.82089552238806	-0.552238805970149
			3.82835820895522	-0.552238805970149
			3.83582089552239	-0.552238805970149
			3.84328358208955	-0.552238805970149
			3.85074626865672	-0.559701492537313
			3.85820895522388	-0.559701492537313
			3.86567164179104	-0.559701492537313
			3.87313432835821	-0.559701492537313
			3.88059701492537	-0.559701492537313
			3.88805970149254	-0.559701492537313
			3.8955223880597	-0.559701492537313
			3.90298507462687	-0.559701492537313
			3.91044776119403	-0.559701492537313
			3.91791044776119	-0.559701492537313
			3.92537313432836	-0.559701492537313
			3.93283582089552	-0.559701492537313
			3.94029850746269	-0.559701492537313
			3.94776119402985	-0.559701492537313
			3.95522388059702	-0.559701492537313
			3.96268656716418	-0.559701492537313
			3.97014925373134	-0.559701492537313
			3.97761194029851	-0.559701492537313
			3.98507462686567	-0.559701492537313
			3.99253731343284	-0.559701492537313
			4	-0.559701492537313
			4.00746268656716	-0.559701492537313
			4.01492537313433	-0.559701492537313
			4.02238805970149	-0.567164179104478
			4.02985074626866	-0.567164179104478
			4.03731343283582	-0.567164179104478
			4.04477611940298	-0.567164179104478
			4.05223880597015	-0.567164179104478
			4.05970149253731	-0.567164179104478
			4.06716417910448	-0.567164179104478
			4.07462686567164	-0.567164179104478
			4.08208955223881	-0.567164179104478
			4.08955223880597	-0.567164179104478
			4.09701492537313	-0.567164179104478
			4.1044776119403	-0.567164179104478
			4.11194029850746	-0.574626865671642
			4.11940298507463	-0.574626865671642
			4.12686567164179	-0.574626865671642
			4.13432835820895	-0.574626865671642
			4.14179104477612	-0.574626865671642
			4.14925373134328	-0.574626865671642
			4.15671641791045	-0.574626865671642
			4.16417910447761	-0.574626865671642
			4.17164179104478	-0.574626865671642
			4.17164179104478	-0.582089552238806
			4.17910447761194	-0.582089552238806
			4.1865671641791	-0.582089552238806
			4.19402985074627	-0.582089552238806
			4.20149253731343	-0.582089552238806
			4.2089552238806	-0.582089552238806
			4.21641791044776	-0.582089552238806
			4.22388059701492	-0.58955223880597
			4.23134328358209	-0.58955223880597
			4.23880597014925	-0.58955223880597
			4.24626865671642	-0.58955223880597
			4.25373134328358	-0.597014925373134
			4.26119402985075	-0.597014925373134
			4.26865671641791	-0.597014925373134
			4.27611940298507	-0.597014925373134
			4.28358208955224	-0.597014925373134
			4.2910447761194	-0.597014925373134
			4.2910447761194	-0.604477611940298
			4.29850746268657	-0.604477611940298
			4.30597014925373	-0.604477611940298
			4.3134328358209	-0.604477611940298
			4.32089552238806	-0.611940298507463
			4.32835820895522	-0.611940298507463
			4.33582089552239	-0.619402985074627
			4.34328358208955	-0.619402985074627
			4.35074626865672	-0.626865671641791
			4.35820895522388	-0.626865671641791
			4.36567164179105	-0.626865671641791
			4.37313432835821	-0.634328358208955
			4.38059701492537	-0.634328358208955
			4.38805970149254	-0.641791044776119
			4.3955223880597	-0.641791044776119
			4.40298507462687	-0.641791044776119
			4.41044776119403	-0.649253731343284
			4.41791044776119	-0.649253731343284
			4.42537313432836	-0.656716417910448
			4.43283582089552	-0.656716417910448
			4.44029850746269	-0.656716417910448
			4.44776119402985	-0.664179104477612
			4.45522388059702	-0.664179104477612
			4.46268656716418	-0.671641791044776
			4.47014925373134	-0.671641791044776
			4.47761194029851	-0.67910447761194
			4.48507462686567	-0.67910447761194
			4.49253731343284	-0.686567164179104
			4.5	-0.686567164179104
			4.50746268656716	-0.686567164179104
			4.50746268656716	-0.694029850746269
			4.51492537313433	-0.694029850746269
			4.52238805970149	-0.694029850746269
			4.52985074626866	-0.701492537313433
			4.53731343283582	-0.701492537313433
			4.54477611940298	-0.708955223880597
			4.55223880597015	-0.708955223880597
			4.55970149253731	-0.716417910447761
			4.56716417910448	-0.716417910447761
			4.57462686567164	-0.716417910447761
			4.58208955223881	-0.716417910447761
			4.58208955223881	-0.723880597014925
			4.58955223880597	-0.723880597014925
			4.59701492537313	-0.73134328358209
			4.6044776119403	-0.73134328358209
			4.61194029850746	-0.73134328358209
			4.61940298507463	-0.738805970149254
			4.62686567164179	-0.738805970149254
			4.63432835820895	-0.746268656716418
			4.64179104477612	-0.746268656716418
			4.64925373134328	-0.753731343283582
			4.65671641791045	-0.753731343283582
			4.66417910447761	-0.753731343283582
			4.66417910447761	-0.761194029850746
			4.67164179104478	-0.761194029850746
			4.67910447761194	-0.761194029850746
			4.6865671641791	-0.76865671641791
			4.69402985074627	-0.76865671641791
			4.70149253731343	-0.776119402985075
			4.7089552238806	-0.776119402985075
			4.71641791044776	-0.783582089552239
			4.72388059701492	-0.783582089552239
			4.73134328358209	-0.791044776119403
			4.73880597014925	-0.798507462686567
			4.74626865671642	-0.798507462686567
			4.75373134328358	-0.805970149253731
			4.76119402985075	-0.813432835820896
			4.76865671641791	-0.82089552238806
			4.77611940298507	-0.828358208955224
			4.78358208955224	-0.828358208955224
			4.7910447761194	-0.835820895522388
			4.79850746268657	-0.843283582089552
			4.80597014925373	-0.850746268656716
			4.8134328358209	-0.858208955223881
			4.82089552238806	-0.858208955223881
			4.82835820895522	-0.865671641791045
			4.83582089552239	-0.873134328358209
			4.84328358208955	-0.873134328358209
			4.84328358208955	-0.880597014925373
			4.85074626865672	-0.880597014925373
			4.85820895522388	-0.888059701492537
			4.86567164179105	-0.888059701492537
			4.86567164179105	-0.895522388059702
			4.87313432835821	-0.895522388059702
			4.88059701492537	-0.902985074626866
			4.88805970149254	-0.902985074626866
			4.8955223880597	-0.91044776119403
			4.90298507462687	-0.917910447761194
			4.91044776119403	-0.925373134328358
			4.91791044776119	-0.925373134328358
			4.92537313432836	-0.932835820895522
			4.93283582089552	-0.940298507462687
			4.94029850746269	-0.947761194029851
			4.94776119402985	-0.955223880597015
			4.95522388059702	-0.962686567164179
			4.96268656716418	-0.970149253731343
			4.97014925373134	-0.977611940298507
			4.97014925373134	-0.985074626865672
			4.97761194029851	-0.992537313432836
			4.98507462686567	-0.992537313432836
			4.98507462686567	-1
			4.99253731343284	-1.00746268656716
			5	-1.01492537313433
			5.00746268656716	-1.02238805970149
			5.00746268656716	-1.02985074626866
			5.01492537313433	-1.03731343283582
			5.02238805970149	-1.03731343283582
			5.02238805970149	-1.04477611940298
			5.02985074626866	-1.05223880597015
			5.03731343283582	-1.05970149253731
			5.03731343283582	-1.06716417910448
			5.04477611940298	-1.07462686567164
			5.05223880597015	-1.08208955223881
			5.05223880597015	-1.08955223880597
			5.05970149253731	-1.09701492537313
			5.06716417910448	-1.1044776119403
			5.06716417910448	-1.11194029850746
			5.07462686567164	-1.11940298507463
			5.08208955223881	-1.11940298507463
			5.08208955223881	-1.12686567164179
			5.08955223880597	-1.13432835820896
			5.09701492537313	-1.14179104477612
			5.09701492537313	-1.14925373134328
			5.1044776119403	-1.15671641791045
			5.1044776119403	-1.16417910447761
			5.11194029850746	-1.17164179104478
			5.11940298507463	-1.17910447761194
			5.11940298507463	-1.1865671641791
			5.12686567164179	-1.19402985074627
			5.12686567164179	-1.20149253731343
			5.13432835820895	-1.2089552238806
			5.14179104477612	-1.21641791044776
			5.14179104477612	-1.22388059701493
			5.14179104477612	-1.23134328358209
			5.14925373134328	-1.23880597014925
			5.14925373134328	-1.24626865671642
			5.15671641791045	-1.25373134328358
			5.15671641791045	-1.26119402985075
			5.15671641791045	-1.26865671641791
			5.16417910447761	-1.27611940298507
			5.16417910447761	-1.28358208955224
			5.17164179104478	-1.2910447761194
			5.17164179104478	-1.29850746268657
			5.17164179104478	-1.30597014925373
			5.17910447761194	-1.3134328358209
			5.17910447761194	-1.32089552238806
			5.17910447761194	-1.32835820895522
			5.1865671641791	-1.33582089552239
			5.1865671641791	-1.34328358208955
			5.1865671641791	-1.35074626865672
			5.19402985074627	-1.35820895522388
			5.19402985074627	-1.36567164179104
			5.19402985074627	-1.37313432835821
			5.19402985074627	-1.38059701492537
			5.20149253731343	-1.38805970149254
			5.20149253731343	-1.3955223880597
			5.20149253731343	-1.40298507462687
			5.20149253731343	-1.41044776119403
			5.20149253731343	-1.41791044776119
			5.2089552238806	-1.42537313432836
			5.2089552238806	-1.43283582089552
			5.2089552238806	-1.44029850746269
			5.2089552238806	-1.44776119402985
			5.21641791044776	-1.45522388059701
			5.21641791044776	-1.46268656716418
			5.21641791044776	-1.47014925373134
			5.21641791044776	-1.47761194029851
			5.21641791044776	-1.48507462686567
			5.21641791044776	-1.49253731343284
			5.22388059701492	-1.5
			5.22388059701492	-1.50746268656716
			5.22388059701492	-1.51492537313433
			5.22388059701492	-1.52238805970149
			5.22388059701492	-1.52985074626866
			5.22388059701492	-1.53731343283582
			5.22388059701492	-1.54477611940298
			5.23134328358209	-1.55223880597015
			5.23134328358209	-1.55970149253731
			5.23880597014925	-1.56716417910448
			5.24626865671642	-1.57462686567164
			5.25373134328358	-1.57462686567164
			5.26119402985075	-1.58208955223881
			5.26119402985075	-1.58955223880597
			5.26865671641791	-1.59701492537313
			5.26865671641791	-1.6044776119403
			5.26865671641791	-1.61194029850746
			5.26865671641791	-1.61940298507463
			5.26865671641791	-1.62686567164179
			5.26865671641791	-1.63432835820896
			5.26865671641791	-1.64179104477612
			5.26119402985075	-1.64925373134328
			5.25373134328358	-1.65671641791045
			5.24626865671642	-1.66417910447761
			5.23880597014925	-1.67164179104478
			5.23134328358209	-1.67164179104478
			5.23134328358209	-1.67910447761194
			5.23134328358209	-1.6865671641791
			5.23134328358209	-1.69402985074627
			5.23134328358209	-1.70149253731343
			5.23134328358209	-1.7089552238806
			5.23134328358209	-1.71641791044776
			5.23880597014925	-1.72388059701493
			5.23880597014925	-1.73134328358209
			5.24626865671642	-1.73880597014925
			5.24626865671642	-1.74626865671642
			5.25373134328358	-1.74626865671642
			5.26119402985075	-1.75373134328358
			5.26119402985075	-1.76119402985075
			5.26865671641791	-1.76119402985075
			5.27611940298507	-1.76119402985075
			5.28358208955224	-1.76119402985075
			5.2910447761194	-1.76119402985075
			5.29850746268657	-1.76119402985075
			5.30597014925373	-1.76119402985075
			5.3134328358209	-1.76119402985075
			5.32089552238806	-1.76865671641791
			5.32835820895522	-1.76865671641791
			5.33582089552239	-1.77611940298507
			5.34328358208955	-1.78358208955224
			5.35074626865672	-1.78358208955224
			5.35820895522388	-1.7910447761194
			5.35820895522388	-1.79850746268657
			5.35820895522388	-1.80597014925373
			5.35074626865672	-1.8134328358209
			5.35074626865672	-1.82089552238806
			5.34328358208955	-1.82835820895522
			5.33582089552239	-1.83582089552239
			5.32835820895522	-1.83582089552239
			5.32089552238806	-1.84328358208955
			5.3134328358209	-1.84328358208955
			5.30597014925373	-1.84328358208955
			5.29850746268657	-1.85074626865672
			5.2910447761194	-1.85074626865672
			5.28358208955224	-1.85074626865672
			5.27611940298507	-1.85074626865672
			5.26865671641791	-1.85074626865672
			5.26119402985075	-1.85074626865672
			5.26119402985075	-1.85820895522388
			5.25373134328358	-1.85820895522388
			5.25373134328358	-1.86567164179104
			5.25373134328358	-1.87313432835821
			5.25373134328358	-1.88059701492537
			5.26119402985075	-1.88805970149254
			5.26865671641791	-1.8955223880597
			5.27611940298507	-1.90298507462687
			5.28358208955224	-1.91044776119403
			5.2910447761194	-1.91044776119403
			5.29850746268657	-1.91791044776119
			5.30597014925373	-1.92537313432836
			5.3134328358209	-1.93283582089552
			5.32089552238806	-1.93283582089552
			5.32835820895522	-1.94029850746269
			5.33582089552239	-1.94776119402985
			5.34328358208955	-1.95522388059701
			5.35074626865672	-1.96268656716418
			5.35820895522388	-1.96268656716418
			5.36567164179105	-1.97014925373134
			5.37313432835821	-1.97761194029851
			5.38059701492537	-1.98507462686567
			5.38805970149254	-1.98507462686567
			5.3955223880597	-1.99253731343284
			5.40298507462687	-2
			5.41044776119403	-2.00746268656716
			5.41791044776119	-2.00746268656716
			5.42537313432836	-2.01492537313433
			5.43283582089552	-2.02238805970149
			5.44029850746269	-2.02985074626866
			5.44776119402985	-2.02985074626866
			5.45522388059702	-2.03731343283582
			5.46268656716418	-2.04477611940298
			5.47014925373134	-2.05223880597015
			5.47761194029851	-2.05223880597015
			5.48507462686567	-2.05970149253731
			5.49253731343284	-2.06716417910448
			5.5	-2.07462686567164
			5.50746268656716	-2.07462686567164
			5.51492537313433	-2.08208955223881
			5.52238805970149	-2.08955223880597
			5.52985074626866	-2.09701492537313
			5.53731343283582	-2.09701492537313
			5.54477611940298	-2.1044776119403
			5.55223880597015	-2.11194029850746
			5.55970149253731	-2.11940298507463
			5.56716417910448	-2.11940298507463
			5.57462686567164	-2.12686567164179
			5.58208955223881	-2.13432835820896
			5.58955223880597	-2.14179104477612
			5.58955223880597	-2.14925373134328
			5.59701492537313	-2.15671641791045
			5.6044776119403	-2.15671641791045
			5.6044776119403	-2.16417910447761
			5.61194029850746	-2.17164179104478
			5.61940298507463	-2.17910447761194
			5.62686567164179	-2.1865671641791
			5.62686567164179	-2.19402985074627
			5.63432835820895	-2.20149253731343
			5.64179104477612	-2.2089552238806
			5.64925373134328	-2.21641791044776
			5.64925373134328	-2.22388059701493
			5.65671641791045	-2.23134328358209
			5.66417910447761	-2.23880597014925
			5.67164179104478	-2.24626865671642
			5.67164179104478	-2.25373134328358
			5.67910447761194	-2.26119402985075
			5.6865671641791	-2.26865671641791
			5.69402985074627	-2.27611940298507
			5.69402985074627	-2.28358208955224
			5.70149253731343	-2.2910447761194
			5.7089552238806	-2.29850746268657
			5.71641791044776	-2.30597014925373
			5.71641791044776	-2.3134328358209
			5.72388059701492	-2.32089552238806
			5.73134328358209	-2.32835820895522
			5.73880597014925	-2.33582089552239
			5.73880597014925	-2.34328358208955
			5.74626865671642	-2.35074626865672
			5.75373134328358	-2.35820895522388
			5.75373134328358	-2.36567164179104
			5.76119402985075	-2.37313432835821
			5.76865671641791	-2.38059701492537
			5.76865671641791	-2.38805970149254
			5.77611940298507	-2.3955223880597
			5.77611940298507	-2.40298507462687
			5.78358208955224	-2.40298507462687
			5.7910447761194	-2.41044776119403
			5.7910447761194	-2.41791044776119
			5.79850746268657	-2.42537313432836
			5.79850746268657	-2.43283582089552
			5.80597014925373	-2.44029850746269
			5.80597014925373	-2.44776119402985
			5.8134328358209	-2.45522388059702
			5.82089552238806	-2.46268656716418
			5.82835820895522	-2.47014925373134
			5.83582089552239	-2.47761194029851
			5.83582089552239	-2.48507462686567
			5.83582089552239	-2.49253731343284
			5.84328358208955	-2.5
			5.85074626865672	-2.50746268656716
			5.85820895522388	-2.51492537313433
			5.85820895522388	-2.52238805970149
			5.86567164179105	-2.52985074626866
			5.86567164179105	-2.53731343283582
			5.87313432835821	-2.54477611940298
		</anterior>
		<posterior type=matrix rownames=FALSE colnames=FALSE nrow=586 ncol=2 as.numeric=TRUE >
			3.19402985074627	-2.54477611940298
			3.20149253731343	-2.54477611940298
			3.2089552238806	-2.54477611940298
			3.21641791044776	-2.54477611940298
			3.22388059701493	-2.54477611940298
			3.23134328358209	-2.54477611940298
			3.23880597014925	-2.54477611940298
			3.24626865671642	-2.54477611940298
			3.25373134328358	-2.54477611940298
			3.26119402985075	-2.54477611940298
			3.26865671641791	-2.54477611940298
			3.27611940298507	-2.54477611940298
			3.28358208955224	-2.54477611940298
			3.2910447761194	-2.53731343283582
			3.29850746268657	-2.53731343283582
			3.30597014925373	-2.53731343283582
			3.3134328358209	-2.53731343283582
			3.32089552238806	-2.53731343283582
			3.32835820895522	-2.52985074626866
			3.33582089552239	-2.52985074626866
			3.34328358208955	-2.52985074626866
			3.35074626865672	-2.52985074626866
			3.35820895522388	-2.52985074626866
			3.36567164179104	-2.52238805970149
			3.37313432835821	-2.52238805970149
			3.38059701492537	-2.52238805970149
			3.38805970149254	-2.51492537313433
			3.3955223880597	-2.51492537313433
			3.40298507462687	-2.51492537313433
			3.41044776119403	-2.50746268656716
			3.41791044776119	-2.50746268656716
			3.42537313432836	-2.51492537313433
			3.43283582089552	-2.51492537313433
			3.44029850746269	-2.51492537313433
			3.44776119402985	-2.52238805970149
			3.45522388059702	-2.52985074626866
			3.46268656716418	-2.53731343283582
			3.46268656716418	-2.54477611940298
			3.47014925373134	-2.55223880597015
			3.47014925373134	-2.55970149253731
			3.47761194029851	-2.55970149253731
			3.48507462686567	-2.55970149253731
			3.49253731343284	-2.55223880597015
			3.5	-2.54477611940298
			3.5	-2.53731343283582
			3.50746268656716	-2.52985074626866
			3.50746268656716	-2.52238805970149
			3.51492537313433	-2.51492537313433
			3.51492537313433	-2.50746268656716
			3.51492537313433	-2.5
			3.51492537313433	-2.49253731343284
			3.50746268656716	-2.48507462686567
			3.50746268656716	-2.47761194029851
			3.50746268656716	-2.47014925373134
			3.51492537313433	-2.46268656716418
			3.51492537313433	-2.45522388059702
			3.51492537313433	-2.44776119402985
			3.52238805970149	-2.44029850746269
			3.52985074626866	-2.43283582089552
			3.53731343283582	-2.42537313432836
			3.54477611940298	-2.41791044776119
			3.55223880597015	-2.41044776119403
			3.55970149253731	-2.40298507462687
			3.56716417910448	-2.40298507462687
			3.56716417910448	-2.3955223880597
			3.57462686567164	-2.38805970149254
			3.58208955223881	-2.38805970149254
			3.58955223880597	-2.38059701492537
			3.58955223880597	-2.37313432835821
			3.59701492537313	-2.37313432835821
			3.6044776119403	-2.36567164179104
			3.6044776119403	-2.35820895522388
			3.61194029850746	-2.35820895522388
			3.61940298507463	-2.35074626865672
			3.62686567164179	-2.34328358208955
			3.63432835820895	-2.34328358208955
			3.63432835820895	-2.33582089552239
			3.64179104477612	-2.32835820895522
			3.64925373134328	-2.32835820895522
			3.65671641791045	-2.32089552238806
			3.65671641791045	-2.3134328358209
			3.66417910447761	-2.3134328358209
			3.67164179104478	-2.30597014925373
			3.67910447761194	-2.29850746268657
			3.6865671641791	-2.29850746268657
			3.6865671641791	-2.2910447761194
			3.69402985074627	-2.28358208955224
			3.70149253731343	-2.28358208955224
			3.7089552238806	-2.27611940298507
			3.71641791044776	-2.26865671641791
			3.72388059701493	-2.26119402985075
			3.73134328358209	-2.25373134328358
			3.73880597014925	-2.24626865671642
			3.74626865671642	-2.24626865671642
			3.75373134328358	-2.23880597014925
			3.76119402985075	-2.23134328358209
			3.76865671641791	-2.22388059701493
			3.77611940298507	-2.21641791044776
			3.78358208955224	-2.21641791044776
			3.7910447761194	-2.2089552238806
			3.79850746268657	-2.20149253731343
			3.80597014925373	-2.19402985074627
			3.8134328358209	-2.19402985074627
			3.82089552238806	-2.1865671641791
			3.82835820895522	-2.1865671641791
			3.83582089552239	-2.1865671641791
			3.84328358208955	-2.1865671641791
			3.85074626865672	-2.19402985074627
			3.85820895522388	-2.19402985074627
			3.86567164179104	-2.19402985074627
			3.87313432835821	-2.19402985074627
			3.88059701492537	-2.19402985074627
			3.88805970149254	-2.19402985074627
			3.8955223880597	-2.19402985074627
			3.90298507462687	-2.19402985074627
			3.91044776119403	-2.20149253731343
			3.91791044776119	-2.20149253731343
			3.92537313432836	-2.20149253731343
			3.93283582089552	-2.20149253731343
			3.94029850746269	-2.20149253731343
			3.94776119402985	-2.20149253731343
			3.95522388059702	-2.20149253731343
			3.96268656716418	-2.20149253731343
			3.97014925373134	-2.20149253731343
			3.97761194029851	-2.20149253731343
			3.98507462686567	-2.2089552238806
			3.99253731343284	-2.2089552238806
			4	-2.2089552238806
			4.00746268656716	-2.2089552238806
			4.01492537313433	-2.2089552238806
			4.02238805970149	-2.2089552238806
			4.02985074626866	-2.2089552238806
			4.03731343283582	-2.2089552238806
			4.04477611940298	-2.2089552238806
			4.05223880597015	-2.2089552238806
			4.05970149253731	-2.2089552238806
			4.06716417910448	-2.2089552238806
			4.07462686567164	-2.2089552238806
			4.08208955223881	-2.2089552238806
			4.08955223880597	-2.2089552238806
			4.09701492537313	-2.2089552238806
			4.1044776119403	-2.2089552238806
			4.11194029850746	-2.2089552238806
			4.11940298507463	-2.21641791044776
			4.12686567164179	-2.21641791044776
			4.13432835820895	-2.21641791044776
			4.14179104477612	-2.21641791044776
			4.14925373134328	-2.21641791044776
			4.15671641791045	-2.21641791044776
			4.16417910447761	-2.21641791044776
			4.17164179104478	-2.21641791044776
			4.17910447761194	-2.21641791044776
			4.1865671641791	-2.21641791044776
			4.19402985074627	-2.2089552238806
			4.20149253731343	-2.2089552238806
			4.2089552238806	-2.2089552238806
			4.21641791044776	-2.2089552238806
			4.22388059701492	-2.2089552238806
			4.23134328358209	-2.2089552238806
			4.23880597014925	-2.2089552238806
			4.24626865671642	-2.2089552238806
			4.25373134328358	-2.2089552238806
			4.26119402985075	-2.2089552238806
			4.26865671641791	-2.2089552238806
			4.27611940298507	-2.2089552238806
			4.28358208955224	-2.2089552238806
			4.2910447761194	-2.21641791044776
			4.29850746268657	-2.21641791044776
			4.30597014925373	-2.21641791044776
			4.3134328358209	-2.21641791044776
			4.32089552238806	-2.21641791044776
			4.32835820895522	-2.21641791044776
			4.33582089552239	-2.21641791044776
			4.34328358208955	-2.22388059701493
			4.35074626865672	-2.22388059701493
			4.35820895522388	-2.22388059701493
			4.36567164179105	-2.22388059701493
			4.37313432835821	-2.22388059701493
			4.38059701492537	-2.22388059701493
			4.38805970149254	-2.23134328358209
			4.3955223880597	-2.23134328358209
			4.40298507462687	-2.23134328358209
			4.41044776119403	-2.23134328358209
			4.41791044776119	-2.23134328358209
			4.42537313432836	-2.23134328358209
			4.43283582089552	-2.23134328358209
			4.43283582089552	-2.23880597014925
			4.44029850746269	-2.23880597014925
			4.44776119402985	-2.23880597014925
			4.45522388059702	-2.23880597014925
			4.46268656716418	-2.23880597014925
			4.47014925373134	-2.23880597014925
			4.47761194029851	-2.23880597014925
			4.48507462686567	-2.24626865671642
			4.49253731343284	-2.24626865671642
			4.5	-2.24626865671642
			4.50746268656716	-2.24626865671642
			4.51492537313433	-2.24626865671642
			4.52238805970149	-2.24626865671642
			4.52985074626866	-2.25373134328358
			4.53731343283582	-2.25373134328358
			4.54477611940298	-2.25373134328358
			4.55223880597015	-2.25373134328358
			4.55970149253731	-2.25373134328358
			4.56716417910448	-2.25373134328358
			4.57462686567164	-2.26119402985075
			4.58208955223881	-2.26119402985075
			4.58955223880597	-2.26119402985075
			4.59701492537313	-2.26119402985075
			4.6044776119403	-2.26119402985075
			4.61194029850746	-2.26119402985075
			4.61940298507463	-2.26865671641791
			4.62686567164179	-2.26865671641791
			4.63432835820895	-2.26865671641791
			4.64179104477612	-2.26865671641791
			4.64925373134328	-2.26865671641791
			4.65671641791045	-2.27611940298507
			4.66417910447761	-2.27611940298507
			4.67164179104478	-2.27611940298507
			4.67910447761194	-2.27611940298507
			4.6865671641791	-2.27611940298507
			4.69402985074627	-2.27611940298507
			4.70149253731343	-2.28358208955224
			4.7089552238806	-2.28358208955224
			4.71641791044776	-2.28358208955224
			4.72388059701492	-2.28358208955224
			4.73134328358209	-2.28358208955224
			4.73880597014925	-2.28358208955224
			4.74626865671642	-2.2910447761194
			4.75373134328358	-2.2910447761194
			4.76119402985075	-2.2910447761194
			4.76865671641791	-2.2910447761194
			4.77611940298507	-2.2910447761194
			4.78358208955224	-2.2910447761194
			4.7910447761194	-2.29850746268657
			4.79850746268657	-2.29850746268657
			4.80597014925373	-2.29850746268657
			4.8134328358209	-2.29850746268657
			4.82089552238806	-2.29850746268657
			4.82835820895522	-2.29850746268657
			4.83582089552239	-2.30597014925373
			4.84328358208955	-2.30597014925373
			4.85074626865672	-2.30597014925373
			4.85820895522388	-2.30597014925373
			4.86567164179105	-2.30597014925373
			4.87313432835821	-2.30597014925373
			4.88059701492537	-2.3134328358209
			4.88805970149254	-2.3134328358209
			4.8955223880597	-2.3134328358209
			4.90298507462687	-2.3134328358209
			4.91044776119403	-2.3134328358209
			4.91791044776119	-2.3134328358209
			4.92537313432836	-2.32089552238806
			4.93283582089552	-2.32089552238806
			4.94029850746269	-2.32089552238806
			4.94776119402985	-2.32089552238806
			4.95522388059702	-2.32089552238806
			4.96268656716418	-2.32089552238806
			4.97014925373134	-2.32089552238806
			4.97761194029851	-2.32089552238806
			4.98507462686567	-2.32835820895522
			4.99253731343284	-2.32835820895522
			5	-2.32835820895522
			5.00746268656716	-2.32835820895522
			5.01492537313433	-2.32835820895522
			5.02238805970149	-2.32835820895522
			5.02985074626866	-2.33582089552239
			5.03731343283582	-2.33582089552239
			5.04477611940298	-2.33582089552239
			5.05223880597015	-2.33582089552239
			5.05970149253731	-2.34328358208955
			5.06716417910448	-2.34328358208955
			5.07462686567164	-2.34328358208955
			5.08208955223881	-2.35074626865672
			5.08955223880597	-2.35074626865672
			5.09701492537313	-2.35074626865672
			5.1044776119403	-2.35820895522388
			5.11194029850746	-2.35820895522388
			5.11940298507463	-2.35820895522388
			5.12686567164179	-2.36567164179104
			5.13432835820895	-2.37313432835821
			5.14179104477612	-2.37313432835821
			5.14925373134328	-2.38059701492537
			5.15671641791045	-2.38059701492537
			5.16417910447761	-2.38805970149254
			5.17164179104478	-2.38805970149254
			5.17910447761194	-2.3955223880597
			5.1865671641791	-2.40298507462687
			5.19402985074627	-2.40298507462687
			5.20149253731343	-2.41044776119403
			5.2089552238806	-2.41791044776119
			5.21641791044776	-2.41791044776119
			5.22388059701492	-2.42537313432836
			5.23134328358209	-2.43283582089552
			5.23880597014925	-2.43283582089552
			5.24626865671642	-2.44029850746269
			5.25373134328358	-2.44776119402985
			5.26119402985075	-2.44776119402985
			5.26865671641791	-2.45522388059702
			5.27611940298507	-2.45522388059702
			5.28358208955224	-2.46268656716418
			5.2910447761194	-2.47014925373134
			5.29850746268657	-2.47014925373134
			5.30597014925373	-2.47761194029851
			5.3134328358209	-2.48507462686567
			5.32089552238806	-2.48507462686567
			5.32835820895522	-2.49253731343284
			5.33582089552239	-2.49253731343284
			5.34328358208955	-2.5
			5.35074626865672	-2.50746268656716
			5.35820895522388	-2.50746268656716
			5.36567164179105	-2.51492537313433
			5.37313432835821	-2.52238805970149
			5.38059701492537	-2.52985074626866
			5.38805970149254	-2.52985074626866
			5.3955223880597	-2.53731343283582
			5.40298507462687	-2.54477611940298
			5.41044776119403	-2.55223880597015
			5.41791044776119	-2.55223880597015
			5.42537313432836	-2.55970149253731
			5.43283582089552	-2.56716417910448
			5.44029850746269	-2.57462686567164
			5.44776119402985	-2.57462686567164
			5.45522388059702	-2.58208955223881
			5.46268656716418	-2.58955223880597
			5.47014925373134	-2.59701492537313
			5.47761194029851	-2.6044776119403
			5.48507462686567	-2.61194029850746
			5.49253731343284	-2.61194029850746
			5.5	-2.61940298507463
			5.50746268656716	-2.62686567164179
			5.51492537313433	-2.63432835820896
			5.52238805970149	-2.64179104477612
			5.52985074626866	-2.64925373134328
			5.53731343283582	-2.65671641791045
			5.54477611940298	-2.66417910447761
			5.55223880597015	-2.66417910447761
			5.55970149253731	-2.67164179104478
			5.56716417910448	-2.67910447761194
			5.56716417910448	-2.6865671641791
			5.57462686567164	-2.69402985074627
			5.58208955223881	-2.70149253731343
			5.58955223880597	-2.7089552238806
			5.59701492537313	-2.71641791044776
			5.6044776119403	-2.72388059701493
			5.61194029850746	-2.73134328358209
			5.61940298507463	-2.73880597014925
			5.62686567164179	-2.74626865671642
			5.63432835820895	-2.75373134328358
			5.64179104477612	-2.76119402985075
			5.64179104477612	-2.76865671641791
			5.64925373134328	-2.77611940298507
			5.65671641791045	-2.78358208955224
			5.66417910447761	-2.7910447761194
			5.66417910447761	-2.79850746268657
			5.67164179104478	-2.80597014925373
			5.67910447761194	-2.8134328358209
			5.6865671641791	-2.82089552238806
			5.69402985074627	-2.82835820895522
			5.69402985074627	-2.83582089552239
			5.70149253731343	-2.84328358208955
			5.7089552238806	-2.85074626865672
			5.71641791044776	-2.85820895522388
			5.71641791044776	-2.86567164179104
			5.71641791044776	-2.87313432835821
			5.72388059701492	-2.87313432835821
			5.72388059701492	-2.88059701492537
			5.73134328358209	-2.88805970149254
			5.73880597014925	-2.8955223880597
			5.74626865671642	-2.90298507462687
			5.74626865671642	-2.91044776119403
			5.75373134328358	-2.91791044776119
			5.75373134328358	-2.92537313432836
			5.76119402985075	-2.92537313432836
			5.76119402985075	-2.93283582089552
			5.76865671641791	-2.94029850746269
			5.76865671641791	-2.94776119402985
			5.77611940298507	-2.95522388059702
			5.78358208955224	-2.96268656716418
			5.78358208955224	-2.97014925373134
			5.7910447761194	-2.97761194029851
			5.7910447761194	-2.98507462686567
			5.79850746268657	-2.99253731343284
			5.80597014925373	-3
			5.80597014925373	-3.00746268656716
			5.8134328358209	-3.01492537313433
			5.8134328358209	-3.02238805970149
			5.82089552238806	-3.02985074626866
			5.82835820895522	-3.03731343283582
			5.82835820895522	-3.04477611940298
			5.83582089552239	-3.05223880597015
			5.83582089552239	-3.05970149253731
			5.84328358208955	-3.06716417910448
			5.84328358208955	-3.07462686567164
			5.85074626865672	-3.08208955223881
			5.85074626865672	-3.08955223880597
			5.85820895522388	-3.09701492537313
			5.85820895522388	-3.1044776119403
			5.86567164179105	-3.11194029850746
			5.86567164179105	-3.11940298507463
			5.87313432835821	-3.12686567164179
			5.87313432835821	-3.13432835820895
			5.88059701492537	-3.13432835820895
			5.88059701492537	-3.14179104477612
			5.88059701492537	-3.14925373134328
			5.88805970149254	-3.15671641791045
			5.88805970149254	-3.16417910447761
			5.8955223880597	-3.17164179104478
			5.8955223880597	-3.17910447761194
			5.90298507462687	-3.1865671641791
			5.90298507462687	-3.19402985074627
			5.91044776119403	-3.20149253731343
			5.91044776119403	-3.2089552238806
			5.91791044776119	-3.21641791044776
			5.91791044776119	-3.22388059701493
			5.92537313432836	-3.23134328358209
			5.92537313432836	-3.23880597014925
			5.92537313432836	-3.24626865671642
			5.93283582089552	-3.24626865671642
			5.93283582089552	-3.25373134328358
			5.93283582089552	-3.26119402985075
			5.94029850746269	-3.26865671641791
			5.94029850746269	-3.27611940298507
			5.94776119402985	-3.28358208955224
			5.94776119402985	-3.2910447761194
			5.95522388059702	-3.29850746268657
			5.95522388059702	-3.30597014925373
			5.96268656716418	-3.3134328358209
			5.96268656716418	-3.32089552238806
			5.97014925373134	-3.32835820895522
			5.97014925373134	-3.33582089552239
			5.97761194029851	-3.34328358208955
			5.97761194029851	-3.35074626865672
			5.98507462686567	-3.35820895522388
			5.98507462686567	-3.36567164179104
			5.99253731343284	-3.37313432835821
			5.99253731343284	-3.38059701492537
			6	-3.38059701492537
			6	-3.38805970149254
			6	-3.3955223880597
			6.00746268656716	-3.3955223880597
			6.00746268656716	-3.40298507462687
			6.00746268656716	-3.41044776119403
			6.01492537313433	-3.41044776119403
			6.01492537313433	-3.41791044776119
			6.02238805970149	-3.42537313432836
			6.02238805970149	-3.43283582089552
			6.02985074626866	-3.43283582089552
			6.02985074626866	-3.44029850746269
			6.03731343283582	-3.44776119402985
			6.04477611940298	-3.45522388059702
			6.05223880597015	-3.46268656716418
			6.05970149253731	-3.46268656716418
			6.06716417910448	-3.47014925373134
			6.07462686567164	-3.47014925373134
			6.08208955223881	-3.47014925373134
			6.08955223880597	-3.47014925373134
			6.09701492537313	-3.46268656716418
			6.1044776119403	-3.46268656716418
			6.11194029850746	-3.45522388059702
			6.11940298507463	-3.44776119402985
			6.11940298507463	-3.44029850746269
			6.12686567164179	-3.43283582089552
			6.12686567164179	-3.42537313432836
			6.13432835820895	-3.41791044776119
			6.13432835820895	-3.41044776119403
			6.14179104477612	-3.40298507462687
			6.14179104477612	-3.3955223880597
			6.14925373134328	-3.38805970149254
			6.14925373134328	-3.38059701492537
			6.14925373134328	-3.37313432835821
			6.14925373134328	-3.36567164179104
			6.14925373134328	-3.35820895522388
			6.14925373134328	-3.35074626865672
			6.14925373134328	-3.34328358208955
			6.15671641791045	-3.33582089552239
			6.15671641791045	-3.32835820895522
			6.15671641791045	-3.32089552238806
			6.15671641791045	-3.3134328358209
			6.15671641791045	-3.30597014925373
			6.15671641791045	-3.29850746268657
			6.15671641791045	-3.2910447761194
			6.15671641791045	-3.28358208955224
			6.15671641791045	-3.27611940298507
			6.15671641791045	-3.26865671641791
			6.15671641791045	-3.26119402985075
			6.15671641791045	-3.25373134328358
			6.15671641791045	-3.24626865671642
			6.15671641791045	-3.23880597014925
			6.14925373134328	-3.23134328358209
			6.14925373134328	-3.22388059701493
			6.14925373134328	-3.21641791044776
			6.14925373134328	-3.2089552238806
			6.14925373134328	-3.20149253731343
			6.14925373134328	-3.19402985074627
			6.14925373134328	-3.1865671641791
			6.14925373134328	-3.17910447761194
			6.14925373134328	-3.17164179104478
			6.14179104477612	-3.16417910447761
			6.14179104477612	-3.15671641791045
			6.14179104477612	-3.14925373134328
			6.14179104477612	-3.14179104477612
			6.14179104477612	-3.13432835820895
			6.14179104477612	-3.12686567164179
			6.13432835820895	-3.11940298507463
			6.13432835820895	-3.11194029850746
			6.13432835820895	-3.1044776119403
			6.13432835820895	-3.09701492537313
			6.13432835820895	-3.08955223880597
			6.12686567164179	-3.08208955223881
			6.12686567164179	-3.07462686567164
			6.12686567164179	-3.06716417910448
			6.12686567164179	-3.05970149253731
			6.11940298507463	-3.05223880597015
			6.11940298507463	-3.04477611940298
			6.11940298507463	-3.03731343283582
			6.11194029850746	-3.02985074626866
			6.11194029850746	-3.02238805970149
			6.11194029850746	-3.01492537313433
			6.1044776119403	-3.00746268656716
			6.1044776119403	-3
			6.1044776119403	-2.99253731343284
			6.09701492537313	-2.98507462686567
			6.09701492537313	-2.97761194029851
			6.09701492537313	-2.97014925373134
			6.08955223880597	-2.96268656716418
			6.08955223880597	-2.95522388059702
			6.08955223880597	-2.94776119402985
			6.08208955223881	-2.94029850746269
			6.08208955223881	-2.93283582089552
			6.07462686567164	-2.92537313432836
			6.07462686567164	-2.91791044776119
			6.07462686567164	-2.91044776119403
			6.06716417910448	-2.90298507462687
			6.06716417910448	-2.8955223880597
			6.05970149253731	-2.88805970149254
			6.05970149253731	-2.88059701492537
			6.05970149253731	-2.87313432835821
			6.05223880597015	-2.86567164179104
			6.05223880597015	-2.85820895522388
			6.04477611940298	-2.85074626865672
			6.04477611940298	-2.84328358208955
			6.03731343283582	-2.83582089552239
			6.03731343283582	-2.82835820895522
			6.03731343283582	-2.82089552238806
			6.02985074626866	-2.82089552238806
			6.02985074626866	-2.8134328358209
			6.02985074626866	-2.80597014925373
			6.02238805970149	-2.80597014925373
			6.02238805970149	-2.79850746268657
			6.02238805970149	-2.7910447761194
			6.01492537313433	-2.7910447761194
			6.01492537313433	-2.78358208955224
			6.00746268656716	-2.77611940298507
			6.00746268656716	-2.76865671641791
			6	-2.76119402985075
			6	-2.75373134328358
			6	-2.74626865671642
			5.99253731343284	-2.73880597014925
			5.98507462686567	-2.73134328358209
			5.98507462686567	-2.72388059701493
			5.97761194029851	-2.71641791044776
			5.97761194029851	-2.7089552238806
			5.97014925373134	-2.70149253731343
			5.97014925373134	-2.69402985074627
			5.96268656716418	-2.6865671641791
			5.96268656716418	-2.67910447761194
			5.95522388059702	-2.67164179104478
			5.94776119402985	-2.66417910447761
			5.94776119402985	-2.65671641791045
			5.94029850746269	-2.64925373134328
			5.93283582089552	-2.64179104477612
			5.93283582089552	-2.63432835820896
			5.92537313432836	-2.62686567164179
			5.92537313432836	-2.61940298507463
			5.91791044776119	-2.61940298507463
			5.91791044776119	-2.61194029850746
			5.91044776119403	-2.6044776119403
			5.91044776119403	-2.59701492537313
			5.90298507462687	-2.58955223880597
			5.8955223880597	-2.58208955223881
			5.8955223880597	-2.57462686567164
			5.88805970149254	-2.56716417910448
			5.88059701492537	-2.55970149253731
			5.88059701492537	-2.55223880597015
			5.87313432835821	-2.54477611940298
		</posterior>
	</curves.scaled>
	<ruler.points type=matrix rownames=TRUE colnames=FALSE nrow=2 ncol=2 as.numeric=TRUE >
		Ruler point 1	93	437
		Ruler point 2	763	437
	</ruler.points>
</shapes>

