<shapes type=list>
	<ruler.pixel type=vector names=FALSE length=1 as.numeric=TRUE >43</ruler.pixel>
	<ruler.interval type=vector names=FALSE length=1 as.numeric=TRUE >1</ruler.interval>
	<scaling.units type=vector names=FALSE length=1 as.numeric=FALSE >mm</scaling.units>
	<scaling type=vector names=FALSE length=1 as.numeric=TRUE >0.0232558139534884</scaling>
	<landmarks.pixel type=matrix rownames=TRUE colnames=FALSE nrow=16 ncol=2 as.numeric=TRUE >
		LM1	117	13
		LM2	117	13
		LM3	116	123
		LM4	117	140
		LM5	175	61
		LM6	149	129
		LM7	148	139
		LM8	181	73
		LM9	195	102
		LM10	117	13
		LM11	203	102
		LM12	208	110
		LM13	117	13
		LM14	205	87
		LM15	226	140
		LM16	227	170
	</landmarks.pixel>
	<landmarks.scaled type=matrix rownames=TRUE colnames=FALSE nrow=16 ncol=2 as.numeric=TRUE >
		LM1	2.72093023255814	-0.302325581395349
		LM2	2.72093023255814	-0.302325581395349
		LM3	2.69767441860465	-2.86046511627907
		LM4	2.72093023255814	-3.25581395348837
		LM5	4.06976744186047	-1.41860465116279
		LM6	3.46511627906977	-3
		LM7	3.44186046511628	-3.23255813953488
		LM8	4.2093023255814	-1.69767441860465
		LM9	4.53488372093023	-2.37209302325581
		LM10	2.72093023255814	-0.302325581395349
		LM11	4.72093023255814	-2.37209302325581
		LM12	4.83720930232558	-2.55813953488372
		LM13	2.72093023255814	-0.302325581395349
		LM14	4.76744186046512	-2.02325581395349
		LM15	5.25581395348837	-3.25581395348837
		LM16	5.27906976744186	-3.95348837209302
	</landmarks.scaled>
	<curves.control type=list>
		<glabella type=matrix rownames=FALSE colnames=FALSE nrow=13 ncol=2 as.numeric=TRUE >
			117	13
			130	15
			151	26
			164	36
			173	54
			179	64
			167	68
			157	78
			148	95
			146	108
			145	122
			149	127
			148	139
		</glabella>
		<suture type=matrix rownames=FALSE colnames=FALSE nrow=13 ncol=2 as.numeric=TRUE >
			117	13
			130	15
			151	26
			164	36
			173	54
			179	66
			179	69
			181	77
			187	75
			184	81
			186	90
			188	95
			208	110
		</suture>
		<anterior type=matrix rownames=FALSE colnames=FALSE nrow=5 ncol=2 as.numeric=TRUE >
			117	13
			130	15
			151	26
			176	40
			226	140
		</anterior>
		<posterior type=matrix rownames=FALSE colnames=FALSE nrow=15 ncol=2 as.numeric=TRUE >
			117	140
			127	141
			140	142
			145	138
			158	139
			176	141
			185	143
			205	146
			211	149
			219	153
			222	166
			231	176
			228	160
			227	148
			226	140
		</posterior>
	</curves.control>
	<curves.pixel type=list>
		<glabella type=matrix rownames=FALSE colnames=FALSE nrow=160 ncol=2 as.numeric=TRUE >
			117	13
			118	13
			119	13
			120	14
			121	14
			122	14
			123	14
			124	15
			125	15
			126	15
			127	16
			128	16
			129	16
			130	16
			130	17
			131	17
			132	17
			133	17
			133	18
			134	18
			135	18
			136	19
			137	19
			138	20
			139	20
			140	21
			141	21
			142	21
			143	22
			144	22
			145	23
			146	23
			147	24
			148	24
			149	25
			150	26
			151	26
			152	27
			153	28
			154	29
			155	29
			156	30
			157	31
			157	32
			158	32
			159	33
			160	34
			160	35
			161	36
			162	36
			162	37
			163	38
			164	39
			164	40
			165	41
			166	42
			167	43
			167	44
			168	45
			168	46
			169	46
			169	47
			170	48
			170	49
			171	50
			171	51
			172	52
			172	53
			173	54
			174	55
			174	56
			174	57
			175	58
			175	59
			175	60
			175	61
			175	62
			174	63
			174	64
			173	65
			172	65
			171	66
			170	67
			169	67
			168	68
			167	68
			166	69
			165	70
			164	71
			163	72
			162	73
			161	74
			161	75
			160	76
			159	77
			159	78
			158	79
			157	80
			157	81
			156	82
			155	82
			155	83
			154	84
			154	85
			153	86
			152	87
			152	88
			151	89
			150	90
			150	91
			150	92
			149	92
			149	93
			149	94
			148	94
			148	95
			148	96
			148	97
			148	98
			147	99
			147	100
			147	101
			147	102
			147	103
			147	104
			147	105
			147	106
			146	107
			146	108
			146	109
			146	110
			146	111
			146	112
			146	113
			146	114
			146	115
			145	116
			145	117
			145	118
			145	119
			145	120
			145	121
			145	122
			146	123
			146	124
			147	125
			147	126
			147	127
			148	128
			148	129
			148	130
			148	131
			148	132
			148	133
			148	134
			148	135
			148	136
			148	137
			148	138
			148	139
		</glabella>
		<suture type=matrix rownames=FALSE colnames=FALSE nrow=142 ncol=2 as.numeric=TRUE >
			117	13
			118	13
			119	13
			120	14
			121	14
			122	14
			123	14
			124	15
			125	15
			126	15
			127	15
			128	16
			129	16
			130	16
			131	17
			132	17
			133	18
			134	18
			135	18
			136	19
			137	19
			138	20
			139	20
			140	21
			141	21
			142	22
			143	22
			144	22
			144	23
			145	23
			146	23
			147	24
			148	24
			149	25
			150	25
			151	26
			152	27
			153	28
			154	29
			155	29
			156	30
			157	31
			158	32
			158	33
			159	33
			160	34
			160	35
			161	35
			161	36
			162	37
			163	37
			163	38
			164	39
			164	40
			165	40
			165	41
			166	42
			166	43
			167	43
			167	44
			168	45
			169	46
			169	47
			170	48
			171	49
			171	50
			172	51
			172	52
			173	53
			173	54
			173	55
			174	56
			175	57
			175	58
			175	59
			176	60
			176	61
			177	62
			177	63
			178	64
			178	65
			178	66
			179	67
			179	68
			179	69
			179	70
			180	71
			180	72
			180	73
			181	73
			181	74
			182	74
			182	75
			183	75
			184	75
			185	75
			186	75
			187	75
			187	76
			186	77
			186	78
			186	79
			185	80
			185	81
			185	82
			185	83
			185	84
			185	85
			185	86
			185	87
			186	88
			186	89
			186	90
			186	91
			187	91
			187	92
			188	93
			188	94
			189	94
			190	95
			191	96
			192	97
			193	98
			194	99
			195	99
			196	100
			197	101
			197	102
			198	103
			199	103
			200	104
			201	104
			201	105
			202	105
			203	106
			203	107
			204	107
			205	108
			206	108
			206	109
			207	109
			208	110
		</suture>
		<anterior type=matrix rownames=FALSE colnames=FALSE nrow=165 ncol=2 as.numeric=TRUE >
			117	13
			118	13
			119	13
			120	14
			121	14
			122	14
			123	14
			124	15
			125	15
			126	15
			127	16
			128	16
			129	16
			130	16
			130	17
			131	17
			132	17
			133	18
			134	18
			135	19
			136	19
			137	19
			138	20
			139	20
			140	20
			141	21
			142	22
			143	22
			144	23
			145	23
			146	24
			147	24
			148	24
			149	25
			150	25
			150	26
			151	26
			152	27
			153	28
			154	28
			155	28
			155	29
			156	30
			157	30
			157	31
			158	31
			159	32
			160	33
			161	34
			162	35
			163	36
			164	37
			165	38
			166	39
			166	40
			167	41
			168	42
			169	43
			170	44
			171	45
			171	46
			172	47
			173	48
			174	49
			174	50
			175	51
			176	52
			177	53
			177	54
			178	55
			179	56
			179	57
			180	57
			180	58
			181	59
			181	60
			182	61
			183	62
			183	63
			184	64
			185	65
			185	66
			186	67
			186	68
			187	69
			188	70
			188	71
			189	72
			189	73
			190	74
			191	75
			191	76
			192	77
			193	78
			193	79
			194	80
			194	81
			195	82
			196	83
			196	84
			197	85
			197	86
			198	86
			198	87
			198	88
			199	89
			199	90
			200	91
			201	92
			201	93
			202	94
			202	95
			203	96
			204	97
			204	98
			205	99
			205	100
			206	101
			206	102
			207	103
			207	104
			208	105
			208	106
			209	107
			210	108
			210	109
			211	110
			211	111
			212	112
			212	113
			213	114
			213	115
			214	116
			214	117
			215	118
			215	119
			216	120
			217	121
			217	122
			218	123
			218	124
			218	125
			219	125
			219	126
			219	127
			220	127
			220	128
			220	129
			221	129
			221	130
			221	131
			222	131
			222	132
			222	133
			223	133
			223	134
			223	135
			224	135
			224	136
			224	137
			225	137
			225	138
			225	139
			226	139
			226	140
		</anterior>
		<posterior type=matrix rownames=FALSE colnames=FALSE nrow=152 ncol=2 as.numeric=TRUE >
			117	140
			118	140
			119	140
			120	140
			121	140
			122	140
			123	141
			124	141
			125	141
			126	141
			127	141
			128	141
			129	141
			130	141
			131	141
			132	141
			133	141
			134	142
			135	142
			136	142
			137	142
			138	142
			139	142
			140	142
			141	142
			141	141
			142	141
			143	140
			144	140
			145	140
			146	139
			147	139
			148	139
			149	139
			150	139
			151	139
			152	139
			153	139
			154	139
			155	139
			156	139
			157	139
			158	139
			159	139
			160	139
			161	139
			162	139
			163	140
			164	140
			165	140
			166	140
			167	140
			168	140
			169	140
			170	141
			171	141
			172	141
			173	141
			174	141
			175	141
			176	141
			177	141
			178	142
			179	142
			180	142
			181	142
			182	142
			183	143
			184	143
			185	143
			186	143
			187	143
			188	144
			189	144
			190	144
			191	144
			192	144
			193	144
			194	144
			195	145
			196	145
			197	145
			198	145
			199	145
			200	146
			201	146
			202	146
			203	146
			204	147
			205	147
			206	147
			207	147
			208	148
			209	148
			210	148
			210	149
			211	149
			212	149
			212	150
			213	150
			214	151
			215	152
			216	153
			217	154
			218	155
			218	156
			219	157
			219	158
			220	159
			220	160
			221	161
			221	162
			221	163
			221	164
			222	165
			222	166
			223	167
			224	168
			225	169
			226	169
			227	170
			228	170
			228	169
			229	168
			229	167
			229	166
			229	165
			229	164
			228	163
			228	162
			228	161
			228	160
			228	159
			228	158
			228	157
			228	156
			228	155
			227	154
			227	153
			227	152
			227	151
			227	150
			227	149
			227	148
			227	147
			227	146
			227	145
			226	144
			226	143
			226	142
			226	141
			226	140
		</posterior>
	</curves.pixel>
	<curves.scaled type=list>
		<glabella type=matrix rownames=FALSE colnames=FALSE nrow=160 ncol=2 as.numeric=TRUE >
			2.72093023255814	-0.302325581395349
			2.74418604651163	-0.302325581395349
			2.76744186046512	-0.302325581395349
			2.7906976744186	-0.325581395348837
			2.81395348837209	-0.325581395348837
			2.83720930232558	-0.325581395348837
			2.86046511627907	-0.325581395348837
			2.88372093023256	-0.348837209302326
			2.90697674418605	-0.348837209302326
			2.93023255813953	-0.348837209302326
			2.95348837209302	-0.372093023255814
			2.97674418604651	-0.372093023255814
			3	-0.372093023255814
			3.02325581395349	-0.372093023255814
			3.02325581395349	-0.395348837209302
			3.04651162790698	-0.395348837209302
			3.06976744186047	-0.395348837209302
			3.09302325581395	-0.395348837209302
			3.09302325581395	-0.418604651162791
			3.11627906976744	-0.418604651162791
			3.13953488372093	-0.418604651162791
			3.16279069767442	-0.441860465116279
			3.18604651162791	-0.441860465116279
			3.2093023255814	-0.465116279069767
			3.23255813953488	-0.465116279069767
			3.25581395348837	-0.488372093023256
			3.27906976744186	-0.488372093023256
			3.30232558139535	-0.488372093023256
			3.32558139534884	-0.511627906976744
			3.34883720930233	-0.511627906976744
			3.37209302325581	-0.534883720930233
			3.3953488372093	-0.534883720930233
			3.41860465116279	-0.558139534883721
			3.44186046511628	-0.558139534883721
			3.46511627906977	-0.581395348837209
			3.48837209302326	-0.604651162790698
			3.51162790697674	-0.604651162790698
			3.53488372093023	-0.627906976744186
			3.55813953488372	-0.651162790697674
			3.58139534883721	-0.674418604651163
			3.6046511627907	-0.674418604651163
			3.62790697674419	-0.697674418604651
			3.65116279069767	-0.720930232558139
			3.65116279069767	-0.744186046511628
			3.67441860465116	-0.744186046511628
			3.69767441860465	-0.767441860465116
			3.72093023255814	-0.790697674418605
			3.72093023255814	-0.813953488372093
			3.74418604651163	-0.837209302325581
			3.76744186046512	-0.837209302325581
			3.76744186046512	-0.86046511627907
			3.7906976744186	-0.883720930232558
			3.81395348837209	-0.906976744186046
			3.81395348837209	-0.930232558139535
			3.83720930232558	-0.953488372093023
			3.86046511627907	-0.976744186046512
			3.88372093023256	-1
			3.88372093023256	-1.02325581395349
			3.90697674418605	-1.04651162790698
			3.90697674418605	-1.06976744186047
			3.93023255813953	-1.06976744186047
			3.93023255813953	-1.09302325581395
			3.95348837209302	-1.11627906976744
			3.95348837209302	-1.13953488372093
			3.97674418604651	-1.16279069767442
			3.97674418604651	-1.18604651162791
			4	-1.2093023255814
			4	-1.23255813953488
			4.02325581395349	-1.25581395348837
			4.04651162790698	-1.27906976744186
			4.04651162790698	-1.30232558139535
			4.04651162790698	-1.32558139534884
			4.06976744186047	-1.34883720930233
			4.06976744186047	-1.37209302325581
			4.06976744186047	-1.3953488372093
			4.06976744186047	-1.41860465116279
			4.06976744186047	-1.44186046511628
			4.04651162790698	-1.46511627906977
			4.04651162790698	-1.48837209302326
			4.02325581395349	-1.51162790697674
			4	-1.51162790697674
			3.97674418604651	-1.53488372093023
			3.95348837209302	-1.55813953488372
			3.93023255813953	-1.55813953488372
			3.90697674418605	-1.58139534883721
			3.88372093023256	-1.58139534883721
			3.86046511627907	-1.6046511627907
			3.83720930232558	-1.62790697674419
			3.81395348837209	-1.65116279069767
			3.7906976744186	-1.67441860465116
			3.76744186046512	-1.69767441860465
			3.74418604651163	-1.72093023255814
			3.74418604651163	-1.74418604651163
			3.72093023255814	-1.76744186046512
			3.69767441860465	-1.7906976744186
			3.69767441860465	-1.81395348837209
			3.67441860465116	-1.83720930232558
			3.65116279069767	-1.86046511627907
			3.65116279069767	-1.88372093023256
			3.62790697674419	-1.90697674418605
			3.6046511627907	-1.90697674418605
			3.6046511627907	-1.93023255813953
			3.58139534883721	-1.95348837209302
			3.58139534883721	-1.97674418604651
			3.55813953488372	-2
			3.53488372093023	-2.02325581395349
			3.53488372093023	-2.04651162790698
			3.51162790697674	-2.06976744186047
			3.48837209302326	-2.09302325581395
			3.48837209302326	-2.11627906976744
			3.48837209302326	-2.13953488372093
			3.46511627906977	-2.13953488372093
			3.46511627906977	-2.16279069767442
			3.46511627906977	-2.18604651162791
			3.44186046511628	-2.18604651162791
			3.44186046511628	-2.2093023255814
			3.44186046511628	-2.23255813953488
			3.44186046511628	-2.25581395348837
			3.44186046511628	-2.27906976744186
			3.41860465116279	-2.30232558139535
			3.41860465116279	-2.32558139534884
			3.41860465116279	-2.34883720930233
			3.41860465116279	-2.37209302325581
			3.41860465116279	-2.3953488372093
			3.41860465116279	-2.41860465116279
			3.41860465116279	-2.44186046511628
			3.41860465116279	-2.46511627906977
			3.3953488372093	-2.48837209302326
			3.3953488372093	-2.51162790697674
			3.3953488372093	-2.53488372093023
			3.3953488372093	-2.55813953488372
			3.3953488372093	-2.58139534883721
			3.3953488372093	-2.6046511627907
			3.3953488372093	-2.62790697674419
			3.3953488372093	-2.65116279069767
			3.3953488372093	-2.67441860465116
			3.37209302325581	-2.69767441860465
			3.37209302325581	-2.72093023255814
			3.37209302325581	-2.74418604651163
			3.37209302325581	-2.76744186046512
			3.37209302325581	-2.7906976744186
			3.37209302325581	-2.81395348837209
			3.37209302325581	-2.83720930232558
			3.3953488372093	-2.86046511627907
			3.3953488372093	-2.88372093023256
			3.41860465116279	-2.90697674418605
			3.41860465116279	-2.93023255813953
			3.41860465116279	-2.95348837209302
			3.44186046511628	-2.97674418604651
			3.44186046511628	-3
			3.44186046511628	-3.02325581395349
			3.44186046511628	-3.04651162790698
			3.44186046511628	-3.06976744186047
			3.44186046511628	-3.09302325581395
			3.44186046511628	-3.11627906976744
			3.44186046511628	-3.13953488372093
			3.44186046511628	-3.16279069767442
			3.44186046511628	-3.18604651162791
			3.44186046511628	-3.2093023255814
			3.44186046511628	-3.23255813953488
		</glabella>
		<suture type=matrix rownames=FALSE colnames=FALSE nrow=142 ncol=2 as.numeric=TRUE >
			2.72093023255814	-0.302325581395349
			2.74418604651163	-0.302325581395349
			2.76744186046512	-0.302325581395349
			2.7906976744186	-0.325581395348837
			2.81395348837209	-0.325581395348837
			2.83720930232558	-0.325581395348837
			2.86046511627907	-0.325581395348837
			2.88372093023256	-0.348837209302326
			2.90697674418605	-0.348837209302326
			2.93023255813953	-0.348837209302326
			2.95348837209302	-0.348837209302326
			2.97674418604651	-0.372093023255814
			3	-0.372093023255814
			3.02325581395349	-0.372093023255814
			3.04651162790698	-0.395348837209302
			3.06976744186047	-0.395348837209302
			3.09302325581395	-0.418604651162791
			3.11627906976744	-0.418604651162791
			3.13953488372093	-0.418604651162791
			3.16279069767442	-0.441860465116279
			3.18604651162791	-0.441860465116279
			3.2093023255814	-0.465116279069767
			3.23255813953488	-0.465116279069767
			3.25581395348837	-0.488372093023256
			3.27906976744186	-0.488372093023256
			3.30232558139535	-0.511627906976744
			3.32558139534884	-0.511627906976744
			3.34883720930233	-0.511627906976744
			3.34883720930233	-0.534883720930233
			3.37209302325581	-0.534883720930233
			3.3953488372093	-0.534883720930233
			3.41860465116279	-0.558139534883721
			3.44186046511628	-0.558139534883721
			3.46511627906977	-0.581395348837209
			3.48837209302326	-0.581395348837209
			3.51162790697674	-0.604651162790698
			3.53488372093023	-0.627906976744186
			3.55813953488372	-0.651162790697674
			3.58139534883721	-0.674418604651163
			3.6046511627907	-0.674418604651163
			3.62790697674419	-0.697674418604651
			3.65116279069767	-0.720930232558139
			3.67441860465116	-0.744186046511628
			3.67441860465116	-0.767441860465116
			3.69767441860465	-0.767441860465116
			3.72093023255814	-0.790697674418605
			3.72093023255814	-0.813953488372093
			3.74418604651163	-0.813953488372093
			3.74418604651163	-0.837209302325581
			3.76744186046512	-0.86046511627907
			3.7906976744186	-0.86046511627907
			3.7906976744186	-0.883720930232558
			3.81395348837209	-0.906976744186046
			3.81395348837209	-0.930232558139535
			3.83720930232558	-0.930232558139535
			3.83720930232558	-0.953488372093023
			3.86046511627907	-0.976744186046512
			3.86046511627907	-1
			3.88372093023256	-1
			3.88372093023256	-1.02325581395349
			3.90697674418605	-1.04651162790698
			3.93023255813953	-1.06976744186047
			3.93023255813953	-1.09302325581395
			3.95348837209302	-1.11627906976744
			3.97674418604651	-1.13953488372093
			3.97674418604651	-1.16279069767442
			4	-1.18604651162791
			4	-1.2093023255814
			4.02325581395349	-1.23255813953488
			4.02325581395349	-1.25581395348837
			4.02325581395349	-1.27906976744186
			4.04651162790698	-1.30232558139535
			4.06976744186047	-1.32558139534884
			4.06976744186047	-1.34883720930233
			4.06976744186047	-1.37209302325581
			4.09302325581395	-1.3953488372093
			4.09302325581395	-1.41860465116279
			4.11627906976744	-1.44186046511628
			4.11627906976744	-1.46511627906977
			4.13953488372093	-1.48837209302326
			4.13953488372093	-1.51162790697674
			4.13953488372093	-1.53488372093023
			4.16279069767442	-1.55813953488372
			4.16279069767442	-1.58139534883721
			4.16279069767442	-1.6046511627907
			4.16279069767442	-1.62790697674419
			4.18604651162791	-1.65116279069767
			4.18604651162791	-1.67441860465116
			4.18604651162791	-1.69767441860465
			4.2093023255814	-1.69767441860465
			4.2093023255814	-1.72093023255814
			4.23255813953488	-1.72093023255814
			4.23255813953488	-1.74418604651163
			4.25581395348837	-1.74418604651163
			4.27906976744186	-1.74418604651163
			4.30232558139535	-1.74418604651163
			4.32558139534884	-1.74418604651163
			4.34883720930233	-1.74418604651163
			4.34883720930233	-1.76744186046512
			4.32558139534884	-1.7906976744186
			4.32558139534884	-1.81395348837209
			4.32558139534884	-1.83720930232558
			4.30232558139535	-1.86046511627907
			4.30232558139535	-1.88372093023256
			4.30232558139535	-1.90697674418605
			4.30232558139535	-1.93023255813953
			4.30232558139535	-1.95348837209302
			4.30232558139535	-1.97674418604651
			4.30232558139535	-2
			4.30232558139535	-2.02325581395349
			4.32558139534884	-2.04651162790698
			4.32558139534884	-2.06976744186047
			4.32558139534884	-2.09302325581395
			4.32558139534884	-2.11627906976744
			4.34883720930233	-2.11627906976744
			4.34883720930233	-2.13953488372093
			4.37209302325581	-2.16279069767442
			4.37209302325581	-2.18604651162791
			4.3953488372093	-2.18604651162791
			4.41860465116279	-2.2093023255814
			4.44186046511628	-2.23255813953488
			4.46511627906977	-2.25581395348837
			4.48837209302326	-2.27906976744186
			4.51162790697674	-2.30232558139535
			4.53488372093023	-2.30232558139535
			4.55813953488372	-2.32558139534884
			4.58139534883721	-2.34883720930233
			4.58139534883721	-2.37209302325581
			4.6046511627907	-2.3953488372093
			4.62790697674419	-2.3953488372093
			4.65116279069767	-2.41860465116279
			4.67441860465116	-2.41860465116279
			4.67441860465116	-2.44186046511628
			4.69767441860465	-2.44186046511628
			4.72093023255814	-2.46511627906977
			4.72093023255814	-2.48837209302326
			4.74418604651163	-2.48837209302326
			4.76744186046512	-2.51162790697674
			4.7906976744186	-2.51162790697674
			4.7906976744186	-2.53488372093023
			4.81395348837209	-2.53488372093023
			4.83720930232558	-2.55813953488372
		</suture>
		<anterior type=matrix rownames=FALSE colnames=FALSE nrow=165 ncol=2 as.numeric=TRUE >
			2.72093023255814	-0.302325581395349
			2.74418604651163	-0.302325581395349
			2.76744186046512	-0.302325581395349
			2.7906976744186	-0.325581395348837
			2.81395348837209	-0.325581395348837
			2.83720930232558	-0.325581395348837
			2.86046511627907	-0.325581395348837
			2.88372093023256	-0.348837209302326
			2.90697674418605	-0.348837209302326
			2.93023255813953	-0.348837209302326
			2.95348837209302	-0.372093023255814
			2.97674418604651	-0.372093023255814
			3	-0.372093023255814
			3.02325581395349	-0.372093023255814
			3.02325581395349	-0.395348837209302
			3.04651162790698	-0.395348837209302
			3.06976744186047	-0.395348837209302
			3.09302325581395	-0.418604651162791
			3.11627906976744	-0.418604651162791
			3.13953488372093	-0.441860465116279
			3.16279069767442	-0.441860465116279
			3.18604651162791	-0.441860465116279
			3.2093023255814	-0.465116279069767
			3.23255813953488	-0.465116279069767
			3.25581395348837	-0.465116279069767
			3.27906976744186	-0.488372093023256
			3.30232558139535	-0.511627906976744
			3.32558139534884	-0.511627906976744
			3.34883720930233	-0.534883720930233
			3.37209302325581	-0.534883720930233
			3.3953488372093	-0.558139534883721
			3.41860465116279	-0.558139534883721
			3.44186046511628	-0.558139534883721
			3.46511627906977	-0.581395348837209
			3.48837209302326	-0.581395348837209
			3.48837209302326	-0.604651162790698
			3.51162790697674	-0.604651162790698
			3.53488372093023	-0.627906976744186
			3.55813953488372	-0.651162790697674
			3.58139534883721	-0.651162790697674
			3.6046511627907	-0.651162790697674
			3.6046511627907	-0.674418604651163
			3.62790697674419	-0.697674418604651
			3.65116279069767	-0.697674418604651
			3.65116279069767	-0.720930232558139
			3.67441860465116	-0.720930232558139
			3.69767441860465	-0.744186046511628
			3.72093023255814	-0.767441860465116
			3.74418604651163	-0.790697674418605
			3.76744186046512	-0.813953488372093
			3.7906976744186	-0.837209302325581
			3.81395348837209	-0.86046511627907
			3.83720930232558	-0.883720930232558
			3.86046511627907	-0.906976744186046
			3.86046511627907	-0.930232558139535
			3.88372093023256	-0.953488372093023
			3.90697674418605	-0.976744186046512
			3.93023255813953	-1
			3.95348837209302	-1.02325581395349
			3.97674418604651	-1.04651162790698
			3.97674418604651	-1.06976744186047
			4	-1.09302325581395
			4.02325581395349	-1.11627906976744
			4.04651162790698	-1.13953488372093
			4.04651162790698	-1.16279069767442
			4.06976744186047	-1.18604651162791
			4.09302325581395	-1.2093023255814
			4.11627906976744	-1.23255813953488
			4.11627906976744	-1.25581395348837
			4.13953488372093	-1.27906976744186
			4.16279069767442	-1.30232558139535
			4.16279069767442	-1.32558139534884
			4.18604651162791	-1.32558139534884
			4.18604651162791	-1.34883720930233
			4.2093023255814	-1.37209302325581
			4.2093023255814	-1.3953488372093
			4.23255813953488	-1.41860465116279
			4.25581395348837	-1.44186046511628
			4.25581395348837	-1.46511627906977
			4.27906976744186	-1.48837209302326
			4.30232558139535	-1.51162790697674
			4.30232558139535	-1.53488372093023
			4.32558139534884	-1.55813953488372
			4.32558139534884	-1.58139534883721
			4.34883720930233	-1.6046511627907
			4.37209302325581	-1.62790697674419
			4.37209302325581	-1.65116279069767
			4.3953488372093	-1.67441860465116
			4.3953488372093	-1.69767441860465
			4.41860465116279	-1.72093023255814
			4.44186046511628	-1.74418604651163
			4.44186046511628	-1.76744186046512
			4.46511627906977	-1.7906976744186
			4.48837209302326	-1.81395348837209
			4.48837209302326	-1.83720930232558
			4.51162790697674	-1.86046511627907
			4.51162790697674	-1.88372093023256
			4.53488372093023	-1.90697674418605
			4.55813953488372	-1.93023255813953
			4.55813953488372	-1.95348837209302
			4.58139534883721	-1.97674418604651
			4.58139534883721	-2
			4.6046511627907	-2
			4.6046511627907	-2.02325581395349
			4.6046511627907	-2.04651162790698
			4.62790697674419	-2.06976744186047
			4.62790697674419	-2.09302325581395
			4.65116279069767	-2.11627906976744
			4.67441860465116	-2.13953488372093
			4.67441860465116	-2.16279069767442
			4.69767441860465	-2.18604651162791
			4.69767441860465	-2.2093023255814
			4.72093023255814	-2.23255813953488
			4.74418604651163	-2.25581395348837
			4.74418604651163	-2.27906976744186
			4.76744186046512	-2.30232558139535
			4.76744186046512	-2.32558139534884
			4.7906976744186	-2.34883720930233
			4.7906976744186	-2.37209302325581
			4.81395348837209	-2.3953488372093
			4.81395348837209	-2.41860465116279
			4.83720930232558	-2.44186046511628
			4.83720930232558	-2.46511627906977
			4.86046511627907	-2.48837209302326
			4.88372093023256	-2.51162790697674
			4.88372093023256	-2.53488372093023
			4.90697674418605	-2.55813953488372
			4.90697674418605	-2.58139534883721
			4.93023255813953	-2.6046511627907
			4.93023255813953	-2.62790697674419
			4.95348837209302	-2.65116279069767
			4.95348837209302	-2.67441860465116
			4.97674418604651	-2.69767441860465
			4.97674418604651	-2.72093023255814
			5	-2.74418604651163
			5	-2.76744186046512
			5.02325581395349	-2.7906976744186
			5.04651162790698	-2.81395348837209
			5.04651162790698	-2.83720930232558
			5.06976744186047	-2.86046511627907
			5.06976744186047	-2.88372093023256
			5.06976744186047	-2.90697674418605
			5.09302325581395	-2.90697674418605
			5.09302325581395	-2.93023255813953
			5.09302325581395	-2.95348837209302
			5.11627906976744	-2.95348837209302
			5.11627906976744	-2.97674418604651
			5.11627906976744	-3
			5.13953488372093	-3
			5.13953488372093	-3.02325581395349
			5.13953488372093	-3.04651162790698
			5.16279069767442	-3.04651162790698
			5.16279069767442	-3.06976744186047
			5.16279069767442	-3.09302325581395
			5.18604651162791	-3.09302325581395
			5.18604651162791	-3.11627906976744
			5.18604651162791	-3.13953488372093
			5.2093023255814	-3.13953488372093
			5.2093023255814	-3.16279069767442
			5.2093023255814	-3.18604651162791
			5.23255813953488	-3.18604651162791
			5.23255813953488	-3.2093023255814
			5.23255813953488	-3.23255813953488
			5.25581395348837	-3.23255813953488
			5.25581395348837	-3.25581395348837
		</anterior>
		<posterior type=matrix rownames=FALSE colnames=FALSE nrow=152 ncol=2 as.numeric=TRUE >
			2.72093023255814	-3.25581395348837
			2.74418604651163	-3.25581395348837
			2.76744186046512	-3.25581395348837
			2.7906976744186	-3.25581395348837
			2.81395348837209	-3.25581395348837
			2.83720930232558	-3.25581395348837
			2.86046511627907	-3.27906976744186
			2.88372093023256	-3.27906976744186
			2.90697674418605	-3.27906976744186
			2.93023255813953	-3.27906976744186
			2.95348837209302	-3.27906976744186
			2.97674418604651	-3.27906976744186
			3	-3.27906976744186
			3.02325581395349	-3.27906976744186
			3.04651162790698	-3.27906976744186
			3.06976744186047	-3.27906976744186
			3.09302325581395	-3.27906976744186
			3.11627906976744	-3.30232558139535
			3.13953488372093	-3.30232558139535
			3.16279069767442	-3.30232558139535
			3.18604651162791	-3.30232558139535
			3.2093023255814	-3.30232558139535
			3.23255813953488	-3.30232558139535
			3.25581395348837	-3.30232558139535
			3.27906976744186	-3.30232558139535
			3.27906976744186	-3.27906976744186
			3.30232558139535	-3.27906976744186
			3.32558139534884	-3.25581395348837
			3.34883720930233	-3.25581395348837
			3.37209302325581	-3.25581395348837
			3.3953488372093	-3.23255813953488
			3.41860465116279	-3.23255813953488
			3.44186046511628	-3.23255813953488
			3.46511627906977	-3.23255813953488
			3.48837209302326	-3.23255813953488
			3.51162790697674	-3.23255813953488
			3.53488372093023	-3.23255813953488
			3.55813953488372	-3.23255813953488
			3.58139534883721	-3.23255813953488
			3.6046511627907	-3.23255813953488
			3.62790697674419	-3.23255813953488
			3.65116279069767	-3.23255813953488
			3.67441860465116	-3.23255813953488
			3.69767441860465	-3.23255813953488
			3.72093023255814	-3.23255813953488
			3.74418604651163	-3.23255813953488
			3.76744186046512	-3.23255813953488
			3.7906976744186	-3.25581395348837
			3.81395348837209	-3.25581395348837
			3.83720930232558	-3.25581395348837
			3.86046511627907	-3.25581395348837
			3.88372093023256	-3.25581395348837
			3.90697674418605	-3.25581395348837
			3.93023255813953	-3.25581395348837
			3.95348837209302	-3.27906976744186
			3.97674418604651	-3.27906976744186
			4	-3.27906976744186
			4.02325581395349	-3.27906976744186
			4.04651162790698	-3.27906976744186
			4.06976744186047	-3.27906976744186
			4.09302325581395	-3.27906976744186
			4.11627906976744	-3.27906976744186
			4.13953488372093	-3.30232558139535
			4.16279069767442	-3.30232558139535
			4.18604651162791	-3.30232558139535
			4.2093023255814	-3.30232558139535
			4.23255813953488	-3.30232558139535
			4.25581395348837	-3.32558139534884
			4.27906976744186	-3.32558139534884
			4.30232558139535	-3.32558139534884
			4.32558139534884	-3.32558139534884
			4.34883720930233	-3.32558139534884
			4.37209302325581	-3.34883720930233
			4.3953488372093	-3.34883720930233
			4.41860465116279	-3.34883720930233
			4.44186046511628	-3.34883720930233
			4.46511627906977	-3.34883720930233
			4.48837209302326	-3.34883720930233
			4.51162790697674	-3.34883720930233
			4.53488372093023	-3.37209302325581
			4.55813953488372	-3.37209302325581
			4.58139534883721	-3.37209302325581
			4.6046511627907	-3.37209302325581
			4.62790697674419	-3.37209302325581
			4.65116279069767	-3.3953488372093
			4.67441860465116	-3.3953488372093
			4.69767441860465	-3.3953488372093
			4.72093023255814	-3.3953488372093
			4.74418604651163	-3.41860465116279
			4.76744186046512	-3.41860465116279
			4.7906976744186	-3.41860465116279
			4.81395348837209	-3.41860465116279
			4.83720930232558	-3.44186046511628
			4.86046511627907	-3.44186046511628
			4.88372093023256	-3.44186046511628
			4.88372093023256	-3.46511627906977
			4.90697674418605	-3.46511627906977
			4.93023255813953	-3.46511627906977
			4.93023255813953	-3.48837209302326
			4.95348837209302	-3.48837209302326
			4.97674418604651	-3.51162790697674
			5	-3.53488372093023
			5.02325581395349	-3.55813953488372
			5.04651162790698	-3.58139534883721
			5.06976744186047	-3.6046511627907
			5.06976744186047	-3.62790697674419
			5.09302325581395	-3.65116279069767
			5.09302325581395	-3.67441860465116
			5.11627906976744	-3.69767441860465
			5.11627906976744	-3.72093023255814
			5.13953488372093	-3.74418604651163
			5.13953488372093	-3.76744186046512
			5.13953488372093	-3.7906976744186
			5.13953488372093	-3.81395348837209
			5.16279069767442	-3.83720930232558
			5.16279069767442	-3.86046511627907
			5.18604651162791	-3.88372093023256
			5.2093023255814	-3.90697674418605
			5.23255813953488	-3.93023255813953
			5.25581395348837	-3.93023255813953
			5.27906976744186	-3.95348837209302
			5.30232558139535	-3.95348837209302
			5.30232558139535	-3.93023255813953
			5.32558139534884	-3.90697674418605
			5.32558139534884	-3.88372093023256
			5.32558139534884	-3.86046511627907
			5.32558139534884	-3.83720930232558
			5.32558139534884	-3.81395348837209
			5.30232558139535	-3.7906976744186
			5.30232558139535	-3.76744186046512
			5.30232558139535	-3.74418604651163
			5.30232558139535	-3.72093023255814
			5.30232558139535	-3.69767441860465
			5.30232558139535	-3.67441860465116
			5.30232558139535	-3.65116279069767
			5.30232558139535	-3.62790697674419
			5.30232558139535	-3.6046511627907
			5.27906976744186	-3.58139534883721
			5.27906976744186	-3.55813953488372
			5.27906976744186	-3.53488372093023
			5.27906976744186	-3.51162790697674
			5.27906976744186	-3.48837209302326
			5.27906976744186	-3.46511627906977
			5.27906976744186	-3.44186046511628
			5.27906976744186	-3.41860465116279
			5.27906976744186	-3.3953488372093
			5.27906976744186	-3.37209302325581
			5.25581395348837	-3.34883720930233
			5.25581395348837	-3.32558139534884
			5.25581395348837	-3.30232558139535
			5.25581395348837	-3.27906976744186
			5.25581395348837	-3.25581395348837
		</posterior>
	</curves.scaled>
	<ruler.points type=matrix rownames=TRUE colnames=FALSE nrow=2 ncol=2 as.numeric=TRUE >
		Ruler point 1	10	41
		Ruler point 2	53	41
	</ruler.points>
</shapes>

