<shapes type=list>
	<ruler.pixel type=vector names=FALSE length=1 as.numeric=TRUE >168</ruler.pixel>
	<ruler.interval type=vector names=FALSE length=1 as.numeric=TRUE >1</ruler.interval>
	<scaling.units type=vector names=FALSE length=1 as.numeric=FALSE >mm</scaling.units>
	<scaling type=vector names=FALSE length=1 as.numeric=TRUE >0.00595238095238095</scaling>
	<landmarks.pixel type=matrix rownames=TRUE colnames=FALSE nrow=16 ncol=2 as.numeric=TRUE >
		LM1	254	16
		LM2	254	73
		LM3	254	260
		LM4	254	299
		LM5	354	239
		LM6	344	268
		LM7	340	277
		LM8	365	133
		LM9	375	204
		LM10	254	16
		LM11	410	260
		LM12	426	284
		LM13	254	16
		LM14	386	164
		LM15	444	277
		LM16	444	277
	</landmarks.pixel>
	<landmarks.scaled type=matrix rownames=TRUE colnames=FALSE nrow=16 ncol=2 as.numeric=TRUE >
		LM1	1.51190476190476	-0.0952380952380952
		LM2	1.51190476190476	-0.434523809523809
		LM3	1.51190476190476	-1.54761904761905
		LM4	1.51190476190476	-1.7797619047619
		LM5	2.10714285714286	-1.42261904761905
		LM6	2.04761904761905	-1.5952380952381
		LM7	2.02380952380952	-1.64880952380952
		LM8	2.17261904761905	-0.791666666666667
		LM9	2.23214285714286	-1.21428571428571
		LM10	1.51190476190476	-0.0952380952380952
		LM11	2.44047619047619	-1.54761904761905
		LM12	2.53571428571429	-1.69047619047619
		LM13	1.51190476190476	-0.0952380952380952
		LM14	2.29761904761905	-0.976190476190476
		LM15	2.64285714285714	-1.64880952380952
		LM16	2.64285714285714	-1.64880952380952
	</landmarks.scaled>
	<curves.control type=list>
		<glabella type=matrix rownames=FALSE colnames=FALSE nrow=7 ncol=2 as.numeric=TRUE >
			254	73
			282	73
			300	82
			323	106
			337	142
			370	235
			340	277
		</glabella>
		<suture type=matrix rownames=FALSE colnames=FALSE nrow=15 ncol=2 as.numeric=TRUE >
			254	16
			285	12
			321	31
			346	48
			371	72
			375	78
			371	91
			368	102
			365	133
			371	141
			375	157
			380	176
			375	204
			383	222
			426	284
		</suture>
		<anterior type=matrix rownames=FALSE colnames=FALSE nrow=7 ncol=2 as.numeric=TRUE >
			254	16
			285	12
			321	31
			346	48
			372	72
			443	161
			444	277
		</anterior>
		<posterior type=matrix rownames=FALSE colnames=FALSE nrow=5 ncol=2 as.numeric=TRUE >
			254	299
			288	300
			340	278
			430	294
			444	277
		</posterior>
	</curves.control>
	<curves.pixel type=list>
		<glabella type=matrix rownames=FALSE colnames=FALSE nrow=253 ncol=2 as.numeric=TRUE >
			254	73
			255	73
			256	73
			257	73
			258	73
			259	73
			260	73
			261	73
			262	73
			263	73
			264	73
			265	73
			266	73
			267	73
			267	74
			268	74
			269	74
			270	74
			271	74
			272	74
			273	74
			274	74
			275	75
			276	75
			277	75
			278	75
			279	75
			280	75
			281	76
			282	76
			283	76
			284	76
			285	77
			286	77
			287	77
			288	77
			289	78
			290	78
			291	78
			292	79
			293	79
			294	79
			295	80
			296	80
			297	81
			298	81
			299	81
			300	82
			301	83
			302	84
			303	85
			304	86
			305	87
			306	88
			306	89
			307	90
			308	90
			308	91
			309	92
			309	93
			310	94
			311	94
			311	95
			312	96
			312	97
			313	97
			314	98
			314	99
			315	100
			315	101
			316	101
			316	102
			317	103
			318	104
			318	105
			319	106
			319	107
			320	107
			320	108
			321	109
			321	110
			322	111
			322	112
			323	113
			323	114
			324	114
			324	115
			325	116
			325	117
			326	118
			326	119
			327	120
			327	121
			328	122
			328	123
			329	124
			329	125
			330	126
			330	127
			331	127
			331	128
			332	129
			332	130
			333	131
			333	132
			333	133
			334	134
			334	135
			335	136
			335	137
			336	138
			336	139
			336	140
			337	141
			337	142
			337	143
			338	144
			338	145
			339	146
			339	147
			339	148
			340	149
			340	150
			340	151
			340	152
			341	153
			341	154
			341	155
			342	156
			342	157
			342	158
			343	159
			343	160
			343	161
			344	162
			344	163
			344	164
			344	165
			345	166
			345	167
			345	168
			345	169
			346	169
			346	170
			346	171
			346	172
			347	173
			347	174
			347	175
			347	176
			348	177
			348	178
			348	179
			348	180
			349	181
			349	182
			349	183
			349	184
			349	185
			350	186
			350	187
			350	188
			350	189
			350	190
			351	190
			351	191
			351	192
			351	193
			351	194
			351	195
			352	196
			352	197
			352	198
			352	199
			352	200
			352	201
			353	202
			353	203
			353	204
			353	205
			353	206
			353	207
			353	208
			353	209
			354	210
			354	211
			354	212
			354	213
			354	214
			354	215
			354	216
			354	217
			354	218
			354	219
			354	220
			354	221
			354	222
			354	223
			354	224
			354	225
			354	226
			354	227
			354	228
			354	229
			354	230
			354	231
			354	232
			354	233
			354	234
			354	235
			354	236
			354	237
			354	238
			354	239
			353	240
			353	241
			353	242
			353	243
			353	244
			353	245
			353	246
			352	247
			352	248
			352	249
			352	250
			352	251
			351	252
			351	253
			351	254
			351	255
			350	256
			350	257
			349	258
			349	259
			349	260
			348	261
			348	262
			347	263
			347	264
			347	265
			346	266
			346	267
			345	268
			345	269
			344	270
			344	271
			343	272
			343	273
			342	274
			342	275
			341	276
			340	276
			340	277
		</glabella>
		<suture type=matrix rownames=FALSE colnames=FALSE nrow=345 ncol=2 as.numeric=TRUE >
			254	16
			255	16
			256	16
			257	16
			258	16
			259	16
			259	15
			260	15
			261	15
			262	15
			263	15
			264	15
			265	15
			266	15
			267	15
			268	15
			269	15
			270	15
			271	16
			272	16
			273	16
			274	16
			275	16
			276	16
			277	16
			278	16
			279	16
			280	17
			281	17
			282	17
			283	17
			284	17
			285	17
			286	18
			287	18
			288	18
			289	18
			290	19
			291	19
			292	19
			293	19
			294	20
			295	20
			296	20
			297	21
			298	21
			299	21
			300	22
			301	22
			302	22
			303	23
			304	23
			305	24
			306	24
			307	24
			308	25
			309	25
			310	25
			310	26
			311	26
			312	27
			313	27
			314	27
			315	28
			316	28
			317	29
			318	30
			319	30
			320	31
			321	31
			322	32
			323	32
			324	33
			325	34
			326	34
			327	35
			328	36
			329	36
			330	37
			330	38
			331	38
			332	39
			333	40
			334	40
			335	41
			336	42
			337	42
			338	43
			338	44
			339	44
			340	45
			341	46
			342	47
			343	47
			344	48
			345	49
			346	49
			346	50
			347	51
			348	52
			349	52
			350	53
			351	54
			352	55
			353	55
			354	56
			354	57
			355	58
			356	58
			357	59
			358	60
			359	61
			360	62
			361	62
			362	63
			362	64
			363	65
			364	66
			365	66
			366	67
			367	68
			368	69
			369	70
			370	71
			370	72
			371	72
			371	73
			372	73
			372	74
			372	75
			373	76
			373	77
			373	78
			373	79
			373	80
			373	81
			373	82
			373	83
			373	84
			373	85
			372	85
			372	86
			372	87
			372	88
			372	89
			371	90
			371	91
			371	92
			371	93
			370	94
			370	95
			370	96
			370	97
			369	98
			369	99
			369	100
			369	101
			369	102
			369	103
			368	104
			368	105
			368	106
			368	107
			368	108
			368	109
			368	110
			367	111
			367	112
			367	113
			367	114
			367	115
			367	116
			367	117
			367	118
			366	119
			366	120
			366	121
			366	122
			366	123
			366	124
			366	125
			366	126
			366	127
			365	128
			365	129
			365	130
			365	131
			365	132
			365	133
			365	134
			366	134
			366	135
			367	136
			367	137
			368	138
			369	139
			369	140
			370	141
			370	142
			371	143
			371	144
			371	145
			372	146
			372	147
			372	148
			373	149
			373	150
			373	151
			374	152
			374	153
			374	154
			374	155
			375	156
			375	157
			375	158
			375	159
			376	160
			376	161
			376	162
			376	163
			376	164
			377	165
			377	166
			377	167
			377	168
			377	169
			377	170
			377	171
			377	172
			377	173
			377	174
			377	175
			377	176
			377	177
			377	178
			377	179
			377	180
			377	181
			377	182
			377	183
			377	184
			377	185
			377	186
			377	187
			377	188
			377	189
			377	190
			377	191
			377	192
			377	193
			376	194
			376	195
			376	196
			376	197
			376	198
			376	199
			376	200
			376	201
			375	202
			375	203
			375	204
			376	205
			376	206
			376	207
			377	208
			378	209
			378	210
			379	211
			379	212
			380	213
			380	214
			381	215
			381	216
			382	217
			382	218
			383	219
			384	220
			384	221
			385	222
			386	223
			386	224
			387	225
			388	226
			388	227
			388	228
			389	228
			389	229
			390	230
			390	231
			391	231
			391	232
			392	233
			392	234
			393	234
			393	235
			394	236
			394	237
			395	238
			396	239
			396	240
			397	241
			398	242
			398	243
			399	244
			400	245
			400	246
			401	247
			402	248
			402	249
			403	250
			403	251
			404	252
			405	253
			406	254
			406	255
			407	256
			408	257
			408	258
			409	259
			410	260
			411	261
			411	262
			411	263
			412	263
			412	264
			413	265
			414	266
			415	267
			415	268
			416	269
			416	270
			417	271
			418	272
			419	273
			419	274
			420	275
			421	276
			421	277
			422	278
			423	279
			423	280
			424	281
			425	282
			426	283
			426	284
		</suture>
		<anterior type=matrix rownames=FALSE colnames=FALSE nrow=338 ncol=2 as.numeric=TRUE >
			254	16
			255	16
			256	16
			257	16
			258	16
			259	16
			260	15
			261	15
			262	15
			263	15
			264	15
			265	15
			266	15
			267	15
			268	15
			269	15
			270	15
			271	15
			271	16
			272	16
			273	16
			274	16
			275	16
			276	16
			277	16
			278	16
			279	16
			280	17
			281	17
			282	17
			283	17
			284	17
			285	17
			286	18
			287	18
			288	18
			289	18
			290	19
			291	19
			292	19
			293	19
			294	20
			295	20
			296	20
			297	21
			298	21
			299	21
			300	22
			301	22
			302	22
			303	23
			304	23
			305	24
			306	24
			307	24
			308	25
			309	25
			310	26
			311	26
			312	27
			313	27
			314	28
			315	28
			316	29
			317	29
			318	30
			319	30
			320	31
			321	31
			322	32
			323	32
			323	33
			324	33
			325	34
			326	34
			326	35
			327	35
			328	36
			329	36
			329	37
			330	37
			331	38
			332	39
			333	40
			334	40
			335	41
			336	42
			337	42
			338	43
			338	44
			339	44
			340	45
			341	46
			342	46
			343	47
			344	48
			345	48
			345	49
			346	50
			347	51
			348	51
			349	52
			350	53
			351	53
			352	54
			353	55
			354	56
			355	57
			356	58
			357	59
			358	60
			359	60
			359	61
			360	61
			361	62
			362	63
			363	64
			364	65
			365	66
			366	66
			366	67
			367	68
			368	68
			369	69
			370	70
			371	71
			372	72
			373	73
			374	74
			374	75
			375	76
			376	77
			377	78
			378	79
			378	80
			379	81
			380	82
			380	83
			381	84
			382	85
			383	86
			384	87
			384	88
			385	89
			386	90
			386	91
			387	92
			388	93
			388	94
			389	95
			390	96
			390	97
			391	98
			392	99
			392	100
			393	101
			393	102
			394	102
			394	103
			395	104
			395	105
			396	105
			396	106
			396	107
			397	108
			398	109
			398	110
			399	111
			400	112
			400	113
			401	114
			401	115
			402	116
			403	117
			403	118
			403	119
			404	119
			404	120
			405	121
			405	122
			406	123
			406	124
			407	125
			407	126
			408	127
			408	128
			409	128
			409	129
			409	130
			410	131
			410	132
			411	132
			411	133
			411	134
			412	135
			412	136
			413	137
			413	138
			414	139
			414	140
			415	141
			415	142
			416	143
			416	144
			417	145
			417	146
			417	147
			418	148
			418	149
			419	150
			419	151
			420	152
			420	153
			420	154
			421	155
			421	156
			422	157
			422	158
			422	159
			423	160
			423	161
			424	162
			424	163
			424	164
			425	165
			425	166
			425	167
			426	168
			426	169
			426	170
			427	171
			427	172
			427	173
			428	174
			428	175
			428	176
			429	177
			429	178
			429	179
			430	180
			430	181
			430	182
			430	183
			431	183
			431	184
			431	185
			431	186
			432	187
			432	188
			432	189
			432	190
			433	191
			433	192
			433	193
			433	194
			434	195
			434	196
			434	197
			434	198
			435	199
			435	200
			435	201
			435	202
			436	203
			436	204
			436	205
			436	206
			436	207
			437	208
			437	209
			437	210
			437	211
			438	212
			438	213
			438	214
			438	215
			438	216
			438	217
			439	218
			439	219
			439	220
			439	221
			439	222
			440	223
			440	224
			440	225
			440	226
			440	227
			440	228
			440	229
			441	230
			441	231
			441	232
			441	233
			441	234
			441	235
			441	236
			441	237
			442	238
			442	239
			442	240
			442	241
			442	242
			442	243
			442	244
			442	245
			442	246
			443	247
			443	248
			443	249
			443	250
			443	251
			443	252
			443	253
			443	254
			443	255
			443	256
			443	257
			443	258
			443	259
			443	260
			444	261
			444	262
			444	263
			444	264
			444	265
			444	266
			444	267
			444	268
			444	269
			444	270
			444	271
			444	272
			444	273
			444	274
			444	275
			444	276
			444	277
		</anterior>
		<posterior type=matrix rownames=FALSE colnames=FALSE nrow=194 ncol=2 as.numeric=TRUE >
			254	299
			255	299
			256	299
			257	299
			258	299
			259	299
			260	299
			261	299
			262	299
			263	299
			264	299
			265	299
			266	299
			267	299
			268	298
			269	298
			270	298
			271	298
			272	298
			273	298
			274	298
			275	298
			276	297
			277	297
			278	297
			279	297
			280	297
			281	297
			282	296
			283	296
			284	296
			285	296
			286	296
			287	296
			288	295
			289	295
			290	295
			291	295
			292	294
			293	294
			294	294
			295	294
			296	293
			297	293
			298	293
			299	293
			300	292
			301	292
			302	292
			303	291
			304	291
			305	291
			306	291
			307	290
			308	290
			309	290
			310	289
			311	289
			312	289
			313	288
			314	288
			315	288
			316	287
			317	287
			318	286
			319	286
			320	286
			321	285
			322	285
			323	285
			324	284
			325	284
			326	284
			327	283
			328	283
			329	283
			329	282
			330	282
			331	282
			332	281
			333	281
			334	280
			335	280
			336	280
			337	279
			338	279
			339	278
			340	278
			341	278
			342	278
			343	279
			344	279
			345	279
			346	279
			347	279
			348	279
			349	280
			350	280
			351	280
			352	280
			353	280
			354	280
			355	281
			356	281
			357	281
			358	281
			359	281
			360	281
			361	281
			362	282
			363	282
			364	282
			365	282
			366	282
			367	282
			368	282
			369	283
			370	283
			371	283
			372	283
			373	283
			374	283
			375	283
			376	283
			377	284
			378	284
			379	284
			380	284
			381	284
			382	284
			383	284
			384	284
			385	284
			386	285
			387	285
			388	285
			389	285
			390	285
			391	285
			392	285
			393	285
			394	285
			395	285
			396	285
			397	285
			398	285
			399	285
			400	286
			401	286
			402	286
			403	286
			404	286
			405	286
			406	286
			407	286
			408	286
			409	286
			410	286
			411	286
			412	286
			413	286
			414	286
			415	286
			416	286
			417	286
			418	286
			418	285
			419	285
			420	285
			421	285
			422	285
			423	285
			424	285
			425	285
			426	285
			427	285
			427	284
			428	284
			429	284
			430	284
			431	284
			432	283
			433	283
			434	283
			435	283
			436	282
			437	282
			438	282
			439	281
			440	280
			441	280
			442	279
			443	278
			444	277
		</posterior>
	</curves.pixel>
	<curves.scaled type=list>
		<glabella type=matrix rownames=FALSE colnames=FALSE nrow=253 ncol=2 as.numeric=TRUE >
			1.51190476190476	-0.434523809523809
			1.51785714285714	-0.434523809523809
			1.52380952380952	-0.434523809523809
			1.5297619047619	-0.434523809523809
			1.53571428571429	-0.434523809523809
			1.54166666666667	-0.434523809523809
			1.54761904761905	-0.434523809523809
			1.55357142857143	-0.434523809523809
			1.55952380952381	-0.434523809523809
			1.56547619047619	-0.434523809523809
			1.57142857142857	-0.434523809523809
			1.57738095238095	-0.434523809523809
			1.58333333333333	-0.434523809523809
			1.58928571428571	-0.434523809523809
			1.58928571428571	-0.44047619047619
			1.5952380952381	-0.44047619047619
			1.60119047619048	-0.44047619047619
			1.60714285714286	-0.44047619047619
			1.61309523809524	-0.44047619047619
			1.61904761904762	-0.44047619047619
			1.625	-0.44047619047619
			1.63095238095238	-0.44047619047619
			1.63690476190476	-0.446428571428571
			1.64285714285714	-0.446428571428571
			1.64880952380952	-0.446428571428571
			1.6547619047619	-0.446428571428571
			1.66071428571429	-0.446428571428571
			1.66666666666667	-0.446428571428571
			1.67261904761905	-0.452380952380952
			1.67857142857143	-0.452380952380952
			1.68452380952381	-0.452380952380952
			1.69047619047619	-0.452380952380952
			1.69642857142857	-0.458333333333333
			1.70238095238095	-0.458333333333333
			1.70833333333333	-0.458333333333333
			1.71428571428571	-0.458333333333333
			1.7202380952381	-0.464285714285714
			1.72619047619048	-0.464285714285714
			1.73214285714286	-0.464285714285714
			1.73809523809524	-0.470238095238095
			1.74404761904762	-0.470238095238095
			1.75	-0.470238095238095
			1.75595238095238	-0.476190476190476
			1.76190476190476	-0.476190476190476
			1.76785714285714	-0.482142857142857
			1.77380952380952	-0.482142857142857
			1.7797619047619	-0.482142857142857
			1.78571428571429	-0.488095238095238
			1.79166666666667	-0.494047619047619
			1.79761904761905	-0.5
			1.80357142857143	-0.505952380952381
			1.80952380952381	-0.511904761904762
			1.81547619047619	-0.517857142857143
			1.82142857142857	-0.523809523809524
			1.82142857142857	-0.529761904761905
			1.82738095238095	-0.535714285714286
			1.83333333333333	-0.535714285714286
			1.83333333333333	-0.541666666666667
			1.83928571428571	-0.547619047619048
			1.83928571428571	-0.553571428571428
			1.8452380952381	-0.55952380952381
			1.85119047619048	-0.55952380952381
			1.85119047619048	-0.56547619047619
			1.85714285714286	-0.571428571428571
			1.85714285714286	-0.577380952380952
			1.86309523809524	-0.577380952380952
			1.86904761904762	-0.583333333333333
			1.86904761904762	-0.589285714285714
			1.875	-0.595238095238095
			1.875	-0.601190476190476
			1.88095238095238	-0.601190476190476
			1.88095238095238	-0.607142857142857
			1.88690476190476	-0.613095238095238
			1.89285714285714	-0.619047619047619
			1.89285714285714	-0.625
			1.89880952380952	-0.630952380952381
			1.89880952380952	-0.636904761904762
			1.9047619047619	-0.636904761904762
			1.9047619047619	-0.642857142857143
			1.91071428571429	-0.648809523809524
			1.91071428571429	-0.654761904761905
			1.91666666666667	-0.660714285714286
			1.91666666666667	-0.666666666666667
			1.92261904761905	-0.672619047619048
			1.92261904761905	-0.678571428571428
			1.92857142857143	-0.678571428571428
			1.92857142857143	-0.68452380952381
			1.93452380952381	-0.69047619047619
			1.93452380952381	-0.696428571428571
			1.94047619047619	-0.702380952380952
			1.94047619047619	-0.708333333333333
			1.94642857142857	-0.714285714285714
			1.94642857142857	-0.720238095238095
			1.95238095238095	-0.726190476190476
			1.95238095238095	-0.732142857142857
			1.95833333333333	-0.738095238095238
			1.95833333333333	-0.744047619047619
			1.96428571428571	-0.75
			1.96428571428571	-0.755952380952381
			1.9702380952381	-0.755952380952381
			1.9702380952381	-0.761904761904762
			1.97619047619048	-0.767857142857143
			1.97619047619048	-0.773809523809524
			1.98214285714286	-0.779761904761905
			1.98214285714286	-0.785714285714286
			1.98214285714286	-0.791666666666667
			1.98809523809524	-0.797619047619048
			1.98809523809524	-0.803571428571428
			1.99404761904762	-0.80952380952381
			1.99404761904762	-0.81547619047619
			2	-0.821428571428571
			2	-0.827380952380952
			2	-0.833333333333333
			2.00595238095238	-0.839285714285714
			2.00595238095238	-0.845238095238095
			2.00595238095238	-0.851190476190476
			2.01190476190476	-0.857142857142857
			2.01190476190476	-0.863095238095238
			2.01785714285714	-0.869047619047619
			2.01785714285714	-0.875
			2.01785714285714	-0.880952380952381
			2.02380952380952	-0.886904761904762
			2.02380952380952	-0.892857142857143
			2.02380952380952	-0.898809523809524
			2.02380952380952	-0.904761904761905
			2.0297619047619	-0.910714285714286
			2.0297619047619	-0.916666666666667
			2.0297619047619	-0.922619047619048
			2.03571428571429	-0.928571428571428
			2.03571428571429	-0.934523809523809
			2.03571428571429	-0.94047619047619
			2.04166666666667	-0.946428571428571
			2.04166666666667	-0.952380952380952
			2.04166666666667	-0.958333333333333
			2.04761904761905	-0.964285714285714
			2.04761904761905	-0.970238095238095
			2.04761904761905	-0.976190476190476
			2.04761904761905	-0.982142857142857
			2.05357142857143	-0.988095238095238
			2.05357142857143	-0.994047619047619
			2.05357142857143	-1
			2.05357142857143	-1.00595238095238
			2.05952380952381	-1.00595238095238
			2.05952380952381	-1.01190476190476
			2.05952380952381	-1.01785714285714
			2.05952380952381	-1.02380952380952
			2.06547619047619	-1.0297619047619
			2.06547619047619	-1.03571428571429
			2.06547619047619	-1.04166666666667
			2.06547619047619	-1.04761904761905
			2.07142857142857	-1.05357142857143
			2.07142857142857	-1.05952380952381
			2.07142857142857	-1.06547619047619
			2.07142857142857	-1.07142857142857
			2.07738095238095	-1.07738095238095
			2.07738095238095	-1.08333333333333
			2.07738095238095	-1.08928571428571
			2.07738095238095	-1.0952380952381
			2.07738095238095	-1.10119047619048
			2.08333333333333	-1.10714285714286
			2.08333333333333	-1.11309523809524
			2.08333333333333	-1.11904761904762
			2.08333333333333	-1.125
			2.08333333333333	-1.13095238095238
			2.08928571428571	-1.13095238095238
			2.08928571428571	-1.13690476190476
			2.08928571428571	-1.14285714285714
			2.08928571428571	-1.14880952380952
			2.08928571428571	-1.1547619047619
			2.08928571428571	-1.16071428571429
			2.09523809523809	-1.16666666666667
			2.09523809523809	-1.17261904761905
			2.09523809523809	-1.17857142857143
			2.09523809523809	-1.18452380952381
			2.09523809523809	-1.19047619047619
			2.09523809523809	-1.19642857142857
			2.10119047619048	-1.20238095238095
			2.10119047619048	-1.20833333333333
			2.10119047619048	-1.21428571428571
			2.10119047619048	-1.2202380952381
			2.10119047619048	-1.22619047619048
			2.10119047619048	-1.23214285714286
			2.10119047619048	-1.23809523809524
			2.10119047619048	-1.24404761904762
			2.10714285714286	-1.25
			2.10714285714286	-1.25595238095238
			2.10714285714286	-1.26190476190476
			2.10714285714286	-1.26785714285714
			2.10714285714286	-1.27380952380952
			2.10714285714286	-1.2797619047619
			2.10714285714286	-1.28571428571429
			2.10714285714286	-1.29166666666667
			2.10714285714286	-1.29761904761905
			2.10714285714286	-1.30357142857143
			2.10714285714286	-1.30952380952381
			2.10714285714286	-1.31547619047619
			2.10714285714286	-1.32142857142857
			2.10714285714286	-1.32738095238095
			2.10714285714286	-1.33333333333333
			2.10714285714286	-1.33928571428571
			2.10714285714286	-1.3452380952381
			2.10714285714286	-1.35119047619048
			2.10714285714286	-1.35714285714286
			2.10714285714286	-1.36309523809524
			2.10714285714286	-1.36904761904762
			2.10714285714286	-1.375
			2.10714285714286	-1.38095238095238
			2.10714285714286	-1.38690476190476
			2.10714285714286	-1.39285714285714
			2.10714285714286	-1.39880952380952
			2.10714285714286	-1.4047619047619
			2.10714285714286	-1.41071428571429
			2.10714285714286	-1.41666666666667
			2.10714285714286	-1.42261904761905
			2.10119047619048	-1.42857142857143
			2.10119047619048	-1.43452380952381
			2.10119047619048	-1.44047619047619
			2.10119047619048	-1.44642857142857
			2.10119047619048	-1.45238095238095
			2.10119047619048	-1.45833333333333
			2.10119047619048	-1.46428571428571
			2.09523809523809	-1.4702380952381
			2.09523809523809	-1.47619047619048
			2.09523809523809	-1.48214285714286
			2.09523809523809	-1.48809523809524
			2.09523809523809	-1.49404761904762
			2.08928571428571	-1.5
			2.08928571428571	-1.50595238095238
			2.08928571428571	-1.51190476190476
			2.08928571428571	-1.51785714285714
			2.08333333333333	-1.52380952380952
			2.08333333333333	-1.5297619047619
			2.07738095238095	-1.53571428571429
			2.07738095238095	-1.54166666666667
			2.07738095238095	-1.54761904761905
			2.07142857142857	-1.55357142857143
			2.07142857142857	-1.55952380952381
			2.06547619047619	-1.56547619047619
			2.06547619047619	-1.57142857142857
			2.06547619047619	-1.57738095238095
			2.05952380952381	-1.58333333333333
			2.05952380952381	-1.58928571428571
			2.05357142857143	-1.5952380952381
			2.05357142857143	-1.60119047619048
			2.04761904761905	-1.60714285714286
			2.04761904761905	-1.61309523809524
			2.04166666666667	-1.61904761904762
			2.04166666666667	-1.625
			2.03571428571429	-1.63095238095238
			2.03571428571429	-1.63690476190476
			2.0297619047619	-1.64285714285714
			2.02380952380952	-1.64285714285714
			2.02380952380952	-1.64880952380952
		</glabella>
		<suture type=matrix rownames=FALSE colnames=FALSE nrow=345 ncol=2 as.numeric=TRUE >
			1.51190476190476	-0.0952380952380952
			1.51785714285714	-0.0952380952380952
			1.52380952380952	-0.0952380952380952
			1.5297619047619	-0.0952380952380952
			1.53571428571429	-0.0952380952380952
			1.54166666666667	-0.0952380952380952
			1.54166666666667	-0.0892857142857143
			1.54761904761905	-0.0892857142857143
			1.55357142857143	-0.0892857142857143
			1.55952380952381	-0.0892857142857143
			1.56547619047619	-0.0892857142857143
			1.57142857142857	-0.0892857142857143
			1.57738095238095	-0.0892857142857143
			1.58333333333333	-0.0892857142857143
			1.58928571428571	-0.0892857142857143
			1.5952380952381	-0.0892857142857143
			1.60119047619048	-0.0892857142857143
			1.60714285714286	-0.0892857142857143
			1.61309523809524	-0.0952380952380952
			1.61904761904762	-0.0952380952380952
			1.625	-0.0952380952380952
			1.63095238095238	-0.0952380952380952
			1.63690476190476	-0.0952380952380952
			1.64285714285714	-0.0952380952380952
			1.64880952380952	-0.0952380952380952
			1.6547619047619	-0.0952380952380952
			1.66071428571429	-0.0952380952380952
			1.66666666666667	-0.101190476190476
			1.67261904761905	-0.101190476190476
			1.67857142857143	-0.101190476190476
			1.68452380952381	-0.101190476190476
			1.69047619047619	-0.101190476190476
			1.69642857142857	-0.101190476190476
			1.70238095238095	-0.107142857142857
			1.70833333333333	-0.107142857142857
			1.71428571428571	-0.107142857142857
			1.7202380952381	-0.107142857142857
			1.72619047619048	-0.113095238095238
			1.73214285714286	-0.113095238095238
			1.73809523809524	-0.113095238095238
			1.74404761904762	-0.113095238095238
			1.75	-0.119047619047619
			1.75595238095238	-0.119047619047619
			1.76190476190476	-0.119047619047619
			1.76785714285714	-0.125
			1.77380952380952	-0.125
			1.7797619047619	-0.125
			1.78571428571429	-0.130952380952381
			1.79166666666667	-0.130952380952381
			1.79761904761905	-0.130952380952381
			1.80357142857143	-0.136904761904762
			1.80952380952381	-0.136904761904762
			1.81547619047619	-0.142857142857143
			1.82142857142857	-0.142857142857143
			1.82738095238095	-0.142857142857143
			1.83333333333333	-0.148809523809524
			1.83928571428571	-0.148809523809524
			1.8452380952381	-0.148809523809524
			1.8452380952381	-0.154761904761905
			1.85119047619048	-0.154761904761905
			1.85714285714286	-0.160714285714286
			1.86309523809524	-0.160714285714286
			1.86904761904762	-0.160714285714286
			1.875	-0.166666666666667
			1.88095238095238	-0.166666666666667
			1.88690476190476	-0.172619047619048
			1.89285714285714	-0.178571428571429
			1.89880952380952	-0.178571428571429
			1.9047619047619	-0.18452380952381
			1.91071428571429	-0.18452380952381
			1.91666666666667	-0.19047619047619
			1.92261904761905	-0.19047619047619
			1.92857142857143	-0.196428571428571
			1.93452380952381	-0.202380952380952
			1.94047619047619	-0.202380952380952
			1.94642857142857	-0.208333333333333
			1.95238095238095	-0.214285714285714
			1.95833333333333	-0.214285714285714
			1.96428571428571	-0.220238095238095
			1.96428571428571	-0.226190476190476
			1.9702380952381	-0.226190476190476
			1.97619047619048	-0.232142857142857
			1.98214285714286	-0.238095238095238
			1.98809523809524	-0.238095238095238
			1.99404761904762	-0.244047619047619
			2	-0.25
			2.00595238095238	-0.25
			2.01190476190476	-0.255952380952381
			2.01190476190476	-0.261904761904762
			2.01785714285714	-0.261904761904762
			2.02380952380952	-0.267857142857143
			2.0297619047619	-0.273809523809524
			2.03571428571429	-0.279761904761905
			2.04166666666667	-0.279761904761905
			2.04761904761905	-0.285714285714286
			2.05357142857143	-0.291666666666667
			2.05952380952381	-0.291666666666667
			2.05952380952381	-0.297619047619048
			2.06547619047619	-0.303571428571429
			2.07142857142857	-0.30952380952381
			2.07738095238095	-0.30952380952381
			2.08333333333333	-0.31547619047619
			2.08928571428571	-0.321428571428571
			2.09523809523809	-0.327380952380952
			2.10119047619048	-0.327380952380952
			2.10714285714286	-0.333333333333333
			2.10714285714286	-0.339285714285714
			2.11309523809524	-0.345238095238095
			2.11904761904762	-0.345238095238095
			2.125	-0.351190476190476
			2.13095238095238	-0.357142857142857
			2.13690476190476	-0.363095238095238
			2.14285714285714	-0.369047619047619
			2.14880952380952	-0.369047619047619
			2.1547619047619	-0.375
			2.1547619047619	-0.380952380952381
			2.16071428571429	-0.386904761904762
			2.16666666666667	-0.392857142857143
			2.17261904761905	-0.392857142857143
			2.17857142857143	-0.398809523809524
			2.18452380952381	-0.404761904761905
			2.19047619047619	-0.410714285714286
			2.19642857142857	-0.416666666666667
			2.20238095238095	-0.422619047619048
			2.20238095238095	-0.428571428571429
			2.20833333333333	-0.428571428571429
			2.20833333333333	-0.434523809523809
			2.21428571428571	-0.434523809523809
			2.21428571428571	-0.44047619047619
			2.21428571428571	-0.446428571428571
			2.22023809523809	-0.452380952380952
			2.22023809523809	-0.458333333333333
			2.22023809523809	-0.464285714285714
			2.22023809523809	-0.470238095238095
			2.22023809523809	-0.476190476190476
			2.22023809523809	-0.482142857142857
			2.22023809523809	-0.488095238095238
			2.22023809523809	-0.494047619047619
			2.22023809523809	-0.5
			2.22023809523809	-0.505952380952381
			2.21428571428571	-0.505952380952381
			2.21428571428571	-0.511904761904762
			2.21428571428571	-0.517857142857143
			2.21428571428571	-0.523809523809524
			2.21428571428571	-0.529761904761905
			2.20833333333333	-0.535714285714286
			2.20833333333333	-0.541666666666667
			2.20833333333333	-0.547619047619048
			2.20833333333333	-0.553571428571428
			2.20238095238095	-0.55952380952381
			2.20238095238095	-0.56547619047619
			2.20238095238095	-0.571428571428571
			2.20238095238095	-0.577380952380952
			2.19642857142857	-0.583333333333333
			2.19642857142857	-0.589285714285714
			2.19642857142857	-0.595238095238095
			2.19642857142857	-0.601190476190476
			2.19642857142857	-0.607142857142857
			2.19642857142857	-0.613095238095238
			2.19047619047619	-0.619047619047619
			2.19047619047619	-0.625
			2.19047619047619	-0.630952380952381
			2.19047619047619	-0.636904761904762
			2.19047619047619	-0.642857142857143
			2.19047619047619	-0.648809523809524
			2.19047619047619	-0.654761904761905
			2.18452380952381	-0.660714285714286
			2.18452380952381	-0.666666666666667
			2.18452380952381	-0.672619047619048
			2.18452380952381	-0.678571428571428
			2.18452380952381	-0.68452380952381
			2.18452380952381	-0.69047619047619
			2.18452380952381	-0.696428571428571
			2.18452380952381	-0.702380952380952
			2.17857142857143	-0.708333333333333
			2.17857142857143	-0.714285714285714
			2.17857142857143	-0.720238095238095
			2.17857142857143	-0.726190476190476
			2.17857142857143	-0.732142857142857
			2.17857142857143	-0.738095238095238
			2.17857142857143	-0.744047619047619
			2.17857142857143	-0.75
			2.17857142857143	-0.755952380952381
			2.17261904761905	-0.761904761904762
			2.17261904761905	-0.767857142857143
			2.17261904761905	-0.773809523809524
			2.17261904761905	-0.779761904761905
			2.17261904761905	-0.785714285714286
			2.17261904761905	-0.791666666666667
			2.17261904761905	-0.797619047619048
			2.17857142857143	-0.797619047619048
			2.17857142857143	-0.803571428571428
			2.18452380952381	-0.80952380952381
			2.18452380952381	-0.81547619047619
			2.19047619047619	-0.821428571428571
			2.19642857142857	-0.827380952380952
			2.19642857142857	-0.833333333333333
			2.20238095238095	-0.839285714285714
			2.20238095238095	-0.845238095238095
			2.20833333333333	-0.851190476190476
			2.20833333333333	-0.857142857142857
			2.20833333333333	-0.863095238095238
			2.21428571428571	-0.869047619047619
			2.21428571428571	-0.875
			2.21428571428571	-0.880952380952381
			2.22023809523809	-0.886904761904762
			2.22023809523809	-0.892857142857143
			2.22023809523809	-0.898809523809524
			2.22619047619048	-0.904761904761905
			2.22619047619048	-0.910714285714286
			2.22619047619048	-0.916666666666667
			2.22619047619048	-0.922619047619048
			2.23214285714286	-0.928571428571428
			2.23214285714286	-0.934523809523809
			2.23214285714286	-0.94047619047619
			2.23214285714286	-0.946428571428571
			2.23809523809524	-0.952380952380952
			2.23809523809524	-0.958333333333333
			2.23809523809524	-0.964285714285714
			2.23809523809524	-0.970238095238095
			2.23809523809524	-0.976190476190476
			2.24404761904762	-0.982142857142857
			2.24404761904762	-0.988095238095238
			2.24404761904762	-0.994047619047619
			2.24404761904762	-1
			2.24404761904762	-1.00595238095238
			2.24404761904762	-1.01190476190476
			2.24404761904762	-1.01785714285714
			2.24404761904762	-1.02380952380952
			2.24404761904762	-1.0297619047619
			2.24404761904762	-1.03571428571429
			2.24404761904762	-1.04166666666667
			2.24404761904762	-1.04761904761905
			2.24404761904762	-1.05357142857143
			2.24404761904762	-1.05952380952381
			2.24404761904762	-1.06547619047619
			2.24404761904762	-1.07142857142857
			2.24404761904762	-1.07738095238095
			2.24404761904762	-1.08333333333333
			2.24404761904762	-1.08928571428571
			2.24404761904762	-1.0952380952381
			2.24404761904762	-1.10119047619048
			2.24404761904762	-1.10714285714286
			2.24404761904762	-1.11309523809524
			2.24404761904762	-1.11904761904762
			2.24404761904762	-1.125
			2.24404761904762	-1.13095238095238
			2.24404761904762	-1.13690476190476
			2.24404761904762	-1.14285714285714
			2.24404761904762	-1.14880952380952
			2.23809523809524	-1.1547619047619
			2.23809523809524	-1.16071428571429
			2.23809523809524	-1.16666666666667
			2.23809523809524	-1.17261904761905
			2.23809523809524	-1.17857142857143
			2.23809523809524	-1.18452380952381
			2.23809523809524	-1.19047619047619
			2.23809523809524	-1.19642857142857
			2.23214285714286	-1.20238095238095
			2.23214285714286	-1.20833333333333
			2.23214285714286	-1.21428571428571
			2.23809523809524	-1.2202380952381
			2.23809523809524	-1.22619047619048
			2.23809523809524	-1.23214285714286
			2.24404761904762	-1.23809523809524
			2.25	-1.24404761904762
			2.25	-1.25
			2.25595238095238	-1.25595238095238
			2.25595238095238	-1.26190476190476
			2.26190476190476	-1.26785714285714
			2.26190476190476	-1.27380952380952
			2.26785714285714	-1.2797619047619
			2.26785714285714	-1.28571428571429
			2.27380952380952	-1.29166666666667
			2.27380952380952	-1.29761904761905
			2.2797619047619	-1.30357142857143
			2.28571428571429	-1.30952380952381
			2.28571428571429	-1.31547619047619
			2.29166666666667	-1.32142857142857
			2.29761904761905	-1.32738095238095
			2.29761904761905	-1.33333333333333
			2.30357142857143	-1.33928571428571
			2.30952380952381	-1.3452380952381
			2.30952380952381	-1.35119047619048
			2.30952380952381	-1.35714285714286
			2.31547619047619	-1.35714285714286
			2.31547619047619	-1.36309523809524
			2.32142857142857	-1.36904761904762
			2.32142857142857	-1.375
			2.32738095238095	-1.375
			2.32738095238095	-1.38095238095238
			2.33333333333333	-1.38690476190476
			2.33333333333333	-1.39285714285714
			2.33928571428571	-1.39285714285714
			2.33928571428571	-1.39880952380952
			2.34523809523809	-1.4047619047619
			2.34523809523809	-1.41071428571429
			2.35119047619048	-1.41666666666667
			2.35714285714286	-1.42261904761905
			2.35714285714286	-1.42857142857143
			2.36309523809524	-1.43452380952381
			2.36904761904762	-1.44047619047619
			2.36904761904762	-1.44642857142857
			2.375	-1.45238095238095
			2.38095238095238	-1.45833333333333
			2.38095238095238	-1.46428571428571
			2.38690476190476	-1.4702380952381
			2.39285714285714	-1.47619047619048
			2.39285714285714	-1.48214285714286
			2.39880952380952	-1.48809523809524
			2.39880952380952	-1.49404761904762
			2.4047619047619	-1.5
			2.41071428571429	-1.50595238095238
			2.41666666666667	-1.51190476190476
			2.41666666666667	-1.51785714285714
			2.42261904761905	-1.52380952380952
			2.42857142857143	-1.5297619047619
			2.42857142857143	-1.53571428571429
			2.43452380952381	-1.54166666666667
			2.44047619047619	-1.54761904761905
			2.44642857142857	-1.55357142857143
			2.44642857142857	-1.55952380952381
			2.44642857142857	-1.56547619047619
			2.45238095238095	-1.56547619047619
			2.45238095238095	-1.57142857142857
			2.45833333333333	-1.57738095238095
			2.46428571428571	-1.58333333333333
			2.47023809523809	-1.58928571428571
			2.47023809523809	-1.5952380952381
			2.47619047619048	-1.60119047619048
			2.47619047619048	-1.60714285714286
			2.48214285714286	-1.61309523809524
			2.48809523809524	-1.61904761904762
			2.49404761904762	-1.625
			2.49404761904762	-1.63095238095238
			2.5	-1.63690476190476
			2.50595238095238	-1.64285714285714
			2.50595238095238	-1.64880952380952
			2.51190476190476	-1.6547619047619
			2.51785714285714	-1.66071428571429
			2.51785714285714	-1.66666666666667
			2.52380952380952	-1.67261904761905
			2.5297619047619	-1.67857142857143
			2.53571428571429	-1.68452380952381
			2.53571428571429	-1.69047619047619
		</suture>
		<anterior type=matrix rownames=FALSE colnames=FALSE nrow=338 ncol=2 as.numeric=TRUE >
			1.51190476190476	-0.0952380952380952
			1.51785714285714	-0.0952380952380952
			1.52380952380952	-0.0952380952380952
			1.5297619047619	-0.0952380952380952
			1.53571428571429	-0.0952380952380952
			1.54166666666667	-0.0952380952380952
			1.54761904761905	-0.0892857142857143
			1.55357142857143	-0.0892857142857143
			1.55952380952381	-0.0892857142857143
			1.56547619047619	-0.0892857142857143
			1.57142857142857	-0.0892857142857143
			1.57738095238095	-0.0892857142857143
			1.58333333333333	-0.0892857142857143
			1.58928571428571	-0.0892857142857143
			1.5952380952381	-0.0892857142857143
			1.60119047619048	-0.0892857142857143
			1.60714285714286	-0.0892857142857143
			1.61309523809524	-0.0892857142857143
			1.61309523809524	-0.0952380952380952
			1.61904761904762	-0.0952380952380952
			1.625	-0.0952380952380952
			1.63095238095238	-0.0952380952380952
			1.63690476190476	-0.0952380952380952
			1.64285714285714	-0.0952380952380952
			1.64880952380952	-0.0952380952380952
			1.6547619047619	-0.0952380952380952
			1.66071428571429	-0.0952380952380952
			1.66666666666667	-0.101190476190476
			1.67261904761905	-0.101190476190476
			1.67857142857143	-0.101190476190476
			1.68452380952381	-0.101190476190476
			1.69047619047619	-0.101190476190476
			1.69642857142857	-0.101190476190476
			1.70238095238095	-0.107142857142857
			1.70833333333333	-0.107142857142857
			1.71428571428571	-0.107142857142857
			1.7202380952381	-0.107142857142857
			1.72619047619048	-0.113095238095238
			1.73214285714286	-0.113095238095238
			1.73809523809524	-0.113095238095238
			1.74404761904762	-0.113095238095238
			1.75	-0.119047619047619
			1.75595238095238	-0.119047619047619
			1.76190476190476	-0.119047619047619
			1.76785714285714	-0.125
			1.77380952380952	-0.125
			1.7797619047619	-0.125
			1.78571428571429	-0.130952380952381
			1.79166666666667	-0.130952380952381
			1.79761904761905	-0.130952380952381
			1.80357142857143	-0.136904761904762
			1.80952380952381	-0.136904761904762
			1.81547619047619	-0.142857142857143
			1.82142857142857	-0.142857142857143
			1.82738095238095	-0.142857142857143
			1.83333333333333	-0.148809523809524
			1.83928571428571	-0.148809523809524
			1.8452380952381	-0.154761904761905
			1.85119047619048	-0.154761904761905
			1.85714285714286	-0.160714285714286
			1.86309523809524	-0.160714285714286
			1.86904761904762	-0.166666666666667
			1.875	-0.166666666666667
			1.88095238095238	-0.172619047619048
			1.88690476190476	-0.172619047619048
			1.89285714285714	-0.178571428571429
			1.89880952380952	-0.178571428571429
			1.9047619047619	-0.18452380952381
			1.91071428571429	-0.18452380952381
			1.91666666666667	-0.19047619047619
			1.92261904761905	-0.19047619047619
			1.92261904761905	-0.196428571428571
			1.92857142857143	-0.196428571428571
			1.93452380952381	-0.202380952380952
			1.94047619047619	-0.202380952380952
			1.94047619047619	-0.208333333333333
			1.94642857142857	-0.208333333333333
			1.95238095238095	-0.214285714285714
			1.95833333333333	-0.214285714285714
			1.95833333333333	-0.220238095238095
			1.96428571428571	-0.220238095238095
			1.9702380952381	-0.226190476190476
			1.97619047619048	-0.232142857142857
			1.98214285714286	-0.238095238095238
			1.98809523809524	-0.238095238095238
			1.99404761904762	-0.244047619047619
			2	-0.25
			2.00595238095238	-0.25
			2.01190476190476	-0.255952380952381
			2.01190476190476	-0.261904761904762
			2.01785714285714	-0.261904761904762
			2.02380952380952	-0.267857142857143
			2.0297619047619	-0.273809523809524
			2.03571428571429	-0.273809523809524
			2.04166666666667	-0.279761904761905
			2.04761904761905	-0.285714285714286
			2.05357142857143	-0.285714285714286
			2.05357142857143	-0.291666666666667
			2.05952380952381	-0.297619047619048
			2.06547619047619	-0.303571428571429
			2.07142857142857	-0.303571428571429
			2.07738095238095	-0.30952380952381
			2.08333333333333	-0.31547619047619
			2.08928571428571	-0.31547619047619
			2.09523809523809	-0.321428571428571
			2.10119047619048	-0.327380952380952
			2.10714285714286	-0.333333333333333
			2.11309523809524	-0.339285714285714
			2.11904761904762	-0.345238095238095
			2.125	-0.351190476190476
			2.13095238095238	-0.357142857142857
			2.13690476190476	-0.357142857142857
			2.13690476190476	-0.363095238095238
			2.14285714285714	-0.363095238095238
			2.14880952380952	-0.369047619047619
			2.1547619047619	-0.375
			2.16071428571429	-0.380952380952381
			2.16666666666667	-0.386904761904762
			2.17261904761905	-0.392857142857143
			2.17857142857143	-0.392857142857143
			2.17857142857143	-0.398809523809524
			2.18452380952381	-0.404761904761905
			2.19047619047619	-0.404761904761905
			2.19642857142857	-0.410714285714286
			2.20238095238095	-0.416666666666667
			2.20833333333333	-0.422619047619048
			2.21428571428571	-0.428571428571429
			2.22023809523809	-0.434523809523809
			2.22619047619048	-0.44047619047619
			2.22619047619048	-0.446428571428571
			2.23214285714286	-0.452380952380952
			2.23809523809524	-0.458333333333333
			2.24404761904762	-0.464285714285714
			2.25	-0.470238095238095
			2.25	-0.476190476190476
			2.25595238095238	-0.482142857142857
			2.26190476190476	-0.488095238095238
			2.26190476190476	-0.494047619047619
			2.26785714285714	-0.5
			2.27380952380952	-0.505952380952381
			2.2797619047619	-0.511904761904762
			2.28571428571429	-0.517857142857143
			2.28571428571429	-0.523809523809524
			2.29166666666667	-0.529761904761905
			2.29761904761905	-0.535714285714286
			2.29761904761905	-0.541666666666667
			2.30357142857143	-0.547619047619048
			2.30952380952381	-0.553571428571428
			2.30952380952381	-0.55952380952381
			2.31547619047619	-0.56547619047619
			2.32142857142857	-0.571428571428571
			2.32142857142857	-0.577380952380952
			2.32738095238095	-0.583333333333333
			2.33333333333333	-0.589285714285714
			2.33333333333333	-0.595238095238095
			2.33928571428571	-0.601190476190476
			2.33928571428571	-0.607142857142857
			2.34523809523809	-0.607142857142857
			2.34523809523809	-0.613095238095238
			2.35119047619048	-0.619047619047619
			2.35119047619048	-0.625
			2.35714285714286	-0.625
			2.35714285714286	-0.630952380952381
			2.35714285714286	-0.636904761904762
			2.36309523809524	-0.642857142857143
			2.36904761904762	-0.648809523809524
			2.36904761904762	-0.654761904761905
			2.375	-0.660714285714286
			2.38095238095238	-0.666666666666667
			2.38095238095238	-0.672619047619048
			2.38690476190476	-0.678571428571428
			2.38690476190476	-0.68452380952381
			2.39285714285714	-0.69047619047619
			2.39880952380952	-0.696428571428571
			2.39880952380952	-0.702380952380952
			2.39880952380952	-0.708333333333333
			2.4047619047619	-0.708333333333333
			2.4047619047619	-0.714285714285714
			2.41071428571429	-0.720238095238095
			2.41071428571429	-0.726190476190476
			2.41666666666667	-0.732142857142857
			2.41666666666667	-0.738095238095238
			2.42261904761905	-0.744047619047619
			2.42261904761905	-0.75
			2.42857142857143	-0.755952380952381
			2.42857142857143	-0.761904761904762
			2.43452380952381	-0.761904761904762
			2.43452380952381	-0.767857142857143
			2.43452380952381	-0.773809523809524
			2.44047619047619	-0.779761904761905
			2.44047619047619	-0.785714285714286
			2.44642857142857	-0.785714285714286
			2.44642857142857	-0.791666666666667
			2.44642857142857	-0.797619047619048
			2.45238095238095	-0.803571428571428
			2.45238095238095	-0.80952380952381
			2.45833333333333	-0.81547619047619
			2.45833333333333	-0.821428571428571
			2.46428571428571	-0.827380952380952
			2.46428571428571	-0.833333333333333
			2.47023809523809	-0.839285714285714
			2.47023809523809	-0.845238095238095
			2.47619047619048	-0.851190476190476
			2.47619047619048	-0.857142857142857
			2.48214285714286	-0.863095238095238
			2.48214285714286	-0.869047619047619
			2.48214285714286	-0.875
			2.48809523809524	-0.880952380952381
			2.48809523809524	-0.886904761904762
			2.49404761904762	-0.892857142857143
			2.49404761904762	-0.898809523809524
			2.5	-0.904761904761905
			2.5	-0.910714285714286
			2.5	-0.916666666666667
			2.50595238095238	-0.922619047619048
			2.50595238095238	-0.928571428571428
			2.51190476190476	-0.934523809523809
			2.51190476190476	-0.94047619047619
			2.51190476190476	-0.946428571428571
			2.51785714285714	-0.952380952380952
			2.51785714285714	-0.958333333333333
			2.52380952380952	-0.964285714285714
			2.52380952380952	-0.970238095238095
			2.52380952380952	-0.976190476190476
			2.5297619047619	-0.982142857142857
			2.5297619047619	-0.988095238095238
			2.5297619047619	-0.994047619047619
			2.53571428571429	-1
			2.53571428571429	-1.00595238095238
			2.53571428571429	-1.01190476190476
			2.54166666666667	-1.01785714285714
			2.54166666666667	-1.02380952380952
			2.54166666666667	-1.0297619047619
			2.54761904761905	-1.03571428571429
			2.54761904761905	-1.04166666666667
			2.54761904761905	-1.04761904761905
			2.55357142857143	-1.05357142857143
			2.55357142857143	-1.05952380952381
			2.55357142857143	-1.06547619047619
			2.55952380952381	-1.07142857142857
			2.55952380952381	-1.07738095238095
			2.55952380952381	-1.08333333333333
			2.55952380952381	-1.08928571428571
			2.56547619047619	-1.08928571428571
			2.56547619047619	-1.0952380952381
			2.56547619047619	-1.10119047619048
			2.56547619047619	-1.10714285714286
			2.57142857142857	-1.11309523809524
			2.57142857142857	-1.11904761904762
			2.57142857142857	-1.125
			2.57142857142857	-1.13095238095238
			2.57738095238095	-1.13690476190476
			2.57738095238095	-1.14285714285714
			2.57738095238095	-1.14880952380952
			2.57738095238095	-1.1547619047619
			2.58333333333333	-1.16071428571429
			2.58333333333333	-1.16666666666667
			2.58333333333333	-1.17261904761905
			2.58333333333333	-1.17857142857143
			2.58928571428571	-1.18452380952381
			2.58928571428571	-1.19047619047619
			2.58928571428571	-1.19642857142857
			2.58928571428571	-1.20238095238095
			2.59523809523809	-1.20833333333333
			2.59523809523809	-1.21428571428571
			2.59523809523809	-1.2202380952381
			2.59523809523809	-1.22619047619048
			2.59523809523809	-1.23214285714286
			2.60119047619048	-1.23809523809524
			2.60119047619048	-1.24404761904762
			2.60119047619048	-1.25
			2.60119047619048	-1.25595238095238
			2.60714285714286	-1.26190476190476
			2.60714285714286	-1.26785714285714
			2.60714285714286	-1.27380952380952
			2.60714285714286	-1.2797619047619
			2.60714285714286	-1.28571428571429
			2.60714285714286	-1.29166666666667
			2.61309523809524	-1.29761904761905
			2.61309523809524	-1.30357142857143
			2.61309523809524	-1.30952380952381
			2.61309523809524	-1.31547619047619
			2.61309523809524	-1.32142857142857
			2.61904761904762	-1.32738095238095
			2.61904761904762	-1.33333333333333
			2.61904761904762	-1.33928571428571
			2.61904761904762	-1.3452380952381
			2.61904761904762	-1.35119047619048
			2.61904761904762	-1.35714285714286
			2.61904761904762	-1.36309523809524
			2.625	-1.36904761904762
			2.625	-1.375
			2.625	-1.38095238095238
			2.625	-1.38690476190476
			2.625	-1.39285714285714
			2.625	-1.39880952380952
			2.625	-1.4047619047619
			2.625	-1.41071428571429
			2.63095238095238	-1.41666666666667
			2.63095238095238	-1.42261904761905
			2.63095238095238	-1.42857142857143
			2.63095238095238	-1.43452380952381
			2.63095238095238	-1.44047619047619
			2.63095238095238	-1.44642857142857
			2.63095238095238	-1.45238095238095
			2.63095238095238	-1.45833333333333
			2.63095238095238	-1.46428571428571
			2.63690476190476	-1.4702380952381
			2.63690476190476	-1.47619047619048
			2.63690476190476	-1.48214285714286
			2.63690476190476	-1.48809523809524
			2.63690476190476	-1.49404761904762
			2.63690476190476	-1.5
			2.63690476190476	-1.50595238095238
			2.63690476190476	-1.51190476190476
			2.63690476190476	-1.51785714285714
			2.63690476190476	-1.52380952380952
			2.63690476190476	-1.5297619047619
			2.63690476190476	-1.53571428571429
			2.63690476190476	-1.54166666666667
			2.63690476190476	-1.54761904761905
			2.64285714285714	-1.55357142857143
			2.64285714285714	-1.55952380952381
			2.64285714285714	-1.56547619047619
			2.64285714285714	-1.57142857142857
			2.64285714285714	-1.57738095238095
			2.64285714285714	-1.58333333333333
			2.64285714285714	-1.58928571428571
			2.64285714285714	-1.5952380952381
			2.64285714285714	-1.60119047619048
			2.64285714285714	-1.60714285714286
			2.64285714285714	-1.61309523809524
			2.64285714285714	-1.61904761904762
			2.64285714285714	-1.625
			2.64285714285714	-1.63095238095238
			2.64285714285714	-1.63690476190476
			2.64285714285714	-1.64285714285714
			2.64285714285714	-1.64880952380952
		</anterior>
		<posterior type=matrix rownames=FALSE colnames=FALSE nrow=194 ncol=2 as.numeric=TRUE >
			1.51190476190476	-1.7797619047619
			1.51785714285714	-1.7797619047619
			1.52380952380952	-1.7797619047619
			1.5297619047619	-1.7797619047619
			1.53571428571429	-1.7797619047619
			1.54166666666667	-1.7797619047619
			1.54761904761905	-1.7797619047619
			1.55357142857143	-1.7797619047619
			1.55952380952381	-1.7797619047619
			1.56547619047619	-1.7797619047619
			1.57142857142857	-1.7797619047619
			1.57738095238095	-1.7797619047619
			1.58333333333333	-1.7797619047619
			1.58928571428571	-1.7797619047619
			1.5952380952381	-1.77380952380952
			1.60119047619048	-1.77380952380952
			1.60714285714286	-1.77380952380952
			1.61309523809524	-1.77380952380952
			1.61904761904762	-1.77380952380952
			1.625	-1.77380952380952
			1.63095238095238	-1.77380952380952
			1.63690476190476	-1.77380952380952
			1.64285714285714	-1.76785714285714
			1.64880952380952	-1.76785714285714
			1.6547619047619	-1.76785714285714
			1.66071428571429	-1.76785714285714
			1.66666666666667	-1.76785714285714
			1.67261904761905	-1.76785714285714
			1.67857142857143	-1.76190476190476
			1.68452380952381	-1.76190476190476
			1.69047619047619	-1.76190476190476
			1.69642857142857	-1.76190476190476
			1.70238095238095	-1.76190476190476
			1.70833333333333	-1.76190476190476
			1.71428571428571	-1.75595238095238
			1.7202380952381	-1.75595238095238
			1.72619047619048	-1.75595238095238
			1.73214285714286	-1.75595238095238
			1.73809523809524	-1.75
			1.74404761904762	-1.75
			1.75	-1.75
			1.75595238095238	-1.75
			1.76190476190476	-1.74404761904762
			1.76785714285714	-1.74404761904762
			1.77380952380952	-1.74404761904762
			1.7797619047619	-1.74404761904762
			1.78571428571429	-1.73809523809524
			1.79166666666667	-1.73809523809524
			1.79761904761905	-1.73809523809524
			1.80357142857143	-1.73214285714286
			1.80952380952381	-1.73214285714286
			1.81547619047619	-1.73214285714286
			1.82142857142857	-1.73214285714286
			1.82738095238095	-1.72619047619048
			1.83333333333333	-1.72619047619048
			1.83928571428571	-1.72619047619048
			1.8452380952381	-1.7202380952381
			1.85119047619048	-1.7202380952381
			1.85714285714286	-1.7202380952381
			1.86309523809524	-1.71428571428571
			1.86904761904762	-1.71428571428571
			1.875	-1.71428571428571
			1.88095238095238	-1.70833333333333
			1.88690476190476	-1.70833333333333
			1.89285714285714	-1.70238095238095
			1.89880952380952	-1.70238095238095
			1.9047619047619	-1.70238095238095
			1.91071428571429	-1.69642857142857
			1.91666666666667	-1.69642857142857
			1.92261904761905	-1.69642857142857
			1.92857142857143	-1.69047619047619
			1.93452380952381	-1.69047619047619
			1.94047619047619	-1.69047619047619
			1.94642857142857	-1.68452380952381
			1.95238095238095	-1.68452380952381
			1.95833333333333	-1.68452380952381
			1.95833333333333	-1.67857142857143
			1.96428571428571	-1.67857142857143
			1.9702380952381	-1.67857142857143
			1.97619047619048	-1.67261904761905
			1.98214285714286	-1.67261904761905
			1.98809523809524	-1.66666666666667
			1.99404761904762	-1.66666666666667
			2	-1.66666666666667
			2.00595238095238	-1.66071428571429
			2.01190476190476	-1.66071428571429
			2.01785714285714	-1.6547619047619
			2.02380952380952	-1.6547619047619
			2.0297619047619	-1.6547619047619
			2.03571428571429	-1.6547619047619
			2.04166666666667	-1.66071428571429
			2.04761904761905	-1.66071428571429
			2.05357142857143	-1.66071428571429
			2.05952380952381	-1.66071428571429
			2.06547619047619	-1.66071428571429
			2.07142857142857	-1.66071428571429
			2.07738095238095	-1.66666666666667
			2.08333333333333	-1.66666666666667
			2.08928571428571	-1.66666666666667
			2.09523809523809	-1.66666666666667
			2.10119047619048	-1.66666666666667
			2.10714285714286	-1.66666666666667
			2.11309523809524	-1.67261904761905
			2.11904761904762	-1.67261904761905
			2.125	-1.67261904761905
			2.13095238095238	-1.67261904761905
			2.13690476190476	-1.67261904761905
			2.14285714285714	-1.67261904761905
			2.14880952380952	-1.67261904761905
			2.1547619047619	-1.67857142857143
			2.16071428571429	-1.67857142857143
			2.16666666666667	-1.67857142857143
			2.17261904761905	-1.67857142857143
			2.17857142857143	-1.67857142857143
			2.18452380952381	-1.67857142857143
			2.19047619047619	-1.67857142857143
			2.19642857142857	-1.68452380952381
			2.20238095238095	-1.68452380952381
			2.20833333333333	-1.68452380952381
			2.21428571428571	-1.68452380952381
			2.22023809523809	-1.68452380952381
			2.22619047619048	-1.68452380952381
			2.23214285714286	-1.68452380952381
			2.23809523809524	-1.68452380952381
			2.24404761904762	-1.69047619047619
			2.25	-1.69047619047619
			2.25595238095238	-1.69047619047619
			2.26190476190476	-1.69047619047619
			2.26785714285714	-1.69047619047619
			2.27380952380952	-1.69047619047619
			2.2797619047619	-1.69047619047619
			2.28571428571429	-1.69047619047619
			2.29166666666667	-1.69047619047619
			2.29761904761905	-1.69642857142857
			2.30357142857143	-1.69642857142857
			2.30952380952381	-1.69642857142857
			2.31547619047619	-1.69642857142857
			2.32142857142857	-1.69642857142857
			2.32738095238095	-1.69642857142857
			2.33333333333333	-1.69642857142857
			2.33928571428571	-1.69642857142857
			2.34523809523809	-1.69642857142857
			2.35119047619048	-1.69642857142857
			2.35714285714286	-1.69642857142857
			2.36309523809524	-1.69642857142857
			2.36904761904762	-1.69642857142857
			2.375	-1.69642857142857
			2.38095238095238	-1.70238095238095
			2.38690476190476	-1.70238095238095
			2.39285714285714	-1.70238095238095
			2.39880952380952	-1.70238095238095
			2.4047619047619	-1.70238095238095
			2.41071428571429	-1.70238095238095
			2.41666666666667	-1.70238095238095
			2.42261904761905	-1.70238095238095
			2.42857142857143	-1.70238095238095
			2.43452380952381	-1.70238095238095
			2.44047619047619	-1.70238095238095
			2.44642857142857	-1.70238095238095
			2.45238095238095	-1.70238095238095
			2.45833333333333	-1.70238095238095
			2.46428571428571	-1.70238095238095
			2.47023809523809	-1.70238095238095
			2.47619047619048	-1.70238095238095
			2.48214285714286	-1.70238095238095
			2.48809523809524	-1.70238095238095
			2.48809523809524	-1.69642857142857
			2.49404761904762	-1.69642857142857
			2.5	-1.69642857142857
			2.50595238095238	-1.69642857142857
			2.51190476190476	-1.69642857142857
			2.51785714285714	-1.69642857142857
			2.52380952380952	-1.69642857142857
			2.5297619047619	-1.69642857142857
			2.53571428571429	-1.69642857142857
			2.54166666666667	-1.69642857142857
			2.54166666666667	-1.69047619047619
			2.54761904761905	-1.69047619047619
			2.55357142857143	-1.69047619047619
			2.55952380952381	-1.69047619047619
			2.56547619047619	-1.69047619047619
			2.57142857142857	-1.68452380952381
			2.57738095238095	-1.68452380952381
			2.58333333333333	-1.68452380952381
			2.58928571428571	-1.68452380952381
			2.59523809523809	-1.67857142857143
			2.60119047619048	-1.67857142857143
			2.60714285714286	-1.67857142857143
			2.61309523809524	-1.67261904761905
			2.61904761904762	-1.66666666666667
			2.625	-1.66666666666667
			2.63095238095238	-1.66071428571429
			2.63690476190476	-1.6547619047619
			2.64285714285714	-1.64880952380952
		</posterior>
	</curves.scaled>
	<ruler.points type=matrix rownames=TRUE colnames=FALSE nrow=2 ncol=2 as.numeric=TRUE >
		Ruler point 1	45	146
		Ruler point 2	45	314
	</ruler.points>
</shapes>

