<shapes type=list>
	<ruler.pixel type=vector names=FALSE length=1 as.numeric=TRUE >167</ruler.pixel>
	<ruler.interval type=vector names=FALSE length=1 as.numeric=TRUE >0.5</ruler.interval>
	<scaling.units type=vector names=FALSE length=1 as.numeric=FALSE >cm</scaling.units>
	<scaling type=vector names=FALSE length=1 as.numeric=TRUE >0.0029940119760479</scaling>
	<landmarks.pixel type=matrix rownames=TRUE colnames=FALSE nrow=16 ncol=2 as.numeric=TRUE >
		LM1	173	12
		LM2	173	12
		LM3	165	189
		LM4	163	221
		LM5	262	89
		LM6	253	212
		LM7	259	223
		LM8	269	107
		LM9	267	135
		LM10	173	12
		LM11	314	191
		LM12	320	204
		LM13	173	12
		LM14	275	121
		LM15	404	221
		LM16	409	235
	</landmarks.pixel>
	<landmarks.scaled type=matrix rownames=TRUE colnames=FALSE nrow=16 ncol=2 as.numeric=TRUE >
		LM1	0.517964071856287	-0.0359281437125749
		LM2	0.517964071856287	-0.0359281437125749
		LM3	0.494011976047904	-0.565868263473054
		LM4	0.488023952095808	-0.661676646706587
		LM5	0.784431137724551	-0.266467065868263
		LM6	0.75748502994012	-0.634730538922156
		LM7	0.775449101796407	-0.667664670658683
		LM8	0.805389221556886	-0.320359281437126
		LM9	0.79940119760479	-0.404191616766467
		LM10	0.517964071856287	-0.0359281437125749
		LM11	0.940119760479042	-0.57185628742515
		LM12	0.958083832335329	-0.610778443113772
		LM13	0.517964071856287	-0.0359281437125749
		LM14	0.823353293413174	-0.362275449101796
		LM15	1.20958083832335	-0.661676646706587
		LM16	1.22455089820359	-0.703592814371258
	</landmarks.scaled>
	<curves.control type=list>
		<glabella type=matrix rownames=FALSE colnames=FALSE nrow=27 ncol=2 as.numeric=TRUE >
			173	12
			186	14
			202	19
			217	31
			227	42
			236	54
			244	61
			246	65
			254	71
			261	83
			262	95
			261	103
			255	114
			245	130
			240	137
			245	147
			249	158
			249	172
			248	185
			251	186
			253	195
			254	205
			252	210
			256	214
			259	215
			259	220
			259	223
		</glabella>
		<suture type=matrix rownames=FALSE colnames=FALSE nrow=25 ncol=2 as.numeric=TRUE >
			173	12
			186	14
			202	19
			217	31
			227	42
			236	54
			244	61
			246	65
			254	71
			265	83
			269	91
			269	100
			269	104
			265	112
			260	118
			257	123
			263	131
			270	133
			280	150
			287	156
			298	160
			306	169
			313	181
			314	196
			320	204
		</suture>
		<anterior type=matrix rownames=FALSE colnames=FALSE nrow=13 ncol=2 as.numeric=TRUE >
			173	12
			186	14
			202	19
			217	31
			236	54
			244	61
			259	72
			281	88
			316	127
			345	165
			362	171
			384	192
			404	221
		</anterior>
		<posterior type=matrix rownames=FALSE colnames=FALSE nrow=19 ncol=2 as.numeric=TRUE >
			163	221
			183	220
			203	221
			224	227
			246	227
			253	223
			280	224
			293	230
			305	220
			315	213
			319	207
			325	195
			330	192
			339	191
			354	205
			367	213
			405	235
			415	239
			404	221
		</posterior>
	</curves.control>
	<curves.pixel type=list>
		<glabella type=matrix rownames=FALSE colnames=FALSE nrow=250 ncol=2 as.numeric=TRUE >
			173	12
			174	12
			175	12
			176	12
			177	13
			178	13
			179	13
			180	13
			181	13
			182	14
			183	14
			184	14
			185	14
			186	15
			187	15
			188	15
			189	15
			190	16
			191	16
			192	16
			193	16
			194	17
			195	17
			196	17
			197	18
			198	18
			199	18
			200	18
			201	19
			202	19
			203	20
			204	21
			205	21
			206	22
			207	23
			208	24
			209	25
			210	26
			211	26
			212	27
			212	28
			213	28
			214	29
			215	30
			216	31
			217	32
			218	33
			219	34
			220	34
			221	35
			221	36
			222	37
			223	38
			224	38
			224	39
			225	40
			226	41
			227	42
			227	43
			228	43
			229	44
			229	45
			230	46
			231	47
			232	48
			233	49
			233	50
			234	51
			235	52
			236	53
			237	54
			238	55
			239	56
			240	57
			240	58
			241	59
			242	59
			243	60
			244	61
			244	62
			245	63
			246	64
			247	65
			248	66
			249	67
			250	68
			251	69
			252	70
			253	70
			254	71
			255	72
			255	73
			256	74
			256	75
			257	76
			257	77
			258	78
			258	79
			258	80
			259	81
			259	82
			259	83
			260	84
			260	85
			260	86
			261	87
			261	88
			261	89
			261	90
			261	91
			262	92
			262	93
			262	94
			262	95
			262	96
			262	97
			262	98
			261	98
			261	99
			261	100
			261	101
			260	102
			260	103
			260	104
			259	105
			259	106
			259	107
			258	107
			258	108
			258	109
			257	110
			257	111
			256	112
			255	113
			255	114
			254	115
			254	116
			253	117
			253	118
			252	118
			252	119
			251	120
			251	121
			250	122
			249	123
			249	124
			248	125
			247	126
			246	127
			246	128
			245	129
			245	130
			244	130
			244	131
			244	132
			243	133
			242	134
			241	135
			241	136
			240	137
			241	138
			241	139
			242	140
			242	141
			242	142
			243	143
			243	144
			244	144
			244	145
			244	146
			245	147
			245	148
			245	149
			246	150
			246	151
			247	152
			247	153
			248	154
			248	155
			248	156
			249	157
			249	158
			249	159
			249	160
			249	161
			249	162
			249	163
			249	164
			249	165
			249	166
			249	167
			249	168
			249	169
			249	170
			249	171
			249	172
			249	173
			249	174
			249	175
			249	176
			249	177
			248	178
			248	179
			248	180
			248	181
			248	182
			248	183
			248	184
			248	185
			249	185
			250	186
			250	187
			251	188
			251	189
			252	190
			252	191
			252	192
			253	193
			253	194
			253	195
			253	196
			253	197
			253	198
			253	199
			253	200
			253	201
			253	202
			253	203
			253	204
			253	205
			253	206
			253	207
			253	208
			252	209
			252	210
			253	211
			254	212
			255	213
			256	214
			257	214
			258	215
			259	215
			259	216
			259	217
			259	218
			259	219
			259	220
			259	221
			259	222
			259	223
		</glabella>
		<suture type=matrix rownames=FALSE colnames=FALSE nrow=244 ncol=2 as.numeric=TRUE >
			173	12
			174	12
			175	12
			176	13
			177	13
			178	13
			179	13
			180	13
			181	13
			182	14
			183	14
			184	14
			185	14
			186	15
			187	15
			188	15
			189	15
			190	16
			191	16
			192	16
			193	16
			194	17
			195	17
			196	17
			197	18
			198	18
			199	18
			200	19
			201	19
			202	19
			203	20
			204	21
			205	22
			206	23
			207	23
			208	24
			209	25
			210	26
			211	27
			212	27
			213	28
			213	29
			214	29
			215	30
			216	31
			217	32
			218	33
			219	34
			220	35
			221	36
			222	36
			222	37
			223	38
			224	39
			225	39
			225	40
			226	41
			227	42
			227	43
			228	43
			229	44
			229	45
			230	46
			231	47
			232	48
			233	49
			234	50
			234	51
			235	52
			236	53
			236	54
			237	54
			238	55
			239	56
			240	57
			241	58
			242	59
			243	60
			244	61
			244	62
			245	62
			246	63
			246	64
			247	65
			248	66
			249	67
			250	68
			251	69
			252	69
			253	70
			254	71
			255	72
			256	73
			257	74
			257	75
			258	76
			259	76
			259	77
			260	78
			261	79
			262	80
			263	81
			263	82
			264	83
			264	84
			265	84
			266	85
			266	86
			267	87
			267	88
			268	88
			268	89
			268	90
			269	91
			269	92
			269	93
			269	94
			269	95
			269	96
			269	97
			269	98
			269	99
			269	100
			269	101
			269	102
			269	103
			269	104
			269	105
			268	106
			267	107
			267	108
			266	109
			266	110
			265	111
			264	112
			264	113
			263	114
			262	115
			262	116
			261	116
			261	117
			260	118
			260	119
			259	120
			259	121
			259	122
			259	123
			259	124
			260	125
			260	126
			261	127
			261	128
			262	129
			262	130
			263	131
			264	131
			264	132
			265	132
			266	133
			267	133
			268	134
			269	135
			270	136
			271	137
			272	138
			272	139
			273	140
			274	141
			275	142
			276	143
			276	144
			277	145
			278	146
			278	147
			279	148
			280	149
			280	150
			281	151
			282	151
			283	152
			284	153
			285	154
			286	154
			287	155
			288	156
			289	156
			290	157
			291	157
			292	157
			292	158
			293	158
			294	158
			295	159
			296	159
			297	159
			297	160
			298	160
			299	161
			299	162
			300	162
			301	163
			301	164
			302	165
			303	165
			303	166
			304	167
			304	168
			305	169
			306	170
			307	171
			308	172
			308	173
			309	174
			310	175
			310	176
			310	177
			311	177
			311	178
			312	179
			312	180
			313	181
			313	182
			313	183
			313	184
			313	185
			313	186
			314	187
			314	188
			314	189
			314	190
			314	191
			315	192
			315	193
			315	194
			316	195
			316	196
			316	197
			317	198
			317	199
			318	200
			318	201
			319	202
			319	203
			320	204
		</suture>
		<anterior type=matrix rownames=FALSE colnames=FALSE nrow=269 ncol=2 as.numeric=TRUE >
			173	12
			174	12
			175	12
			176	12
			177	13
			178	13
			179	13
			180	13
			181	13
			182	14
			183	14
			184	14
			185	14
			186	15
			187	15
			188	15
			189	15
			190	16
			191	16
			192	16
			193	16
			194	17
			195	17
			196	17
			197	18
			198	18
			199	18
			200	19
			201	19
			202	19
			203	20
			204	21
			205	22
			206	23
			207	23
			208	24
			209	25
			210	26
			211	27
			212	28
			213	29
			214	30
			215	30
			215	31
			216	32
			217	33
			218	33
			219	34
			219	35
			220	36
			221	37
			222	38
			223	39
			223	40
			224	40
			225	41
			226	42
			227	43
			228	44
			228	45
			229	46
			230	47
			231	48
			232	49
			233	50
			234	51
			235	52
			235	53
			236	54
			237	54
			237	55
			238	56
			239	56
			239	57
			240	58
			241	58
			242	59
			243	60
			244	61
			245	62
			246	63
			247	63
			248	64
			249	65
			250	65
			251	66
			252	67
			253	67
			254	68
			255	69
			256	70
			257	71
			258	71
			259	72
			260	72
			261	73
			262	74
			263	75
			264	76
			265	76
			266	77
			266	78
			267	78
			268	79
			269	80
			270	81
			271	81
			272	82
			273	83
			273	84
			274	85
			275	85
			276	86
			277	87
			278	88
			279	89
			280	90
			281	91
			282	92
			283	93
			284	93
			285	94
			286	95
			287	96
			288	97
			289	98
			290	99
			290	100
			291	100
			292	101
			292	102
			293	102
			294	103
			294	104
			295	104
			295	105
			296	106
			297	106
			297	107
			298	108
			299	108
			299	109
			300	110
			301	110
			301	111
			302	112
			303	113
			304	113
			304	114
			305	115
			306	116
			307	117
			308	118
			309	119
			310	120
			310	121
			311	122
			312	123
			313	124
			314	125
			315	126
			316	127
			316	128
			317	128
			318	129
			319	130
			319	131
			320	132
			321	133
			321	134
			322	135
			323	136
			324	137
			325	138
			326	139
			327	140
			327	141
			328	142
			329	143
			330	144
			331	145
			331	146
			332	147
			333	148
			334	148
			334	149
			335	150
			336	151
			337	152
			338	153
			339	154
			340	155
			341	156
			342	157
			343	158
			344	159
			345	160
			346	161
			347	162
			348	162
			349	163
			350	164
			351	165
			352	165
			353	166
			354	167
			355	168
			356	168
			357	169
			358	169
			359	170
			360	170
			361	171
			362	171
			363	172
			364	173
			365	174
			366	175
			367	176
			368	177
			369	178
			370	179
			371	180
			372	181
			373	182
			374	183
			375	184
			376	185
			376	186
			377	186
			377	187
			378	188
			379	188
			379	189
			380	190
			381	191
			382	192
			383	193
			383	194
			384	195
			385	196
			386	196
			386	197
			387	198
			388	199
			388	200
			389	201
			390	201
			390	202
			391	203
			392	204
			392	205
			393	206
			394	207
			394	208
			395	208
			396	209
			396	210
			397	211
			398	212
			398	213
			399	214
			400	215
			400	216
			401	217
			402	218
			403	219
			403	220
			404	221
		</anterior>
		<posterior type=matrix rownames=FALSE colnames=FALSE nrow=274 ncol=2 as.numeric=TRUE >
			163	221
			164	221
			165	221
			166	221
			167	221
			168	221
			169	221
			170	221
			171	221
			172	221
			173	221
			174	221
			175	221
			176	221
			177	221
			178	221
			179	221
			180	221
			181	221
			182	221
			183	221
			184	221
			185	221
			186	221
			187	221
			188	221
			189	221
			190	221
			191	221
			192	221
			193	221
			194	221
			195	221
			196	221
			197	221
			198	221
			199	221
			200	221
			201	221
			202	221
			203	221
			204	221
			205	221
			206	222
			207	222
			208	222
			209	223
			210	223
			211	223
			212	223
			213	224
			214	224
			215	224
			216	224
			217	224
			218	225
			219	225
			220	225
			221	225
			222	225
			223	225
			224	225
			225	226
			226	226
			227	226
			228	226
			229	226
			230	226
			231	226
			232	226
			233	226
			234	227
			235	227
			236	227
			237	227
			238	227
			239	227
			240	227
			241	227
			242	227
			243	227
			244	227
			245	227
			246	227
			247	227
			247	226
			248	226
			249	226
			250	226
			251	225
			252	225
			253	225
			254	225
			255	225
			256	224
			257	224
			258	224
			259	224
			260	224
			261	224
			262	224
			263	224
			264	224
			265	224
			266	224
			267	224
			268	224
			269	224
			270	224
			271	224
			272	224
			273	224
			274	224
			275	224
			276	224
			277	224
			278	224
			279	224
			280	224
			281	224
			282	225
			283	225
			284	226
			285	226
			286	226
			287	226
			288	226
			289	226
			290	226
			291	226
			292	226
			293	226
			294	226
			295	226
			296	225
			297	225
			298	225
			299	224
			300	224
			301	223
			302	223
			303	222
			303	221
			304	221
			305	220
			306	219
			307	219
			307	218
			308	218
			309	217
			310	217
			310	216
			311	216
			311	215
			312	215
			313	214
			314	213
			315	212
			316	211
			317	210
			317	209
			318	208
			319	207
			320	206
			320	205
			321	204
			321	203
			322	202
			322	201
			323	200
			323	199
			324	198
			325	197
			326	196
			327	195
			328	194
			329	193
			330	192
			331	192
			332	192
			333	192
			334	192
			335	192
			336	193
			337	193
			338	194
			339	194
			340	195
			341	195
			342	196
			343	196
			344	197
			345	198
			346	199
			347	199
			348	200
			349	200
			349	201
			350	202
			351	202
			352	203
			353	204
			354	205
			355	206
			356	206
			357	207
			358	207
			359	208
			360	208
			361	209
			362	210
			363	210
			364	211
			365	212
			366	212
			367	213
			368	213
			369	214
			370	214
			370	215
			371	215
			372	216
			373	216
			374	217
			375	217
			376	218
			377	218
			378	219
			379	220
			380	221
			381	221
			382	222
			383	222
			384	223
			385	223
			386	224
			387	224
			388	225
			389	226
			390	226
			391	227
			392	227
			393	228
			394	228
			395	229
			396	230
			397	230
			398	231
			399	232
			400	232
			401	233
			402	233
			403	234
			404	235
			405	235
			406	235
			407	236
			408	236
			409	236
			410	235
			410	234
			410	233
			409	232
			409	231
			409	230
			408	229
			408	228
			407	227
			407	226
			406	225
			406	224
			405	223
			404	222
			404	221
		</posterior>
	</curves.pixel>
	<curves.scaled type=list>
		<glabella type=matrix rownames=FALSE colnames=FALSE nrow=250 ncol=2 as.numeric=TRUE >
			0.517964071856287	-0.0359281437125749
			0.520958083832335	-0.0359281437125749
			0.523952095808383	-0.0359281437125749
			0.526946107784431	-0.0359281437125749
			0.529940119760479	-0.0389221556886228
			0.532934131736527	-0.0389221556886228
			0.535928143712575	-0.0389221556886228
			0.538922155688623	-0.0389221556886228
			0.541916167664671	-0.0389221556886228
			0.544910179640719	-0.0419161676646707
			0.547904191616767	-0.0419161676646707
			0.550898203592814	-0.0419161676646707
			0.553892215568862	-0.0419161676646707
			0.55688622754491	-0.0449101796407186
			0.559880239520958	-0.0449101796407186
			0.562874251497006	-0.0449101796407186
			0.565868263473054	-0.0449101796407186
			0.568862275449102	-0.0479041916167665
			0.57185628742515	-0.0479041916167665
			0.574850299401198	-0.0479041916167665
			0.577844311377246	-0.0479041916167665
			0.580838323353293	-0.0508982035928144
			0.583832335329341	-0.0508982035928144
			0.586826347305389	-0.0508982035928144
			0.589820359281437	-0.0538922155688623
			0.592814371257485	-0.0538922155688623
			0.595808383233533	-0.0538922155688623
			0.598802395209581	-0.0538922155688623
			0.601796407185629	-0.0568862275449102
			0.604790419161677	-0.0568862275449102
			0.607784431137725	-0.0598802395209581
			0.610778443113772	-0.062874251497006
			0.61377245508982	-0.062874251497006
			0.616766467065868	-0.0658682634730539
			0.619760479041916	-0.0688622754491018
			0.622754491017964	-0.0718562874251497
			0.625748502994012	-0.0748502994011976
			0.62874251497006	-0.0778443113772455
			0.631736526946108	-0.0778443113772455
			0.634730538922156	-0.0808383233532934
			0.634730538922156	-0.0838323353293413
			0.637724550898204	-0.0838323353293413
			0.640718562874252	-0.0868263473053892
			0.643712574850299	-0.0898203592814371
			0.646706586826347	-0.092814371257485
			0.649700598802395	-0.0958083832335329
			0.652694610778443	-0.0988023952095808
			0.655688622754491	-0.101796407185629
			0.658682634730539	-0.101796407185629
			0.661676646706587	-0.104790419161677
			0.661676646706587	-0.107784431137725
			0.664670658682635	-0.110778443113772
			0.667664670658683	-0.11377245508982
			0.670658682634731	-0.11377245508982
			0.670658682634731	-0.116766467065868
			0.673652694610778	-0.119760479041916
			0.676646706586826	-0.122754491017964
			0.679640718562874	-0.125748502994012
			0.679640718562874	-0.12874251497006
			0.682634730538922	-0.12874251497006
			0.68562874251497	-0.131736526946108
			0.68562874251497	-0.134730538922156
			0.688622754491018	-0.137724550898204
			0.691616766467066	-0.140718562874251
			0.694610778443114	-0.143712574850299
			0.697604790419162	-0.146706586826347
			0.697604790419162	-0.149700598802395
			0.70059880239521	-0.152694610778443
			0.703592814371258	-0.155688622754491
			0.706586826347305	-0.158682634730539
			0.709580838323353	-0.161676646706587
			0.712574850299401	-0.164670658682635
			0.715568862275449	-0.167664670658683
			0.718562874251497	-0.170658682634731
			0.718562874251497	-0.173652694610778
			0.721556886227545	-0.176646706586826
			0.724550898203593	-0.176646706586826
			0.727544910179641	-0.179640718562874
			0.730538922155689	-0.182634730538922
			0.730538922155689	-0.18562874251497
			0.733532934131737	-0.188622754491018
			0.736526946107784	-0.191616766467066
			0.739520958083832	-0.194610778443114
			0.74251497005988	-0.197604790419162
			0.745508982035928	-0.20059880239521
			0.748502994011976	-0.203592814371258
			0.751497005988024	-0.206586826347305
			0.754491017964072	-0.209580838323353
			0.75748502994012	-0.209580838323353
			0.760479041916168	-0.212574850299401
			0.763473053892216	-0.215568862275449
			0.763473053892216	-0.218562874251497
			0.766467065868264	-0.221556886227545
			0.766467065868264	-0.224550898203593
			0.769461077844311	-0.227544910179641
			0.769461077844311	-0.230538922155689
			0.772455089820359	-0.233532934131737
			0.772455089820359	-0.236526946107784
			0.772455089820359	-0.239520958083832
			0.775449101796407	-0.24251497005988
			0.775449101796407	-0.245508982035928
			0.775449101796407	-0.248502994011976
			0.778443113772455	-0.251497005988024
			0.778443113772455	-0.254491017964072
			0.778443113772455	-0.25748502994012
			0.781437125748503	-0.260479041916168
			0.781437125748503	-0.263473053892216
			0.781437125748503	-0.266467065868263
			0.781437125748503	-0.269461077844311
			0.781437125748503	-0.272455089820359
			0.784431137724551	-0.275449101796407
			0.784431137724551	-0.278443113772455
			0.784431137724551	-0.281437125748503
			0.784431137724551	-0.284431137724551
			0.784431137724551	-0.287425149700599
			0.784431137724551	-0.290419161676647
			0.784431137724551	-0.293413173652695
			0.781437125748503	-0.293413173652695
			0.781437125748503	-0.296407185628743
			0.781437125748503	-0.29940119760479
			0.781437125748503	-0.302395209580838
			0.778443113772455	-0.305389221556886
			0.778443113772455	-0.308383233532934
			0.778443113772455	-0.311377245508982
			0.775449101796407	-0.31437125748503
			0.775449101796407	-0.317365269461078
			0.775449101796407	-0.320359281437126
			0.772455089820359	-0.320359281437126
			0.772455089820359	-0.323353293413174
			0.772455089820359	-0.326347305389222
			0.769461077844311	-0.32934131736527
			0.769461077844311	-0.332335329341317
			0.766467065868264	-0.335329341317365
			0.763473053892216	-0.338323353293413
			0.763473053892216	-0.341317365269461
			0.760479041916168	-0.344311377245509
			0.760479041916168	-0.347305389221557
			0.75748502994012	-0.350299401197605
			0.75748502994012	-0.353293413173653
			0.754491017964072	-0.353293413173653
			0.754491017964072	-0.356287425149701
			0.751497005988024	-0.359281437125749
			0.751497005988024	-0.362275449101796
			0.748502994011976	-0.365269461077844
			0.745508982035928	-0.368263473053892
			0.745508982035928	-0.37125748502994
			0.74251497005988	-0.374251497005988
			0.739520958083832	-0.377245508982036
			0.736526946107784	-0.380239520958084
			0.736526946107784	-0.383233532934132
			0.733532934131737	-0.38622754491018
			0.733532934131737	-0.389221556886228
			0.730538922155689	-0.389221556886228
			0.730538922155689	-0.392215568862275
			0.730538922155689	-0.395209580838323
			0.727544910179641	-0.398203592814371
			0.724550898203593	-0.401197604790419
			0.721556886227545	-0.404191616766467
			0.721556886227545	-0.407185628742515
			0.718562874251497	-0.410179640718563
			0.721556886227545	-0.413173652694611
			0.721556886227545	-0.416167664670659
			0.724550898203593	-0.419161676646707
			0.724550898203593	-0.422155688622755
			0.724550898203593	-0.425149700598802
			0.727544910179641	-0.42814371257485
			0.727544910179641	-0.431137724550898
			0.730538922155689	-0.431137724550898
			0.730538922155689	-0.434131736526946
			0.730538922155689	-0.437125748502994
			0.733532934131737	-0.440119760479042
			0.733532934131737	-0.44311377245509
			0.733532934131737	-0.446107784431138
			0.736526946107784	-0.449101796407186
			0.736526946107784	-0.452095808383234
			0.739520958083832	-0.455089820359281
			0.739520958083832	-0.458083832335329
			0.74251497005988	-0.461077844311377
			0.74251497005988	-0.464071856287425
			0.74251497005988	-0.467065868263473
			0.745508982035928	-0.470059880239521
			0.745508982035928	-0.473053892215569
			0.745508982035928	-0.476047904191617
			0.745508982035928	-0.479041916167665
			0.745508982035928	-0.482035928143713
			0.745508982035928	-0.485029940119761
			0.745508982035928	-0.488023952095808
			0.745508982035928	-0.491017964071856
			0.745508982035928	-0.494011976047904
			0.745508982035928	-0.497005988023952
			0.745508982035928	-0.5
			0.745508982035928	-0.502994011976048
			0.745508982035928	-0.505988023952096
			0.745508982035928	-0.508982035928144
			0.745508982035928	-0.511976047904192
			0.745508982035928	-0.51497005988024
			0.745508982035928	-0.517964071856287
			0.745508982035928	-0.520958083832335
			0.745508982035928	-0.523952095808383
			0.745508982035928	-0.526946107784431
			0.745508982035928	-0.529940119760479
			0.74251497005988	-0.532934131736527
			0.74251497005988	-0.535928143712575
			0.74251497005988	-0.538922155688623
			0.74251497005988	-0.541916167664671
			0.74251497005988	-0.544910179640719
			0.74251497005988	-0.547904191616767
			0.74251497005988	-0.550898203592814
			0.74251497005988	-0.553892215568862
			0.745508982035928	-0.553892215568862
			0.748502994011976	-0.55688622754491
			0.748502994011976	-0.559880239520958
			0.751497005988024	-0.562874251497006
			0.751497005988024	-0.565868263473054
			0.754491017964072	-0.568862275449102
			0.754491017964072	-0.57185628742515
			0.754491017964072	-0.574850299401198
			0.75748502994012	-0.577844311377246
			0.75748502994012	-0.580838323353293
			0.75748502994012	-0.583832335329341
			0.75748502994012	-0.586826347305389
			0.75748502994012	-0.589820359281437
			0.75748502994012	-0.592814371257485
			0.75748502994012	-0.595808383233533
			0.75748502994012	-0.598802395209581
			0.75748502994012	-0.601796407185629
			0.75748502994012	-0.604790419161677
			0.75748502994012	-0.607784431137725
			0.75748502994012	-0.610778443113772
			0.75748502994012	-0.61377245508982
			0.75748502994012	-0.616766467065868
			0.75748502994012	-0.619760479041916
			0.75748502994012	-0.622754491017964
			0.754491017964072	-0.625748502994012
			0.754491017964072	-0.62874251497006
			0.75748502994012	-0.631736526946108
			0.760479041916168	-0.634730538922156
			0.763473053892216	-0.637724550898204
			0.766467065868264	-0.640718562874252
			0.769461077844311	-0.640718562874252
			0.772455089820359	-0.643712574850299
			0.775449101796407	-0.643712574850299
			0.775449101796407	-0.646706586826347
			0.775449101796407	-0.649700598802395
			0.775449101796407	-0.652694610778443
			0.775449101796407	-0.655688622754491
			0.775449101796407	-0.658682634730539
			0.775449101796407	-0.661676646706587
			0.775449101796407	-0.664670658682635
			0.775449101796407	-0.667664670658683
		</glabella>
		<suture type=matrix rownames=FALSE colnames=FALSE nrow=244 ncol=2 as.numeric=TRUE >
			0.517964071856287	-0.0359281437125749
			0.520958083832335	-0.0359281437125749
			0.523952095808383	-0.0359281437125749
			0.526946107784431	-0.0389221556886228
			0.529940119760479	-0.0389221556886228
			0.532934131736527	-0.0389221556886228
			0.535928143712575	-0.0389221556886228
			0.538922155688623	-0.0389221556886228
			0.541916167664671	-0.0389221556886228
			0.544910179640719	-0.0419161676646707
			0.547904191616767	-0.0419161676646707
			0.550898203592814	-0.0419161676646707
			0.553892215568862	-0.0419161676646707
			0.55688622754491	-0.0449101796407186
			0.559880239520958	-0.0449101796407186
			0.562874251497006	-0.0449101796407186
			0.565868263473054	-0.0449101796407186
			0.568862275449102	-0.0479041916167665
			0.57185628742515	-0.0479041916167665
			0.574850299401198	-0.0479041916167665
			0.577844311377246	-0.0479041916167665
			0.580838323353293	-0.0508982035928144
			0.583832335329341	-0.0508982035928144
			0.586826347305389	-0.0508982035928144
			0.589820359281437	-0.0538922155688623
			0.592814371257485	-0.0538922155688623
			0.595808383233533	-0.0538922155688623
			0.598802395209581	-0.0568862275449102
			0.601796407185629	-0.0568862275449102
			0.604790419161677	-0.0568862275449102
			0.607784431137725	-0.0598802395209581
			0.610778443113772	-0.062874251497006
			0.61377245508982	-0.0658682634730539
			0.616766467065868	-0.0688622754491018
			0.619760479041916	-0.0688622754491018
			0.622754491017964	-0.0718562874251497
			0.625748502994012	-0.0748502994011976
			0.62874251497006	-0.0778443113772455
			0.631736526946108	-0.0808383233532934
			0.634730538922156	-0.0808383233532934
			0.637724550898204	-0.0838323353293413
			0.637724550898204	-0.0868263473053892
			0.640718562874252	-0.0868263473053892
			0.643712574850299	-0.0898203592814371
			0.646706586826347	-0.092814371257485
			0.649700598802395	-0.0958083832335329
			0.652694610778443	-0.0988023952095808
			0.655688622754491	-0.101796407185629
			0.658682634730539	-0.104790419161677
			0.661676646706587	-0.107784431137725
			0.664670658682635	-0.107784431137725
			0.664670658682635	-0.110778443113772
			0.667664670658683	-0.11377245508982
			0.670658682634731	-0.116766467065868
			0.673652694610778	-0.116766467065868
			0.673652694610778	-0.119760479041916
			0.676646706586826	-0.122754491017964
			0.679640718562874	-0.125748502994012
			0.679640718562874	-0.12874251497006
			0.682634730538922	-0.12874251497006
			0.68562874251497	-0.131736526946108
			0.68562874251497	-0.134730538922156
			0.688622754491018	-0.137724550898204
			0.691616766467066	-0.140718562874251
			0.694610778443114	-0.143712574850299
			0.697604790419162	-0.146706586826347
			0.70059880239521	-0.149700598802395
			0.70059880239521	-0.152694610778443
			0.703592814371258	-0.155688622754491
			0.706586826347305	-0.158682634730539
			0.706586826347305	-0.161676646706587
			0.709580838323353	-0.161676646706587
			0.712574850299401	-0.164670658682635
			0.715568862275449	-0.167664670658683
			0.718562874251497	-0.170658682634731
			0.721556886227545	-0.173652694610778
			0.724550898203593	-0.176646706586826
			0.727544910179641	-0.179640718562874
			0.730538922155689	-0.182634730538922
			0.730538922155689	-0.18562874251497
			0.733532934131737	-0.18562874251497
			0.736526946107784	-0.188622754491018
			0.736526946107784	-0.191616766467066
			0.739520958083832	-0.194610778443114
			0.74251497005988	-0.197604790419162
			0.745508982035928	-0.20059880239521
			0.748502994011976	-0.203592814371258
			0.751497005988024	-0.206586826347305
			0.754491017964072	-0.206586826347305
			0.75748502994012	-0.209580838323353
			0.760479041916168	-0.212574850299401
			0.763473053892216	-0.215568862275449
			0.766467065868264	-0.218562874251497
			0.769461077844311	-0.221556886227545
			0.769461077844311	-0.224550898203593
			0.772455089820359	-0.227544910179641
			0.775449101796407	-0.227544910179641
			0.775449101796407	-0.230538922155689
			0.778443113772455	-0.233532934131737
			0.781437125748503	-0.236526946107784
			0.784431137724551	-0.239520958083832
			0.787425149700599	-0.24251497005988
			0.787425149700599	-0.245508982035928
			0.790419161676647	-0.248502994011976
			0.790419161676647	-0.251497005988024
			0.793413173652695	-0.251497005988024
			0.796407185628743	-0.254491017964072
			0.796407185628743	-0.25748502994012
			0.79940119760479	-0.260479041916168
			0.79940119760479	-0.263473053892216
			0.802395209580838	-0.263473053892216
			0.802395209580838	-0.266467065868263
			0.802395209580838	-0.269461077844311
			0.805389221556886	-0.272455089820359
			0.805389221556886	-0.275449101796407
			0.805389221556886	-0.278443113772455
			0.805389221556886	-0.281437125748503
			0.805389221556886	-0.284431137724551
			0.805389221556886	-0.287425149700599
			0.805389221556886	-0.290419161676647
			0.805389221556886	-0.293413173652695
			0.805389221556886	-0.296407185628743
			0.805389221556886	-0.29940119760479
			0.805389221556886	-0.302395209580838
			0.805389221556886	-0.305389221556886
			0.805389221556886	-0.308383233532934
			0.805389221556886	-0.311377245508982
			0.805389221556886	-0.31437125748503
			0.802395209580838	-0.317365269461078
			0.79940119760479	-0.320359281437126
			0.79940119760479	-0.323353293413174
			0.796407185628743	-0.326347305389222
			0.796407185628743	-0.32934131736527
			0.793413173652695	-0.332335329341317
			0.790419161676647	-0.335329341317365
			0.790419161676647	-0.338323353293413
			0.787425149700599	-0.341317365269461
			0.784431137724551	-0.344311377245509
			0.784431137724551	-0.347305389221557
			0.781437125748503	-0.347305389221557
			0.781437125748503	-0.350299401197605
			0.778443113772455	-0.353293413173653
			0.778443113772455	-0.356287425149701
			0.775449101796407	-0.359281437125749
			0.775449101796407	-0.362275449101796
			0.775449101796407	-0.365269461077844
			0.775449101796407	-0.368263473053892
			0.775449101796407	-0.37125748502994
			0.778443113772455	-0.374251497005988
			0.778443113772455	-0.377245508982036
			0.781437125748503	-0.380239520958084
			0.781437125748503	-0.383233532934132
			0.784431137724551	-0.38622754491018
			0.784431137724551	-0.389221556886228
			0.787425149700599	-0.392215568862275
			0.790419161676647	-0.392215568862275
			0.790419161676647	-0.395209580838323
			0.793413173652695	-0.395209580838323
			0.796407185628743	-0.398203592814371
			0.79940119760479	-0.398203592814371
			0.802395209580838	-0.401197604790419
			0.805389221556886	-0.404191616766467
			0.808383233532934	-0.407185628742515
			0.811377245508982	-0.410179640718563
			0.81437125748503	-0.413173652694611
			0.81437125748503	-0.416167664670659
			0.817365269461078	-0.419161676646707
			0.820359281437126	-0.422155688622755
			0.823353293413174	-0.425149700598802
			0.826347305389222	-0.42814371257485
			0.826347305389222	-0.431137724550898
			0.82934131736527	-0.434131736526946
			0.832335329341317	-0.437125748502994
			0.832335329341317	-0.440119760479042
			0.835329341317365	-0.44311377245509
			0.838323353293413	-0.446107784431138
			0.838323353293413	-0.449101796407186
			0.841317365269461	-0.452095808383234
			0.844311377245509	-0.452095808383234
			0.847305389221557	-0.455089820359281
			0.850299401197605	-0.458083832335329
			0.853293413173653	-0.461077844311377
			0.856287425149701	-0.461077844311377
			0.859281437125749	-0.464071856287425
			0.862275449101796	-0.467065868263473
			0.865269461077844	-0.467065868263473
			0.868263473053892	-0.470059880239521
			0.87125748502994	-0.470059880239521
			0.874251497005988	-0.470059880239521
			0.874251497005988	-0.473053892215569
			0.877245508982036	-0.473053892215569
			0.880239520958084	-0.473053892215569
			0.883233532934132	-0.476047904191617
			0.88622754491018	-0.476047904191617
			0.889221556886228	-0.476047904191617
			0.889221556886228	-0.479041916167665
			0.892215568862275	-0.479041916167665
			0.895209580838323	-0.482035928143713
			0.895209580838323	-0.485029940119761
			0.898203592814371	-0.485029940119761
			0.901197604790419	-0.488023952095808
			0.901197604790419	-0.491017964071856
			0.904191616766467	-0.494011976047904
			0.907185628742515	-0.494011976047904
			0.907185628742515	-0.497005988023952
			0.910179640718563	-0.5
			0.910179640718563	-0.502994011976048
			0.913173652694611	-0.505988023952096
			0.916167664670659	-0.508982035928144
			0.919161676646707	-0.511976047904192
			0.922155688622755	-0.51497005988024
			0.922155688622755	-0.517964071856287
			0.925149700598802	-0.520958083832335
			0.92814371257485	-0.523952095808383
			0.92814371257485	-0.526946107784431
			0.92814371257485	-0.529940119760479
			0.931137724550898	-0.529940119760479
			0.931137724550898	-0.532934131736527
			0.934131736526946	-0.535928143712575
			0.934131736526946	-0.538922155688623
			0.937125748502994	-0.541916167664671
			0.937125748502994	-0.544910179640719
			0.937125748502994	-0.547904191616767
			0.937125748502994	-0.550898203592814
			0.937125748502994	-0.553892215568862
			0.937125748502994	-0.55688622754491
			0.940119760479042	-0.559880239520958
			0.940119760479042	-0.562874251497006
			0.940119760479042	-0.565868263473054
			0.940119760479042	-0.568862275449102
			0.940119760479042	-0.57185628742515
			0.94311377245509	-0.574850299401198
			0.94311377245509	-0.577844311377246
			0.94311377245509	-0.580838323353293
			0.946107784431138	-0.583832335329341
			0.946107784431138	-0.586826347305389
			0.946107784431138	-0.589820359281437
			0.949101796407186	-0.592814371257485
			0.949101796407186	-0.595808383233533
			0.952095808383234	-0.598802395209581
			0.952095808383234	-0.601796407185629
			0.955089820359281	-0.604790419161677
			0.955089820359281	-0.607784431137725
			0.958083832335329	-0.610778443113772
		</suture>
		<anterior type=matrix rownames=FALSE colnames=FALSE nrow=269 ncol=2 as.numeric=TRUE >
			0.517964071856287	-0.0359281437125749
			0.520958083832335	-0.0359281437125749
			0.523952095808383	-0.0359281437125749
			0.526946107784431	-0.0359281437125749
			0.529940119760479	-0.0389221556886228
			0.532934131736527	-0.0389221556886228
			0.535928143712575	-0.0389221556886228
			0.538922155688623	-0.0389221556886228
			0.541916167664671	-0.0389221556886228
			0.544910179640719	-0.0419161676646707
			0.547904191616767	-0.0419161676646707
			0.550898203592814	-0.0419161676646707
			0.553892215568862	-0.0419161676646707
			0.55688622754491	-0.0449101796407186
			0.559880239520958	-0.0449101796407186
			0.562874251497006	-0.0449101796407186
			0.565868263473054	-0.0449101796407186
			0.568862275449102	-0.0479041916167665
			0.57185628742515	-0.0479041916167665
			0.574850299401198	-0.0479041916167665
			0.577844311377246	-0.0479041916167665
			0.580838323353293	-0.0508982035928144
			0.583832335329341	-0.0508982035928144
			0.586826347305389	-0.0508982035928144
			0.589820359281437	-0.0538922155688623
			0.592814371257485	-0.0538922155688623
			0.595808383233533	-0.0538922155688623
			0.598802395209581	-0.0568862275449102
			0.601796407185629	-0.0568862275449102
			0.604790419161677	-0.0568862275449102
			0.607784431137725	-0.0598802395209581
			0.610778443113772	-0.062874251497006
			0.61377245508982	-0.0658682634730539
			0.616766467065868	-0.0688622754491018
			0.619760479041916	-0.0688622754491018
			0.622754491017964	-0.0718562874251497
			0.625748502994012	-0.0748502994011976
			0.62874251497006	-0.0778443113772455
			0.631736526946108	-0.0808383233532934
			0.634730538922156	-0.0838323353293413
			0.637724550898204	-0.0868263473053892
			0.640718562874252	-0.0898203592814371
			0.643712574850299	-0.0898203592814371
			0.643712574850299	-0.092814371257485
			0.646706586826347	-0.0958083832335329
			0.649700598802395	-0.0988023952095808
			0.652694610778443	-0.0988023952095808
			0.655688622754491	-0.101796407185629
			0.655688622754491	-0.104790419161677
			0.658682634730539	-0.107784431137725
			0.661676646706587	-0.110778443113772
			0.664670658682635	-0.11377245508982
			0.667664670658683	-0.116766467065868
			0.667664670658683	-0.119760479041916
			0.670658682634731	-0.119760479041916
			0.673652694610778	-0.122754491017964
			0.676646706586826	-0.125748502994012
			0.679640718562874	-0.12874251497006
			0.682634730538922	-0.131736526946108
			0.682634730538922	-0.134730538922156
			0.68562874251497	-0.137724550898204
			0.688622754491018	-0.140718562874251
			0.691616766467066	-0.143712574850299
			0.694610778443114	-0.146706586826347
			0.697604790419162	-0.149700598802395
			0.70059880239521	-0.152694610778443
			0.703592814371258	-0.155688622754491
			0.703592814371258	-0.158682634730539
			0.706586826347305	-0.161676646706587
			0.709580838323353	-0.161676646706587
			0.709580838323353	-0.164670658682635
			0.712574850299401	-0.167664670658683
			0.715568862275449	-0.167664670658683
			0.715568862275449	-0.170658682634731
			0.718562874251497	-0.173652694610778
			0.721556886227545	-0.173652694610778
			0.724550898203593	-0.176646706586826
			0.727544910179641	-0.179640718562874
			0.730538922155689	-0.182634730538922
			0.733532934131737	-0.18562874251497
			0.736526946107784	-0.188622754491018
			0.739520958083832	-0.188622754491018
			0.74251497005988	-0.191616766467066
			0.745508982035928	-0.194610778443114
			0.748502994011976	-0.194610778443114
			0.751497005988024	-0.197604790419162
			0.754491017964072	-0.20059880239521
			0.75748502994012	-0.20059880239521
			0.760479041916168	-0.203592814371258
			0.763473053892216	-0.206586826347305
			0.766467065868264	-0.209580838323353
			0.769461077844311	-0.212574850299401
			0.772455089820359	-0.212574850299401
			0.775449101796407	-0.215568862275449
			0.778443113772455	-0.215568862275449
			0.781437125748503	-0.218562874251497
			0.784431137724551	-0.221556886227545
			0.787425149700599	-0.224550898203593
			0.790419161676647	-0.227544910179641
			0.793413173652695	-0.227544910179641
			0.796407185628743	-0.230538922155689
			0.796407185628743	-0.233532934131737
			0.79940119760479	-0.233532934131737
			0.802395209580838	-0.236526946107784
			0.805389221556886	-0.239520958083832
			0.808383233532934	-0.24251497005988
			0.811377245508982	-0.24251497005988
			0.81437125748503	-0.245508982035928
			0.817365269461078	-0.248502994011976
			0.817365269461078	-0.251497005988024
			0.820359281437126	-0.254491017964072
			0.823353293413174	-0.254491017964072
			0.826347305389222	-0.25748502994012
			0.82934131736527	-0.260479041916168
			0.832335329341317	-0.263473053892216
			0.835329341317365	-0.266467065868263
			0.838323353293413	-0.269461077844311
			0.841317365269461	-0.272455089820359
			0.844311377245509	-0.275449101796407
			0.847305389221557	-0.278443113772455
			0.850299401197605	-0.278443113772455
			0.853293413173653	-0.281437125748503
			0.856287425149701	-0.284431137724551
			0.859281437125749	-0.287425149700599
			0.862275449101796	-0.290419161676647
			0.865269461077844	-0.293413173652695
			0.868263473053892	-0.296407185628743
			0.868263473053892	-0.29940119760479
			0.87125748502994	-0.29940119760479
			0.874251497005988	-0.302395209580838
			0.874251497005988	-0.305389221556886
			0.877245508982036	-0.305389221556886
			0.880239520958084	-0.308383233532934
			0.880239520958084	-0.311377245508982
			0.883233532934132	-0.311377245508982
			0.883233532934132	-0.31437125748503
			0.88622754491018	-0.317365269461078
			0.889221556886228	-0.317365269461078
			0.889221556886228	-0.320359281437126
			0.892215568862275	-0.323353293413174
			0.895209580838323	-0.323353293413174
			0.895209580838323	-0.326347305389222
			0.898203592814371	-0.32934131736527
			0.901197604790419	-0.32934131736527
			0.901197604790419	-0.332335329341317
			0.904191616766467	-0.335329341317365
			0.907185628742515	-0.338323353293413
			0.910179640718563	-0.338323353293413
			0.910179640718563	-0.341317365269461
			0.913173652694611	-0.344311377245509
			0.916167664670659	-0.347305389221557
			0.919161676646707	-0.350299401197605
			0.922155688622755	-0.353293413173653
			0.925149700598802	-0.356287425149701
			0.92814371257485	-0.359281437125749
			0.92814371257485	-0.362275449101796
			0.931137724550898	-0.365269461077844
			0.934131736526946	-0.368263473053892
			0.937125748502994	-0.37125748502994
			0.940119760479042	-0.374251497005988
			0.94311377245509	-0.377245508982036
			0.946107784431138	-0.380239520958084
			0.946107784431138	-0.383233532934132
			0.949101796407186	-0.383233532934132
			0.952095808383234	-0.38622754491018
			0.955089820359281	-0.389221556886228
			0.955089820359281	-0.392215568862275
			0.958083832335329	-0.395209580838323
			0.961077844311377	-0.398203592814371
			0.961077844311377	-0.401197604790419
			0.964071856287425	-0.404191616766467
			0.967065868263473	-0.407185628742515
			0.970059880239521	-0.410179640718563
			0.973053892215569	-0.413173652694611
			0.976047904191617	-0.416167664670659
			0.979041916167665	-0.419161676646707
			0.979041916167665	-0.422155688622755
			0.982035928143713	-0.425149700598802
			0.985029940119761	-0.42814371257485
			0.988023952095808	-0.431137724550898
			0.991017964071856	-0.434131736526946
			0.991017964071856	-0.437125748502994
			0.994011976047904	-0.440119760479042
			0.997005988023952	-0.44311377245509
			1	-0.44311377245509
			1	-0.446107784431138
			1.00299401197605	-0.449101796407186
			1.0059880239521	-0.452095808383234
			1.00898203592814	-0.455089820359281
			1.01197604790419	-0.458083832335329
			1.01497005988024	-0.461077844311377
			1.01796407185629	-0.464071856287425
			1.02095808383234	-0.467065868263473
			1.02395209580838	-0.470059880239521
			1.02694610778443	-0.473053892215569
			1.02994011976048	-0.476047904191617
			1.03293413173653	-0.479041916167665
			1.03592814371257	-0.482035928143713
			1.03892215568862	-0.485029940119761
			1.04191616766467	-0.485029940119761
			1.04491017964072	-0.488023952095808
			1.04790419161677	-0.491017964071856
			1.05089820359281	-0.494011976047904
			1.05389221556886	-0.494011976047904
			1.05688622754491	-0.497005988023952
			1.05988023952096	-0.5
			1.06287425149701	-0.502994011976048
			1.06586826347305	-0.502994011976048
			1.0688622754491	-0.505988023952096
			1.07185628742515	-0.505988023952096
			1.0748502994012	-0.508982035928144
			1.07784431137725	-0.508982035928144
			1.08083832335329	-0.511976047904192
			1.08383233532934	-0.511976047904192
			1.08682634730539	-0.51497005988024
			1.08982035928144	-0.517964071856287
			1.09281437125749	-0.520958083832335
			1.09580838323353	-0.523952095808383
			1.09880239520958	-0.526946107784431
			1.10179640718563	-0.529940119760479
			1.10479041916168	-0.532934131736527
			1.10778443113772	-0.535928143712575
			1.11077844311377	-0.538922155688623
			1.11377245508982	-0.541916167664671
			1.11676646706587	-0.544910179640719
			1.11976047904192	-0.547904191616767
			1.12275449101796	-0.550898203592814
			1.12574850299401	-0.553892215568862
			1.12574850299401	-0.55688622754491
			1.12874251497006	-0.55688622754491
			1.12874251497006	-0.559880239520958
			1.13173652694611	-0.562874251497006
			1.13473053892216	-0.562874251497006
			1.13473053892216	-0.565868263473054
			1.1377245508982	-0.568862275449102
			1.14071856287425	-0.57185628742515
			1.1437125748503	-0.574850299401198
			1.14670658682635	-0.577844311377246
			1.14670658682635	-0.580838323353293
			1.1497005988024	-0.583832335329341
			1.15269461077844	-0.586826347305389
			1.15568862275449	-0.586826347305389
			1.15568862275449	-0.589820359281437
			1.15868263473054	-0.592814371257485
			1.16167664670659	-0.595808383233533
			1.16167664670659	-0.598802395209581
			1.16467065868263	-0.601796407185629
			1.16766467065868	-0.601796407185629
			1.16766467065868	-0.604790419161677
			1.17065868263473	-0.607784431137725
			1.17365269461078	-0.610778443113772
			1.17365269461078	-0.61377245508982
			1.17664670658683	-0.616766467065868
			1.17964071856287	-0.619760479041916
			1.17964071856287	-0.622754491017964
			1.18263473053892	-0.622754491017964
			1.18562874251497	-0.625748502994012
			1.18562874251497	-0.62874251497006
			1.18862275449102	-0.631736526946108
			1.19161676646707	-0.634730538922156
			1.19161676646707	-0.637724550898204
			1.19461077844311	-0.640718562874252
			1.19760479041916	-0.643712574850299
			1.19760479041916	-0.646706586826347
			1.20059880239521	-0.649700598802395
			1.20359281437126	-0.652694610778443
			1.20658682634731	-0.655688622754491
			1.20658682634731	-0.658682634730539
			1.20958083832335	-0.661676646706587
		</anterior>
		<posterior type=matrix rownames=FALSE colnames=FALSE nrow=274 ncol=2 as.numeric=TRUE >
			0.488023952095808	-0.661676646706587
			0.491017964071856	-0.661676646706587
			0.494011976047904	-0.661676646706587
			0.497005988023952	-0.661676646706587
			0.5	-0.661676646706587
			0.502994011976048	-0.661676646706587
			0.505988023952096	-0.661676646706587
			0.508982035928144	-0.661676646706587
			0.511976047904192	-0.661676646706587
			0.51497005988024	-0.661676646706587
			0.517964071856287	-0.661676646706587
			0.520958083832335	-0.661676646706587
			0.523952095808383	-0.661676646706587
			0.526946107784431	-0.661676646706587
			0.529940119760479	-0.661676646706587
			0.532934131736527	-0.661676646706587
			0.535928143712575	-0.661676646706587
			0.538922155688623	-0.661676646706587
			0.541916167664671	-0.661676646706587
			0.544910179640719	-0.661676646706587
			0.547904191616767	-0.661676646706587
			0.550898203592814	-0.661676646706587
			0.553892215568862	-0.661676646706587
			0.55688622754491	-0.661676646706587
			0.559880239520958	-0.661676646706587
			0.562874251497006	-0.661676646706587
			0.565868263473054	-0.661676646706587
			0.568862275449102	-0.661676646706587
			0.57185628742515	-0.661676646706587
			0.574850299401198	-0.661676646706587
			0.577844311377246	-0.661676646706587
			0.580838323353293	-0.661676646706587
			0.583832335329341	-0.661676646706587
			0.586826347305389	-0.661676646706587
			0.589820359281437	-0.661676646706587
			0.592814371257485	-0.661676646706587
			0.595808383233533	-0.661676646706587
			0.598802395209581	-0.661676646706587
			0.601796407185629	-0.661676646706587
			0.604790419161677	-0.661676646706587
			0.607784431137725	-0.661676646706587
			0.610778443113772	-0.661676646706587
			0.61377245508982	-0.661676646706587
			0.616766467065868	-0.664670658682635
			0.619760479041916	-0.664670658682635
			0.622754491017964	-0.664670658682635
			0.625748502994012	-0.667664670658683
			0.62874251497006	-0.667664670658683
			0.631736526946108	-0.667664670658683
			0.634730538922156	-0.667664670658683
			0.637724550898204	-0.670658682634731
			0.640718562874252	-0.670658682634731
			0.643712574850299	-0.670658682634731
			0.646706586826347	-0.670658682634731
			0.649700598802395	-0.670658682634731
			0.652694610778443	-0.673652694610778
			0.655688622754491	-0.673652694610778
			0.658682634730539	-0.673652694610778
			0.661676646706587	-0.673652694610778
			0.664670658682635	-0.673652694610778
			0.667664670658683	-0.673652694610778
			0.670658682634731	-0.673652694610778
			0.673652694610778	-0.676646706586826
			0.676646706586826	-0.676646706586826
			0.679640718562874	-0.676646706586826
			0.682634730538922	-0.676646706586826
			0.68562874251497	-0.676646706586826
			0.688622754491018	-0.676646706586826
			0.691616766467066	-0.676646706586826
			0.694610778443114	-0.676646706586826
			0.697604790419162	-0.676646706586826
			0.70059880239521	-0.679640718562874
			0.703592814371258	-0.679640718562874
			0.706586826347305	-0.679640718562874
			0.709580838323353	-0.679640718562874
			0.712574850299401	-0.679640718562874
			0.715568862275449	-0.679640718562874
			0.718562874251497	-0.679640718562874
			0.721556886227545	-0.679640718562874
			0.724550898203593	-0.679640718562874
			0.727544910179641	-0.679640718562874
			0.730538922155689	-0.679640718562874
			0.733532934131737	-0.679640718562874
			0.736526946107784	-0.679640718562874
			0.739520958083832	-0.679640718562874
			0.739520958083832	-0.676646706586826
			0.74251497005988	-0.676646706586826
			0.745508982035928	-0.676646706586826
			0.748502994011976	-0.676646706586826
			0.751497005988024	-0.673652694610778
			0.754491017964072	-0.673652694610778
			0.75748502994012	-0.673652694610778
			0.760479041916168	-0.673652694610778
			0.763473053892216	-0.673652694610778
			0.766467065868264	-0.670658682634731
			0.769461077844311	-0.670658682634731
			0.772455089820359	-0.670658682634731
			0.775449101796407	-0.670658682634731
			0.778443113772455	-0.670658682634731
			0.781437125748503	-0.670658682634731
			0.784431137724551	-0.670658682634731
			0.787425149700599	-0.670658682634731
			0.790419161676647	-0.670658682634731
			0.793413173652695	-0.670658682634731
			0.796407185628743	-0.670658682634731
			0.79940119760479	-0.670658682634731
			0.802395209580838	-0.670658682634731
			0.805389221556886	-0.670658682634731
			0.808383233532934	-0.670658682634731
			0.811377245508982	-0.670658682634731
			0.81437125748503	-0.670658682634731
			0.817365269461078	-0.670658682634731
			0.820359281437126	-0.670658682634731
			0.823353293413174	-0.670658682634731
			0.826347305389222	-0.670658682634731
			0.82934131736527	-0.670658682634731
			0.832335329341317	-0.670658682634731
			0.835329341317365	-0.670658682634731
			0.838323353293413	-0.670658682634731
			0.841317365269461	-0.670658682634731
			0.844311377245509	-0.673652694610778
			0.847305389221557	-0.673652694610778
			0.850299401197605	-0.676646706586826
			0.853293413173653	-0.676646706586826
			0.856287425149701	-0.676646706586826
			0.859281437125749	-0.676646706586826
			0.862275449101796	-0.676646706586826
			0.865269461077844	-0.676646706586826
			0.868263473053892	-0.676646706586826
			0.87125748502994	-0.676646706586826
			0.874251497005988	-0.676646706586826
			0.877245508982036	-0.676646706586826
			0.880239520958084	-0.676646706586826
			0.883233532934132	-0.676646706586826
			0.88622754491018	-0.673652694610778
			0.889221556886228	-0.673652694610778
			0.892215568862275	-0.673652694610778
			0.895209580838323	-0.670658682634731
			0.898203592814371	-0.670658682634731
			0.901197604790419	-0.667664670658683
			0.904191616766467	-0.667664670658683
			0.907185628742515	-0.664670658682635
			0.907185628742515	-0.661676646706587
			0.910179640718563	-0.661676646706587
			0.913173652694611	-0.658682634730539
			0.916167664670659	-0.655688622754491
			0.919161676646707	-0.655688622754491
			0.919161676646707	-0.652694610778443
			0.922155688622755	-0.652694610778443
			0.925149700598802	-0.649700598802395
			0.92814371257485	-0.649700598802395
			0.92814371257485	-0.646706586826347
			0.931137724550898	-0.646706586826347
			0.931137724550898	-0.643712574850299
			0.934131736526946	-0.643712574850299
			0.937125748502994	-0.640718562874252
			0.940119760479042	-0.637724550898204
			0.94311377245509	-0.634730538922156
			0.946107784431138	-0.631736526946108
			0.949101796407186	-0.62874251497006
			0.949101796407186	-0.625748502994012
			0.952095808383234	-0.622754491017964
			0.955089820359281	-0.619760479041916
			0.958083832335329	-0.616766467065868
			0.958083832335329	-0.61377245508982
			0.961077844311377	-0.610778443113772
			0.961077844311377	-0.607784431137725
			0.964071856287425	-0.604790419161677
			0.964071856287425	-0.601796407185629
			0.967065868263473	-0.598802395209581
			0.967065868263473	-0.595808383233533
			0.970059880239521	-0.592814371257485
			0.973053892215569	-0.589820359281437
			0.976047904191617	-0.586826347305389
			0.979041916167665	-0.583832335329341
			0.982035928143713	-0.580838323353293
			0.985029940119761	-0.577844311377246
			0.988023952095808	-0.574850299401198
			0.991017964071856	-0.574850299401198
			0.994011976047904	-0.574850299401198
			0.997005988023952	-0.574850299401198
			1	-0.574850299401198
			1.00299401197605	-0.574850299401198
			1.0059880239521	-0.577844311377246
			1.00898203592814	-0.577844311377246
			1.01197604790419	-0.580838323353293
			1.01497005988024	-0.580838323353293
			1.01796407185629	-0.583832335329341
			1.02095808383234	-0.583832335329341
			1.02395209580838	-0.586826347305389
			1.02694610778443	-0.586826347305389
			1.02994011976048	-0.589820359281437
			1.03293413173653	-0.592814371257485
			1.03592814371257	-0.595808383233533
			1.03892215568862	-0.595808383233533
			1.04191616766467	-0.598802395209581
			1.04491017964072	-0.598802395209581
			1.04491017964072	-0.601796407185629
			1.04790419161677	-0.604790419161677
			1.05089820359281	-0.604790419161677
			1.05389221556886	-0.607784431137725
			1.05688622754491	-0.610778443113772
			1.05988023952096	-0.61377245508982
			1.06287425149701	-0.616766467065868
			1.06586826347305	-0.616766467065868
			1.0688622754491	-0.619760479041916
			1.07185628742515	-0.619760479041916
			1.0748502994012	-0.622754491017964
			1.07784431137725	-0.622754491017964
			1.08083832335329	-0.625748502994012
			1.08383233532934	-0.62874251497006
			1.08682634730539	-0.62874251497006
			1.08982035928144	-0.631736526946108
			1.09281437125749	-0.634730538922156
			1.09580838323353	-0.634730538922156
			1.09880239520958	-0.637724550898204
			1.10179640718563	-0.637724550898204
			1.10479041916168	-0.640718562874252
			1.10778443113772	-0.640718562874252
			1.10778443113772	-0.643712574850299
			1.11077844311377	-0.643712574850299
			1.11377245508982	-0.646706586826347
			1.11676646706587	-0.646706586826347
			1.11976047904192	-0.649700598802395
			1.12275449101796	-0.649700598802395
			1.12574850299401	-0.652694610778443
			1.12874251497006	-0.652694610778443
			1.13173652694611	-0.655688622754491
			1.13473053892216	-0.658682634730539
			1.1377245508982	-0.661676646706587
			1.14071856287425	-0.661676646706587
			1.1437125748503	-0.664670658682635
			1.14670658682635	-0.664670658682635
			1.1497005988024	-0.667664670658683
			1.15269461077844	-0.667664670658683
			1.15568862275449	-0.670658682634731
			1.15868263473054	-0.670658682634731
			1.16167664670659	-0.673652694610778
			1.16467065868263	-0.676646706586826
			1.16766467065868	-0.676646706586826
			1.17065868263473	-0.679640718562874
			1.17365269461078	-0.679640718562874
			1.17664670658683	-0.682634730538922
			1.17964071856287	-0.682634730538922
			1.18263473053892	-0.68562874251497
			1.18562874251497	-0.688622754491018
			1.18862275449102	-0.688622754491018
			1.19161676646707	-0.691616766467066
			1.19461077844311	-0.694610778443114
			1.19760479041916	-0.694610778443114
			1.20059880239521	-0.697604790419162
			1.20359281437126	-0.697604790419162
			1.20658682634731	-0.70059880239521
			1.20958083832335	-0.703592814371258
			1.2125748502994	-0.703592814371258
			1.21556886227545	-0.703592814371258
			1.2185628742515	-0.706586826347305
			1.22155688622754	-0.706586826347305
			1.22455089820359	-0.706586826347305
			1.22754491017964	-0.703592814371258
			1.22754491017964	-0.70059880239521
			1.22754491017964	-0.697604790419162
			1.22455089820359	-0.694610778443114
			1.22455089820359	-0.691616766467066
			1.22455089820359	-0.688622754491018
			1.22155688622754	-0.68562874251497
			1.22155688622754	-0.682634730538922
			1.2185628742515	-0.679640718562874
			1.2185628742515	-0.676646706586826
			1.21556886227545	-0.673652694610778
			1.21556886227545	-0.670658682634731
			1.2125748502994	-0.667664670658683
			1.20958083832335	-0.664670658682635
			1.20958083832335	-0.661676646706587
		</posterior>
	</curves.scaled>
	<ruler.points type=matrix rownames=TRUE colnames=FALSE nrow=2 ncol=2 as.numeric=TRUE >
		Ruler point 1	260	20
		Ruler point 2	427	20
	</ruler.points>
</shapes>

