<shapes type=list>
	<ruler.pixel type=vector names=FALSE length=1 as.numeric=TRUE >401</ruler.pixel>
	<ruler.interval type=vector names=FALSE length=1 as.numeric=TRUE >1</ruler.interval>
	<scaling.units type=vector names=FALSE length=1 as.numeric=FALSE >cm</scaling.units>
	<scaling type=vector names=FALSE length=1 as.numeric=TRUE >0.00249376558603491</scaling>
	<landmarks.pixel type=matrix rownames=TRUE colnames=FALSE nrow=16 ncol=2 as.numeric=TRUE >
		LM1	294	20
		LM2	294	27
		LM3	293	230
		LM4	290	269
		LM5	406	107
		LM6	352	244
		LM7	379	287
		LM8	445	138
		LM9	454	215
		LM10	294	27
		LM11	502	236
		LM12	517	250
		LM13	294	20
		LM14	491	180
		LM15	522	271
		LM16	553	359
	</landmarks.pixel>
	<landmarks.scaled type=matrix rownames=TRUE colnames=FALSE nrow=16 ncol=2 as.numeric=TRUE >
		LM1	0.733167082294264	-0.0498753117206983
		LM2	0.733167082294264	-0.0673316708229426
		LM3	0.730673316708229	-0.57356608478803
		LM4	0.723192019950125	-0.670822942643391
		LM5	1.01246882793017	-0.266832917705736
		LM6	0.877805486284289	-0.608478802992519
		LM7	0.945137157107232	-0.71571072319202
		LM8	1.10972568578554	-0.344139650872818
		LM9	1.13216957605985	-0.536159600997506
		LM10	0.733167082294264	-0.0673316708229426
		LM11	1.25187032418953	-0.588528678304239
		LM12	1.28927680798005	-0.623441396508728
		LM13	0.733167082294264	-0.0498753117206983
		LM14	1.22443890274314	-0.448877805486284
		LM15	1.30174563591022	-0.675810473815461
		LM16	1.37905236907731	-0.895261845386534
	</landmarks.scaled>
	<curves.control type=list>
		<glabella type=matrix rownames=FALSE colnames=FALSE nrow=17 ncol=2 as.numeric=TRUE >
			294	27
			314	27
			342	39
			376	61
			388	82
			398	95
			406	107
			403	120
			378	146
			363	172
			352	210
			345	223
			341	239
			369	251
			375	265
			392	272
			379	287
		</glabella>
		<suture type=matrix rownames=FALSE colnames=FALSE nrow=13 ncol=2 as.numeric=TRUE >
			294	27
			314	27
			342	39
			376	61
			388	82
			398	95
			406	107
			418	129
			418	156
			417	209
			476	227
			501	235
			517	250
		</suture>
		<anterior type=matrix rownames=FALSE colnames=FALSE nrow=11 ncol=2 as.numeric=TRUE >
			294	20
			374	26
			414	97
			438	127
			494	192
			505	207
			512	226
			524	238
			518	261
			521	265
			522	271
		</anterior>
		<posterior type=matrix rownames=FALSE colnames=FALSE nrow=19 ncol=2 as.numeric=TRUE >
			290	269
			316	270
			343	280
			361	287
			364	288
			378	285
			399	297
			432	298
			458	306
			474	313
			485	322
			511	346
			532	356
			547	362
			557	356
			562	345
			552	309
			542	287
			522	271
		</posterior>
	</curves.control>
	<curves.pixel type=list>
		<glabella type=matrix rownames=FALSE colnames=FALSE nrow=340 ncol=2 as.numeric=TRUE >
			294	27
			295	27
			296	27
			297	27
			298	27
			299	27
			300	27
			301	27
			302	27
			303	28
			304	28
			305	28
			306	28
			307	28
			308	28
			309	28
			309	29
			310	29
			311	29
			312	29
			313	29
			314	29
			315	30
			316	30
			317	30
			318	31
			319	31
			320	31
			321	31
			322	32
			323	32
			324	32
			325	32
			325	33
			326	33
			327	33
			328	34
			329	34
			330	34
			331	34
			331	35
			332	35
			333	35
			334	36
			335	36
			336	36
			337	37
			338	37
			338	38
			339	38
			340	38
			341	39
			342	39
			343	40
			344	41
			345	41
			346	42
			347	42
			348	43
			349	44
			350	45
			351	45
			352	46
			353	46
			354	47
			355	48
			356	49
			357	50
			358	50
			359	51
			360	51
			360	52
			361	53
			362	53
			363	54
			363	55
			364	55
			365	56
			366	56
			366	57
			367	58
			368	58
			368	59
			369	59
			370	60
			370	61
			371	61
			372	62
			373	63
			374	64
			375	65
			376	66
			377	67
			377	68
			378	68
			379	69
			379	70
			380	71
			381	72
			382	73
			383	74
			384	75
			384	76
			385	77
			385	78
			386	79
			387	80
			388	81
			388	82
			389	83
			389	84
			390	84
			390	85
			391	85
			391	86
			392	87
			392	88
			393	89
			394	90
			395	91
			395	92
			396	93
			397	94
			398	95
			398	96
			399	97
			400	98
			401	99
			401	100
			402	101
			403	102
			404	103
			404	104
			405	105
			405	106
			406	106
			406	107
			406	108
			405	109
			405	110
			405	111
			404	112
			404	113
			403	114
			403	115
			402	116
			401	117
			401	118
			400	119
			400	120
			399	121
			398	122
			398	123
			397	124
			396	125
			396	126
			395	126
			394	127
			394	128
			393	129
			392	130
			391	131
			391	132
			390	133
			389	134
			388	135
			387	136
			386	137
			385	138
			384	139
			383	140
			382	141
			381	142
			381	143
			380	144
			379	145
			378	146
			377	147
			377	148
			376	149
			376	150
			375	151
			375	152
			374	152
			374	153
			374	154
			373	155
			373	156
			372	157
			372	158
			371	159
			370	160
			370	161
			370	162
			369	162
			369	163
			369	164
			368	165
			368	166
			367	167
			367	168
			367	169
			366	170
			366	171
			365	172
			365	173
			364	174
			364	175
			363	176
			363	177
			363	178
			362	179
			362	180
			362	181
			361	182
			361	183
			361	184
			360	185
			360	186
			359	187
			359	188
			359	189
			358	190
			358	191
			358	192
			357	193
			357	194
			357	195
			356	196
			356	197
			356	198
			355	199
			355	200
			355	201
			354	202
			354	203
			354	204
			353	205
			353	206
			353	207
			352	208
			352	209
			352	210
			352	211
			351	212
			351	213
			350	213
			350	214
			349	215
			349	216
			348	217
			348	218
			348	219
			347	220
			347	221
			346	222
			346	223
			346	224
			345	225
			345	226
			345	227
			344	228
			344	229
			344	230
			343	231
			343	232
			343	233
			342	234
			342	235
			342	236
			341	237
			341	238
			342	239
			343	240
			344	240
			345	241
			346	241
			347	242
			348	242
			349	243
			350	243
			351	244
			352	244
			353	245
			354	245
			355	246
			356	246
			357	247
			358	248
			359	248
			360	249
			361	250
			362	250
			363	251
			364	252
			365	253
			366	254
			367	254
			368	255
			369	256
			369	257
			370	258
			371	258
			371	259
			372	260
			373	261
			373	262
			374	262
			374	263
			375	264
			375	265
			376	265
			377	266
			378	266
			378	267
			379	267
			380	268
			381	268
			381	269
			382	269
			382	270
			383	270
			383	271
			384	271
			384	272
			384	273
			384	274
			385	275
			385	276
			384	277
			384	278
			384	279
			384	280
			383	281
			383	282
			382	283
			382	284
			381	285
			380	286
			379	287
		</glabella>
		<suture type=matrix rownames=FALSE colnames=FALSE nrow=319 ncol=2 as.numeric=TRUE >
			294	27
			295	27
			296	27
			297	27
			298	27
			299	27
			300	27
			301	27
			302	27
			303	28
			304	28
			305	28
			306	28
			307	28
			308	28
			309	28
			310	29
			311	29
			312	29
			313	29
			314	30
			315	30
			316	30
			317	30
			318	31
			319	31
			320	31
			321	31
			322	32
			323	32
			324	32
			325	33
			326	33
			327	33
			328	34
			329	34
			330	34
			331	35
			332	35
			333	35
			334	36
			335	36
			336	37
			337	37
			338	37
			339	38
			340	38
			341	39
			342	39
			343	40
			344	40
			344	41
			345	41
			346	42
			347	42
			347	43
			348	43
			349	43
			349	44
			350	44
			351	45
			352	45
			352	46
			353	46
			354	47
			355	48
			356	49
			357	50
			358	50
			359	51
			360	52
			361	53
			362	53
			363	54
			364	55
			365	56
			366	57
			367	58
			368	59
			369	59
			370	60
			371	61
			372	62
			373	63
			374	64
			374	65
			375	65
			376	66
			377	67
			378	68
			378	69
			379	70
			380	70
			380	71
			381	72
			382	73
			382	74
			383	75
			384	75
			384	76
			385	77
			385	78
			386	79
			387	80
			388	81
			388	82
			389	83
			390	84
			390	85
			391	86
			392	87
			392	88
			393	89
			394	90
			395	91
			396	92
			396	93
			397	94
			398	95
			398	96
			399	96
			399	97
			400	98
			401	99
			401	100
			402	101
			403	102
			404	103
			404	104
			405	105
			405	106
			406	107
			407	108
			407	109
			407	110
			408	110
			408	111
			408	112
			409	112
			409	113
			409	114
			410	114
			410	115
			410	116
			411	117
			411	118
			412	119
			412	120
			412	121
			412	122
			413	123
			413	124
			414	125
			414	126
			414	127
			414	128
			415	129
			415	130
			415	131
			415	132
			416	133
			416	134
			416	135
			416	136
			416	137
			417	138
			417	139
			417	140
			417	141
			417	142
			417	143
			417	144
			417	145
			418	146
			418	147
			418	148
			418	149
			418	150
			418	151
			418	152
			418	153
			418	154
			418	155
			418	156
			418	157
			418	158
			418	159
			418	160
			418	161
			418	162
			418	163
			418	164
			418	165
			418	166
			418	167
			419	167
			419	168
			419	169
			419	170
			419	171
			419	172
			419	173
			420	174
			420	175
			420	176
			420	177
			421	178
			421	179
			421	180
			422	181
			422	182
			422	183
			423	184
			423	185
			423	186
			424	187
			424	188
			425	189
			425	190
			426	191
			426	192
			427	193
			428	194
			428	195
			429	196
			430	197
			431	198
			431	199
			432	200
			433	201
			434	202
			435	203
			435	204
			436	205
			437	206
			438	207
			439	208
			440	208
			441	209
			442	210
			443	211
			444	212
			445	213
			446	213
			447	214
			448	214
			449	215
			450	215
			450	216
			451	216
			452	217
			453	218
			454	218
			455	219
			456	219
			457	219
			458	220
			459	220
			460	221
			461	221
			462	222
			463	222
			464	223
			465	223
			466	223
			467	224
			468	224
			469	225
			470	225
			471	225
			472	226
			473	226
			474	226
			475	227
			476	227
			477	227
			478	228
			479	228
			480	228
			481	229
			482	229
			483	230
			484	230
			485	230
			486	231
			487	231
			488	232
			489	232
			490	232
			490	233
			491	233
			492	233
			493	234
			494	234
			495	235
			496	235
			497	236
			498	236
			498	237
			499	237
			500	237
			501	238
			502	238
			502	239
			503	239
			504	240
			505	240
			506	241
			507	242
			508	243
			509	243
			510	244
			511	245
			512	246
			513	247
			514	248
			515	248
			516	249
			517	250
		</suture>
		<anterior type=matrix rownames=FALSE colnames=FALSE nrow=322 ncol=2 as.numeric=TRUE >
			294	20
			295	20
			296	20
			297	20
			298	20
			299	20
			300	21
			301	21
			302	21
			303	21
			304	21
			305	21
			306	21
			307	21
			308	22
			309	22
			310	22
			311	22
			312	22
			313	22
			314	23
			315	23
			316	23
			317	23
			318	23
			319	24
			320	24
			321	24
			322	24
			323	25
			324	25
			325	25
			326	26
			327	26
			328	26
			329	26
			330	27
			331	27
			332	27
			333	28
			334	28
			335	28
			336	29
			337	29
			338	29
			339	30
			340	30
			341	30
			341	31
			342	31
			343	31
			344	32
			345	32
			346	32
			347	33
			348	34
			349	34
			350	35
			351	35
			352	36
			353	36
			354	37
			355	37
			356	38
			357	38
			358	39
			359	39
			360	40
			361	40
			362	41
			363	42
			364	42
			365	43
			366	43
			367	44
			367	45
			368	45
			369	46
			370	46
			371	47
			372	48
			373	48
			374	49
			375	50
			376	51
			377	52
			378	53
			379	54
			380	55
			381	56
			382	56
			383	57
			384	58
			385	59
			386	60
			387	61
			388	62
			389	63
			390	64
			391	65
			392	66
			393	67
			394	68
			395	69
			396	70
			397	71
			397	72
			398	73
			398	74
			399	74
			400	75
			400	76
			401	76
			401	77
			402	78
			402	79
			403	79
			403	80
			404	81
			405	82
			406	83
			406	84
			407	85
			407	86
			408	87
			408	88
			409	89
			410	90
			410	91
			411	91
			411	92
			412	93
			412	94
			413	95
			413	96
			414	97
			415	98
			415	99
			416	99
			417	100
			417	101
			418	102
			419	103
			420	104
			420	105
			421	106
			422	107
			423	108
			423	109
			424	109
			425	110
			426	111
			427	112
			427	113
			428	114
			428	115
			429	115
			429	116
			430	117
			431	117
			431	118
			432	119
			433	120
			434	121
			435	122
			435	123
			436	124
			437	124
			437	125
			438	126
			439	127
			439	128
			440	129
			441	130
			442	130
			442	131
			443	132
			444	133
			445	134
			445	135
			446	136
			447	137
			448	138
			448	139
			449	140
			450	141
			451	141
			452	142
			452	143
			453	144
			454	145
			455	146
			456	147
			457	148
			457	149
			458	150
			459	151
			460	152
			461	153
			462	154
			463	155
			464	156
			464	157
			465	158
			466	159
			467	160
			468	161
			468	162
			469	163
			470	163
			470	164
			471	165
			472	166
			472	167
			473	167
			474	168
			474	169
			475	170
			476	171
			477	172
			478	173
			479	174
			480	175
			481	176
			481	177
			482	178
			483	179
			484	180
			485	181
			486	182
			487	183
			487	184
			488	185
			489	186
			490	187
			491	188
			491	189
			492	190
			493	190
			493	191
			494	192
			495	193
			496	194
			496	195
			497	196
			497	197
			498	198
			499	199
			499	200
			500	200
			500	201
			501	202
			501	203
			502	204
			502	205
			503	206
			504	207
			504	208
			505	209
			505	210
			506	211
			506	212
			507	213
			507	214
			507	215
			508	216
			508	217
			509	218
			509	219
			510	220
			510	221
			511	222
			511	223
			511	224
			512	225
			512	226
			513	227
			514	228
			514	229
			515	230
			516	231
			516	232
			517	233
			517	234
			518	235
			518	236
			519	237
			519	238
			519	239
			519	240
			520	241
			520	242
			520	243
			520	244
			520	245
			520	246
			520	247
			520	248
			520	249
			520	250
			520	251
			520	252
			520	253
			519	254
			519	255
			519	256
			519	257
			519	258
			519	259
			518	259
			518	260
			518	261
			519	262
			519	263
			520	264
			520	265
			521	266
			521	267
			521	268
			522	269
			522	270
			522	271
		</anterior>
		<posterior type=matrix rownames=FALSE colnames=FALSE nrow=365 ncol=2 as.numeric=TRUE >
			290	269
			291	269
			292	269
			293	269
			294	269
			295	269
			296	269
			297	269
			298	270
			299	270
			300	270
			301	270
			302	270
			303	270
			304	270
			305	270
			306	270
			307	271
			308	271
			309	271
			310	271
			311	271
			312	271
			313	272
			314	272
			315	272
			316	272
			317	272
			318	273
			319	273
			320	273
			321	273
			322	274
			323	274
			324	274
			325	274
			326	275
			327	275
			328	275
			329	275
			330	276
			331	276
			332	276
			333	277
			334	277
			335	277
			336	278
			337	278
			338	278
			339	279
			340	279
			341	279
			342	280
			343	280
			344	280
			345	281
			346	281
			347	281
			348	282
			349	282
			350	283
			351	283
			352	284
			353	284
			354	284
			355	285
			356	285
			357	285
			358	286
			359	286
			360	287
			361	287
			362	287
			363	288
			364	288
			365	288
			366	288
			367	288
			368	287
			369	287
			370	287
			371	287
			372	287
			373	288
			374	288
			375	288
			376	288
			377	288
			378	288
			379	289
			380	289
			381	289
			382	289
			383	290
			384	290
			385	290
			386	291
			387	291
			388	291
			389	292
			390	292
			391	293
			392	293
			393	294
			394	294
			395	295
			396	295
			397	296
			398	297
			399	297
			400	297
			401	297
			402	297
			403	297
			404	297
			405	297
			406	297
			407	297
			408	297
			409	298
			410	298
			411	298
			412	298
			413	298
			414	298
			415	298
			416	298
			417	298
			418	298
			419	298
			420	298
			421	299
			422	299
			423	299
			424	299
			425	299
			426	299
			427	299
			428	299
			429	300
			430	300
			431	300
			432	300
			433	300
			434	300
			435	301
			436	301
			437	301
			438	301
			439	301
			440	301
			441	302
			442	302
			443	302
			444	302
			445	302
			446	303
			447	303
			448	303
			449	304
			450	304
			451	304
			452	304
			453	305
			454	305
			455	305
			456	305
			457	306
			458	306
			459	306
			459	307
			460	307
			461	307
			462	308
			463	308
			464	309
			465	309
			466	310
			467	310
			468	311
			469	311
			470	312
			471	312
			472	313
			473	314
			474	314
			475	315
			476	315
			477	316
			478	317
			479	318
			480	318
			481	319
			482	320
			483	321
			484	321
			485	322
			486	323
			487	324
			488	324
			488	325
			489	326
			490	326
			491	327
			491	328
			492	328
			493	329
			494	330
			495	331
			496	332
			497	333
			498	333
			499	334
			500	335
			501	335
			501	336
			502	337
			503	338
			504	338
			505	339
			506	340
			507	340
			508	341
			509	342
			510	343
			511	344
			512	344
			513	345
			514	346
			515	346
			516	347
			517	348
			518	348
			519	349
			520	349
			521	350
			522	351
			523	351
			524	352
			525	352
			526	353
			527	353
			528	354
			529	354
			530	355
			531	356
			532	356
			533	356
			534	357
			535	357
			536	357
			537	358
			538	358
			539	358
			540	358
			540	359
			541	359
			542	359
			543	359
			544	359
			545	359
			546	359
			547	359
			548	359
			549	359
			550	359
			551	359
			551	358
			552	358
			553	358
			554	358
			555	357
			556	356
			557	355
			558	354
			558	353
			558	352
			558	351
			558	350
			559	349
			559	348
			559	347
			559	346
			559	345
			559	344
			559	343
			559	342
			558	341
			558	340
			558	339
			558	338
			558	337
			558	336
			558	335
			558	334
			557	333
			557	332
			557	331
			557	330
			557	329
			557	328
			556	327
			556	326
			556	325
			556	324
			556	323
			555	322
			555	321
			555	320
			555	319
			554	318
			554	317
			554	316
			554	315
			553	315
			553	314
			553	313
			553	312
			553	311
			552	310
			552	309
			551	308
			551	307
			551	306
			550	305
			550	304
			549	303
			549	302
			548	302
			548	301
			547	300
			547	299
			546	298
			546	297
			545	297
			545	296
			544	295
			544	294
			543	293
			542	292
			541	291
			541	290
			540	289
			539	288
			538	287
			538	286
			537	285
			536	285
			535	284
			535	283
			534	282
			533	281
			532	280
			531	279
			530	278
			529	277
			528	276
			527	275
			526	275
			526	274
			525	273
			524	273
			524	272
			523	272
			522	271
		</posterior>
	</curves.pixel>
	<curves.scaled type=list>
		<glabella type=matrix rownames=FALSE colnames=FALSE nrow=340 ncol=2 as.numeric=TRUE >
			0.733167082294264	-0.0673316708229426
			0.735660847880299	-0.0673316708229426
			0.738154613466334	-0.0673316708229426
			0.740648379052369	-0.0673316708229426
			0.743142144638404	-0.0673316708229426
			0.745635910224439	-0.0673316708229426
			0.748129675810474	-0.0673316708229426
			0.750623441396509	-0.0673316708229426
			0.753117206982544	-0.0673316708229426
			0.755610972568579	-0.0698254364089776
			0.758104738154613	-0.0698254364089776
			0.760598503740648	-0.0698254364089776
			0.763092269326683	-0.0698254364089776
			0.765586034912718	-0.0698254364089776
			0.768079800498753	-0.0698254364089776
			0.770573566084788	-0.0698254364089776
			0.770573566084788	-0.0723192019950125
			0.773067331670823	-0.0723192019950125
			0.775561097256858	-0.0723192019950125
			0.778054862842893	-0.0723192019950125
			0.780548628428928	-0.0723192019950125
			0.783042394014963	-0.0723192019950125
			0.785536159600998	-0.0748129675810474
			0.788029925187032	-0.0748129675810474
			0.790523690773067	-0.0748129675810474
			0.793017456359102	-0.0773067331670823
			0.795511221945137	-0.0773067331670823
			0.798004987531172	-0.0773067331670823
			0.800498753117207	-0.0773067331670823
			0.802992518703242	-0.0798004987531172
			0.805486284289277	-0.0798004987531172
			0.807980049875312	-0.0798004987531172
			0.810473815461347	-0.0798004987531172
			0.810473815461347	-0.0822942643391521
			0.812967581047382	-0.0822942643391521
			0.815461346633416	-0.0822942643391521
			0.817955112219451	-0.084788029925187
			0.820448877805486	-0.084788029925187
			0.822942643391521	-0.084788029925187
			0.825436408977556	-0.084788029925187
			0.825436408977556	-0.0872817955112219
			0.827930174563591	-0.0872817955112219
			0.830423940149626	-0.0872817955112219
			0.832917705735661	-0.0897755610972569
			0.835411471321696	-0.0897755610972569
			0.837905236907731	-0.0897755610972569
			0.840399002493766	-0.0922693266832918
			0.842892768079801	-0.0922693266832918
			0.842892768079801	-0.0947630922693267
			0.845386533665835	-0.0947630922693267
			0.84788029925187	-0.0947630922693267
			0.850374064837905	-0.0972568578553616
			0.85286783042394	-0.0972568578553616
			0.855361596009975	-0.0997506234413965
			0.85785536159601	-0.102244389027431
			0.860349127182045	-0.102244389027431
			0.86284289276808	-0.104738154613466
			0.865336658354115	-0.104738154613466
			0.86783042394015	-0.107231920199501
			0.870324189526185	-0.109725685785536
			0.872817955112219	-0.112219451371571
			0.875311720698254	-0.112219451371571
			0.877805486284289	-0.114713216957606
			0.880299251870324	-0.114713216957606
			0.882793017456359	-0.117206982543641
			0.885286783042394	-0.119700748129676
			0.887780548628429	-0.122194513715711
			0.890274314214464	-0.124688279301746
			0.892768079800499	-0.124688279301746
			0.895261845386534	-0.127182044887781
			0.897755610972569	-0.127182044887781
			0.897755610972569	-0.129675810473815
			0.900249376558603	-0.13216957605985
			0.902743142144638	-0.13216957605985
			0.905236907730673	-0.134663341645885
			0.905236907730673	-0.13715710723192
			0.907730673316708	-0.13715710723192
			0.910224438902743	-0.139650872817955
			0.912718204488778	-0.139650872817955
			0.912718204488778	-0.14214463840399
			0.915211970074813	-0.144638403990025
			0.917705735660848	-0.144638403990025
			0.917705735660848	-0.14713216957606
			0.920199501246883	-0.14713216957606
			0.922693266832918	-0.149625935162095
			0.922693266832918	-0.15211970074813
			0.925187032418953	-0.15211970074813
			0.927680798004987	-0.154613466334165
			0.930174563591022	-0.157107231920199
			0.932668329177057	-0.159600997506234
			0.935162094763092	-0.162094763092269
			0.937655860349127	-0.164588528678304
			0.940149625935162	-0.167082294264339
			0.940149625935162	-0.169576059850374
			0.942643391521197	-0.169576059850374
			0.945137157107232	-0.172069825436409
			0.945137157107232	-0.174563591022444
			0.947630922693267	-0.177057356608479
			0.950124688279302	-0.179551122194514
			0.952618453865337	-0.182044887780549
			0.955112219451372	-0.184538653366584
			0.957605985037406	-0.187032418952618
			0.957605985037406	-0.189526184538653
			0.960099750623441	-0.192019950124688
			0.960099750623441	-0.194513715710723
			0.962593516209476	-0.197007481296758
			0.965087281795511	-0.199501246882793
			0.967581047381546	-0.201995012468828
			0.967581047381546	-0.204488778054863
			0.970074812967581	-0.206982543640898
			0.970074812967581	-0.209476309226933
			0.972568578553616	-0.209476309226933
			0.972568578553616	-0.211970074812968
			0.975062344139651	-0.211970074812968
			0.975062344139651	-0.214463840399002
			0.977556109725686	-0.216957605985037
			0.977556109725686	-0.219451371571072
			0.980049875311721	-0.221945137157107
			0.982543640897756	-0.224438902743142
			0.98503740648379	-0.226932668329177
			0.98503740648379	-0.229426433915212
			0.987531172069825	-0.231920199501247
			0.99002493765586	-0.234413965087282
			0.992518703241895	-0.236907730673317
			0.992518703241895	-0.239401496259352
			0.99501246882793	-0.241895261845387
			0.997506234413965	-0.244389027431421
			1	-0.246882793017456
			1	-0.249376558603491
			1.00249376558603	-0.251870324189526
			1.00498753117207	-0.254364089775561
			1.0074812967581	-0.256857855361596
			1.0074812967581	-0.259351620947631
			1.00997506234414	-0.261845386533666
			1.00997506234414	-0.264339152119701
			1.01246882793017	-0.264339152119701
			1.01246882793017	-0.266832917705736
			1.01246882793017	-0.269326683291771
			1.00997506234414	-0.271820448877805
			1.00997506234414	-0.27431421446384
			1.00997506234414	-0.276807980049875
			1.0074812967581	-0.27930174563591
			1.0074812967581	-0.281795511221945
			1.00498753117207	-0.28428927680798
			1.00498753117207	-0.286783042394015
			1.00249376558603	-0.28927680798005
			1	-0.291770573566085
			1	-0.29426433915212
			0.997506234413965	-0.296758104738155
			0.997506234413965	-0.29925187032419
			0.99501246882793	-0.301745635910224
			0.992518703241895	-0.304239401496259
			0.992518703241895	-0.306733167082294
			0.99002493765586	-0.309226932668329
			0.987531172069825	-0.311720698254364
			0.987531172069825	-0.314214463840399
			0.98503740648379	-0.314214463840399
			0.982543640897756	-0.316708229426434
			0.982543640897756	-0.319201995012469
			0.980049875311721	-0.321695760598504
			0.977556109725686	-0.324189526184539
			0.975062344139651	-0.326683291770574
			0.975062344139651	-0.329177057356608
			0.972568578553616	-0.331670822942643
			0.970074812967581	-0.334164588528678
			0.967581047381546	-0.336658354114713
			0.965087281795511	-0.339152119700748
			0.962593516209476	-0.341645885286783
			0.960099750623441	-0.344139650872818
			0.957605985037406	-0.346633416458853
			0.955112219451372	-0.349127182044888
			0.952618453865337	-0.351620947630923
			0.950124688279302	-0.354114713216958
			0.950124688279302	-0.356608478802993
			0.947630922693267	-0.359102244389027
			0.945137157107232	-0.361596009975062
			0.942643391521197	-0.364089775561097
			0.940149625935162	-0.366583541147132
			0.940149625935162	-0.369077306733167
			0.937655860349127	-0.371571072319202
			0.937655860349127	-0.374064837905237
			0.935162094763092	-0.376558603491272
			0.935162094763092	-0.379052369077307
			0.932668329177057	-0.379052369077307
			0.932668329177057	-0.381546134663342
			0.932668329177057	-0.384039900249377
			0.930174563591022	-0.386533665835411
			0.930174563591022	-0.389027431421446
			0.927680798004987	-0.391521197007481
			0.927680798004987	-0.394014962593516
			0.925187032418953	-0.396508728179551
			0.922693266832918	-0.399002493765586
			0.922693266832918	-0.401496259351621
			0.922693266832918	-0.403990024937656
			0.920199501246883	-0.403990024937656
			0.920199501246883	-0.406483790523691
			0.920199501246883	-0.408977556109726
			0.917705735660848	-0.411471321695761
			0.917705735660848	-0.413965087281795
			0.915211970074813	-0.41645885286783
			0.915211970074813	-0.418952618453865
			0.915211970074813	-0.4214463840399
			0.912718204488778	-0.423940149625935
			0.912718204488778	-0.42643391521197
			0.910224438902743	-0.428927680798005
			0.910224438902743	-0.43142144638404
			0.907730673316708	-0.433915211970075
			0.907730673316708	-0.43640897755611
			0.905236907730673	-0.438902743142145
			0.905236907730673	-0.44139650872818
			0.905236907730673	-0.443890274314214
			0.902743142144638	-0.446384039900249
			0.902743142144638	-0.448877805486284
			0.902743142144638	-0.451371571072319
			0.900249376558603	-0.453865336658354
			0.900249376558603	-0.456359102244389
			0.900249376558603	-0.458852867830424
			0.897755610972569	-0.461346633416459
			0.897755610972569	-0.463840399002494
			0.895261845386534	-0.466334164588529
			0.895261845386534	-0.468827930174564
			0.895261845386534	-0.471321695760599
			0.892768079800499	-0.473815461346633
			0.892768079800499	-0.476309226932668
			0.892768079800499	-0.478802992518703
			0.890274314214464	-0.481296758104738
			0.890274314214464	-0.483790523690773
			0.890274314214464	-0.486284289276808
			0.887780548628429	-0.488778054862843
			0.887780548628429	-0.491271820448878
			0.887780548628429	-0.493765586034913
			0.885286783042394	-0.496259351620948
			0.885286783042394	-0.498753117206983
			0.885286783042394	-0.501246882793017
			0.882793017456359	-0.503740648379052
			0.882793017456359	-0.506234413965087
			0.882793017456359	-0.508728179551122
			0.880299251870324	-0.511221945137157
			0.880299251870324	-0.513715710723192
			0.880299251870324	-0.516209476309227
			0.877805486284289	-0.518703241895262
			0.877805486284289	-0.521197007481297
			0.877805486284289	-0.523690773067332
			0.877805486284289	-0.526184538653367
			0.875311720698254	-0.528678304239401
			0.875311720698254	-0.531172069825436
			0.872817955112219	-0.531172069825436
			0.872817955112219	-0.533665835411471
			0.870324189526185	-0.536159600997506
			0.870324189526185	-0.538653366583541
			0.86783042394015	-0.541147132169576
			0.86783042394015	-0.543640897755611
			0.86783042394015	-0.546134663341646
			0.865336658354115	-0.548628428927681
			0.865336658354115	-0.551122194513716
			0.86284289276808	-0.553615960099751
			0.86284289276808	-0.556109725685786
			0.86284289276808	-0.55860349127182
			0.860349127182045	-0.561097256857855
			0.860349127182045	-0.56359102244389
			0.860349127182045	-0.566084788029925
			0.85785536159601	-0.56857855361596
			0.85785536159601	-0.571072319201995
			0.85785536159601	-0.57356608478803
			0.855361596009975	-0.576059850374065
			0.855361596009975	-0.5785536159601
			0.855361596009975	-0.581047381546135
			0.85286783042394	-0.58354114713217
			0.85286783042394	-0.586034912718205
			0.85286783042394	-0.588528678304239
			0.850374064837905	-0.591022443890274
			0.850374064837905	-0.593516209476309
			0.85286783042394	-0.596009975062344
			0.855361596009975	-0.598503740648379
			0.85785536159601	-0.598503740648379
			0.860349127182045	-0.600997506234414
			0.86284289276808	-0.600997506234414
			0.865336658354115	-0.603491271820449
			0.86783042394015	-0.603491271820449
			0.870324189526185	-0.605985037406484
			0.872817955112219	-0.605985037406484
			0.875311720698254	-0.608478802992519
			0.877805486284289	-0.608478802992519
			0.880299251870324	-0.610972568578554
			0.882793017456359	-0.610972568578554
			0.885286783042394	-0.613466334164589
			0.887780548628429	-0.613466334164589
			0.890274314214464	-0.615960099750623
			0.892768079800499	-0.618453865336658
			0.895261845386534	-0.618453865336658
			0.897755610972569	-0.620947630922693
			0.900249376558603	-0.623441396508728
			0.902743142144638	-0.623441396508728
			0.905236907730673	-0.625935162094763
			0.907730673316708	-0.628428927680798
			0.910224438902743	-0.630922693266833
			0.912718204488778	-0.633416458852868
			0.915211970074813	-0.633416458852868
			0.917705735660848	-0.635910224438903
			0.920199501246883	-0.638403990024938
			0.920199501246883	-0.640897755610973
			0.922693266832918	-0.643391521197007
			0.925187032418953	-0.643391521197007
			0.925187032418953	-0.645885286783042
			0.927680798004987	-0.648379052369077
			0.930174563591022	-0.650872817955112
			0.930174563591022	-0.653366583541147
			0.932668329177057	-0.653366583541147
			0.932668329177057	-0.655860349127182
			0.935162094763092	-0.658354114713217
			0.935162094763092	-0.660847880299252
			0.937655860349127	-0.660847880299252
			0.940149625935162	-0.663341645885287
			0.942643391521197	-0.663341645885287
			0.942643391521197	-0.665835411471322
			0.945137157107232	-0.665835411471322
			0.947630922693267	-0.668329177057357
			0.950124688279302	-0.668329177057357
			0.950124688279302	-0.670822942643391
			0.952618453865337	-0.670822942643391
			0.952618453865337	-0.673316708229426
			0.955112219451372	-0.673316708229426
			0.955112219451372	-0.675810473815461
			0.957605985037406	-0.675810473815461
			0.957605985037406	-0.678304239401496
			0.957605985037406	-0.680798004987531
			0.957605985037406	-0.683291770573566
			0.960099750623441	-0.685785536159601
			0.960099750623441	-0.688279301745636
			0.957605985037406	-0.690773067331671
			0.957605985037406	-0.693266832917706
			0.957605985037406	-0.695760598503741
			0.957605985037406	-0.698254364089776
			0.955112219451372	-0.70074812967581
			0.955112219451372	-0.703241895261845
			0.952618453865337	-0.70573566084788
			0.952618453865337	-0.708229426433915
			0.950124688279302	-0.71072319201995
			0.947630922693267	-0.713216957605985
			0.945137157107232	-0.71571072319202
		</glabella>
		<suture type=matrix rownames=FALSE colnames=FALSE nrow=319 ncol=2 as.numeric=TRUE >
			0.733167082294264	-0.0673316708229426
			0.735660847880299	-0.0673316708229426
			0.738154613466334	-0.0673316708229426
			0.740648379052369	-0.0673316708229426
			0.743142144638404	-0.0673316708229426
			0.745635910224439	-0.0673316708229426
			0.748129675810474	-0.0673316708229426
			0.750623441396509	-0.0673316708229426
			0.753117206982544	-0.0673316708229426
			0.755610972568579	-0.0698254364089776
			0.758104738154613	-0.0698254364089776
			0.760598503740648	-0.0698254364089776
			0.763092269326683	-0.0698254364089776
			0.765586034912718	-0.0698254364089776
			0.768079800498753	-0.0698254364089776
			0.770573566084788	-0.0698254364089776
			0.773067331670823	-0.0723192019950125
			0.775561097256858	-0.0723192019950125
			0.778054862842893	-0.0723192019950125
			0.780548628428928	-0.0723192019950125
			0.783042394014963	-0.0748129675810474
			0.785536159600998	-0.0748129675810474
			0.788029925187032	-0.0748129675810474
			0.790523690773067	-0.0748129675810474
			0.793017456359102	-0.0773067331670823
			0.795511221945137	-0.0773067331670823
			0.798004987531172	-0.0773067331670823
			0.800498753117207	-0.0773067331670823
			0.802992518703242	-0.0798004987531172
			0.805486284289277	-0.0798004987531172
			0.807980049875312	-0.0798004987531172
			0.810473815461347	-0.0822942643391521
			0.812967581047382	-0.0822942643391521
			0.815461346633416	-0.0822942643391521
			0.817955112219451	-0.084788029925187
			0.820448877805486	-0.084788029925187
			0.822942643391521	-0.084788029925187
			0.825436408977556	-0.0872817955112219
			0.827930174563591	-0.0872817955112219
			0.830423940149626	-0.0872817955112219
			0.832917705735661	-0.0897755610972569
			0.835411471321696	-0.0897755610972569
			0.837905236907731	-0.0922693266832918
			0.840399002493766	-0.0922693266832918
			0.842892768079801	-0.0922693266832918
			0.845386533665835	-0.0947630922693267
			0.84788029925187	-0.0947630922693267
			0.850374064837905	-0.0972568578553616
			0.85286783042394	-0.0972568578553616
			0.855361596009975	-0.0997506234413965
			0.85785536159601	-0.0997506234413965
			0.85785536159601	-0.102244389027431
			0.860349127182045	-0.102244389027431
			0.86284289276808	-0.104738154613466
			0.865336658354115	-0.104738154613466
			0.865336658354115	-0.107231920199501
			0.86783042394015	-0.107231920199501
			0.870324189526185	-0.107231920199501
			0.870324189526185	-0.109725685785536
			0.872817955112219	-0.109725685785536
			0.875311720698254	-0.112219451371571
			0.877805486284289	-0.112219451371571
			0.877805486284289	-0.114713216957606
			0.880299251870324	-0.114713216957606
			0.882793017456359	-0.117206982543641
			0.885286783042394	-0.119700748129676
			0.887780548628429	-0.122194513715711
			0.890274314214464	-0.124688279301746
			0.892768079800499	-0.124688279301746
			0.895261845386534	-0.127182044887781
			0.897755610972569	-0.129675810473815
			0.900249376558603	-0.13216957605985
			0.902743142144638	-0.13216957605985
			0.905236907730673	-0.134663341645885
			0.907730673316708	-0.13715710723192
			0.910224438902743	-0.139650872817955
			0.912718204488778	-0.14214463840399
			0.915211970074813	-0.144638403990025
			0.917705735660848	-0.14713216957606
			0.920199501246883	-0.14713216957606
			0.922693266832918	-0.149625935162095
			0.925187032418953	-0.15211970074813
			0.927680798004987	-0.154613466334165
			0.930174563591022	-0.157107231920199
			0.932668329177057	-0.159600997506234
			0.932668329177057	-0.162094763092269
			0.935162094763092	-0.162094763092269
			0.937655860349127	-0.164588528678304
			0.940149625935162	-0.167082294264339
			0.942643391521197	-0.169576059850374
			0.942643391521197	-0.172069825436409
			0.945137157107232	-0.174563591022444
			0.947630922693267	-0.174563591022444
			0.947630922693267	-0.177057356608479
			0.950124688279302	-0.179551122194514
			0.952618453865337	-0.182044887780549
			0.952618453865337	-0.184538653366584
			0.955112219451372	-0.187032418952618
			0.957605985037406	-0.187032418952618
			0.957605985037406	-0.189526184538653
			0.960099750623441	-0.192019950124688
			0.960099750623441	-0.194513715710723
			0.962593516209476	-0.197007481296758
			0.965087281795511	-0.199501246882793
			0.967581047381546	-0.201995012468828
			0.967581047381546	-0.204488778054863
			0.970074812967581	-0.206982543640898
			0.972568578553616	-0.209476309226933
			0.972568578553616	-0.211970074812968
			0.975062344139651	-0.214463840399002
			0.977556109725686	-0.216957605985037
			0.977556109725686	-0.219451371571072
			0.980049875311721	-0.221945137157107
			0.982543640897756	-0.224438902743142
			0.98503740648379	-0.226932668329177
			0.987531172069825	-0.229426433915212
			0.987531172069825	-0.231920199501247
			0.99002493765586	-0.234413965087282
			0.992518703241895	-0.236907730673317
			0.992518703241895	-0.239401496259352
			0.99501246882793	-0.239401496259352
			0.99501246882793	-0.241895261845387
			0.997506234413965	-0.244389027431421
			1	-0.246882793017456
			1	-0.249376558603491
			1.00249376558603	-0.251870324189526
			1.00498753117207	-0.254364089775561
			1.0074812967581	-0.256857855361596
			1.0074812967581	-0.259351620947631
			1.00997506234414	-0.261845386533666
			1.00997506234414	-0.264339152119701
			1.01246882793017	-0.266832917705736
			1.01496259351621	-0.269326683291771
			1.01496259351621	-0.271820448877805
			1.01496259351621	-0.27431421446384
			1.01745635910224	-0.27431421446384
			1.01745635910224	-0.276807980049875
			1.01745635910224	-0.27930174563591
			1.01995012468828	-0.27930174563591
			1.01995012468828	-0.281795511221945
			1.01995012468828	-0.28428927680798
			1.02244389027431	-0.28428927680798
			1.02244389027431	-0.286783042394015
			1.02244389027431	-0.28927680798005
			1.02493765586035	-0.291770573566085
			1.02493765586035	-0.29426433915212
			1.02743142144638	-0.296758104738155
			1.02743142144638	-0.29925187032419
			1.02743142144638	-0.301745635910224
			1.02743142144638	-0.304239401496259
			1.02992518703242	-0.306733167082294
			1.02992518703242	-0.309226932668329
			1.03241895261845	-0.311720698254364
			1.03241895261845	-0.314214463840399
			1.03241895261845	-0.316708229426434
			1.03241895261845	-0.319201995012469
			1.03491271820449	-0.321695760598504
			1.03491271820449	-0.324189526184539
			1.03491271820449	-0.326683291770574
			1.03491271820449	-0.329177057356608
			1.03740648379052	-0.331670822942643
			1.03740648379052	-0.334164588528678
			1.03740648379052	-0.336658354114713
			1.03740648379052	-0.339152119700748
			1.03740648379052	-0.341645885286783
			1.03990024937656	-0.344139650872818
			1.03990024937656	-0.346633416458853
			1.03990024937656	-0.349127182044888
			1.03990024937656	-0.351620947630923
			1.03990024937656	-0.354114713216958
			1.03990024937656	-0.356608478802993
			1.03990024937656	-0.359102244389027
			1.03990024937656	-0.361596009975062
			1.04239401496259	-0.364089775561097
			1.04239401496259	-0.366583541147132
			1.04239401496259	-0.369077306733167
			1.04239401496259	-0.371571072319202
			1.04239401496259	-0.374064837905237
			1.04239401496259	-0.376558603491272
			1.04239401496259	-0.379052369077307
			1.04239401496259	-0.381546134663342
			1.04239401496259	-0.384039900249377
			1.04239401496259	-0.386533665835411
			1.04239401496259	-0.389027431421446
			1.04239401496259	-0.391521197007481
			1.04239401496259	-0.394014962593516
			1.04239401496259	-0.396508728179551
			1.04239401496259	-0.399002493765586
			1.04239401496259	-0.401496259351621
			1.04239401496259	-0.403990024937656
			1.04239401496259	-0.406483790523691
			1.04239401496259	-0.408977556109726
			1.04239401496259	-0.411471321695761
			1.04239401496259	-0.413965087281795
			1.04239401496259	-0.41645885286783
			1.04488778054863	-0.41645885286783
			1.04488778054863	-0.418952618453865
			1.04488778054863	-0.4214463840399
			1.04488778054863	-0.423940149625935
			1.04488778054863	-0.42643391521197
			1.04488778054863	-0.428927680798005
			1.04488778054863	-0.43142144638404
			1.04738154613466	-0.433915211970075
			1.04738154613466	-0.43640897755611
			1.04738154613466	-0.438902743142145
			1.04738154613466	-0.44139650872818
			1.0498753117207	-0.443890274314214
			1.0498753117207	-0.446384039900249
			1.0498753117207	-0.448877805486284
			1.05236907730673	-0.451371571072319
			1.05236907730673	-0.453865336658354
			1.05236907730673	-0.456359102244389
			1.05486284289277	-0.458852867830424
			1.05486284289277	-0.461346633416459
			1.05486284289277	-0.463840399002494
			1.0573566084788	-0.466334164588529
			1.0573566084788	-0.468827930174564
			1.05985037406484	-0.471321695760599
			1.05985037406484	-0.473815461346633
			1.06234413965087	-0.476309226932668
			1.06234413965087	-0.478802992518703
			1.06483790523691	-0.481296758104738
			1.06733167082294	-0.483790523690773
			1.06733167082294	-0.486284289276808
			1.06982543640898	-0.488778054862843
			1.07231920199501	-0.491271820448878
			1.07481296758105	-0.493765586034913
			1.07481296758105	-0.496259351620948
			1.07730673316708	-0.498753117206983
			1.07980049875312	-0.501246882793017
			1.08229426433915	-0.503740648379052
			1.08478802992519	-0.506234413965087
			1.08478802992519	-0.508728179551122
			1.08728179551122	-0.511221945137157
			1.08977556109726	-0.513715710723192
			1.09226932668329	-0.516209476309227
			1.09476309226933	-0.518703241895262
			1.09725685785536	-0.518703241895262
			1.0997506234414	-0.521197007481297
			1.10224438902743	-0.523690773067332
			1.10473815461347	-0.526184538653367
			1.1072319201995	-0.528678304239401
			1.10972568578554	-0.531172069825436
			1.11221945137157	-0.531172069825436
			1.11471321695761	-0.533665835411471
			1.11720698254364	-0.533665835411471
			1.11970074812968	-0.536159600997506
			1.12219451371571	-0.536159600997506
			1.12219451371571	-0.538653366583541
			1.12468827930175	-0.538653366583541
			1.12718204488778	-0.541147132169576
			1.12967581047382	-0.543640897755611
			1.13216957605985	-0.543640897755611
			1.13466334164589	-0.546134663341646
			1.13715710723192	-0.546134663341646
			1.13965087281796	-0.546134663341646
			1.14214463840399	-0.548628428927681
			1.14463840399002	-0.548628428927681
			1.14713216957606	-0.551122194513716
			1.14962593516209	-0.551122194513716
			1.15211970074813	-0.553615960099751
			1.15461346633416	-0.553615960099751
			1.1571072319202	-0.556109725685786
			1.15960099750623	-0.556109725685786
			1.16209476309227	-0.556109725685786
			1.1645885286783	-0.55860349127182
			1.16708229426434	-0.55860349127182
			1.16957605985037	-0.561097256857855
			1.17206982543641	-0.561097256857855
			1.17456359102244	-0.561097256857855
			1.17705735660848	-0.56359102244389
			1.17955112219451	-0.56359102244389
			1.18204488778055	-0.56359102244389
			1.18453865336658	-0.566084788029925
			1.18703241895262	-0.566084788029925
			1.18952618453865	-0.566084788029925
			1.19201995012469	-0.56857855361596
			1.19451371571072	-0.56857855361596
			1.19700748129676	-0.56857855361596
			1.19950124688279	-0.571072319201995
			1.20199501246883	-0.571072319201995
			1.20448877805486	-0.57356608478803
			1.2069825436409	-0.57356608478803
			1.20947630922693	-0.57356608478803
			1.21197007481297	-0.576059850374065
			1.214463840399	-0.576059850374065
			1.21695760598504	-0.5785536159601
			1.21945137157107	-0.5785536159601
			1.22194513715711	-0.5785536159601
			1.22194513715711	-0.581047381546135
			1.22443890274314	-0.581047381546135
			1.22693266832918	-0.581047381546135
			1.22942643391521	-0.58354114713217
			1.23192019950125	-0.58354114713217
			1.23441396508728	-0.586034912718205
			1.23690773067332	-0.586034912718205
			1.23940149625935	-0.588528678304239
			1.24189526184539	-0.588528678304239
			1.24189526184539	-0.591022443890274
			1.24438902743142	-0.591022443890274
			1.24688279301746	-0.591022443890274
			1.24937655860349	-0.593516209476309
			1.25187032418953	-0.593516209476309
			1.25187032418953	-0.596009975062344
			1.25436408977556	-0.596009975062344
			1.2568578553616	-0.598503740648379
			1.25935162094763	-0.598503740648379
			1.26184538653367	-0.600997506234414
			1.2643391521197	-0.603491271820449
			1.26683291770574	-0.605985037406484
			1.26932668329177	-0.605985037406484
			1.27182044887781	-0.608478802992519
			1.27431421446384	-0.610972568578554
			1.27680798004988	-0.613466334164589
			1.27930174563591	-0.615960099750623
			1.28179551122195	-0.618453865336658
			1.28428927680798	-0.618453865336658
			1.28678304239401	-0.620947630922693
			1.28927680798005	-0.623441396508728
		</suture>
		<anterior type=matrix rownames=FALSE colnames=FALSE nrow=322 ncol=2 as.numeric=TRUE >
			0.733167082294264	-0.0498753117206983
			0.735660847880299	-0.0498753117206983
			0.738154613466334	-0.0498753117206983
			0.740648379052369	-0.0498753117206983
			0.743142144638404	-0.0498753117206983
			0.745635910224439	-0.0498753117206983
			0.748129675810474	-0.0523690773067332
			0.750623441396509	-0.0523690773067332
			0.753117206982544	-0.0523690773067332
			0.755610972568579	-0.0523690773067332
			0.758104738154613	-0.0523690773067332
			0.760598503740648	-0.0523690773067332
			0.763092269326683	-0.0523690773067332
			0.765586034912718	-0.0523690773067332
			0.768079800498753	-0.0548628428927681
			0.770573566084788	-0.0548628428927681
			0.773067331670823	-0.0548628428927681
			0.775561097256858	-0.0548628428927681
			0.778054862842893	-0.0548628428927681
			0.780548628428928	-0.0548628428927681
			0.783042394014963	-0.057356608478803
			0.785536159600998	-0.057356608478803
			0.788029925187032	-0.057356608478803
			0.790523690773067	-0.057356608478803
			0.793017456359102	-0.057356608478803
			0.795511221945137	-0.0598503740648379
			0.798004987531172	-0.0598503740648379
			0.800498753117207	-0.0598503740648379
			0.802992518703242	-0.0598503740648379
			0.805486284289277	-0.0623441396508728
			0.807980049875312	-0.0623441396508728
			0.810473815461347	-0.0623441396508728
			0.812967581047382	-0.0648379052369077
			0.815461346633416	-0.0648379052369077
			0.817955112219451	-0.0648379052369077
			0.820448877805486	-0.0648379052369077
			0.822942643391521	-0.0673316708229426
			0.825436408977556	-0.0673316708229426
			0.827930174563591	-0.0673316708229426
			0.830423940149626	-0.0698254364089776
			0.832917705735661	-0.0698254364089776
			0.835411471321696	-0.0698254364089776
			0.837905236907731	-0.0723192019950125
			0.840399002493766	-0.0723192019950125
			0.842892768079801	-0.0723192019950125
			0.845386533665835	-0.0748129675810474
			0.84788029925187	-0.0748129675810474
			0.850374064837905	-0.0748129675810474
			0.850374064837905	-0.0773067331670823
			0.85286783042394	-0.0773067331670823
			0.855361596009975	-0.0773067331670823
			0.85785536159601	-0.0798004987531172
			0.860349127182045	-0.0798004987531172
			0.86284289276808	-0.0798004987531172
			0.865336658354115	-0.0822942643391521
			0.86783042394015	-0.084788029925187
			0.870324189526185	-0.084788029925187
			0.872817955112219	-0.0872817955112219
			0.875311720698254	-0.0872817955112219
			0.877805486284289	-0.0897755610972569
			0.880299251870324	-0.0897755610972569
			0.882793017456359	-0.0922693266832918
			0.885286783042394	-0.0922693266832918
			0.887780548628429	-0.0947630922693267
			0.890274314214464	-0.0947630922693267
			0.892768079800499	-0.0972568578553616
			0.895261845386534	-0.0972568578553616
			0.897755610972569	-0.0997506234413965
			0.900249376558603	-0.0997506234413965
			0.902743142144638	-0.102244389027431
			0.905236907730673	-0.104738154613466
			0.907730673316708	-0.104738154613466
			0.910224438902743	-0.107231920199501
			0.912718204488778	-0.107231920199501
			0.915211970074813	-0.109725685785536
			0.915211970074813	-0.112219451371571
			0.917705735660848	-0.112219451371571
			0.920199501246883	-0.114713216957606
			0.922693266832918	-0.114713216957606
			0.925187032418953	-0.117206982543641
			0.927680798004987	-0.119700748129676
			0.930174563591022	-0.119700748129676
			0.932668329177057	-0.122194513715711
			0.935162094763092	-0.124688279301746
			0.937655860349127	-0.127182044887781
			0.940149625935162	-0.129675810473815
			0.942643391521197	-0.13216957605985
			0.945137157107232	-0.134663341645885
			0.947630922693267	-0.13715710723192
			0.950124688279302	-0.139650872817955
			0.952618453865337	-0.139650872817955
			0.955112219451372	-0.14214463840399
			0.957605985037406	-0.144638403990025
			0.960099750623441	-0.14713216957606
			0.962593516209476	-0.149625935162095
			0.965087281795511	-0.15211970074813
			0.967581047381546	-0.154613466334165
			0.970074812967581	-0.157107231920199
			0.972568578553616	-0.159600997506234
			0.975062344139651	-0.162094763092269
			0.977556109725686	-0.164588528678304
			0.980049875311721	-0.167082294264339
			0.982543640897756	-0.169576059850374
			0.98503740648379	-0.172069825436409
			0.987531172069825	-0.174563591022444
			0.99002493765586	-0.177057356608479
			0.99002493765586	-0.179551122194514
			0.992518703241895	-0.182044887780549
			0.992518703241895	-0.184538653366584
			0.99501246882793	-0.184538653366584
			0.997506234413965	-0.187032418952618
			0.997506234413965	-0.189526184538653
			1	-0.189526184538653
			1	-0.192019950124688
			1.00249376558603	-0.194513715710723
			1.00249376558603	-0.197007481296758
			1.00498753117207	-0.197007481296758
			1.00498753117207	-0.199501246882793
			1.0074812967581	-0.201995012468828
			1.00997506234414	-0.204488778054863
			1.01246882793017	-0.206982543640898
			1.01246882793017	-0.209476309226933
			1.01496259351621	-0.211970074812968
			1.01496259351621	-0.214463840399002
			1.01745635910224	-0.216957605985037
			1.01745635910224	-0.219451371571072
			1.01995012468828	-0.221945137157107
			1.02244389027431	-0.224438902743142
			1.02244389027431	-0.226932668329177
			1.02493765586035	-0.226932668329177
			1.02493765586035	-0.229426433915212
			1.02743142144638	-0.231920199501247
			1.02743142144638	-0.234413965087282
			1.02992518703242	-0.236907730673317
			1.02992518703242	-0.239401496259352
			1.03241895261845	-0.241895261845387
			1.03491271820449	-0.244389027431421
			1.03491271820449	-0.246882793017456
			1.03740648379052	-0.246882793017456
			1.03990024937656	-0.249376558603491
			1.03990024937656	-0.251870324189526
			1.04239401496259	-0.254364089775561
			1.04488778054863	-0.256857855361596
			1.04738154613466	-0.259351620947631
			1.04738154613466	-0.261845386533666
			1.0498753117207	-0.264339152119701
			1.05236907730673	-0.266832917705736
			1.05486284289277	-0.269326683291771
			1.05486284289277	-0.271820448877805
			1.0573566084788	-0.271820448877805
			1.05985037406484	-0.27431421446384
			1.06234413965087	-0.276807980049875
			1.06483790523691	-0.27930174563591
			1.06483790523691	-0.281795511221945
			1.06733167082294	-0.28428927680798
			1.06733167082294	-0.286783042394015
			1.06982543640898	-0.286783042394015
			1.06982543640898	-0.28927680798005
			1.07231920199501	-0.291770573566085
			1.07481296758105	-0.291770573566085
			1.07481296758105	-0.29426433915212
			1.07730673316708	-0.296758104738155
			1.07980049875312	-0.29925187032419
			1.08229426433915	-0.301745635910224
			1.08478802992519	-0.304239401496259
			1.08478802992519	-0.306733167082294
			1.08728179551122	-0.309226932668329
			1.08977556109726	-0.309226932668329
			1.08977556109726	-0.311720698254364
			1.09226932668329	-0.314214463840399
			1.09476309226933	-0.316708229426434
			1.09476309226933	-0.319201995012469
			1.09725685785536	-0.321695760598504
			1.0997506234414	-0.324189526184539
			1.10224438902743	-0.324189526184539
			1.10224438902743	-0.326683291770574
			1.10473815461347	-0.329177057356608
			1.1072319201995	-0.331670822942643
			1.10972568578554	-0.334164588528678
			1.10972568578554	-0.336658354114713
			1.11221945137157	-0.339152119700748
			1.11471321695761	-0.341645885286783
			1.11720698254364	-0.344139650872818
			1.11720698254364	-0.346633416458853
			1.11970074812968	-0.349127182044888
			1.12219451371571	-0.351620947630923
			1.12468827930175	-0.351620947630923
			1.12718204488778	-0.354114713216958
			1.12718204488778	-0.356608478802993
			1.12967581047382	-0.359102244389027
			1.13216957605985	-0.361596009975062
			1.13466334164589	-0.364089775561097
			1.13715710723192	-0.366583541147132
			1.13965087281796	-0.369077306733167
			1.13965087281796	-0.371571072319202
			1.14214463840399	-0.374064837905237
			1.14463840399002	-0.376558603491272
			1.14713216957606	-0.379052369077307
			1.14962593516209	-0.381546134663342
			1.15211970074813	-0.384039900249377
			1.15461346633416	-0.386533665835411
			1.1571072319202	-0.389027431421446
			1.1571072319202	-0.391521197007481
			1.15960099750623	-0.394014962593516
			1.16209476309227	-0.396508728179551
			1.1645885286783	-0.399002493765586
			1.16708229426434	-0.401496259351621
			1.16708229426434	-0.403990024937656
			1.16957605985037	-0.406483790523691
			1.17206982543641	-0.406483790523691
			1.17206982543641	-0.408977556109726
			1.17456359102244	-0.411471321695761
			1.17705735660848	-0.413965087281795
			1.17705735660848	-0.41645885286783
			1.17955112219451	-0.41645885286783
			1.18204488778055	-0.418952618453865
			1.18204488778055	-0.4214463840399
			1.18453865336658	-0.423940149625935
			1.18703241895262	-0.42643391521197
			1.18952618453865	-0.428927680798005
			1.19201995012469	-0.43142144638404
			1.19451371571072	-0.433915211970075
			1.19700748129676	-0.43640897755611
			1.19950124688279	-0.438902743142145
			1.19950124688279	-0.44139650872818
			1.20199501246883	-0.443890274314214
			1.20448877805486	-0.446384039900249
			1.2069825436409	-0.448877805486284
			1.20947630922693	-0.451371571072319
			1.21197007481297	-0.453865336658354
			1.214463840399	-0.456359102244389
			1.214463840399	-0.458852867830424
			1.21695760598504	-0.461346633416459
			1.21945137157107	-0.463840399002494
			1.22194513715711	-0.466334164588529
			1.22443890274314	-0.468827930174564
			1.22443890274314	-0.471321695760599
			1.22693266832918	-0.473815461346633
			1.22942643391521	-0.473815461346633
			1.22942643391521	-0.476309226932668
			1.23192019950125	-0.478802992518703
			1.23441396508728	-0.481296758104738
			1.23690773067332	-0.483790523690773
			1.23690773067332	-0.486284289276808
			1.23940149625935	-0.488778054862843
			1.23940149625935	-0.491271820448878
			1.24189526184539	-0.493765586034913
			1.24438902743142	-0.496259351620948
			1.24438902743142	-0.498753117206983
			1.24688279301746	-0.498753117206983
			1.24688279301746	-0.501246882793017
			1.24937655860349	-0.503740648379052
			1.24937655860349	-0.506234413965087
			1.25187032418953	-0.508728179551122
			1.25187032418953	-0.511221945137157
			1.25436408977556	-0.513715710723192
			1.2568578553616	-0.516209476309227
			1.2568578553616	-0.518703241895262
			1.25935162094763	-0.521197007481297
			1.25935162094763	-0.523690773067332
			1.26184538653367	-0.526184538653367
			1.26184538653367	-0.528678304239401
			1.2643391521197	-0.531172069825436
			1.2643391521197	-0.533665835411471
			1.2643391521197	-0.536159600997506
			1.26683291770574	-0.538653366583541
			1.26683291770574	-0.541147132169576
			1.26932668329177	-0.543640897755611
			1.26932668329177	-0.546134663341646
			1.27182044887781	-0.548628428927681
			1.27182044887781	-0.551122194513716
			1.27431421446384	-0.553615960099751
			1.27431421446384	-0.556109725685786
			1.27431421446384	-0.55860349127182
			1.27680798004988	-0.561097256857855
			1.27680798004988	-0.56359102244389
			1.27930174563591	-0.566084788029925
			1.28179551122195	-0.56857855361596
			1.28179551122195	-0.571072319201995
			1.28428927680798	-0.57356608478803
			1.28678304239401	-0.576059850374065
			1.28678304239401	-0.5785536159601
			1.28927680798005	-0.581047381546135
			1.28927680798005	-0.58354114713217
			1.29177057356608	-0.586034912718205
			1.29177057356608	-0.588528678304239
			1.29426433915212	-0.591022443890274
			1.29426433915212	-0.593516209476309
			1.29426433915212	-0.596009975062344
			1.29426433915212	-0.598503740648379
			1.29675810473815	-0.600997506234414
			1.29675810473815	-0.603491271820449
			1.29675810473815	-0.605985037406484
			1.29675810473815	-0.608478802992519
			1.29675810473815	-0.610972568578554
			1.29675810473815	-0.613466334164589
			1.29675810473815	-0.615960099750623
			1.29675810473815	-0.618453865336658
			1.29675810473815	-0.620947630922693
			1.29675810473815	-0.623441396508728
			1.29675810473815	-0.625935162094763
			1.29675810473815	-0.628428927680798
			1.29675810473815	-0.630922693266833
			1.29426433915212	-0.633416458852868
			1.29426433915212	-0.635910224438903
			1.29426433915212	-0.638403990024938
			1.29426433915212	-0.640897755610973
			1.29426433915212	-0.643391521197007
			1.29426433915212	-0.645885286783042
			1.29177057356608	-0.645885286783042
			1.29177057356608	-0.648379052369077
			1.29177057356608	-0.650872817955112
			1.29426433915212	-0.653366583541147
			1.29426433915212	-0.655860349127182
			1.29675810473815	-0.658354114713217
			1.29675810473815	-0.660847880299252
			1.29925187032419	-0.663341645885287
			1.29925187032419	-0.665835411471322
			1.29925187032419	-0.668329177057357
			1.30174563591022	-0.670822942643391
			1.30174563591022	-0.673316708229426
			1.30174563591022	-0.675810473815461
		</anterior>
		<posterior type=matrix rownames=FALSE colnames=FALSE nrow=365 ncol=2 as.numeric=TRUE >
			0.723192019950125	-0.670822942643391
			0.72568578553616	-0.670822942643391
			0.728179551122194	-0.670822942643391
			0.730673316708229	-0.670822942643391
			0.733167082294264	-0.670822942643391
			0.735660847880299	-0.670822942643391
			0.738154613466334	-0.670822942643391
			0.740648379052369	-0.670822942643391
			0.743142144638404	-0.673316708229426
			0.745635910224439	-0.673316708229426
			0.748129675810474	-0.673316708229426
			0.750623441396509	-0.673316708229426
			0.753117206982544	-0.673316708229426
			0.755610972568579	-0.673316708229426
			0.758104738154613	-0.673316708229426
			0.760598503740648	-0.673316708229426
			0.763092269326683	-0.673316708229426
			0.765586034912718	-0.675810473815461
			0.768079800498753	-0.675810473815461
			0.770573566084788	-0.675810473815461
			0.773067331670823	-0.675810473815461
			0.775561097256858	-0.675810473815461
			0.778054862842893	-0.675810473815461
			0.780548628428928	-0.678304239401496
			0.783042394014963	-0.678304239401496
			0.785536159600998	-0.678304239401496
			0.788029925187032	-0.678304239401496
			0.790523690773067	-0.678304239401496
			0.793017456359102	-0.680798004987531
			0.795511221945137	-0.680798004987531
			0.798004987531172	-0.680798004987531
			0.800498753117207	-0.680798004987531
			0.802992518703242	-0.683291770573566
			0.805486284289277	-0.683291770573566
			0.807980049875312	-0.683291770573566
			0.810473815461347	-0.683291770573566
			0.812967581047382	-0.685785536159601
			0.815461346633416	-0.685785536159601
			0.817955112219451	-0.685785536159601
			0.820448877805486	-0.685785536159601
			0.822942643391521	-0.688279301745636
			0.825436408977556	-0.688279301745636
			0.827930174563591	-0.688279301745636
			0.830423940149626	-0.690773067331671
			0.832917705735661	-0.690773067331671
			0.835411471321696	-0.690773067331671
			0.837905236907731	-0.693266832917706
			0.840399002493766	-0.693266832917706
			0.842892768079801	-0.693266832917706
			0.845386533665835	-0.695760598503741
			0.84788029925187	-0.695760598503741
			0.850374064837905	-0.695760598503741
			0.85286783042394	-0.698254364089776
			0.855361596009975	-0.698254364089776
			0.85785536159601	-0.698254364089776
			0.860349127182045	-0.70074812967581
			0.86284289276808	-0.70074812967581
			0.865336658354115	-0.70074812967581
			0.86783042394015	-0.703241895261845
			0.870324189526185	-0.703241895261845
			0.872817955112219	-0.70573566084788
			0.875311720698254	-0.70573566084788
			0.877805486284289	-0.708229426433915
			0.880299251870324	-0.708229426433915
			0.882793017456359	-0.708229426433915
			0.885286783042394	-0.71072319201995
			0.887780548628429	-0.71072319201995
			0.890274314214464	-0.71072319201995
			0.892768079800499	-0.713216957605985
			0.895261845386534	-0.713216957605985
			0.897755610972569	-0.71571072319202
			0.900249376558603	-0.71571072319202
			0.902743142144638	-0.71571072319202
			0.905236907730673	-0.718204488778055
			0.907730673316708	-0.718204488778055
			0.910224438902743	-0.718204488778055
			0.912718204488778	-0.718204488778055
			0.915211970074813	-0.718204488778055
			0.917705735660848	-0.71571072319202
			0.920199501246883	-0.71571072319202
			0.922693266832918	-0.71571072319202
			0.925187032418953	-0.71571072319202
			0.927680798004987	-0.71571072319202
			0.930174563591022	-0.718204488778055
			0.932668329177057	-0.718204488778055
			0.935162094763092	-0.718204488778055
			0.937655860349127	-0.718204488778055
			0.940149625935162	-0.718204488778055
			0.942643391521197	-0.718204488778055
			0.945137157107232	-0.72069825436409
			0.947630922693267	-0.72069825436409
			0.950124688279302	-0.72069825436409
			0.952618453865337	-0.72069825436409
			0.955112219451372	-0.723192019950125
			0.957605985037406	-0.723192019950125
			0.960099750623441	-0.723192019950125
			0.962593516209476	-0.72568578553616
			0.965087281795511	-0.72568578553616
			0.967581047381546	-0.72568578553616
			0.970074812967581	-0.728179551122194
			0.972568578553616	-0.728179551122194
			0.975062344139651	-0.730673316708229
			0.977556109725686	-0.730673316708229
			0.980049875311721	-0.733167082294264
			0.982543640897756	-0.733167082294264
			0.98503740648379	-0.735660847880299
			0.987531172069825	-0.735660847880299
			0.99002493765586	-0.738154613466334
			0.992518703241895	-0.740648379052369
			0.99501246882793	-0.740648379052369
			0.997506234413965	-0.740648379052369
			1	-0.740648379052369
			1.00249376558603	-0.740648379052369
			1.00498753117207	-0.740648379052369
			1.0074812967581	-0.740648379052369
			1.00997506234414	-0.740648379052369
			1.01246882793017	-0.740648379052369
			1.01496259351621	-0.740648379052369
			1.01745635910224	-0.740648379052369
			1.01995012468828	-0.743142144638404
			1.02244389027431	-0.743142144638404
			1.02493765586035	-0.743142144638404
			1.02743142144638	-0.743142144638404
			1.02992518703242	-0.743142144638404
			1.03241895261845	-0.743142144638404
			1.03491271820449	-0.743142144638404
			1.03740648379052	-0.743142144638404
			1.03990024937656	-0.743142144638404
			1.04239401496259	-0.743142144638404
			1.04488778054863	-0.743142144638404
			1.04738154613466	-0.743142144638404
			1.0498753117207	-0.745635910224439
			1.05236907730673	-0.745635910224439
			1.05486284289277	-0.745635910224439
			1.0573566084788	-0.745635910224439
			1.05985037406484	-0.745635910224439
			1.06234413965087	-0.745635910224439
			1.06483790523691	-0.745635910224439
			1.06733167082294	-0.745635910224439
			1.06982543640898	-0.748129675810474
			1.07231920199501	-0.748129675810474
			1.07481296758105	-0.748129675810474
			1.07730673316708	-0.748129675810474
			1.07980049875312	-0.748129675810474
			1.08229426433915	-0.748129675810474
			1.08478802992519	-0.750623441396509
			1.08728179551122	-0.750623441396509
			1.08977556109726	-0.750623441396509
			1.09226932668329	-0.750623441396509
			1.09476309226933	-0.750623441396509
			1.09725685785536	-0.750623441396509
			1.0997506234414	-0.753117206982544
			1.10224438902743	-0.753117206982544
			1.10473815461347	-0.753117206982544
			1.1072319201995	-0.753117206982544
			1.10972568578554	-0.753117206982544
			1.11221945137157	-0.755610972568579
			1.11471321695761	-0.755610972568579
			1.11720698254364	-0.755610972568579
			1.11970074812968	-0.758104738154613
			1.12219451371571	-0.758104738154613
			1.12468827930175	-0.758104738154613
			1.12718204488778	-0.758104738154613
			1.12967581047382	-0.760598503740648
			1.13216957605985	-0.760598503740648
			1.13466334164589	-0.760598503740648
			1.13715710723192	-0.760598503740648
			1.13965087281796	-0.763092269326683
			1.14214463840399	-0.763092269326683
			1.14463840399002	-0.763092269326683
			1.14463840399002	-0.765586034912718
			1.14713216957606	-0.765586034912718
			1.14962593516209	-0.765586034912718
			1.15211970074813	-0.768079800498753
			1.15461346633416	-0.768079800498753
			1.1571072319202	-0.770573566084788
			1.15960099750623	-0.770573566084788
			1.16209476309227	-0.773067331670823
			1.1645885286783	-0.773067331670823
			1.16708229426434	-0.775561097256858
			1.16957605985037	-0.775561097256858
			1.17206982543641	-0.778054862842893
			1.17456359102244	-0.778054862842893
			1.17705735660848	-0.780548628428928
			1.17955112219451	-0.783042394014963
			1.18204488778055	-0.783042394014963
			1.18453865336658	-0.785536159600998
			1.18703241895262	-0.785536159600998
			1.18952618453865	-0.788029925187032
			1.19201995012469	-0.790523690773067
			1.19451371571072	-0.793017456359102
			1.19700748129676	-0.793017456359102
			1.19950124688279	-0.795511221945137
			1.20199501246883	-0.798004987531172
			1.20448877805486	-0.800498753117207
			1.2069825436409	-0.800498753117207
			1.20947630922693	-0.802992518703242
			1.21197007481297	-0.805486284289277
			1.214463840399	-0.807980049875312
			1.21695760598504	-0.807980049875312
			1.21695760598504	-0.810473815461347
			1.21945137157107	-0.812967581047382
			1.22194513715711	-0.812967581047382
			1.22443890274314	-0.815461346633416
			1.22443890274314	-0.817955112219451
			1.22693266832918	-0.817955112219451
			1.22942643391521	-0.820448877805486
			1.23192019950125	-0.822942643391521
			1.23441396508728	-0.825436408977556
			1.23690773067332	-0.827930174563591
			1.23940149625935	-0.830423940149626
			1.24189526184539	-0.830423940149626
			1.24438902743142	-0.832917705735661
			1.24688279301746	-0.835411471321696
			1.24937655860349	-0.835411471321696
			1.24937655860349	-0.837905236907731
			1.25187032418953	-0.840399002493766
			1.25436408977556	-0.842892768079801
			1.2568578553616	-0.842892768079801
			1.25935162094763	-0.845386533665835
			1.26184538653367	-0.84788029925187
			1.2643391521197	-0.84788029925187
			1.26683291770574	-0.850374064837905
			1.26932668329177	-0.85286783042394
			1.27182044887781	-0.855361596009975
			1.27431421446384	-0.85785536159601
			1.27680798004988	-0.85785536159601
			1.27930174563591	-0.860349127182045
			1.28179551122195	-0.86284289276808
			1.28428927680798	-0.86284289276808
			1.28678304239401	-0.865336658354115
			1.28927680798005	-0.86783042394015
			1.29177057356608	-0.86783042394015
			1.29426433915212	-0.870324189526185
			1.29675810473815	-0.870324189526185
			1.29925187032419	-0.872817955112219
			1.30174563591022	-0.875311720698254
			1.30423940149626	-0.875311720698254
			1.30673316708229	-0.877805486284289
			1.30922693266833	-0.877805486284289
			1.31172069825436	-0.880299251870324
			1.3142144638404	-0.880299251870324
			1.31670822942643	-0.882793017456359
			1.31920199501247	-0.882793017456359
			1.3216957605985	-0.885286783042394
			1.32418952618454	-0.887780548628429
			1.32668329177057	-0.887780548628429
			1.32917705735661	-0.887780548628429
			1.33167082294264	-0.890274314214464
			1.33416458852868	-0.890274314214464
			1.33665835411471	-0.890274314214464
			1.33915211970075	-0.892768079800499
			1.34164588528678	-0.892768079800499
			1.34413965087282	-0.892768079800499
			1.34663341645885	-0.892768079800499
			1.34663341645885	-0.895261845386534
			1.34912718204489	-0.895261845386534
			1.35162094763092	-0.895261845386534
			1.35411471321696	-0.895261845386534
			1.35660847880299	-0.895261845386534
			1.35910224438903	-0.895261845386534
			1.36159600997506	-0.895261845386534
			1.3640897755611	-0.895261845386534
			1.36658354114713	-0.895261845386534
			1.36907730673317	-0.895261845386534
			1.3715710723192	-0.895261845386534
			1.37406483790524	-0.895261845386534
			1.37406483790524	-0.892768079800499
			1.37655860349127	-0.892768079800499
			1.37905236907731	-0.892768079800499
			1.38154613466334	-0.892768079800499
			1.38403990024938	-0.890274314214464
			1.38653366583541	-0.887780548628429
			1.38902743142145	-0.885286783042394
			1.39152119700748	-0.882793017456359
			1.39152119700748	-0.880299251870324
			1.39152119700748	-0.877805486284289
			1.39152119700748	-0.875311720698254
			1.39152119700748	-0.872817955112219
			1.39401496259352	-0.870324189526185
			1.39401496259352	-0.86783042394015
			1.39401496259352	-0.865336658354115
			1.39401496259352	-0.86284289276808
			1.39401496259352	-0.860349127182045
			1.39401496259352	-0.85785536159601
			1.39401496259352	-0.855361596009975
			1.39401496259352	-0.85286783042394
			1.39152119700748	-0.850374064837905
			1.39152119700748	-0.84788029925187
			1.39152119700748	-0.845386533665835
			1.39152119700748	-0.842892768079801
			1.39152119700748	-0.840399002493766
			1.39152119700748	-0.837905236907731
			1.39152119700748	-0.835411471321696
			1.39152119700748	-0.832917705735661
			1.38902743142145	-0.830423940149626
			1.38902743142145	-0.827930174563591
			1.38902743142145	-0.825436408977556
			1.38902743142145	-0.822942643391521
			1.38902743142145	-0.820448877805486
			1.38902743142145	-0.817955112219451
			1.38653366583541	-0.815461346633416
			1.38653366583541	-0.812967581047382
			1.38653366583541	-0.810473815461347
			1.38653366583541	-0.807980049875312
			1.38653366583541	-0.805486284289277
			1.38403990024938	-0.802992518703242
			1.38403990024938	-0.800498753117207
			1.38403990024938	-0.798004987531172
			1.38403990024938	-0.795511221945137
			1.38154613466334	-0.793017456359102
			1.38154613466334	-0.790523690773067
			1.38154613466334	-0.788029925187032
			1.38154613466334	-0.785536159600998
			1.37905236907731	-0.785536159600998
			1.37905236907731	-0.783042394014963
			1.37905236907731	-0.780548628428928
			1.37905236907731	-0.778054862842893
			1.37905236907731	-0.775561097256858
			1.37655860349127	-0.773067331670823
			1.37655860349127	-0.770573566084788
			1.37406483790524	-0.768079800498753
			1.37406483790524	-0.765586034912718
			1.37406483790524	-0.763092269326683
			1.3715710723192	-0.760598503740648
			1.3715710723192	-0.758104738154613
			1.36907730673317	-0.755610972568579
			1.36907730673317	-0.753117206982544
			1.36658354114713	-0.753117206982544
			1.36658354114713	-0.750623441396509
			1.3640897755611	-0.748129675810474
			1.3640897755611	-0.745635910224439
			1.36159600997506	-0.743142144638404
			1.36159600997506	-0.740648379052369
			1.35910224438903	-0.740648379052369
			1.35910224438903	-0.738154613466334
			1.35660847880299	-0.735660847880299
			1.35660847880299	-0.733167082294264
			1.35411471321696	-0.730673316708229
			1.35162094763092	-0.728179551122194
			1.34912718204489	-0.72568578553616
			1.34912718204489	-0.723192019950125
			1.34663341645885	-0.72069825436409
			1.34413965087282	-0.718204488778055
			1.34164588528678	-0.71571072319202
			1.34164588528678	-0.713216957605985
			1.33915211970075	-0.71072319201995
			1.33665835411471	-0.71072319201995
			1.33416458852868	-0.708229426433915
			1.33416458852868	-0.70573566084788
			1.33167082294264	-0.703241895261845
			1.32917705735661	-0.70074812967581
			1.32668329177057	-0.698254364089776
			1.32418952618454	-0.695760598503741
			1.3216957605985	-0.693266832917706
			1.31920199501247	-0.690773067331671
			1.31670822942643	-0.688279301745636
			1.3142144638404	-0.685785536159601
			1.31172069825436	-0.685785536159601
			1.31172069825436	-0.683291770573566
			1.30922693266833	-0.680798004987531
			1.30673316708229	-0.680798004987531
			1.30673316708229	-0.678304239401496
			1.30423940149626	-0.678304239401496
			1.30174563591022	-0.675810473815461
		</posterior>
	</curves.scaled>
	<ruler.points type=matrix rownames=TRUE colnames=FALSE nrow=2 ncol=2 as.numeric=TRUE >
		Ruler point 1	90	363
		Ruler point 2	491	363
	</ruler.points>
</shapes>

