<shapes type=list>
	<ruler.pixel type=vector names=FALSE length=1 as.numeric=TRUE >102</ruler.pixel>
	<ruler.interval type=vector names=FALSE length=1 as.numeric=TRUE >2</ruler.interval>
	<scaling.units type=vector names=FALSE length=1 as.numeric=FALSE >mm</scaling.units>
	<scaling type=vector names=FALSE length=1 as.numeric=TRUE >0.0196078431372549</scaling>
	<landmarks.pixel type=matrix rownames=TRUE colnames=FALSE nrow=7 ncol=2 as.numeric=TRUE >
		LM1	208	42
		LM2	212	296
		LM3	212	309
		LM4	213	349
		LM5	257	52
		LM6	439	113
		LM7	440	130
	</landmarks.pixel>
	<landmarks.scaled type=matrix rownames=TRUE colnames=FALSE nrow=7 ncol=2 as.numeric=TRUE >
		LM1	4.07843137254902	-0.823529411764706
		LM2	4.15686274509804	-5.80392156862745
		LM3	4.15686274509804	-6.05882352941176
		LM4	4.17647058823529	-6.84313725490196
		LM5	5.03921568627451	-1.01960784313725
		LM6	8.6078431372549	-2.2156862745098
		LM7	8.62745098039216	-2.54901960784314
	</landmarks.scaled>
	<curves.control type=list>
		<axis type=matrix rownames=FALSE colnames=FALSE nrow=9 ncol=2 as.numeric=TRUE >
			208	42
			225	39
			246	50
			259	50
			255	59
			251	120
			239	193
			224	303
			212	296
		</axis>
		<border type=matrix rownames=FALSE colnames=FALSE nrow=5 ncol=2 as.numeric=TRUE >
			212	309
			240	313
			360	223
			385	207
			439	113
		</border>
		<margin type=matrix rownames=FALSE colnames=FALSE nrow=15 ncol=2 as.numeric=TRUE >
			213	349
			220	341
			223	328
			227	322
			239	319
			307	286
			377	228
			435	174
			437	148
			453	102
			407	68
			381	56
			358	53
			316	47
			257	52
		</margin>
	</curves.control>
	<curves.pixel type=list>
		<axis type=matrix rownames=FALSE colnames=FALSE nrow=297 ncol=2 as.numeric=TRUE >
			208	42
			209	42
			210	42
			211	42
			212	42
			213	41
			214	41
			215	41
			216	41
			217	41
			218	41
			219	41
			220	42
			221	42
			222	42
			223	42
			224	42
			225	42
			226	43
			227	43
			228	43
			229	43
			230	43
			230	44
			231	44
			232	44
			233	44
			234	45
			235	45
			236	45
			237	46
			238	46
			239	47
			240	47
			241	48
			242	48
			243	49
			244	49
			245	49
			246	50
			247	50
			248	50
			249	50
			250	50
			251	50
			252	51
			253	51
			254	52
			255	53
			256	54
			256	55
			256	56
			256	57
			255	58
			255	59
			255	60
			255	61
			255	62
			255	63
			255	64
			255	65
			254	66
			254	67
			254	68
			254	69
			254	70
			254	71
			254	72
			254	73
			254	74
			254	75
			254	76
			254	77
			254	78
			253	79
			253	80
			253	81
			253	82
			253	83
			253	84
			253	85
			253	86
			253	87
			253	88
			253	89
			253	90
			252	91
			252	92
			252	93
			252	94
			252	95
			252	96
			252	97
			252	98
			252	99
			252	100
			251	101
			251	102
			251	103
			251	104
			251	105
			251	106
			251	107
			251	108
			251	109
			251	110
			250	111
			250	112
			250	113
			250	114
			250	115
			250	116
			250	117
			250	118
			249	119
			249	120
			249	121
			249	122
			249	123
			249	124
			249	125
			249	126
			248	127
			248	128
			248	129
			248	130
			248	131
			248	132
			248	133
			248	134
			248	135
			247	136
			247	137
			247	138
			247	139
			247	140
			247	141
			247	142
			246	143
			246	144
			246	145
			246	146
			246	147
			246	148
			246	149
			245	150
			245	151
			245	152
			245	153
			245	154
			245	155
			245	156
			245	157
			244	158
			244	159
			244	160
			244	161
			244	162
			244	163
			244	164
			243	165
			243	166
			243	167
			243	168
			243	169
			243	170
			242	171
			242	172
			242	173
			242	174
			242	175
			242	176
			242	177
			241	178
			241	179
			241	180
			241	181
			241	182
			241	183
			240	184
			240	185
			240	186
			240	187
			240	188
			240	189
			240	190
			239	191
			239	192
			239	193
			239	194
			239	195
			239	196
			238	197
			238	198
			238	199
			238	200
			238	201
			238	202
			238	203
			237	204
			237	205
			237	206
			237	207
			237	208
			237	209
			237	210
			236	211
			236	212
			236	213
			236	214
			236	215
			236	216
			236	217
			235	218
			235	219
			235	220
			235	221
			235	222
			235	223
			234	224
			234	225
			234	226
			234	227
			234	228
			234	229
			233	230
			233	231
			233	232
			233	233
			233	234
			233	235
			232	236
			232	237
			232	238
			232	239
			232	240
			232	241
			231	242
			231	243
			231	244
			231	245
			231	246
			231	247
			230	248
			230	249
			230	250
			230	251
			230	252
			229	253
			229	254
			229	255
			229	256
			229	257
			228	258
			228	259
			228	260
			228	261
			227	262
			227	263
			227	264
			227	265
			227	266
			226	267
			226	268
			226	269
			226	270
			225	271
			225	272
			225	273
			225	274
			224	275
			224	276
			224	277
			224	278
			223	278
			223	279
			223	280
			223	281
			222	282
			222	283
			222	284
			221	285
			221	286
			221	287
			220	288
			220	289
			219	290
			219	291
			218	292
			218	293
			217	293
			217	294
			216	295
			215	296
			214	296
			213	296
			212	296
		</axis>
		<border type=matrix rownames=FALSE colnames=FALSE nrow=280 ncol=2 as.numeric=TRUE >
			212	309
			213	309
			214	309
			215	309
			216	309
			217	309
			218	309
			219	309
			220	309
			221	309
			221	308
			222	308
			223	308
			224	308
			225	307
			226	307
			227	307
			228	306
			229	306
			230	306
			231	305
			232	305
			233	305
			234	304
			235	304
			236	304
			236	303
			237	303
			238	302
			239	302
			240	302
			241	301
			242	301
			243	300
			244	300
			245	299
			246	299
			247	298
			248	298
			249	297
			250	297
			251	296
			252	296
			253	295
			254	294
			255	294
			256	293
			257	293
			258	292
			259	292
			260	291
			261	291
			262	290
			263	290
			264	289
			265	289
			265	288
			266	288
			267	287
			268	286
			269	286
			270	285
			271	285
			272	284
			273	284
			274	283
			275	283
			275	282
			276	281
			277	281
			278	280
			279	280
			280	279
			281	278
			282	278
			283	277
			284	276
			285	276
			286	275
			287	275
			288	274
			289	273
			290	272
			291	272
			292	271
			293	270
			294	270
			295	270
			295	269
			296	269
			297	268
			298	267
			299	267
			300	266
			301	265
			302	265
			302	264
			303	264
			304	263
			305	263
			306	262
			307	261
			308	260
			309	260
			310	259
			311	258
			312	258
			313	257
			314	256
			315	256
			316	255
			317	254
			318	253
			319	253
			320	252
			321	251
			322	250
			323	250
			324	249
			325	249
			325	248
			326	248
			327	247
			328	247
			329	246
			330	245
			331	245
			332	244
			332	243
			333	243
			334	242
			335	242
			336	241
			337	240
			338	239
			339	239
			340	238
			341	237
			342	236
			343	236
			344	235
			345	234
			346	233
			347	233
			348	232
			349	231
			350	231
			351	230
			352	229
			353	228
			354	228
			355	227
			356	226
			357	225
			358	224
			359	224
			360	223
			361	222
			362	222
			363	221
			364	220
			365	220
			366	219
			367	218
			367	217
			368	216
			369	216
			369	215
			370	215
			371	214
			371	213
			372	213
			373	212
			373	211
			374	211
			375	210
			375	209
			376	208
			377	208
			377	207
			378	206
			379	205
			379	204
			380	203
			381	203
			382	202
			382	201
			383	200
			384	199
			385	198
			385	197
			386	196
			387	195
			388	194
			388	193
			389	192
			390	191
			391	190
			391	189
			392	188
			392	187
			393	187
			393	186
			394	185
			395	184
			396	183
			396	182
			397	181
			398	180
			398	179
			399	178
			399	177
			400	176
			401	175
			401	174
			402	173
			403	172
			403	171
			404	170
			405	169
			405	168
			406	167
			407	166
			407	165
			408	164
			409	163
			409	162
			410	161
			411	160
			411	159
			412	158
			413	157
			413	156
			414	155
			415	154
			415	153
			416	152
			416	151
			417	151
			417	150
			417	149
			418	149
			418	148
			419	147
			420	146
			420	145
			421	144
			421	143
			422	142
			423	141
			423	140
			424	139
			425	138
			425	137
			425	136
			426	136
			426	135
			427	134
			427	133
			428	132
			429	131
			429	130
			430	129
			430	128
			431	128
			431	127
			431	126
			432	125
			432	124
			433	123
			434	122
			435	121
			435	120
			436	119
			436	118
			437	117
			437	116
			438	115
			439	114
			439	113
		</border>
		<margin type=matrix rownames=FALSE colnames=FALSE nrow=525 ncol=2 as.numeric=TRUE >
			213	349
			214	348
			214	347
			215	346
			216	346
			216	345
			217	344
			217	343
			218	342
			219	341
			219	340
			220	339
			220	338
			220	337
			221	336
			221	335
			221	334
			222	333
			222	332
			222	331
			223	330
			223	329
			223	328
			223	327
			224	327
			224	326
			225	326
			226	325
			227	324
			228	323
			229	323
			230	322
			231	322
			232	321
			233	321
			234	320
			235	320
			236	320
			237	320
			238	319
			239	319
			240	319
			241	318
			242	318
			242	317
			243	317
			244	317
			245	316
			246	316
			246	315
			247	315
			248	315
			249	314
			250	314
			250	313
			251	313
			252	312
			253	312
			254	312
			254	311
			255	311
			256	310
			257	310
			258	310
			258	309
			259	309
			260	308
			261	308
			262	307
			263	306
			264	306
			265	305
			266	305
			267	304
			268	304
			269	303
			270	303
			271	302
			272	302
			273	301
			274	301
			275	300
			276	299
			277	299
			278	298
			279	298
			280	297
			281	297
			282	296
			282	295
			283	295
			284	294
			285	294
			286	293
			287	293
			288	292
			289	291
			290	291
			291	290
			292	290
			293	289
			294	288
			295	288
			296	287
			297	287
			298	286
			299	285
			300	285
			301	284
			302	283
			303	283
			304	282
			305	282
			306	281
			307	280
			308	280
			309	279
			310	278
			311	278
			312	277
			312	276
			313	276
			314	275
			315	274
			316	274
			317	273
			318	272
			319	272
			320	271
			321	270
			322	270
			323	269
			324	268
			325	268
			326	267
			327	266
			328	266
			329	265
			330	264
			331	264
			332	263
			333	262
			334	261
			335	261
			336	260
			337	259
			338	259
			339	258
			340	257
			341	256
			342	256
			343	255
			344	254
			345	254
			346	253
			347	252
			348	251
			349	251
			350	250
			351	249
			352	248
			353	247
			354	246
			355	246
			356	245
			357	244
			358	243
			359	242
			360	242
			361	241
			362	240
			363	240
			363	239
			364	238
			365	238
			366	237
			367	236
			368	236
			369	235
			369	234
			370	234
			371	233
			372	232
			373	231
			374	231
			375	230
			375	229
			376	229
			377	228
			378	227
			379	226
			380	225
			381	224
			382	224
			382	223
			383	222
			384	221
			385	221
			386	220
			386	219
			387	218
			388	218
			389	217
			389	216
			390	215
			391	215
			392	214
			392	213
			393	212
			394	212
			395	211
			395	210
			396	210
			397	209
			397	208
			398	207
			399	207
			399	206
			400	205
			401	205
			401	204
			402	203
			403	203
			403	202
			404	201
			405	201
			405	200
			406	199
			406	198
			407	198
			408	197
			409	196
			410	195
			411	194
			411	193
			412	192
			413	191
			414	190
			415	189
			415	188
			416	187
			417	186
			418	186
			418	185
			419	184
			420	183
			420	182
			421	181
			421	180
			422	180
			423	179
			423	178
			424	177
			424	176
			425	175
			426	175
			426	174
			427	173
			427	172
			428	172
			428	171
			428	170
			429	169
			430	168
			430	167
			431	166
			431	165
			432	164
			432	163
			433	163
			433	162
			433	161
			434	160
			434	159
			435	158
			435	157
			435	156
			436	155
			436	154
			436	153
			436	152
			437	151
			437	150
			437	149
			437	148
			437	147
			438	146
			438	145
			438	144
			439	143
			439	142
			439	141
			439	140
			440	139
			440	138
			440	137
			440	136
			440	135
			440	134
			441	133
			441	132
			441	131
			441	130
			441	129
			441	128
			441	127
			441	126
			441	125
			441	124
			441	123
			441	122
			441	121
			441	120
			441	119
			441	118
			441	117
			440	116
			440	115
			440	114
			440	113
			440	112
			439	111
			439	110
			439	109
			439	108
			438	108
			438	107
			438	106
			437	105
			437	104
			437	103
			436	102
			436	101
			436	100
			435	99
			434	98
			434	97
			433	96
			432	95
			432	94
			431	93
			431	92
			430	91
			429	90
			428	89
			428	88
			427	87
			427	86
			426	86
			425	85
			425	84
			424	84
			424	83
			423	82
			422	81
			421	80
			420	79
			419	78
			418	77
			417	76
			416	75
			415	74
			414	74
			413	73
			412	72
			411	71
			410	70
			409	70
			408	69
			407	68
			406	68
			406	67
			405	67
			404	67
			403	66
			402	66
			401	65
			400	65
			399	65
			399	64
			398	64
			397	64
			397	63
			396	63
			395	63
			394	63
			394	62
			393	62
			392	62
			391	61
			390	61
			389	61
			388	60
			387	60
			386	60
			385	59
			384	59
			383	59
			382	58
			381	58
			380	58
			379	57
			378	57
			377	57
			376	57
			375	56
			374	56
			373	56
			372	56
			371	55
			370	55
			369	55
			368	55
			367	55
			366	54
			365	54
			364	54
			363	54
			362	54
			361	53
			360	53
			359	53
			358	53
			357	53
			356	53
			355	53
			354	52
			353	52
			352	52
			351	52
			350	52
			349	52
			348	52
			347	52
			346	52
			345	51
			344	51
			343	51
			342	51
			341	51
			340	51
			339	51
			338	51
			337	51
			336	51
			335	51
			334	51
			333	50
			332	50
			331	50
			330	50
			329	50
			328	50
			327	50
			326	50
			325	50
			324	50
			323	50
			322	50
			321	50
			320	50
			319	50
			318	50
			317	50
			316	50
			315	50
			314	50
			313	50
			312	50
			311	50
			310	50
			309	50
			308	50
			307	50
			306	50
			305	50
			304	50
			303	50
			302	50
			301	50
			300	50
			299	50
			298	50
			297	50
			296	50
			295	50
			294	50
			293	50
			292	50
			291	50
			290	50
			289	50
			288	50
			287	50
			286	50
			285	50
			284	50
			283	50
			282	50
			281	50
			280	50
			279	50
			279	51
			278	51
			277	51
			276	51
			275	51
			274	51
			273	51
			272	51
			271	51
			270	51
			269	51
			268	51
			267	51
			266	51
			265	51
			264	51
			263	52
			262	52
			261	52
			260	52
			259	52
			258	52
			257	52
		</margin>
	</curves.pixel>
	<curves.scaled type=list>
		<axis type=matrix rownames=FALSE colnames=FALSE nrow=297 ncol=2 as.numeric=TRUE >
			4.07843137254902	-0.823529411764706
			4.09803921568627	-0.823529411764706
			4.11764705882353	-0.823529411764706
			4.13725490196078	-0.823529411764706
			4.15686274509804	-0.823529411764706
			4.17647058823529	-0.803921568627451
			4.19607843137255	-0.803921568627451
			4.2156862745098	-0.803921568627451
			4.23529411764706	-0.803921568627451
			4.25490196078431	-0.803921568627451
			4.27450980392157	-0.803921568627451
			4.29411764705882	-0.803921568627451
			4.31372549019608	-0.823529411764706
			4.33333333333333	-0.823529411764706
			4.35294117647059	-0.823529411764706
			4.37254901960784	-0.823529411764706
			4.3921568627451	-0.823529411764706
			4.41176470588235	-0.823529411764706
			4.43137254901961	-0.843137254901961
			4.45098039215686	-0.843137254901961
			4.47058823529412	-0.843137254901961
			4.49019607843137	-0.843137254901961
			4.50980392156863	-0.843137254901961
			4.50980392156863	-0.862745098039216
			4.52941176470588	-0.862745098039216
			4.54901960784314	-0.862745098039216
			4.56862745098039	-0.862745098039216
			4.58823529411765	-0.882352941176471
			4.6078431372549	-0.882352941176471
			4.62745098039216	-0.882352941176471
			4.64705882352941	-0.901960784313726
			4.66666666666667	-0.901960784313726
			4.68627450980392	-0.92156862745098
			4.70588235294118	-0.92156862745098
			4.72549019607843	-0.941176470588235
			4.74509803921569	-0.941176470588235
			4.76470588235294	-0.96078431372549
			4.7843137254902	-0.96078431372549
			4.80392156862745	-0.96078431372549
			4.82352941176471	-0.980392156862745
			4.84313725490196	-0.980392156862745
			4.86274509803922	-0.980392156862745
			4.88235294117647	-0.980392156862745
			4.90196078431373	-0.980392156862745
			4.92156862745098	-0.980392156862745
			4.94117647058824	-1
			4.96078431372549	-1
			4.98039215686275	-1.01960784313725
			5	-1.03921568627451
			5.01960784313725	-1.05882352941176
			5.01960784313725	-1.07843137254902
			5.01960784313725	-1.09803921568627
			5.01960784313725	-1.11764705882353
			5	-1.13725490196078
			5	-1.15686274509804
			5	-1.17647058823529
			5	-1.19607843137255
			5	-1.2156862745098
			5	-1.23529411764706
			5	-1.25490196078431
			5	-1.27450980392157
			4.98039215686275	-1.29411764705882
			4.98039215686275	-1.31372549019608
			4.98039215686275	-1.33333333333333
			4.98039215686275	-1.35294117647059
			4.98039215686275	-1.37254901960784
			4.98039215686275	-1.3921568627451
			4.98039215686275	-1.41176470588235
			4.98039215686275	-1.43137254901961
			4.98039215686275	-1.45098039215686
			4.98039215686275	-1.47058823529412
			4.98039215686275	-1.49019607843137
			4.98039215686275	-1.50980392156863
			4.98039215686275	-1.52941176470588
			4.96078431372549	-1.54901960784314
			4.96078431372549	-1.56862745098039
			4.96078431372549	-1.58823529411765
			4.96078431372549	-1.6078431372549
			4.96078431372549	-1.62745098039216
			4.96078431372549	-1.64705882352941
			4.96078431372549	-1.66666666666667
			4.96078431372549	-1.68627450980392
			4.96078431372549	-1.70588235294118
			4.96078431372549	-1.72549019607843
			4.96078431372549	-1.74509803921569
			4.96078431372549	-1.76470588235294
			4.94117647058824	-1.7843137254902
			4.94117647058824	-1.80392156862745
			4.94117647058824	-1.82352941176471
			4.94117647058824	-1.84313725490196
			4.94117647058824	-1.86274509803922
			4.94117647058824	-1.88235294117647
			4.94117647058824	-1.90196078431373
			4.94117647058824	-1.92156862745098
			4.94117647058824	-1.94117647058824
			4.94117647058824	-1.96078431372549
			4.92156862745098	-1.98039215686275
			4.92156862745098	-2
			4.92156862745098	-2.01960784313725
			4.92156862745098	-2.03921568627451
			4.92156862745098	-2.05882352941176
			4.92156862745098	-2.07843137254902
			4.92156862745098	-2.09803921568627
			4.92156862745098	-2.11764705882353
			4.92156862745098	-2.13725490196078
			4.92156862745098	-2.15686274509804
			4.90196078431373	-2.17647058823529
			4.90196078431373	-2.19607843137255
			4.90196078431373	-2.2156862745098
			4.90196078431373	-2.23529411764706
			4.90196078431373	-2.25490196078431
			4.90196078431373	-2.27450980392157
			4.90196078431373	-2.29411764705882
			4.90196078431373	-2.31372549019608
			4.88235294117647	-2.33333333333333
			4.88235294117647	-2.35294117647059
			4.88235294117647	-2.37254901960784
			4.88235294117647	-2.3921568627451
			4.88235294117647	-2.41176470588235
			4.88235294117647	-2.43137254901961
			4.88235294117647	-2.45098039215686
			4.88235294117647	-2.47058823529412
			4.86274509803922	-2.49019607843137
			4.86274509803922	-2.50980392156863
			4.86274509803922	-2.52941176470588
			4.86274509803922	-2.54901960784314
			4.86274509803922	-2.56862745098039
			4.86274509803922	-2.58823529411765
			4.86274509803922	-2.6078431372549
			4.86274509803922	-2.62745098039216
			4.86274509803922	-2.64705882352941
			4.84313725490196	-2.66666666666667
			4.84313725490196	-2.68627450980392
			4.84313725490196	-2.70588235294118
			4.84313725490196	-2.72549019607843
			4.84313725490196	-2.74509803921569
			4.84313725490196	-2.76470588235294
			4.84313725490196	-2.7843137254902
			4.82352941176471	-2.80392156862745
			4.82352941176471	-2.82352941176471
			4.82352941176471	-2.84313725490196
			4.82352941176471	-2.86274509803922
			4.82352941176471	-2.88235294117647
			4.82352941176471	-2.90196078431373
			4.82352941176471	-2.92156862745098
			4.80392156862745	-2.94117647058824
			4.80392156862745	-2.96078431372549
			4.80392156862745	-2.98039215686275
			4.80392156862745	-3
			4.80392156862745	-3.01960784313725
			4.80392156862745	-3.03921568627451
			4.80392156862745	-3.05882352941176
			4.80392156862745	-3.07843137254902
			4.7843137254902	-3.09803921568627
			4.7843137254902	-3.11764705882353
			4.7843137254902	-3.13725490196078
			4.7843137254902	-3.15686274509804
			4.7843137254902	-3.17647058823529
			4.7843137254902	-3.19607843137255
			4.7843137254902	-3.2156862745098
			4.76470588235294	-3.23529411764706
			4.76470588235294	-3.25490196078431
			4.76470588235294	-3.27450980392157
			4.76470588235294	-3.29411764705882
			4.76470588235294	-3.31372549019608
			4.76470588235294	-3.33333333333333
			4.74509803921569	-3.35294117647059
			4.74509803921569	-3.37254901960784
			4.74509803921569	-3.3921568627451
			4.74509803921569	-3.41176470588235
			4.74509803921569	-3.43137254901961
			4.74509803921569	-3.45098039215686
			4.74509803921569	-3.47058823529412
			4.72549019607843	-3.49019607843137
			4.72549019607843	-3.50980392156863
			4.72549019607843	-3.52941176470588
			4.72549019607843	-3.54901960784314
			4.72549019607843	-3.56862745098039
			4.72549019607843	-3.58823529411765
			4.70588235294118	-3.6078431372549
			4.70588235294118	-3.62745098039216
			4.70588235294118	-3.64705882352941
			4.70588235294118	-3.66666666666667
			4.70588235294118	-3.68627450980392
			4.70588235294118	-3.70588235294118
			4.70588235294118	-3.72549019607843
			4.68627450980392	-3.74509803921569
			4.68627450980392	-3.76470588235294
			4.68627450980392	-3.7843137254902
			4.68627450980392	-3.80392156862745
			4.68627450980392	-3.82352941176471
			4.68627450980392	-3.84313725490196
			4.66666666666667	-3.86274509803922
			4.66666666666667	-3.88235294117647
			4.66666666666667	-3.90196078431373
			4.66666666666667	-3.92156862745098
			4.66666666666667	-3.94117647058824
			4.66666666666667	-3.96078431372549
			4.66666666666667	-3.98039215686275
			4.64705882352941	-4
			4.64705882352941	-4.01960784313725
			4.64705882352941	-4.03921568627451
			4.64705882352941	-4.05882352941176
			4.64705882352941	-4.07843137254902
			4.64705882352941	-4.09803921568627
			4.64705882352941	-4.11764705882353
			4.62745098039216	-4.13725490196078
			4.62745098039216	-4.15686274509804
			4.62745098039216	-4.17647058823529
			4.62745098039216	-4.19607843137255
			4.62745098039216	-4.2156862745098
			4.62745098039216	-4.23529411764706
			4.62745098039216	-4.25490196078431
			4.6078431372549	-4.27450980392157
			4.6078431372549	-4.29411764705882
			4.6078431372549	-4.31372549019608
			4.6078431372549	-4.33333333333333
			4.6078431372549	-4.35294117647059
			4.6078431372549	-4.37254901960784
			4.58823529411765	-4.3921568627451
			4.58823529411765	-4.41176470588235
			4.58823529411765	-4.43137254901961
			4.58823529411765	-4.45098039215686
			4.58823529411765	-4.47058823529412
			4.58823529411765	-4.49019607843137
			4.56862745098039	-4.50980392156863
			4.56862745098039	-4.52941176470588
			4.56862745098039	-4.54901960784314
			4.56862745098039	-4.56862745098039
			4.56862745098039	-4.58823529411765
			4.56862745098039	-4.6078431372549
			4.54901960784314	-4.62745098039216
			4.54901960784314	-4.64705882352941
			4.54901960784314	-4.66666666666667
			4.54901960784314	-4.68627450980392
			4.54901960784314	-4.70588235294118
			4.54901960784314	-4.72549019607843
			4.52941176470588	-4.74509803921569
			4.52941176470588	-4.76470588235294
			4.52941176470588	-4.7843137254902
			4.52941176470588	-4.80392156862745
			4.52941176470588	-4.82352941176471
			4.52941176470588	-4.84313725490196
			4.50980392156863	-4.86274509803922
			4.50980392156863	-4.88235294117647
			4.50980392156863	-4.90196078431373
			4.50980392156863	-4.92156862745098
			4.50980392156863	-4.94117647058824
			4.49019607843137	-4.96078431372549
			4.49019607843137	-4.98039215686275
			4.49019607843137	-5
			4.49019607843137	-5.01960784313725
			4.49019607843137	-5.03921568627451
			4.47058823529412	-5.05882352941176
			4.47058823529412	-5.07843137254902
			4.47058823529412	-5.09803921568627
			4.47058823529412	-5.11764705882353
			4.45098039215686	-5.13725490196078
			4.45098039215686	-5.15686274509804
			4.45098039215686	-5.17647058823529
			4.45098039215686	-5.19607843137255
			4.45098039215686	-5.2156862745098
			4.43137254901961	-5.23529411764706
			4.43137254901961	-5.25490196078431
			4.43137254901961	-5.27450980392157
			4.43137254901961	-5.29411764705882
			4.41176470588235	-5.31372549019608
			4.41176470588235	-5.33333333333333
			4.41176470588235	-5.35294117647059
			4.41176470588235	-5.37254901960784
			4.3921568627451	-5.3921568627451
			4.3921568627451	-5.41176470588235
			4.3921568627451	-5.43137254901961
			4.3921568627451	-5.45098039215686
			4.37254901960784	-5.45098039215686
			4.37254901960784	-5.47058823529412
			4.37254901960784	-5.49019607843137
			4.37254901960784	-5.50980392156863
			4.35294117647059	-5.52941176470588
			4.35294117647059	-5.54901960784314
			4.35294117647059	-5.56862745098039
			4.33333333333333	-5.58823529411765
			4.33333333333333	-5.6078431372549
			4.33333333333333	-5.62745098039216
			4.31372549019608	-5.64705882352941
			4.31372549019608	-5.66666666666667
			4.29411764705882	-5.68627450980392
			4.29411764705882	-5.70588235294118
			4.27450980392157	-5.72549019607843
			4.27450980392157	-5.74509803921569
			4.25490196078431	-5.74509803921569
			4.25490196078431	-5.76470588235294
			4.23529411764706	-5.7843137254902
			4.2156862745098	-5.80392156862745
			4.19607843137255	-5.80392156862745
			4.17647058823529	-5.80392156862745
			4.15686274509804	-5.80392156862745
		</axis>
		<border type=matrix rownames=FALSE colnames=FALSE nrow=280 ncol=2 as.numeric=TRUE >
			4.15686274509804	-6.05882352941176
			4.17647058823529	-6.05882352941176
			4.19607843137255	-6.05882352941176
			4.2156862745098	-6.05882352941176
			4.23529411764706	-6.05882352941176
			4.25490196078431	-6.05882352941176
			4.27450980392157	-6.05882352941176
			4.29411764705882	-6.05882352941176
			4.31372549019608	-6.05882352941176
			4.33333333333333	-6.05882352941176
			4.33333333333333	-6.03921568627451
			4.35294117647059	-6.03921568627451
			4.37254901960784	-6.03921568627451
			4.3921568627451	-6.03921568627451
			4.41176470588235	-6.01960784313725
			4.43137254901961	-6.01960784313725
			4.45098039215686	-6.01960784313725
			4.47058823529412	-6
			4.49019607843137	-6
			4.50980392156863	-6
			4.52941176470588	-5.98039215686275
			4.54901960784314	-5.98039215686275
			4.56862745098039	-5.98039215686275
			4.58823529411765	-5.96078431372549
			4.6078431372549	-5.96078431372549
			4.62745098039216	-5.96078431372549
			4.62745098039216	-5.94117647058824
			4.64705882352941	-5.94117647058824
			4.66666666666667	-5.92156862745098
			4.68627450980392	-5.92156862745098
			4.70588235294118	-5.92156862745098
			4.72549019607843	-5.90196078431373
			4.74509803921569	-5.90196078431373
			4.76470588235294	-5.88235294117647
			4.7843137254902	-5.88235294117647
			4.80392156862745	-5.86274509803922
			4.82352941176471	-5.86274509803922
			4.84313725490196	-5.84313725490196
			4.86274509803922	-5.84313725490196
			4.88235294117647	-5.82352941176471
			4.90196078431373	-5.82352941176471
			4.92156862745098	-5.80392156862745
			4.94117647058824	-5.80392156862745
			4.96078431372549	-5.7843137254902
			4.98039215686275	-5.76470588235294
			5	-5.76470588235294
			5.01960784313725	-5.74509803921569
			5.03921568627451	-5.74509803921569
			5.05882352941176	-5.72549019607843
			5.07843137254902	-5.72549019607843
			5.09803921568627	-5.70588235294118
			5.11764705882353	-5.70588235294118
			5.13725490196078	-5.68627450980392
			5.15686274509804	-5.68627450980392
			5.17647058823529	-5.66666666666667
			5.19607843137255	-5.66666666666667
			5.19607843137255	-5.64705882352941
			5.2156862745098	-5.64705882352941
			5.23529411764706	-5.62745098039216
			5.25490196078431	-5.6078431372549
			5.27450980392157	-5.6078431372549
			5.29411764705882	-5.58823529411765
			5.31372549019608	-5.58823529411765
			5.33333333333333	-5.56862745098039
			5.35294117647059	-5.56862745098039
			5.37254901960784	-5.54901960784314
			5.3921568627451	-5.54901960784314
			5.3921568627451	-5.52941176470588
			5.41176470588235	-5.50980392156863
			5.43137254901961	-5.50980392156863
			5.45098039215686	-5.49019607843137
			5.47058823529412	-5.49019607843137
			5.49019607843137	-5.47058823529412
			5.50980392156863	-5.45098039215686
			5.52941176470588	-5.45098039215686
			5.54901960784314	-5.43137254901961
			5.56862745098039	-5.41176470588235
			5.58823529411765	-5.41176470588235
			5.6078431372549	-5.3921568627451
			5.62745098039216	-5.3921568627451
			5.64705882352941	-5.37254901960784
			5.66666666666667	-5.35294117647059
			5.68627450980392	-5.33333333333333
			5.70588235294118	-5.33333333333333
			5.72549019607843	-5.31372549019608
			5.74509803921569	-5.29411764705882
			5.76470588235294	-5.29411764705882
			5.7843137254902	-5.29411764705882
			5.7843137254902	-5.27450980392157
			5.80392156862745	-5.27450980392157
			5.82352941176471	-5.25490196078431
			5.84313725490196	-5.23529411764706
			5.86274509803922	-5.23529411764706
			5.88235294117647	-5.2156862745098
			5.90196078431373	-5.19607843137255
			5.92156862745098	-5.19607843137255
			5.92156862745098	-5.17647058823529
			5.94117647058824	-5.17647058823529
			5.96078431372549	-5.15686274509804
			5.98039215686275	-5.15686274509804
			6	-5.13725490196078
			6.01960784313725	-5.11764705882353
			6.03921568627451	-5.09803921568627
			6.05882352941176	-5.09803921568627
			6.07843137254902	-5.07843137254902
			6.09803921568627	-5.05882352941176
			6.11764705882353	-5.05882352941176
			6.13725490196078	-5.03921568627451
			6.15686274509804	-5.01960784313725
			6.17647058823529	-5.01960784313725
			6.19607843137255	-5
			6.2156862745098	-4.98039215686275
			6.23529411764706	-4.96078431372549
			6.25490196078431	-4.96078431372549
			6.27450980392157	-4.94117647058824
			6.29411764705882	-4.92156862745098
			6.31372549019608	-4.90196078431373
			6.33333333333333	-4.90196078431373
			6.35294117647059	-4.88235294117647
			6.37254901960784	-4.88235294117647
			6.37254901960784	-4.86274509803922
			6.3921568627451	-4.86274509803922
			6.41176470588235	-4.84313725490196
			6.43137254901961	-4.84313725490196
			6.45098039215686	-4.82352941176471
			6.47058823529412	-4.80392156862745
			6.49019607843137	-4.80392156862745
			6.50980392156863	-4.7843137254902
			6.50980392156863	-4.76470588235294
			6.52941176470588	-4.76470588235294
			6.54901960784314	-4.74509803921569
			6.56862745098039	-4.74509803921569
			6.58823529411765	-4.72549019607843
			6.6078431372549	-4.70588235294118
			6.62745098039216	-4.68627450980392
			6.64705882352941	-4.68627450980392
			6.66666666666667	-4.66666666666667
			6.68627450980392	-4.64705882352941
			6.70588235294118	-4.62745098039216
			6.72549019607843	-4.62745098039216
			6.74509803921569	-4.6078431372549
			6.76470588235294	-4.58823529411765
			6.7843137254902	-4.56862745098039
			6.80392156862745	-4.56862745098039
			6.82352941176471	-4.54901960784314
			6.84313725490196	-4.52941176470588
			6.86274509803922	-4.52941176470588
			6.88235294117647	-4.50980392156863
			6.90196078431373	-4.49019607843137
			6.92156862745098	-4.47058823529412
			6.94117647058824	-4.47058823529412
			6.96078431372549	-4.45098039215686
			6.98039215686275	-4.43137254901961
			7	-4.41176470588235
			7.01960784313725	-4.3921568627451
			7.03921568627451	-4.3921568627451
			7.05882352941176	-4.37254901960784
			7.07843137254902	-4.35294117647059
			7.09803921568627	-4.35294117647059
			7.11764705882353	-4.33333333333333
			7.13725490196078	-4.31372549019608
			7.15686274509804	-4.31372549019608
			7.17647058823529	-4.29411764705882
			7.19607843137255	-4.27450980392157
			7.19607843137255	-4.25490196078431
			7.2156862745098	-4.23529411764706
			7.23529411764706	-4.23529411764706
			7.23529411764706	-4.2156862745098
			7.25490196078431	-4.2156862745098
			7.27450980392157	-4.19607843137255
			7.27450980392157	-4.17647058823529
			7.29411764705882	-4.17647058823529
			7.31372549019608	-4.15686274509804
			7.31372549019608	-4.13725490196078
			7.33333333333333	-4.13725490196078
			7.35294117647059	-4.11764705882353
			7.35294117647059	-4.09803921568627
			7.37254901960784	-4.07843137254902
			7.3921568627451	-4.07843137254902
			7.3921568627451	-4.05882352941176
			7.41176470588235	-4.03921568627451
			7.43137254901961	-4.01960784313725
			7.43137254901961	-4
			7.45098039215686	-3.98039215686275
			7.47058823529412	-3.98039215686275
			7.49019607843137	-3.96078431372549
			7.49019607843137	-3.94117647058824
			7.50980392156863	-3.92156862745098
			7.52941176470588	-3.90196078431373
			7.54901960784314	-3.88235294117647
			7.54901960784314	-3.86274509803922
			7.56862745098039	-3.84313725490196
			7.58823529411765	-3.82352941176471
			7.6078431372549	-3.80392156862745
			7.6078431372549	-3.7843137254902
			7.62745098039216	-3.76470588235294
			7.64705882352941	-3.74509803921569
			7.66666666666667	-3.72549019607843
			7.66666666666667	-3.70588235294118
			7.68627450980392	-3.68627450980392
			7.68627450980392	-3.66666666666667
			7.70588235294118	-3.66666666666667
			7.70588235294118	-3.64705882352941
			7.72549019607843	-3.62745098039216
			7.74509803921569	-3.6078431372549
			7.76470588235294	-3.58823529411765
			7.76470588235294	-3.56862745098039
			7.7843137254902	-3.54901960784314
			7.80392156862745	-3.52941176470588
			7.80392156862745	-3.50980392156863
			7.82352941176471	-3.49019607843137
			7.82352941176471	-3.47058823529412
			7.84313725490196	-3.45098039215686
			7.86274509803922	-3.43137254901961
			7.86274509803922	-3.41176470588235
			7.88235294117647	-3.3921568627451
			7.90196078431372	-3.37254901960784
			7.90196078431372	-3.35294117647059
			7.92156862745098	-3.33333333333333
			7.94117647058824	-3.31372549019608
			7.94117647058824	-3.29411764705882
			7.96078431372549	-3.27450980392157
			7.98039215686275	-3.25490196078431
			7.98039215686275	-3.23529411764706
			8	-3.2156862745098
			8.01960784313725	-3.19607843137255
			8.01960784313725	-3.17647058823529
			8.03921568627451	-3.15686274509804
			8.05882352941176	-3.13725490196078
			8.05882352941176	-3.11764705882353
			8.07843137254902	-3.09803921568627
			8.09803921568627	-3.07843137254902
			8.09803921568627	-3.05882352941176
			8.11764705882353	-3.03921568627451
			8.13725490196078	-3.01960784313725
			8.13725490196078	-3
			8.15686274509804	-2.98039215686275
			8.15686274509804	-2.96078431372549
			8.17647058823529	-2.96078431372549
			8.17647058823529	-2.94117647058824
			8.17647058823529	-2.92156862745098
			8.19607843137255	-2.92156862745098
			8.19607843137255	-2.90196078431373
			8.2156862745098	-2.88235294117647
			8.23529411764706	-2.86274509803922
			8.23529411764706	-2.84313725490196
			8.25490196078431	-2.82352941176471
			8.25490196078431	-2.80392156862745
			8.27450980392157	-2.7843137254902
			8.29411764705882	-2.76470588235294
			8.29411764705882	-2.74509803921569
			8.31372549019608	-2.72549019607843
			8.33333333333333	-2.70588235294118
			8.33333333333333	-2.68627450980392
			8.33333333333333	-2.66666666666667
			8.35294117647059	-2.66666666666667
			8.35294117647059	-2.64705882352941
			8.37254901960784	-2.62745098039216
			8.37254901960784	-2.6078431372549
			8.3921568627451	-2.58823529411765
			8.41176470588235	-2.56862745098039
			8.41176470588235	-2.54901960784314
			8.43137254901961	-2.52941176470588
			8.43137254901961	-2.50980392156863
			8.45098039215686	-2.50980392156863
			8.45098039215686	-2.49019607843137
			8.45098039215686	-2.47058823529412
			8.47058823529412	-2.45098039215686
			8.47058823529412	-2.43137254901961
			8.49019607843137	-2.41176470588235
			8.50980392156863	-2.3921568627451
			8.52941176470588	-2.37254901960784
			8.52941176470588	-2.35294117647059
			8.54901960784314	-2.33333333333333
			8.54901960784314	-2.31372549019608
			8.56862745098039	-2.29411764705882
			8.56862745098039	-2.27450980392157
			8.58823529411765	-2.25490196078431
			8.6078431372549	-2.23529411764706
			8.6078431372549	-2.2156862745098
		</border>
		<margin type=matrix rownames=FALSE colnames=FALSE nrow=525 ncol=2 as.numeric=TRUE >
			4.17647058823529	-6.84313725490196
			4.19607843137255	-6.82352941176471
			4.19607843137255	-6.80392156862745
			4.2156862745098	-6.7843137254902
			4.23529411764706	-6.7843137254902
			4.23529411764706	-6.76470588235294
			4.25490196078431	-6.74509803921569
			4.25490196078431	-6.72549019607843
			4.27450980392157	-6.70588235294118
			4.29411764705882	-6.68627450980392
			4.29411764705882	-6.66666666666667
			4.31372549019608	-6.64705882352941
			4.31372549019608	-6.62745098039216
			4.31372549019608	-6.6078431372549
			4.33333333333333	-6.58823529411765
			4.33333333333333	-6.56862745098039
			4.33333333333333	-6.54901960784314
			4.35294117647059	-6.52941176470588
			4.35294117647059	-6.50980392156863
			4.35294117647059	-6.49019607843137
			4.37254901960784	-6.47058823529412
			4.37254901960784	-6.45098039215686
			4.37254901960784	-6.43137254901961
			4.37254901960784	-6.41176470588235
			4.3921568627451	-6.41176470588235
			4.3921568627451	-6.3921568627451
			4.41176470588235	-6.3921568627451
			4.43137254901961	-6.37254901960784
			4.45098039215686	-6.35294117647059
			4.47058823529412	-6.33333333333333
			4.49019607843137	-6.33333333333333
			4.50980392156863	-6.31372549019608
			4.52941176470588	-6.31372549019608
			4.54901960784314	-6.29411764705882
			4.56862745098039	-6.29411764705882
			4.58823529411765	-6.27450980392157
			4.6078431372549	-6.27450980392157
			4.62745098039216	-6.27450980392157
			4.64705882352941	-6.27450980392157
			4.66666666666667	-6.25490196078431
			4.68627450980392	-6.25490196078431
			4.70588235294118	-6.25490196078431
			4.72549019607843	-6.23529411764706
			4.74509803921569	-6.23529411764706
			4.74509803921569	-6.2156862745098
			4.76470588235294	-6.2156862745098
			4.7843137254902	-6.2156862745098
			4.80392156862745	-6.19607843137255
			4.82352941176471	-6.19607843137255
			4.82352941176471	-6.17647058823529
			4.84313725490196	-6.17647058823529
			4.86274509803922	-6.17647058823529
			4.88235294117647	-6.15686274509804
			4.90196078431373	-6.15686274509804
			4.90196078431373	-6.13725490196078
			4.92156862745098	-6.13725490196078
			4.94117647058824	-6.11764705882353
			4.96078431372549	-6.11764705882353
			4.98039215686275	-6.11764705882353
			4.98039215686275	-6.09803921568627
			5	-6.09803921568627
			5.01960784313725	-6.07843137254902
			5.03921568627451	-6.07843137254902
			5.05882352941176	-6.07843137254902
			5.05882352941176	-6.05882352941176
			5.07843137254902	-6.05882352941176
			5.09803921568627	-6.03921568627451
			5.11764705882353	-6.03921568627451
			5.13725490196078	-6.01960784313725
			5.15686274509804	-6
			5.17647058823529	-6
			5.19607843137255	-5.98039215686275
			5.2156862745098	-5.98039215686275
			5.23529411764706	-5.96078431372549
			5.25490196078431	-5.96078431372549
			5.27450980392157	-5.94117647058824
			5.29411764705882	-5.94117647058824
			5.31372549019608	-5.92156862745098
			5.33333333333333	-5.92156862745098
			5.35294117647059	-5.90196078431373
			5.37254901960784	-5.90196078431373
			5.3921568627451	-5.88235294117647
			5.41176470588235	-5.86274509803922
			5.43137254901961	-5.86274509803922
			5.45098039215686	-5.84313725490196
			5.47058823529412	-5.84313725490196
			5.49019607843137	-5.82352941176471
			5.50980392156863	-5.82352941176471
			5.52941176470588	-5.80392156862745
			5.52941176470588	-5.7843137254902
			5.54901960784314	-5.7843137254902
			5.56862745098039	-5.76470588235294
			5.58823529411765	-5.76470588235294
			5.6078431372549	-5.74509803921569
			5.62745098039216	-5.74509803921569
			5.64705882352941	-5.72549019607843
			5.66666666666667	-5.70588235294118
			5.68627450980392	-5.70588235294118
			5.70588235294118	-5.68627450980392
			5.72549019607843	-5.68627450980392
			5.74509803921569	-5.66666666666667
			5.76470588235294	-5.64705882352941
			5.7843137254902	-5.64705882352941
			5.80392156862745	-5.62745098039216
			5.82352941176471	-5.62745098039216
			5.84313725490196	-5.6078431372549
			5.86274509803922	-5.58823529411765
			5.88235294117647	-5.58823529411765
			5.90196078431373	-5.56862745098039
			5.92156862745098	-5.54901960784314
			5.94117647058824	-5.54901960784314
			5.96078431372549	-5.52941176470588
			5.98039215686275	-5.52941176470588
			6	-5.50980392156863
			6.01960784313725	-5.49019607843137
			6.03921568627451	-5.49019607843137
			6.05882352941176	-5.47058823529412
			6.07843137254902	-5.45098039215686
			6.09803921568627	-5.45098039215686
			6.11764705882353	-5.43137254901961
			6.11764705882353	-5.41176470588235
			6.13725490196078	-5.41176470588235
			6.15686274509804	-5.3921568627451
			6.17647058823529	-5.37254901960784
			6.19607843137255	-5.37254901960784
			6.2156862745098	-5.35294117647059
			6.23529411764706	-5.33333333333333
			6.25490196078431	-5.33333333333333
			6.27450980392157	-5.31372549019608
			6.29411764705882	-5.29411764705882
			6.31372549019608	-5.29411764705882
			6.33333333333333	-5.27450980392157
			6.35294117647059	-5.25490196078431
			6.37254901960784	-5.25490196078431
			6.3921568627451	-5.23529411764706
			6.41176470588235	-5.2156862745098
			6.43137254901961	-5.2156862745098
			6.45098039215686	-5.19607843137255
			6.47058823529412	-5.17647058823529
			6.49019607843137	-5.17647058823529
			6.50980392156863	-5.15686274509804
			6.52941176470588	-5.13725490196078
			6.54901960784314	-5.11764705882353
			6.56862745098039	-5.11764705882353
			6.58823529411765	-5.09803921568627
			6.6078431372549	-5.07843137254902
			6.62745098039216	-5.07843137254902
			6.64705882352941	-5.05882352941176
			6.66666666666667	-5.03921568627451
			6.68627450980392	-5.01960784313725
			6.70588235294118	-5.01960784313725
			6.72549019607843	-5
			6.74509803921569	-4.98039215686275
			6.76470588235294	-4.98039215686275
			6.7843137254902	-4.96078431372549
			6.80392156862745	-4.94117647058824
			6.82352941176471	-4.92156862745098
			6.84313725490196	-4.92156862745098
			6.86274509803922	-4.90196078431373
			6.88235294117647	-4.88235294117647
			6.90196078431373	-4.86274509803922
			6.92156862745098	-4.84313725490196
			6.94117647058824	-4.82352941176471
			6.96078431372549	-4.82352941176471
			6.98039215686275	-4.80392156862745
			7	-4.7843137254902
			7.01960784313725	-4.76470588235294
			7.03921568627451	-4.74509803921569
			7.05882352941176	-4.74509803921569
			7.07843137254902	-4.72549019607843
			7.09803921568627	-4.70588235294118
			7.11764705882353	-4.70588235294118
			7.11764705882353	-4.68627450980392
			7.13725490196078	-4.66666666666667
			7.15686274509804	-4.66666666666667
			7.17647058823529	-4.64705882352941
			7.19607843137255	-4.62745098039216
			7.2156862745098	-4.62745098039216
			7.23529411764706	-4.6078431372549
			7.23529411764706	-4.58823529411765
			7.25490196078431	-4.58823529411765
			7.27450980392157	-4.56862745098039
			7.29411764705882	-4.54901960784314
			7.31372549019608	-4.52941176470588
			7.33333333333333	-4.52941176470588
			7.35294117647059	-4.50980392156863
			7.35294117647059	-4.49019607843137
			7.37254901960784	-4.49019607843137
			7.3921568627451	-4.47058823529412
			7.41176470588235	-4.45098039215686
			7.43137254901961	-4.43137254901961
			7.45098039215686	-4.41176470588235
			7.47058823529412	-4.3921568627451
			7.49019607843137	-4.3921568627451
			7.49019607843137	-4.37254901960784
			7.50980392156863	-4.35294117647059
			7.52941176470588	-4.33333333333333
			7.54901960784314	-4.33333333333333
			7.56862745098039	-4.31372549019608
			7.56862745098039	-4.29411764705882
			7.58823529411765	-4.27450980392157
			7.6078431372549	-4.27450980392157
			7.62745098039216	-4.25490196078431
			7.62745098039216	-4.23529411764706
			7.64705882352941	-4.2156862745098
			7.66666666666667	-4.2156862745098
			7.68627450980392	-4.19607843137255
			7.68627450980392	-4.17647058823529
			7.70588235294118	-4.15686274509804
			7.72549019607843	-4.15686274509804
			7.74509803921569	-4.13725490196078
			7.74509803921569	-4.11764705882353
			7.76470588235294	-4.11764705882353
			7.7843137254902	-4.09803921568627
			7.7843137254902	-4.07843137254902
			7.80392156862745	-4.05882352941176
			7.82352941176471	-4.05882352941176
			7.82352941176471	-4.03921568627451
			7.84313725490196	-4.01960784313725
			7.86274509803922	-4.01960784313725
			7.86274509803922	-4
			7.88235294117647	-3.98039215686275
			7.90196078431372	-3.98039215686275
			7.90196078431372	-3.96078431372549
			7.92156862745098	-3.94117647058824
			7.94117647058824	-3.94117647058824
			7.94117647058824	-3.92156862745098
			7.96078431372549	-3.90196078431373
			7.96078431372549	-3.88235294117647
			7.98039215686275	-3.88235294117647
			8	-3.86274509803922
			8.01960784313725	-3.84313725490196
			8.03921568627451	-3.82352941176471
			8.05882352941176	-3.80392156862745
			8.05882352941176	-3.7843137254902
			8.07843137254902	-3.76470588235294
			8.09803921568627	-3.74509803921569
			8.11764705882353	-3.72549019607843
			8.13725490196078	-3.70588235294118
			8.13725490196078	-3.68627450980392
			8.15686274509804	-3.66666666666667
			8.17647058823529	-3.64705882352941
			8.19607843137255	-3.64705882352941
			8.19607843137255	-3.62745098039216
			8.2156862745098	-3.6078431372549
			8.23529411764706	-3.58823529411765
			8.23529411764706	-3.56862745098039
			8.25490196078431	-3.54901960784314
			8.25490196078431	-3.52941176470588
			8.27450980392157	-3.52941176470588
			8.29411764705882	-3.50980392156863
			8.29411764705882	-3.49019607843137
			8.31372549019608	-3.47058823529412
			8.31372549019608	-3.45098039215686
			8.33333333333333	-3.43137254901961
			8.35294117647059	-3.43137254901961
			8.35294117647059	-3.41176470588235
			8.37254901960784	-3.3921568627451
			8.37254901960784	-3.37254901960784
			8.3921568627451	-3.37254901960784
			8.3921568627451	-3.35294117647059
			8.3921568627451	-3.33333333333333
			8.41176470588235	-3.31372549019608
			8.43137254901961	-3.29411764705882
			8.43137254901961	-3.27450980392157
			8.45098039215686	-3.25490196078431
			8.45098039215686	-3.23529411764706
			8.47058823529412	-3.2156862745098
			8.47058823529412	-3.19607843137255
			8.49019607843137	-3.19607843137255
			8.49019607843137	-3.17647058823529
			8.49019607843137	-3.15686274509804
			8.50980392156863	-3.13725490196078
			8.50980392156863	-3.11764705882353
			8.52941176470588	-3.09803921568627
			8.52941176470588	-3.07843137254902
			8.52941176470588	-3.05882352941176
			8.54901960784314	-3.03921568627451
			8.54901960784314	-3.01960784313725
			8.54901960784314	-3
			8.54901960784314	-2.98039215686275
			8.56862745098039	-2.96078431372549
			8.56862745098039	-2.94117647058824
			8.56862745098039	-2.92156862745098
			8.56862745098039	-2.90196078431373
			8.56862745098039	-2.88235294117647
			8.58823529411765	-2.86274509803922
			8.58823529411765	-2.84313725490196
			8.58823529411765	-2.82352941176471
			8.6078431372549	-2.80392156862745
			8.6078431372549	-2.7843137254902
			8.6078431372549	-2.76470588235294
			8.6078431372549	-2.74509803921569
			8.62745098039216	-2.72549019607843
			8.62745098039216	-2.70588235294118
			8.62745098039216	-2.68627450980392
			8.62745098039216	-2.66666666666667
			8.62745098039216	-2.64705882352941
			8.62745098039216	-2.62745098039216
			8.64705882352941	-2.6078431372549
			8.64705882352941	-2.58823529411765
			8.64705882352941	-2.56862745098039
			8.64705882352941	-2.54901960784314
			8.64705882352941	-2.52941176470588
			8.64705882352941	-2.50980392156863
			8.64705882352941	-2.49019607843137
			8.64705882352941	-2.47058823529412
			8.64705882352941	-2.45098039215686
			8.64705882352941	-2.43137254901961
			8.64705882352941	-2.41176470588235
			8.64705882352941	-2.3921568627451
			8.64705882352941	-2.37254901960784
			8.64705882352941	-2.35294117647059
			8.64705882352941	-2.33333333333333
			8.64705882352941	-2.31372549019608
			8.64705882352941	-2.29411764705882
			8.62745098039216	-2.27450980392157
			8.62745098039216	-2.25490196078431
			8.62745098039216	-2.23529411764706
			8.62745098039216	-2.2156862745098
			8.62745098039216	-2.19607843137255
			8.6078431372549	-2.17647058823529
			8.6078431372549	-2.15686274509804
			8.6078431372549	-2.13725490196078
			8.6078431372549	-2.11764705882353
			8.58823529411765	-2.11764705882353
			8.58823529411765	-2.09803921568627
			8.58823529411765	-2.07843137254902
			8.56862745098039	-2.05882352941176
			8.56862745098039	-2.03921568627451
			8.56862745098039	-2.01960784313725
			8.54901960784314	-2
			8.54901960784314	-1.98039215686275
			8.54901960784314	-1.96078431372549
			8.52941176470588	-1.94117647058824
			8.50980392156863	-1.92156862745098
			8.50980392156863	-1.90196078431373
			8.49019607843137	-1.88235294117647
			8.47058823529412	-1.86274509803922
			8.47058823529412	-1.84313725490196
			8.45098039215686	-1.82352941176471
			8.45098039215686	-1.80392156862745
			8.43137254901961	-1.7843137254902
			8.41176470588235	-1.76470588235294
			8.3921568627451	-1.74509803921569
			8.3921568627451	-1.72549019607843
			8.37254901960784	-1.70588235294118
			8.37254901960784	-1.68627450980392
			8.35294117647059	-1.68627450980392
			8.33333333333333	-1.66666666666667
			8.33333333333333	-1.64705882352941
			8.31372549019608	-1.64705882352941
			8.31372549019608	-1.62745098039216
			8.29411764705882	-1.6078431372549
			8.27450980392157	-1.58823529411765
			8.25490196078431	-1.56862745098039
			8.23529411764706	-1.54901960784314
			8.2156862745098	-1.52941176470588
			8.19607843137255	-1.50980392156863
			8.17647058823529	-1.49019607843137
			8.15686274509804	-1.47058823529412
			8.13725490196078	-1.45098039215686
			8.11764705882353	-1.45098039215686
			8.09803921568627	-1.43137254901961
			8.07843137254902	-1.41176470588235
			8.05882352941176	-1.3921568627451
			8.03921568627451	-1.37254901960784
			8.01960784313725	-1.37254901960784
			8	-1.35294117647059
			7.98039215686275	-1.33333333333333
			7.96078431372549	-1.33333333333333
			7.96078431372549	-1.31372549019608
			7.94117647058824	-1.31372549019608
			7.92156862745098	-1.31372549019608
			7.90196078431372	-1.29411764705882
			7.88235294117647	-1.29411764705882
			7.86274509803922	-1.27450980392157
			7.84313725490196	-1.27450980392157
			7.82352941176471	-1.27450980392157
			7.82352941176471	-1.25490196078431
			7.80392156862745	-1.25490196078431
			7.7843137254902	-1.25490196078431
			7.7843137254902	-1.23529411764706
			7.76470588235294	-1.23529411764706
			7.74509803921569	-1.23529411764706
			7.72549019607843	-1.23529411764706
			7.72549019607843	-1.2156862745098
			7.70588235294118	-1.2156862745098
			7.68627450980392	-1.2156862745098
			7.66666666666667	-1.19607843137255
			7.64705882352941	-1.19607843137255
			7.62745098039216	-1.19607843137255
			7.6078431372549	-1.17647058823529
			7.58823529411765	-1.17647058823529
			7.56862745098039	-1.17647058823529
			7.54901960784314	-1.15686274509804
			7.52941176470588	-1.15686274509804
			7.50980392156863	-1.15686274509804
			7.49019607843137	-1.13725490196078
			7.47058823529412	-1.13725490196078
			7.45098039215686	-1.13725490196078
			7.43137254901961	-1.11764705882353
			7.41176470588235	-1.11764705882353
			7.3921568627451	-1.11764705882353
			7.37254901960784	-1.11764705882353
			7.35294117647059	-1.09803921568627
			7.33333333333333	-1.09803921568627
			7.31372549019608	-1.09803921568627
			7.29411764705882	-1.09803921568627
			7.27450980392157	-1.07843137254902
			7.25490196078431	-1.07843137254902
			7.23529411764706	-1.07843137254902
			7.2156862745098	-1.07843137254902
			7.19607843137255	-1.07843137254902
			7.17647058823529	-1.05882352941176
			7.15686274509804	-1.05882352941176
			7.13725490196078	-1.05882352941176
			7.11764705882353	-1.05882352941176
			7.09803921568627	-1.05882352941176
			7.07843137254902	-1.03921568627451
			7.05882352941176	-1.03921568627451
			7.03921568627451	-1.03921568627451
			7.01960784313725	-1.03921568627451
			7	-1.03921568627451
			6.98039215686275	-1.03921568627451
			6.96078431372549	-1.03921568627451
			6.94117647058824	-1.01960784313725
			6.92156862745098	-1.01960784313725
			6.90196078431373	-1.01960784313725
			6.88235294117647	-1.01960784313725
			6.86274509803922	-1.01960784313725
			6.84313725490196	-1.01960784313725
			6.82352941176471	-1.01960784313725
			6.80392156862745	-1.01960784313725
			6.7843137254902	-1.01960784313725
			6.76470588235294	-1
			6.74509803921569	-1
			6.72549019607843	-1
			6.70588235294118	-1
			6.68627450980392	-1
			6.66666666666667	-1
			6.64705882352941	-1
			6.62745098039216	-1
			6.6078431372549	-1
			6.58823529411765	-1
			6.56862745098039	-1
			6.54901960784314	-1
			6.52941176470588	-0.980392156862745
			6.50980392156863	-0.980392156862745
			6.49019607843137	-0.980392156862745
			6.47058823529412	-0.980392156862745
			6.45098039215686	-0.980392156862745
			6.43137254901961	-0.980392156862745
			6.41176470588235	-0.980392156862745
			6.3921568627451	-0.980392156862745
			6.37254901960784	-0.980392156862745
			6.35294117647059	-0.980392156862745
			6.33333333333333	-0.980392156862745
			6.31372549019608	-0.980392156862745
			6.29411764705882	-0.980392156862745
			6.27450980392157	-0.980392156862745
			6.25490196078431	-0.980392156862745
			6.23529411764706	-0.980392156862745
			6.2156862745098	-0.980392156862745
			6.19607843137255	-0.980392156862745
			6.17647058823529	-0.980392156862745
			6.15686274509804	-0.980392156862745
			6.13725490196078	-0.980392156862745
			6.11764705882353	-0.980392156862745
			6.09803921568627	-0.980392156862745
			6.07843137254902	-0.980392156862745
			6.05882352941176	-0.980392156862745
			6.03921568627451	-0.980392156862745
			6.01960784313725	-0.980392156862745
			6	-0.980392156862745
			5.98039215686275	-0.980392156862745
			5.96078431372549	-0.980392156862745
			5.94117647058824	-0.980392156862745
			5.92156862745098	-0.980392156862745
			5.90196078431373	-0.980392156862745
			5.88235294117647	-0.980392156862745
			5.86274509803922	-0.980392156862745
			5.84313725490196	-0.980392156862745
			5.82352941176471	-0.980392156862745
			5.80392156862745	-0.980392156862745
			5.7843137254902	-0.980392156862745
			5.76470588235294	-0.980392156862745
			5.74509803921569	-0.980392156862745
			5.72549019607843	-0.980392156862745
			5.70588235294118	-0.980392156862745
			5.68627450980392	-0.980392156862745
			5.66666666666667	-0.980392156862745
			5.64705882352941	-0.980392156862745
			5.62745098039216	-0.980392156862745
			5.6078431372549	-0.980392156862745
			5.58823529411765	-0.980392156862745
			5.56862745098039	-0.980392156862745
			5.54901960784314	-0.980392156862745
			5.52941176470588	-0.980392156862745
			5.50980392156863	-0.980392156862745
			5.49019607843137	-0.980392156862745
			5.47058823529412	-0.980392156862745
			5.47058823529412	-1
			5.45098039215686	-1
			5.43137254901961	-1
			5.41176470588235	-1
			5.3921568627451	-1
			5.37254901960784	-1
			5.35294117647059	-1
			5.33333333333333	-1
			5.31372549019608	-1
			5.29411764705882	-1
			5.27450980392157	-1
			5.25490196078431	-1
			5.23529411764706	-1
			5.2156862745098	-1
			5.19607843137255	-1
			5.17647058823529	-1
			5.15686274509804	-1.01960784313725
			5.13725490196078	-1.01960784313725
			5.11764705882353	-1.01960784313725
			5.09803921568627	-1.01960784313725
			5.07843137254902	-1.01960784313725
			5.05882352941176	-1.01960784313725
			5.03921568627451	-1.01960784313725
		</margin>
	</curves.scaled>
	<ruler.points type=matrix rownames=TRUE colnames=FALSE nrow=2 ncol=2 as.numeric=TRUE >
		Ruler point 1	314	334
		Ruler point 2	416	334
	</ruler.points>
</shapes>

