<shapes type=list>
	<ruler.pixel type=vector names=FALSE length=1 as.numeric=TRUE >32</ruler.pixel>
	<ruler.interval type=vector names=FALSE length=1 as.numeric=TRUE >2</ruler.interval>
	<scaling.units type=vector names=FALSE length=1 as.numeric=FALSE >mm</scaling.units>
	<scaling type=vector names=FALSE length=1 as.numeric=TRUE >0.0625</scaling>
	<landmarks.pixel type=matrix rownames=TRUE colnames=FALSE nrow=5 ncol=2 as.numeric=TRUE >
		LM1	85	3
		LM2	91	81
		LM4	92	98
		LM5	116	3
		LM7	158	22
	</landmarks.pixel>
	<landmarks.scaled type=matrix rownames=TRUE colnames=FALSE nrow=5 ncol=2 as.numeric=TRUE >
		LM1	5.3125	-0.1875
		LM2	5.6875	-5.0625
		LM4	5.75	-6.125
		LM5	7.25	-0.1875
		LM7	9.875	-1.375
	</landmarks.scaled>
	<curves.control type=list>
		<axis type=matrix rownames=FALSE colnames=FALSE nrow=7 ncol=2 as.numeric=TRUE >
			85	3
			103	1
			115	4
			109	43
			103	64
			98	82
			91	81
		</axis>
		<margin type=matrix rownames=FALSE colnames=FALSE nrow=11 ncol=2 as.numeric=TRUE >
			92	98
			120	91
			137	73
			152	53
			155	40
			158	30
			158	25
			156	14
			151	7
			140	3
			116	3
		</margin>
	</curves.control>
	<curves.pixel type=list>
		<axis type=matrix rownames=FALSE colnames=FALSE nrow=113 ncol=2 as.numeric=TRUE >
			85	3
			86	3
			87	3
			88	3
			89	3
			90	3
			91	2
			92	2
			93	2
			94	2
			95	2
			96	2
			97	2
			98	2
			99	2
			100	2
			101	2
			102	2
			103	2
			104	2
			105	2
			106	3
			107	3
			108	3
			109	3
			110	3
			111	3
			112	3
			113	4
			114	4
			115	4
			115	5
			115	6
			114	7
			114	8
			114	9
			114	10
			114	11
			114	12
			114	13
			113	14
			113	15
			113	16
			113	17
			113	18
			113	19
			112	20
			112	21
			112	22
			112	23
			112	24
			112	25
			111	26
			111	27
			111	28
			111	29
			111	30
			110	31
			110	32
			110	33
			110	34
			110	35
			109	36
			109	37
			109	38
			109	39
			109	40
			108	41
			108	42
			108	43
			108	44
			108	45
			107	46
			107	47
			107	48
			107	49
			107	50
			106	51
			106	52
			106	53
			106	54
			105	55
			105	56
			105	57
			105	58
			104	59
			104	60
			104	61
			104	62
			103	63
			103	64
			103	65
			102	66
			102	67
			102	68
			101	69
			101	70
			101	71
			100	72
			100	73
			99	74
			99	75
			99	76
			98	76
			98	77
			97	77
			97	78
			96	79
			95	80
			94	81
			93	81
			92	81
			91	81
		</axis>
		<margin type=matrix rownames=FALSE colnames=FALSE nrow=152 ncol=2 as.numeric=TRUE >
			92	98
			93	98
			94	97
			95	97
			96	97
			97	97
			98	96
			99	96
			100	96
			101	95
			102	95
			103	95
			104	94
			105	94
			106	94
			107	93
			108	93
			109	92
			110	92
			111	92
			111	91
			112	91
			113	90
			114	90
			115	89
			116	89
			117	89
			118	88
			119	87
			120	87
			121	86
			122	85
			123	85
			124	84
			125	83
			126	83
			127	82
			128	81
			129	81
			129	80
			130	79
			131	79
			132	78
			133	77
			134	76
			135	75
			136	74
			137	73
			138	72
			139	71
			139	70
			140	69
			141	68
			142	67
			142	66
			143	65
			144	64
			144	63
			145	62
			145	61
			146	60
			147	59
			147	58
			148	57
			148	56
			149	55
			149	54
			150	53
			151	52
			151	51
			152	50
			152	49
			152	48
			153	47
			153	46
			154	45
			154	44
			154	43
			154	42
			155	41
			155	40
			155	39
			156	38
			156	37
			156	36
			156	35
			157	35
			157	34
			157	33
			157	32
			157	31
			158	30
			158	29
			158	28
			158	27
			158	26
			158	25
			158	24
			158	23
			157	22
			157	21
			157	20
			157	19
			156	18
			156	17
			156	16
			155	15
			155	14
			154	13
			154	12
			153	11
			153	10
			152	9
			152	8
			151	8
			151	7
			150	7
			149	6
			148	6
			147	6
			146	6
			146	5
			145	5
			144	5
			143	5
			142	5
			141	5
			140	4
			139	4
			138	4
			137	4
			136	4
			135	4
			134	4
			133	4
			132	4
			131	3
			130	3
			129	3
			128	3
			127	3
			126	3
			125	3
			124	3
			123	3
			122	3
			121	3
			120	3
			119	3
			118	3
			117	3
			116	3
		</margin>
	</curves.pixel>
	<curves.scaled type=list>
		<axis type=matrix rownames=FALSE colnames=FALSE nrow=113 ncol=2 as.numeric=TRUE >
			5.3125	-0.1875
			5.375	-0.1875
			5.4375	-0.1875
			5.5	-0.1875
			5.5625	-0.1875
			5.625	-0.1875
			5.6875	-0.125
			5.75	-0.125
			5.8125	-0.125
			5.875	-0.125
			5.9375	-0.125
			6	-0.125
			6.0625	-0.125
			6.125	-0.125
			6.1875	-0.125
			6.25	-0.125
			6.3125	-0.125
			6.375	-0.125
			6.4375	-0.125
			6.5	-0.125
			6.5625	-0.125
			6.625	-0.1875
			6.6875	-0.1875
			6.75	-0.1875
			6.8125	-0.1875
			6.875	-0.1875
			6.9375	-0.1875
			7	-0.1875
			7.0625	-0.25
			7.125	-0.25
			7.1875	-0.25
			7.1875	-0.3125
			7.1875	-0.375
			7.125	-0.4375
			7.125	-0.5
			7.125	-0.5625
			7.125	-0.625
			7.125	-0.6875
			7.125	-0.75
			7.125	-0.8125
			7.0625	-0.875
			7.0625	-0.9375
			7.0625	-1
			7.0625	-1.0625
			7.0625	-1.125
			7.0625	-1.1875
			7	-1.25
			7	-1.3125
			7	-1.375
			7	-1.4375
			7	-1.5
			7	-1.5625
			6.9375	-1.625
			6.9375	-1.6875
			6.9375	-1.75
			6.9375	-1.8125
			6.9375	-1.875
			6.875	-1.9375
			6.875	-2
			6.875	-2.0625
			6.875	-2.125
			6.875	-2.1875
			6.8125	-2.25
			6.8125	-2.3125
			6.8125	-2.375
			6.8125	-2.4375
			6.8125	-2.5
			6.75	-2.5625
			6.75	-2.625
			6.75	-2.6875
			6.75	-2.75
			6.75	-2.8125
			6.6875	-2.875
			6.6875	-2.9375
			6.6875	-3
			6.6875	-3.0625
			6.6875	-3.125
			6.625	-3.1875
			6.625	-3.25
			6.625	-3.3125
			6.625	-3.375
			6.5625	-3.4375
			6.5625	-3.5
			6.5625	-3.5625
			6.5625	-3.625
			6.5	-3.6875
			6.5	-3.75
			6.5	-3.8125
			6.5	-3.875
			6.4375	-3.9375
			6.4375	-4
			6.4375	-4.0625
			6.375	-4.125
			6.375	-4.1875
			6.375	-4.25
			6.3125	-4.3125
			6.3125	-4.375
			6.3125	-4.4375
			6.25	-4.5
			6.25	-4.5625
			6.1875	-4.625
			6.1875	-4.6875
			6.1875	-4.75
			6.125	-4.75
			6.125	-4.8125
			6.0625	-4.8125
			6.0625	-4.875
			6	-4.9375
			5.9375	-5
			5.875	-5.0625
			5.8125	-5.0625
			5.75	-5.0625
			5.6875	-5.0625
		</axis>
		<margin type=matrix rownames=FALSE colnames=FALSE nrow=152 ncol=2 as.numeric=TRUE >
			5.75	-6.125
			5.8125	-6.125
			5.875	-6.0625
			5.9375	-6.0625
			6	-6.0625
			6.0625	-6.0625
			6.125	-6
			6.1875	-6
			6.25	-6
			6.3125	-5.9375
			6.375	-5.9375
			6.4375	-5.9375
			6.5	-5.875
			6.5625	-5.875
			6.625	-5.875
			6.6875	-5.8125
			6.75	-5.8125
			6.8125	-5.75
			6.875	-5.75
			6.9375	-5.75
			6.9375	-5.6875
			7	-5.6875
			7.0625	-5.625
			7.125	-5.625
			7.1875	-5.5625
			7.25	-5.5625
			7.3125	-5.5625
			7.375	-5.5
			7.4375	-5.4375
			7.5	-5.4375
			7.5625	-5.375
			7.625	-5.3125
			7.6875	-5.3125
			7.75	-5.25
			7.8125	-5.1875
			7.875	-5.1875
			7.9375	-5.125
			8	-5.0625
			8.0625	-5.0625
			8.0625	-5
			8.125	-4.9375
			8.1875	-4.9375
			8.25	-4.875
			8.3125	-4.8125
			8.375	-4.75
			8.4375	-4.6875
			8.5	-4.625
			8.5625	-4.5625
			8.625	-4.5
			8.6875	-4.4375
			8.6875	-4.375
			8.75	-4.3125
			8.8125	-4.25
			8.875	-4.1875
			8.875	-4.125
			8.9375	-4.0625
			9	-4
			9	-3.9375
			9.0625	-3.875
			9.0625	-3.8125
			9.125	-3.75
			9.1875	-3.6875
			9.1875	-3.625
			9.25	-3.5625
			9.25	-3.5
			9.3125	-3.4375
			9.3125	-3.375
			9.375	-3.3125
			9.4375	-3.25
			9.4375	-3.1875
			9.5	-3.125
			9.5	-3.0625
			9.5	-3
			9.5625	-2.9375
			9.5625	-2.875
			9.625	-2.8125
			9.625	-2.75
			9.625	-2.6875
			9.625	-2.625
			9.6875	-2.5625
			9.6875	-2.5
			9.6875	-2.4375
			9.75	-2.375
			9.75	-2.3125
			9.75	-2.25
			9.75	-2.1875
			9.8125	-2.1875
			9.8125	-2.125
			9.8125	-2.0625
			9.8125	-2
			9.8125	-1.9375
			9.875	-1.875
			9.875	-1.8125
			9.875	-1.75
			9.875	-1.6875
			9.875	-1.625
			9.875	-1.5625
			9.875	-1.5
			9.875	-1.4375
			9.8125	-1.375
			9.8125	-1.3125
			9.8125	-1.25
			9.8125	-1.1875
			9.75	-1.125
			9.75	-1.0625
			9.75	-1
			9.6875	-0.9375
			9.6875	-0.875
			9.625	-0.8125
			9.625	-0.75
			9.5625	-0.6875
			9.5625	-0.625
			9.5	-0.5625
			9.5	-0.5
			9.4375	-0.5
			9.4375	-0.4375
			9.375	-0.4375
			9.3125	-0.375
			9.25	-0.375
			9.1875	-0.375
			9.125	-0.375
			9.125	-0.3125
			9.0625	-0.3125
			9	-0.3125
			8.9375	-0.3125
			8.875	-0.3125
			8.8125	-0.3125
			8.75	-0.25
			8.6875	-0.25
			8.625	-0.25
			8.5625	-0.25
			8.5	-0.25
			8.4375	-0.25
			8.375	-0.25
			8.3125	-0.25
			8.25	-0.25
			8.1875	-0.1875
			8.125	-0.1875
			8.0625	-0.1875
			8	-0.1875
			7.9375	-0.1875
			7.875	-0.1875
			7.8125	-0.1875
			7.75	-0.1875
			7.6875	-0.1875
			7.625	-0.1875
			7.5625	-0.1875
			7.5	-0.1875
			7.4375	-0.1875
			7.375	-0.1875
			7.3125	-0.1875
			7.25	-0.1875
		</margin>
	</curves.scaled>
	<ruler.points type=matrix rownames=TRUE colnames=FALSE nrow=2 ncol=2 as.numeric=TRUE >
		Ruler point 1	118	101
		Ruler point 2	150	101
	</ruler.points>
</shapes>

