<shapes type=list>
	<ruler.interval type=vector names=FALSE length=1 as.numeric=TRUE >31.8</ruler.interval>
	<scaling.units type=vector names=FALSE length=1 as.numeric=FALSE >mm</scaling.units>
	<scaling type=vector names=FALSE length=1 as.numeric=TRUE >0.137662337662338</scaling>
	<landmarks.pixel type=matrix rownames=TRUE colnames=FALSE nrow=7 ncol=2 as.numeric=TRUE >
		LM1	818	133
		LM2	818	271
		LM3	818	283
		LM4	818	300
		LM5	871	148
		LM6	960	223
		LM7	975	246
	</landmarks.pixel>
	<landmarks.scaled type=matrix rownames=TRUE colnames=FALSE nrow=7 ncol=2 as.numeric=TRUE >
		LM1	112.607792207792	-18.3090909090909
		LM2	112.607792207792	-37.3064935064935
		LM3	112.607792207792	-38.9584415584416
		LM4	112.607792207792	-41.2987012987013
		LM5	119.903896103896	-20.374025974026
		LM6	132.155844155844	-30.6987012987013
		LM7	134.220779220779	-33.8649350649351
	</landmarks.scaled>
	<curves.control type=list>
		<axis type=matrix rownames=FALSE colnames=FALSE nrow=9 ncol=2 as.numeric=TRUE >
			818	133
			841	133
			873	148
			868	173
			853	204
			848	222
			845	240
			842	264
			818	271
		</axis>
		<border type=matrix rownames=FALSE colnames=FALSE nrow=3 ncol=2 as.numeric=TRUE >
			818	283
			896	274
			960	223
		</border>
		<margin type=matrix rownames=FALSE colnames=FALSE nrow=15 ncol=2 as.numeric=TRUE >
			818	300
			872	303
			937	271
			963	257
			975	246
			969	237
			965	230
			956	212
			947	192
			942	180
			936	166
			930	155
			923	151
			905	143
			871	148
		</margin>
	</curves.control>
	<curves.pixel type=list>
		<axis type=matrix rownames=FALSE colnames=FALSE nrow=191 ncol=2 as.numeric=TRUE >
			818	133
			819	133
			820	133
			821	133
			822	133
			823	133
			824	133
			825	133
			826	133
			827	133
			828	134
			829	134
			830	134
			831	134
			832	134
			833	134
			834	135
			835	135
			836	135
			837	135
			838	135
			839	136
			840	136
			841	136
			842	137
			843	137
			844	137
			845	137
			846	138
			847	138
			848	138
			849	138
			850	139
			851	139
			852	140
			853	140
			854	140
			855	141
			856	141
			857	141
			858	142
			859	142
			860	142
			861	143
			862	143
			863	144
			864	144
			865	144
			866	145
			867	145
			868	146
			869	146
			870	147
			871	147
			872	148
			873	148
			873	149
			873	150
			872	151
			872	152
			872	153
			872	154
			871	155
			871	156
			871	157
			871	158
			871	159
			870	160
			870	161
			869	162
			869	163
			869	164
			869	165
			868	166
			868	167
			868	168
			867	169
			867	170
			867	171
			866	172
			866	173
			866	174
			865	175
			865	176
			864	177
			864	178
			864	179
			864	180
			863	180
			863	181
			863	182
			862	183
			862	184
			861	185
			861	186
			861	187
			860	187
			860	188
			860	189
			859	190
			859	191
			858	192
			858	193
			858	194
			857	195
			857	196
			856	197
			856	198
			855	199
			855	200
			854	201
			854	202
			853	203
			853	204
			853	205
			852	206
			852	207
			852	208
			852	209
			851	210
			851	211
			851	212
			851	213
			850	214
			850	215
			850	216
			850	217
			849	218
			849	219
			849	220
			849	221
			848	222
			848	223
			848	224
			848	225
			848	226
			847	227
			847	228
			847	229
			847	230
			847	231
			846	232
			846	233
			846	234
			846	235
			846	236
			845	237
			845	238
			845	239
			845	240
			845	241
			845	242
			844	243
			844	244
			844	245
			844	246
			844	247
			843	248
			843	249
			843	250
			842	251
			842	252
			841	253
			841	254
			840	255
			840	256
			839	256
			839	257
			838	258
			837	259
			837	260
			836	260
			835	261
			835	262
			834	263
			833	263
			832	264
			831	265
			830	266
			829	266
			828	267
			827	267
			826	268
			825	268
			824	269
			823	269
			822	270
			821	270
			820	270
			819	271
			818	271
		</axis>
		<border type=matrix rownames=FALSE colnames=FALSE nrow=149 ncol=2 as.numeric=TRUE >
			818	283
			819	283
			820	283
			821	283
			822	283
			823	282
			824	282
			825	282
			826	282
			827	282
			828	282
			829	282
			830	281
			831	281
			832	281
			833	281
			834	281
			835	281
			836	280
			837	280
			838	280
			839	280
			840	280
			841	279
			842	279
			843	279
			844	279
			845	279
			846	278
			847	278
			848	278
			849	278
			850	278
			850	277
			851	277
			852	277
			853	277
			854	276
			855	276
			856	276
			857	276
			858	275
			859	275
			860	275
			861	274
			862	274
			863	274
			864	274
			865	273
			866	273
			867	273
			868	272
			869	272
			870	272
			871	272
			872	271
			873	271
			874	271
			875	270
			876	270
			877	270
			878	269
			879	269
			880	269
			881	268
			882	268
			883	267
			884	267
			885	266
			886	266
			887	266
			888	265
			889	265
			890	265
			891	264
			892	264
			893	263
			894	263
			895	262
			896	262
			897	261
			898	261
			899	261
			900	260
			901	260
			902	259
			903	259
			904	258
			905	258
			906	257
			907	257
			908	257
			909	256
			910	256
			911	255
			912	255
			912	254
			913	254
			914	253
			915	253
			916	252
			917	252
			918	251
			919	251
			920	250
			921	249
			922	249
			923	248
			924	248
			925	247
			926	247
			927	246
			928	246
			928	245
			929	245
			930	244
			931	243
			932	243
			933	242
			934	242
			935	241
			936	240
			937	240
			938	239
			939	239
			939	238
			940	237
			941	237
			942	236
			943	236
			944	235
			945	234
			946	234
			947	233
			948	232
			949	232
			949	231
			950	230
			951	230
			952	229
			953	228
			954	228
			955	227
			956	226
			957	226
			957	225
			958	224
			959	224
			960	223
		</border>
		<margin type=matrix rownames=FALSE colnames=FALSE nrow=318 ncol=2 as.numeric=TRUE >
			818	300
			819	300
			820	300
			821	300
			822	300
			823	300
			824	300
			825	300
			826	300
			827	300
			828	300
			829	300
			830	300
			831	300
			832	300
			833	300
			834	300
			835	300
			836	300
			837	300
			838	300
			839	300
			840	300
			841	300
			842	300
			843	300
			844	299
			845	299
			846	299
			847	299
			848	299
			849	299
			850	299
			851	299
			852	299
			853	298
			854	298
			855	298
			856	298
			857	298
			858	298
			859	298
			860	297
			861	297
			862	297
			863	297
			864	297
			865	296
			866	296
			867	296
			868	296
			869	296
			870	295
			871	295
			872	295
			873	295
			874	294
			875	294
			876	294
			877	294
			878	293
			879	293
			880	293
			881	293
			882	292
			883	292
			884	292
			885	292
			886	291
			887	291
			888	291
			889	290
			890	290
			891	290
			892	289
			893	289
			894	289
			895	288
			896	288
			897	288
			898	287
			899	287
			900	287
			901	286
			902	286
			903	286
			904	285
			905	285
			906	284
			907	284
			908	284
			909	283
			910	283
			911	283
			912	282
			913	282
			914	281
			915	281
			916	280
			917	280
			918	280
			919	279
			920	279
			921	278
			922	278
			923	278
			924	277
			925	276
			926	276
			927	276
			928	275
			929	275
			930	274
			931	274
			932	273
			933	273
			934	273
			935	272
			936	272
			936	271
			937	271
			938	271
			938	270
			939	270
			940	270
			940	269
			941	269
			942	268
			943	268
			944	267
			945	267
			946	266
			947	265
			948	265
			949	264
			950	264
			951	263
			952	263
			953	262
			954	261
			955	260
			956	260
			957	259
			958	259
			959	258
			960	257
			961	257
			962	256
			963	256
			964	255
			964	254
			965	254
			966	253
			967	253
			968	252
			968	251
			969	251
			970	250
			971	250
			971	249
			972	249
			973	248
			974	247
			975	246
			974	245
			974	244
			973	243
			973	242
			972	242
			972	241
			971	240
			971	239
			970	238
			969	237
			969	236
			968	235
			967	234
			967	233
			966	232
			965	231
			965	230
			964	229
			964	228
			963	227
			963	226
			963	225
			962	224
			962	223
			961	222
			961	221
			960	220
			960	219
			959	218
			958	217
			958	216
			958	215
			957	215
			957	214
			957	213
			956	212
			956	211
			955	210
			955	209
			954	208
			954	207
			954	206
			953	205
			952	204
			952	203
			951	202
			951	201
			951	200
			950	199
			950	198
			949	197
			949	196
			948	195
			948	194
			948	193
			947	193
			947	192
			947	191
			946	190
			946	189
			945	188
			945	187
			945	186
			944	185
			944	184
			943	183
			943	182
			943	181
			942	180
			942	179
			941	178
			941	177
			940	176
			940	175
			940	174
			939	173
			939	172
			938	171
			938	170
			937	169
			937	168
			937	167
			936	166
			936	165
			935	164
			934	163
			934	162
			933	161
			933	160
			932	160
			931	159
			931	158
			930	157
			929	156
			928	155
			927	154
			926	153
			925	152
			924	152
			924	151
			923	151
			922	150
			921	150
			920	150
			919	150
			919	149
			918	149
			917	149
			916	149
			915	148
			914	148
			913	148
			912	148
			911	147
			910	147
			909	147
			908	147
			907	147
			906	147
			905	147
			904	146
			903	146
			902	146
			901	146
			900	146
			899	146
			898	146
			897	146
			896	146
			895	146
			894	146
			893	146
			892	146
			891	146
			890	146
			889	146
			888	146
			887	146
			886	146
			885	146
			884	147
			883	147
			882	147
			881	147
			880	147
			879	147
			878	147
			877	147
			876	147
			875	147
			874	148
			873	148
			872	148
			871	148
		</margin>
	</curves.pixel>
	<curves.scaled type=list>
		<axis type=matrix rownames=FALSE colnames=FALSE nrow=191 ncol=2 as.numeric=TRUE >
			112.607792207792	-18.3090909090909
			112.745454545455	-18.3090909090909
			112.883116883117	-18.3090909090909
			113.020779220779	-18.3090909090909
			113.158441558442	-18.3090909090909
			113.296103896104	-18.3090909090909
			113.433766233766	-18.3090909090909
			113.571428571429	-18.3090909090909
			113.709090909091	-18.3090909090909
			113.846753246753	-18.3090909090909
			113.984415584416	-18.4467532467532
			114.122077922078	-18.4467532467532
			114.25974025974	-18.4467532467532
			114.397402597403	-18.4467532467532
			114.535064935065	-18.4467532467532
			114.672727272727	-18.4467532467532
			114.81038961039	-18.5844155844156
			114.948051948052	-18.5844155844156
			115.085714285714	-18.5844155844156
			115.223376623377	-18.5844155844156
			115.361038961039	-18.5844155844156
			115.498701298701	-18.7220779220779
			115.636363636364	-18.7220779220779
			115.774025974026	-18.7220779220779
			115.911688311688	-18.8597402597403
			116.049350649351	-18.8597402597403
			116.187012987013	-18.8597402597403
			116.324675324675	-18.8597402597403
			116.462337662338	-18.9974025974026
			116.6	-18.9974025974026
			116.737662337662	-18.9974025974026
			116.875324675325	-18.9974025974026
			117.012987012987	-19.1350649350649
			117.150649350649	-19.1350649350649
			117.288311688312	-19.2727272727273
			117.425974025974	-19.2727272727273
			117.563636363636	-19.2727272727273
			117.701298701299	-19.4103896103896
			117.838961038961	-19.4103896103896
			117.976623376623	-19.4103896103896
			118.114285714286	-19.5480519480519
			118.251948051948	-19.5480519480519
			118.38961038961	-19.5480519480519
			118.527272727273	-19.6857142857143
			118.664935064935	-19.6857142857143
			118.802597402597	-19.8233766233766
			118.94025974026	-19.8233766233766
			119.077922077922	-19.8233766233766
			119.215584415584	-19.961038961039
			119.353246753247	-19.961038961039
			119.490909090909	-20.0987012987013
			119.628571428571	-20.0987012987013
			119.766233766234	-20.2363636363636
			119.903896103896	-20.2363636363636
			120.041558441558	-20.374025974026
			120.179220779221	-20.374025974026
			120.179220779221	-20.5116883116883
			120.179220779221	-20.6493506493506
			120.041558441558	-20.787012987013
			120.041558441558	-20.9246753246753
			120.041558441558	-21.0623376623377
			120.041558441558	-21.2
			119.903896103896	-21.3376623376623
			119.903896103896	-21.4753246753247
			119.903896103896	-21.612987012987
			119.903896103896	-21.7506493506494
			119.903896103896	-21.8883116883117
			119.766233766234	-22.025974025974
			119.766233766234	-22.1636363636364
			119.628571428571	-22.3012987012987
			119.628571428571	-22.438961038961
			119.628571428571	-22.5766233766234
			119.628571428571	-22.7142857142857
			119.490909090909	-22.851948051948
			119.490909090909	-22.9896103896104
			119.490909090909	-23.1272727272727
			119.353246753247	-23.2649350649351
			119.353246753247	-23.4025974025974
			119.353246753247	-23.5402597402597
			119.215584415584	-23.6779220779221
			119.215584415584	-23.8155844155844
			119.215584415584	-23.9532467532468
			119.077922077922	-24.0909090909091
			119.077922077922	-24.2285714285714
			118.94025974026	-24.3662337662338
			118.94025974026	-24.5038961038961
			118.94025974026	-24.6415584415584
			118.94025974026	-24.7792207792208
			118.802597402597	-24.7792207792208
			118.802597402597	-24.9168831168831
			118.802597402597	-25.0545454545455
			118.664935064935	-25.1922077922078
			118.664935064935	-25.3298701298701
			118.527272727273	-25.4675324675325
			118.527272727273	-25.6051948051948
			118.527272727273	-25.7428571428571
			118.38961038961	-25.7428571428571
			118.38961038961	-25.8805194805195
			118.38961038961	-26.0181818181818
			118.251948051948	-26.1558441558442
			118.251948051948	-26.2935064935065
			118.114285714286	-26.4311688311688
			118.114285714286	-26.5688311688312
			118.114285714286	-26.7064935064935
			117.976623376623	-26.8441558441558
			117.976623376623	-26.9818181818182
			117.838961038961	-27.1194805194805
			117.838961038961	-27.2571428571429
			117.701298701299	-27.3948051948052
			117.701298701299	-27.5324675324675
			117.563636363636	-27.6701298701299
			117.563636363636	-27.8077922077922
			117.425974025974	-27.9454545454545
			117.425974025974	-28.0831168831169
			117.425974025974	-28.2207792207792
			117.288311688312	-28.3584415584416
			117.288311688312	-28.4961038961039
			117.288311688312	-28.6337662337662
			117.288311688312	-28.7714285714286
			117.150649350649	-28.9090909090909
			117.150649350649	-29.0467532467532
			117.150649350649	-29.1844155844156
			117.150649350649	-29.3220779220779
			117.012987012987	-29.4597402597403
			117.012987012987	-29.5974025974026
			117.012987012987	-29.7350649350649
			117.012987012987	-29.8727272727273
			116.875324675325	-30.0103896103896
			116.875324675325	-30.1480519480519
			116.875324675325	-30.2857142857143
			116.875324675325	-30.4233766233766
			116.737662337662	-30.561038961039
			116.737662337662	-30.6987012987013
			116.737662337662	-30.8363636363636
			116.737662337662	-30.974025974026
			116.737662337662	-31.1116883116883
			116.6	-31.2493506493506
			116.6	-31.387012987013
			116.6	-31.5246753246753
			116.6	-31.6623376623377
			116.6	-31.8
			116.462337662338	-31.9376623376623
			116.462337662338	-32.0753246753247
			116.462337662338	-32.212987012987
			116.462337662338	-32.3506493506493
			116.462337662338	-32.4883116883117
			116.324675324675	-32.625974025974
			116.324675324675	-32.7636363636364
			116.324675324675	-32.9012987012987
			116.324675324675	-33.038961038961
			116.324675324675	-33.1766233766234
			116.324675324675	-33.3142857142857
			116.187012987013	-33.4519480519481
			116.187012987013	-33.5896103896104
			116.187012987013	-33.7272727272727
			116.187012987013	-33.8649350649351
			116.187012987013	-34.0025974025974
			116.049350649351	-34.1402597402597
			116.049350649351	-34.2779220779221
			116.049350649351	-34.4155844155844
			115.911688311688	-34.5532467532468
			115.911688311688	-34.6909090909091
			115.774025974026	-34.8285714285714
			115.774025974026	-34.9662337662338
			115.636363636364	-35.1038961038961
			115.636363636364	-35.2415584415584
			115.498701298701	-35.2415584415584
			115.498701298701	-35.3792207792208
			115.361038961039	-35.5168831168831
			115.223376623377	-35.6545454545454
			115.223376623377	-35.7922077922078
			115.085714285714	-35.7922077922078
			114.948051948052	-35.9298701298701
			114.948051948052	-36.0675324675325
			114.81038961039	-36.2051948051948
			114.672727272727	-36.2051948051948
			114.535064935065	-36.3428571428571
			114.397402597403	-36.4805194805195
			114.25974025974	-36.6181818181818
			114.122077922078	-36.6181818181818
			113.984415584416	-36.7558441558442
			113.846753246753	-36.7558441558442
			113.709090909091	-36.8935064935065
			113.571428571429	-36.8935064935065
			113.433766233766	-37.0311688311688
			113.296103896104	-37.0311688311688
			113.158441558442	-37.1688311688312
			113.020779220779	-37.1688311688312
			112.883116883117	-37.1688311688312
			112.745454545455	-37.3064935064935
			112.607792207792	-37.3064935064935
		</axis>
		<border type=matrix rownames=FALSE colnames=FALSE nrow=149 ncol=2 as.numeric=TRUE >
			112.607792207792	-38.9584415584416
			112.745454545455	-38.9584415584416
			112.883116883117	-38.9584415584416
			113.020779220779	-38.9584415584416
			113.158441558442	-38.9584415584416
			113.296103896104	-38.8207792207792
			113.433766233766	-38.8207792207792
			113.571428571429	-38.8207792207792
			113.709090909091	-38.8207792207792
			113.846753246753	-38.8207792207792
			113.984415584416	-38.8207792207792
			114.122077922078	-38.8207792207792
			114.25974025974	-38.6831168831169
			114.397402597403	-38.6831168831169
			114.535064935065	-38.6831168831169
			114.672727272727	-38.6831168831169
			114.81038961039	-38.6831168831169
			114.948051948052	-38.6831168831169
			115.085714285714	-38.5454545454545
			115.223376623377	-38.5454545454545
			115.361038961039	-38.5454545454545
			115.498701298701	-38.5454545454545
			115.636363636364	-38.5454545454545
			115.774025974026	-38.4077922077922
			115.911688311688	-38.4077922077922
			116.049350649351	-38.4077922077922
			116.187012987013	-38.4077922077922
			116.324675324675	-38.4077922077922
			116.462337662338	-38.2701298701299
			116.6	-38.2701298701299
			116.737662337662	-38.2701298701299
			116.875324675325	-38.2701298701299
			117.012987012987	-38.2701298701299
			117.012987012987	-38.1324675324675
			117.150649350649	-38.1324675324675
			117.288311688312	-38.1324675324675
			117.425974025974	-38.1324675324675
			117.563636363636	-37.9948051948052
			117.701298701299	-37.9948051948052
			117.838961038961	-37.9948051948052
			117.976623376623	-37.9948051948052
			118.114285714286	-37.8571428571429
			118.251948051948	-37.8571428571429
			118.38961038961	-37.8571428571429
			118.527272727273	-37.7194805194805
			118.664935064935	-37.7194805194805
			118.802597402597	-37.7194805194805
			118.94025974026	-37.7194805194805
			119.077922077922	-37.5818181818182
			119.215584415584	-37.5818181818182
			119.353246753247	-37.5818181818182
			119.490909090909	-37.4441558441558
			119.628571428571	-37.4441558441558
			119.766233766234	-37.4441558441558
			119.903896103896	-37.4441558441558
			120.041558441558	-37.3064935064935
			120.179220779221	-37.3064935064935
			120.316883116883	-37.3064935064935
			120.454545454545	-37.1688311688312
			120.592207792208	-37.1688311688312
			120.72987012987	-37.1688311688312
			120.867532467532	-37.0311688311688
			121.005194805195	-37.0311688311688
			121.142857142857	-37.0311688311688
			121.280519480519	-36.8935064935065
			121.418181818182	-36.8935064935065
			121.555844155844	-36.7558441558442
			121.693506493506	-36.7558441558442
			121.831168831169	-36.6181818181818
			121.968831168831	-36.6181818181818
			122.106493506493	-36.6181818181818
			122.244155844156	-36.4805194805195
			122.381818181818	-36.4805194805195
			122.519480519481	-36.4805194805195
			122.657142857143	-36.3428571428571
			122.794805194805	-36.3428571428571
			122.932467532468	-36.2051948051948
			123.07012987013	-36.2051948051948
			123.207792207792	-36.0675324675325
			123.345454545455	-36.0675324675325
			123.483116883117	-35.9298701298701
			123.620779220779	-35.9298701298701
			123.758441558442	-35.9298701298701
			123.896103896104	-35.7922077922078
			124.033766233766	-35.7922077922078
			124.171428571429	-35.6545454545454
			124.309090909091	-35.6545454545454
			124.446753246753	-35.5168831168831
			124.584415584416	-35.5168831168831
			124.722077922078	-35.3792207792208
			124.85974025974	-35.3792207792208
			124.997402597403	-35.3792207792208
			125.135064935065	-35.2415584415584
			125.272727272727	-35.2415584415584
			125.41038961039	-35.1038961038961
			125.548051948052	-35.1038961038961
			125.548051948052	-34.9662337662338
			125.685714285714	-34.9662337662338
			125.823376623377	-34.8285714285714
			125.961038961039	-34.8285714285714
			126.098701298701	-34.6909090909091
			126.236363636364	-34.6909090909091
			126.374025974026	-34.5532467532468
			126.511688311688	-34.5532467532468
			126.649350649351	-34.4155844155844
			126.787012987013	-34.2779220779221
			126.924675324675	-34.2779220779221
			127.062337662338	-34.1402597402597
			127.2	-34.1402597402597
			127.337662337662	-34.0025974025974
			127.475324675325	-34.0025974025974
			127.612987012987	-33.8649350649351
			127.750649350649	-33.8649350649351
			127.750649350649	-33.7272727272727
			127.888311688312	-33.7272727272727
			128.025974025974	-33.5896103896104
			128.163636363636	-33.4519480519481
			128.301298701299	-33.4519480519481
			128.438961038961	-33.3142857142857
			128.576623376623	-33.3142857142857
			128.714285714286	-33.1766233766234
			128.851948051948	-33.038961038961
			128.98961038961	-33.038961038961
			129.127272727273	-32.9012987012987
			129.264935064935	-32.9012987012987
			129.264935064935	-32.7636363636364
			129.402597402597	-32.625974025974
			129.54025974026	-32.625974025974
			129.677922077922	-32.4883116883117
			129.815584415584	-32.4883116883117
			129.953246753247	-32.3506493506493
			130.090909090909	-32.212987012987
			130.228571428571	-32.212987012987
			130.366233766234	-32.0753246753247
			130.503896103896	-31.9376623376623
			130.641558441558	-31.9376623376623
			130.641558441558	-31.8
			130.779220779221	-31.6623376623377
			130.916883116883	-31.6623376623377
			131.054545454545	-31.5246753246753
			131.192207792208	-31.387012987013
			131.32987012987	-31.387012987013
			131.467532467532	-31.2493506493506
			131.605194805195	-31.1116883116883
			131.742857142857	-31.1116883116883
			131.742857142857	-30.974025974026
			131.880519480519	-30.8363636363636
			132.018181818182	-30.8363636363636
			132.155844155844	-30.6987012987013
		</border>
		<margin type=matrix rownames=FALSE colnames=FALSE nrow=318 ncol=2 as.numeric=TRUE >
			112.607792207792	-41.2987012987013
			112.745454545455	-41.2987012987013
			112.883116883117	-41.2987012987013
			113.020779220779	-41.2987012987013
			113.158441558442	-41.2987012987013
			113.296103896104	-41.2987012987013
			113.433766233766	-41.2987012987013
			113.571428571429	-41.2987012987013
			113.709090909091	-41.2987012987013
			113.846753246753	-41.2987012987013
			113.984415584416	-41.2987012987013
			114.122077922078	-41.2987012987013
			114.25974025974	-41.2987012987013
			114.397402597403	-41.2987012987013
			114.535064935065	-41.2987012987013
			114.672727272727	-41.2987012987013
			114.81038961039	-41.2987012987013
			114.948051948052	-41.2987012987013
			115.085714285714	-41.2987012987013
			115.223376623377	-41.2987012987013
			115.361038961039	-41.2987012987013
			115.498701298701	-41.2987012987013
			115.636363636364	-41.2987012987013
			115.774025974026	-41.2987012987013
			115.911688311688	-41.2987012987013
			116.049350649351	-41.2987012987013
			116.187012987013	-41.161038961039
			116.324675324675	-41.161038961039
			116.462337662338	-41.161038961039
			116.6	-41.161038961039
			116.737662337662	-41.161038961039
			116.875324675325	-41.161038961039
			117.012987012987	-41.161038961039
			117.150649350649	-41.161038961039
			117.288311688312	-41.161038961039
			117.425974025974	-41.0233766233766
			117.563636363636	-41.0233766233766
			117.701298701299	-41.0233766233766
			117.838961038961	-41.0233766233766
			117.976623376623	-41.0233766233766
			118.114285714286	-41.0233766233766
			118.251948051948	-41.0233766233766
			118.38961038961	-40.8857142857143
			118.527272727273	-40.8857142857143
			118.664935064935	-40.8857142857143
			118.802597402597	-40.8857142857143
			118.94025974026	-40.8857142857143
			119.077922077922	-40.7480519480519
			119.215584415584	-40.7480519480519
			119.353246753247	-40.7480519480519
			119.490909090909	-40.7480519480519
			119.628571428571	-40.7480519480519
			119.766233766234	-40.6103896103896
			119.903896103896	-40.6103896103896
			120.041558441558	-40.6103896103896
			120.179220779221	-40.6103896103896
			120.316883116883	-40.4727272727273
			120.454545454545	-40.4727272727273
			120.592207792208	-40.4727272727273
			120.72987012987	-40.4727272727273
			120.867532467532	-40.3350649350649
			121.005194805195	-40.3350649350649
			121.142857142857	-40.3350649350649
			121.280519480519	-40.3350649350649
			121.418181818182	-40.1974025974026
			121.555844155844	-40.1974025974026
			121.693506493506	-40.1974025974026
			121.831168831169	-40.1974025974026
			121.968831168831	-40.0597402597403
			122.106493506493	-40.0597402597403
			122.244155844156	-40.0597402597403
			122.381818181818	-39.9220779220779
			122.519480519481	-39.9220779220779
			122.657142857143	-39.9220779220779
			122.794805194805	-39.7844155844156
			122.932467532468	-39.7844155844156
			123.07012987013	-39.7844155844156
			123.207792207792	-39.6467532467532
			123.345454545455	-39.6467532467532
			123.483116883117	-39.6467532467532
			123.620779220779	-39.5090909090909
			123.758441558442	-39.5090909090909
			123.896103896104	-39.5090909090909
			124.033766233766	-39.3714285714286
			124.171428571429	-39.3714285714286
			124.309090909091	-39.3714285714286
			124.446753246753	-39.2337662337662
			124.584415584416	-39.2337662337662
			124.722077922078	-39.0961038961039
			124.85974025974	-39.0961038961039
			124.997402597403	-39.0961038961039
			125.135064935065	-38.9584415584416
			125.272727272727	-38.9584415584416
			125.41038961039	-38.9584415584416
			125.548051948052	-38.8207792207792
			125.685714285714	-38.8207792207792
			125.823376623377	-38.6831168831169
			125.961038961039	-38.6831168831169
			126.098701298701	-38.5454545454545
			126.236363636364	-38.5454545454545
			126.374025974026	-38.5454545454545
			126.511688311688	-38.4077922077922
			126.649350649351	-38.4077922077922
			126.787012987013	-38.2701298701299
			126.924675324675	-38.2701298701299
			127.062337662338	-38.2701298701299
			127.2	-38.1324675324675
			127.337662337662	-37.9948051948052
			127.475324675325	-37.9948051948052
			127.612987012987	-37.9948051948052
			127.750649350649	-37.8571428571429
			127.888311688312	-37.8571428571429
			128.025974025974	-37.7194805194805
			128.163636363636	-37.7194805194805
			128.301298701299	-37.5818181818182
			128.438961038961	-37.5818181818182
			128.576623376623	-37.5818181818182
			128.714285714286	-37.4441558441558
			128.851948051948	-37.4441558441558
			128.851948051948	-37.3064935064935
			128.98961038961	-37.3064935064935
			129.127272727273	-37.3064935064935
			129.127272727273	-37.1688311688312
			129.264935064935	-37.1688311688312
			129.402597402597	-37.1688311688312
			129.402597402597	-37.0311688311688
			129.54025974026	-37.0311688311688
			129.677922077922	-36.8935064935065
			129.815584415584	-36.8935064935065
			129.953246753247	-36.7558441558442
			130.090909090909	-36.7558441558442
			130.228571428571	-36.6181818181818
			130.366233766234	-36.4805194805195
			130.503896103896	-36.4805194805195
			130.641558441558	-36.3428571428571
			130.779220779221	-36.3428571428571
			130.916883116883	-36.2051948051948
			131.054545454545	-36.2051948051948
			131.192207792208	-36.0675324675325
			131.32987012987	-35.9298701298701
			131.467532467532	-35.7922077922078
			131.605194805195	-35.7922077922078
			131.742857142857	-35.6545454545454
			131.880519480519	-35.6545454545454
			132.018181818182	-35.5168831168831
			132.155844155844	-35.3792207792208
			132.293506493506	-35.3792207792208
			132.431168831169	-35.2415584415584
			132.568831168831	-35.2415584415584
			132.706493506494	-35.1038961038961
			132.706493506494	-34.9662337662338
			132.844155844156	-34.9662337662338
			132.981818181818	-34.8285714285714
			133.119480519481	-34.8285714285714
			133.257142857143	-34.6909090909091
			133.257142857143	-34.5532467532468
			133.394805194805	-34.5532467532468
			133.532467532468	-34.4155844155844
			133.67012987013	-34.4155844155844
			133.67012987013	-34.2779220779221
			133.807792207792	-34.2779220779221
			133.945454545455	-34.1402597402597
			134.083116883117	-34.0025974025974
			134.220779220779	-33.8649350649351
			134.083116883117	-33.7272727272727
			134.083116883117	-33.5896103896104
			133.945454545455	-33.4519480519481
			133.945454545455	-33.3142857142857
			133.807792207792	-33.3142857142857
			133.807792207792	-33.1766233766234
			133.67012987013	-33.038961038961
			133.67012987013	-32.9012987012987
			133.532467532468	-32.7636363636364
			133.394805194805	-32.625974025974
			133.394805194805	-32.4883116883117
			133.257142857143	-32.3506493506493
			133.119480519481	-32.212987012987
			133.119480519481	-32.0753246753247
			132.981818181818	-31.9376623376623
			132.844155844156	-31.8
			132.844155844156	-31.6623376623377
			132.706493506494	-31.5246753246753
			132.706493506494	-31.387012987013
			132.568831168831	-31.2493506493506
			132.568831168831	-31.1116883116883
			132.568831168831	-30.974025974026
			132.431168831169	-30.8363636363636
			132.431168831169	-30.6987012987013
			132.293506493506	-30.561038961039
			132.293506493506	-30.4233766233766
			132.155844155844	-30.2857142857143
			132.155844155844	-30.1480519480519
			132.018181818182	-30.0103896103896
			131.880519480519	-29.8727272727273
			131.880519480519	-29.7350649350649
			131.880519480519	-29.5974025974026
			131.742857142857	-29.5974025974026
			131.742857142857	-29.4597402597403
			131.742857142857	-29.3220779220779
			131.605194805195	-29.1844155844156
			131.605194805195	-29.0467532467532
			131.467532467532	-28.9090909090909
			131.467532467532	-28.7714285714286
			131.32987012987	-28.6337662337662
			131.32987012987	-28.4961038961039
			131.32987012987	-28.3584415584416
			131.192207792208	-28.2207792207792
			131.054545454545	-28.0831168831169
			131.054545454545	-27.9454545454545
			130.916883116883	-27.8077922077922
			130.916883116883	-27.6701298701299
			130.916883116883	-27.5324675324675
			130.779220779221	-27.3948051948052
			130.779220779221	-27.2571428571429
			130.641558441558	-27.1194805194805
			130.641558441558	-26.9818181818182
			130.503896103896	-26.8441558441558
			130.503896103896	-26.7064935064935
			130.503896103896	-26.5688311688312
			130.366233766234	-26.5688311688312
			130.366233766234	-26.4311688311688
			130.366233766234	-26.2935064935065
			130.228571428571	-26.1558441558442
			130.228571428571	-26.0181818181818
			130.090909090909	-25.8805194805195
			130.090909090909	-25.7428571428571
			130.090909090909	-25.6051948051948
			129.953246753247	-25.4675324675325
			129.953246753247	-25.3298701298701
			129.815584415584	-25.1922077922078
			129.815584415584	-25.0545454545455
			129.815584415584	-24.9168831168831
			129.677922077922	-24.7792207792208
			129.677922077922	-24.6415584415584
			129.54025974026	-24.5038961038961
			129.54025974026	-24.3662337662338
			129.402597402597	-24.2285714285714
			129.402597402597	-24.0909090909091
			129.402597402597	-23.9532467532468
			129.264935064935	-23.8155844155844
			129.264935064935	-23.6779220779221
			129.127272727273	-23.5402597402597
			129.127272727273	-23.4025974025974
			128.98961038961	-23.2649350649351
			128.98961038961	-23.1272727272727
			128.98961038961	-22.9896103896104
			128.851948051948	-22.851948051948
			128.851948051948	-22.7142857142857
			128.714285714286	-22.5766233766234
			128.576623376623	-22.438961038961
			128.576623376623	-22.3012987012987
			128.438961038961	-22.1636363636364
			128.438961038961	-22.025974025974
			128.301298701299	-22.025974025974
			128.163636363636	-21.8883116883117
			128.163636363636	-21.7506493506494
			128.025974025974	-21.612987012987
			127.888311688312	-21.4753246753247
			127.750649350649	-21.3376623376623
			127.612987012987	-21.2
			127.475324675325	-21.0623376623377
			127.337662337662	-20.9246753246753
			127.2	-20.9246753246753
			127.2	-20.787012987013
			127.062337662338	-20.787012987013
			126.924675324675	-20.6493506493506
			126.787012987013	-20.6493506493506
			126.649350649351	-20.6493506493506
			126.511688311688	-20.6493506493506
			126.511688311688	-20.5116883116883
			126.374025974026	-20.5116883116883
			126.236363636364	-20.5116883116883
			126.098701298701	-20.5116883116883
			125.961038961039	-20.374025974026
			125.823376623377	-20.374025974026
			125.685714285714	-20.374025974026
			125.548051948052	-20.374025974026
			125.41038961039	-20.2363636363636
			125.272727272727	-20.2363636363636
			125.135064935065	-20.2363636363636
			124.997402597403	-20.2363636363636
			124.85974025974	-20.2363636363636
			124.722077922078	-20.2363636363636
			124.584415584416	-20.2363636363636
			124.446753246753	-20.0987012987013
			124.309090909091	-20.0987012987013
			124.171428571429	-20.0987012987013
			124.033766233766	-20.0987012987013
			123.896103896104	-20.0987012987013
			123.758441558442	-20.0987012987013
			123.620779220779	-20.0987012987013
			123.483116883117	-20.0987012987013
			123.345454545455	-20.0987012987013
			123.207792207792	-20.0987012987013
			123.07012987013	-20.0987012987013
			122.932467532468	-20.0987012987013
			122.794805194805	-20.0987012987013
			122.657142857143	-20.0987012987013
			122.519480519481	-20.0987012987013
			122.381818181818	-20.0987012987013
			122.244155844156	-20.0987012987013
			122.106493506493	-20.0987012987013
			121.968831168831	-20.0987012987013
			121.831168831169	-20.0987012987013
			121.693506493506	-20.2363636363636
			121.555844155844	-20.2363636363636
			121.418181818182	-20.2363636363636
			121.280519480519	-20.2363636363636
			121.142857142857	-20.2363636363636
			121.005194805195	-20.2363636363636
			120.867532467532	-20.2363636363636
			120.72987012987	-20.2363636363636
			120.592207792208	-20.2363636363636
			120.454545454545	-20.2363636363636
			120.316883116883	-20.374025974026
			120.179220779221	-20.374025974026
			120.041558441558	-20.374025974026
			119.903896103896	-20.374025974026
		</margin>
	</curves.scaled>
	<ruler.points type=matrix rownames=TRUE colnames=FALSE nrow=2 ncol=2 as.numeric=TRUE >
		Ruler point 1	930	18
		Ruler point 2	1161	18
	</ruler.points>
</shapes>

