<shapes type=list>
	<ruler.pixel type=vector names=FALSE length=1 as.numeric=TRUE >225</ruler.pixel>
	<ruler.interval type=vector names=FALSE length=1 as.numeric=TRUE >2</ruler.interval>
	<scaling.units type=vector names=FALSE length=1 as.numeric=FALSE >mm</scaling.units>
	<scaling type=vector names=FALSE length=1 as.numeric=TRUE >0.00888888888888889</scaling>
	<landmarks.pixel type=matrix rownames=TRUE colnames=FALSE nrow=5 ncol=2 as.numeric=TRUE >
		LM1	200	372
		LM2	202	451
		LM4	204	471
		LM5	240	375
		LM7	331	416
	</landmarks.pixel>
	<landmarks.scaled type=matrix rownames=TRUE colnames=FALSE nrow=5 ncol=2 as.numeric=TRUE >
		LM1	1.77777777777778	-3.30666666666667
		LM2	1.79555555555556	-4.00888888888889
		LM4	1.81333333333333	-4.18666666666667
		LM5	2.13333333333333	-3.33333333333333
		LM7	2.94222222222222	-3.69777777777778
	</landmarks.scaled>
	<curves.control type=list>
		<axis type=matrix rownames=FALSE colnames=FALSE nrow=9 ncol=2 as.numeric=TRUE >
			200	372
			217	371
			233	371
			240	375
			229	406
			225	429
			217	443
			207	452
			202	451
		</axis>
		<margin type=matrix rownames=FALSE colnames=FALSE nrow=9 ncol=2 as.numeric=TRUE >
			204	471
			224	478
			289	445
			310	431
			324	422
			331	416
			331	414
			317	374
			240	375
		</margin>
	</curves.control>
	<curves.pixel type=list>
		<axis type=matrix rownames=FALSE colnames=FALSE nrow=124 ncol=2 as.numeric=TRUE >
			200	372
			201	372
			202	372
			203	372
			204	372
			205	372
			206	372
			207	372
			208	372
			209	372
			210	371
			211	371
			212	371
			213	371
			214	371
			215	371
			216	371
			217	371
			218	371
			219	371
			220	371
			221	371
			222	371
			223	371
			224	371
			225	371
			226	371
			227	371
			228	371
			229	371
			230	371
			231	371
			232	371
			233	371
			234	371
			234	372
			235	373
			235	374
			236	375
			236	376
			236	377
			236	378
			236	379
			236	380
			236	381
			235	382
			235	383
			235	384
			235	385
			235	386
			235	387
			234	388
			234	389
			234	390
			234	391
			233	392
			233	393
			233	394
			233	395
			232	395
			232	396
			232	397
			232	398
			231	399
			231	400
			231	401
			230	402
			230	403
			230	404
			229	405
			229	406
			229	407
			229	408
			229	409
			228	410
			228	411
			228	412
			228	413
			227	414
			227	415
			227	416
			227	417
			227	418
			226	419
			226	420
			226	421
			225	422
			225	423
			225	424
			224	425
			224	426
			224	427
			224	428
			223	429
			223	430
			223	431
			222	432
			222	433
			222	434
			221	435
			220	436
			220	437
			219	438
			219	439
			219	440
			218	441
			218	442
			217	443
			216	443
			216	444
			215	445
			214	446
			213	446
			212	447
			211	448
			210	449
			209	449
			208	450
			207	450
			206	451
			205	451
			204	451
			203	451
			202	451
		</axis>
		<margin type=matrix rownames=FALSE colnames=FALSE nrow=241 ncol=2 as.numeric=TRUE >
			204	471
			205	471
			206	472
			207	472
			208	472
			209	472
			210	472
			211	472
			212	472
			213	472
			214	472
			215	472
			216	472
			217	472
			218	472
			219	472
			220	472
			221	472
			221	471
			222	471
			223	471
			224	471
			225	471
			226	470
			227	470
			228	470
			229	470
			230	469
			231	469
			232	469
			233	469
			234	468
			235	468
			236	468
			237	467
			238	467
			239	467
			240	467
			240	466
			241	466
			242	466
			243	465
			244	465
			245	465
			246	464
			247	464
			248	464
			249	463
			250	463
			251	462
			252	462
			253	461
			254	461
			255	461
			256	461
			256	460
			257	460
			258	460
			258	459
			259	459
			260	459
			261	458
			262	458
			263	457
			264	457
			265	457
			266	456
			267	456
			267	455
			268	455
			269	455
			270	454
			271	454
			272	453
			273	453
			274	453
			274	452
			275	452
			276	451
			277	451
			278	450
			279	450
			280	450
			281	449
			282	449
			283	448
			284	448
			285	447
			286	446
			287	446
			288	446
			288	445
			289	445
			290	445
			290	444
			291	444
			292	443
			293	443
			293	442
			294	441
			295	441
			296	440
			297	440
			298	439
			299	439
			299	438
			300	438
			301	437
			302	436
			303	436
			303	435
			304	435
			305	434
			306	434
			307	433
			308	432
			309	432
			310	431
			311	431
			312	430
			313	429
			314	428
			315	428
			316	427
			317	426
			318	426
			319	425
			320	425
			321	424
			322	423
			323	423
			324	422
			325	421
			326	420
			327	419
			328	419
			328	418
			329	417
			330	417
			330	416
			331	415
			331	414
			331	413
			330	412
			330	411
			329	410
			329	409
			329	408
			328	407
			328	406
			327	406
			327	405
			326	404
			325	403
			325	402
			324	401
			323	400
			322	399
			322	398
			321	397
			320	396
			319	396
			318	395
			317	394
			316	393
			315	392
			314	392
			313	391
			312	390
			311	389
			310	389
			309	388
			308	387
			307	387
			306	387
			305	386
			304	385
			303	385
			302	385
			301	384
			300	384
			299	383
			298	383
			297	383
			296	382
			295	382
			294	382
			293	381
			292	381
			291	381
			290	380
			289	380
			288	380
			287	379
			286	379
			285	379
			284	379
			283	379
			282	378
			281	378
			280	378
			279	378
			278	378
			277	377
			276	377
			275	377
			274	377
			273	377
			272	377
			271	377
			270	376
			269	376
			268	376
			267	376
			266	376
			265	376
			264	376
			263	376
			262	376
			261	376
			260	375
			259	375
			258	375
			257	375
			256	375
			255	375
			254	375
			253	375
			252	375
			251	375
			250	375
			249	375
			248	375
			247	375
			246	375
			245	375
			244	375
			243	375
			242	375
			241	375
			240	375
		</margin>
	</curves.pixel>
	<curves.scaled type=list>
		<axis type=matrix rownames=FALSE colnames=FALSE nrow=124 ncol=2 as.numeric=TRUE >
			1.77777777777778	-3.30666666666667
			1.78666666666667	-3.30666666666667
			1.79555555555556	-3.30666666666667
			1.80444444444444	-3.30666666666667
			1.81333333333333	-3.30666666666667
			1.82222222222222	-3.30666666666667
			1.83111111111111	-3.30666666666667
			1.84	-3.30666666666667
			1.84888888888889	-3.30666666666667
			1.85777777777778	-3.30666666666667
			1.86666666666667	-3.29777777777778
			1.87555555555556	-3.29777777777778
			1.88444444444444	-3.29777777777778
			1.89333333333333	-3.29777777777778
			1.90222222222222	-3.29777777777778
			1.91111111111111	-3.29777777777778
			1.92	-3.29777777777778
			1.92888888888889	-3.29777777777778
			1.93777777777778	-3.29777777777778
			1.94666666666667	-3.29777777777778
			1.95555555555556	-3.29777777777778
			1.96444444444444	-3.29777777777778
			1.97333333333333	-3.29777777777778
			1.98222222222222	-3.29777777777778
			1.99111111111111	-3.29777777777778
			2	-3.29777777777778
			2.00888888888889	-3.29777777777778
			2.01777777777778	-3.29777777777778
			2.02666666666667	-3.29777777777778
			2.03555555555556	-3.29777777777778
			2.04444444444444	-3.29777777777778
			2.05333333333333	-3.29777777777778
			2.06222222222222	-3.29777777777778
			2.07111111111111	-3.29777777777778
			2.08	-3.29777777777778
			2.08	-3.30666666666667
			2.08888888888889	-3.31555555555556
			2.08888888888889	-3.32444444444444
			2.09777777777778	-3.33333333333333
			2.09777777777778	-3.34222222222222
			2.09777777777778	-3.35111111111111
			2.09777777777778	-3.36
			2.09777777777778	-3.36888888888889
			2.09777777777778	-3.37777777777778
			2.09777777777778	-3.38666666666667
			2.08888888888889	-3.39555555555556
			2.08888888888889	-3.40444444444444
			2.08888888888889	-3.41333333333333
			2.08888888888889	-3.42222222222222
			2.08888888888889	-3.43111111111111
			2.08888888888889	-3.44
			2.08	-3.44888888888889
			2.08	-3.45777777777778
			2.08	-3.46666666666667
			2.08	-3.47555555555556
			2.07111111111111	-3.48444444444444
			2.07111111111111	-3.49333333333333
			2.07111111111111	-3.50222222222222
			2.07111111111111	-3.51111111111111
			2.06222222222222	-3.51111111111111
			2.06222222222222	-3.52
			2.06222222222222	-3.52888888888889
			2.06222222222222	-3.53777777777778
			2.05333333333333	-3.54666666666667
			2.05333333333333	-3.55555555555556
			2.05333333333333	-3.56444444444444
			2.04444444444444	-3.57333333333333
			2.04444444444444	-3.58222222222222
			2.04444444444444	-3.59111111111111
			2.03555555555556	-3.6
			2.03555555555556	-3.60888888888889
			2.03555555555556	-3.61777777777778
			2.03555555555556	-3.62666666666667
			2.03555555555556	-3.63555555555556
			2.02666666666667	-3.64444444444444
			2.02666666666667	-3.65333333333333
			2.02666666666667	-3.66222222222222
			2.02666666666667	-3.67111111111111
			2.01777777777778	-3.68
			2.01777777777778	-3.68888888888889
			2.01777777777778	-3.69777777777778
			2.01777777777778	-3.70666666666667
			2.01777777777778	-3.71555555555556
			2.00888888888889	-3.72444444444444
			2.00888888888889	-3.73333333333333
			2.00888888888889	-3.74222222222222
			2	-3.75111111111111
			2	-3.76
			2	-3.76888888888889
			1.99111111111111	-3.77777777777778
			1.99111111111111	-3.78666666666667
			1.99111111111111	-3.79555555555556
			1.99111111111111	-3.80444444444444
			1.98222222222222	-3.81333333333333
			1.98222222222222	-3.82222222222222
			1.98222222222222	-3.83111111111111
			1.97333333333333	-3.84
			1.97333333333333	-3.84888888888889
			1.97333333333333	-3.85777777777778
			1.96444444444444	-3.86666666666667
			1.95555555555556	-3.87555555555556
			1.95555555555556	-3.88444444444444
			1.94666666666667	-3.89333333333333
			1.94666666666667	-3.90222222222222
			1.94666666666667	-3.91111111111111
			1.93777777777778	-3.92
			1.93777777777778	-3.92888888888889
			1.92888888888889	-3.93777777777778
			1.92	-3.93777777777778
			1.92	-3.94666666666667
			1.91111111111111	-3.95555555555556
			1.90222222222222	-3.96444444444444
			1.89333333333333	-3.96444444444444
			1.88444444444444	-3.97333333333333
			1.87555555555556	-3.98222222222222
			1.86666666666667	-3.99111111111111
			1.85777777777778	-3.99111111111111
			1.84888888888889	-4
			1.84	-4
			1.83111111111111	-4.00888888888889
			1.82222222222222	-4.00888888888889
			1.81333333333333	-4.00888888888889
			1.80444444444444	-4.00888888888889
			1.79555555555556	-4.00888888888889
		</axis>
		<margin type=matrix rownames=FALSE colnames=FALSE nrow=241 ncol=2 as.numeric=TRUE >
			1.81333333333333	-4.18666666666667
			1.82222222222222	-4.18666666666667
			1.83111111111111	-4.19555555555556
			1.84	-4.19555555555556
			1.84888888888889	-4.19555555555556
			1.85777777777778	-4.19555555555556
			1.86666666666667	-4.19555555555556
			1.87555555555556	-4.19555555555556
			1.88444444444444	-4.19555555555556
			1.89333333333333	-4.19555555555556
			1.90222222222222	-4.19555555555556
			1.91111111111111	-4.19555555555556
			1.92	-4.19555555555556
			1.92888888888889	-4.19555555555556
			1.93777777777778	-4.19555555555556
			1.94666666666667	-4.19555555555556
			1.95555555555556	-4.19555555555556
			1.96444444444444	-4.19555555555556
			1.96444444444444	-4.18666666666667
			1.97333333333333	-4.18666666666667
			1.98222222222222	-4.18666666666667
			1.99111111111111	-4.18666666666667
			2	-4.18666666666667
			2.00888888888889	-4.17777777777778
			2.01777777777778	-4.17777777777778
			2.02666666666667	-4.17777777777778
			2.03555555555556	-4.17777777777778
			2.04444444444444	-4.16888888888889
			2.05333333333333	-4.16888888888889
			2.06222222222222	-4.16888888888889
			2.07111111111111	-4.16888888888889
			2.08	-4.16
			2.08888888888889	-4.16
			2.09777777777778	-4.16
			2.10666666666667	-4.15111111111111
			2.11555555555556	-4.15111111111111
			2.12444444444444	-4.15111111111111
			2.13333333333333	-4.15111111111111
			2.13333333333333	-4.14222222222222
			2.14222222222222	-4.14222222222222
			2.15111111111111	-4.14222222222222
			2.16	-4.13333333333333
			2.16888888888889	-4.13333333333333
			2.17777777777778	-4.13333333333333
			2.18666666666667	-4.12444444444444
			2.19555555555556	-4.12444444444444
			2.20444444444444	-4.12444444444444
			2.21333333333333	-4.11555555555556
			2.22222222222222	-4.11555555555556
			2.23111111111111	-4.10666666666667
			2.24	-4.10666666666667
			2.24888888888889	-4.09777777777778
			2.25777777777778	-4.09777777777778
			2.26666666666667	-4.09777777777778
			2.27555555555556	-4.09777777777778
			2.27555555555556	-4.08888888888889
			2.28444444444444	-4.08888888888889
			2.29333333333333	-4.08888888888889
			2.29333333333333	-4.08
			2.30222222222222	-4.08
			2.31111111111111	-4.08
			2.32	-4.07111111111111
			2.32888888888889	-4.07111111111111
			2.33777777777778	-4.06222222222222
			2.34666666666667	-4.06222222222222
			2.35555555555556	-4.06222222222222
			2.36444444444444	-4.05333333333333
			2.37333333333333	-4.05333333333333
			2.37333333333333	-4.04444444444444
			2.38222222222222	-4.04444444444444
			2.39111111111111	-4.04444444444444
			2.4	-4.03555555555556
			2.40888888888889	-4.03555555555556
			2.41777777777778	-4.02666666666667
			2.42666666666667	-4.02666666666667
			2.43555555555556	-4.02666666666667
			2.43555555555556	-4.01777777777778
			2.44444444444444	-4.01777777777778
			2.45333333333333	-4.00888888888889
			2.46222222222222	-4.00888888888889
			2.47111111111111	-4
			2.48	-4
			2.48888888888889	-4
			2.49777777777778	-3.99111111111111
			2.50666666666667	-3.99111111111111
			2.51555555555556	-3.98222222222222
			2.52444444444444	-3.98222222222222
			2.53333333333333	-3.97333333333333
			2.54222222222222	-3.96444444444444
			2.55111111111111	-3.96444444444444
			2.56	-3.96444444444444
			2.56	-3.95555555555556
			2.56888888888889	-3.95555555555556
			2.57777777777778	-3.95555555555556
			2.57777777777778	-3.94666666666667
			2.58666666666667	-3.94666666666667
			2.59555555555556	-3.93777777777778
			2.60444444444444	-3.93777777777778
			2.60444444444444	-3.92888888888889
			2.61333333333333	-3.92
			2.62222222222222	-3.92
			2.63111111111111	-3.91111111111111
			2.64	-3.91111111111111
			2.64888888888889	-3.90222222222222
			2.65777777777778	-3.90222222222222
			2.65777777777778	-3.89333333333333
			2.66666666666667	-3.89333333333333
			2.67555555555556	-3.88444444444444
			2.68444444444444	-3.87555555555556
			2.69333333333333	-3.87555555555556
			2.69333333333333	-3.86666666666667
			2.70222222222222	-3.86666666666667
			2.71111111111111	-3.85777777777778
			2.72	-3.85777777777778
			2.72888888888889	-3.84888888888889
			2.73777777777778	-3.84
			2.74666666666667	-3.84
			2.75555555555556	-3.83111111111111
			2.76444444444444	-3.83111111111111
			2.77333333333333	-3.82222222222222
			2.78222222222222	-3.81333333333333
			2.79111111111111	-3.80444444444444
			2.8	-3.80444444444444
			2.80888888888889	-3.79555555555556
			2.81777777777778	-3.78666666666667
			2.82666666666667	-3.78666666666667
			2.83555555555556	-3.77777777777778
			2.84444444444444	-3.77777777777778
			2.85333333333333	-3.76888888888889
			2.86222222222222	-3.76
			2.87111111111111	-3.76
			2.88	-3.75111111111111
			2.88888888888889	-3.74222222222222
			2.89777777777778	-3.73333333333333
			2.90666666666667	-3.72444444444444
			2.91555555555556	-3.72444444444444
			2.91555555555556	-3.71555555555556
			2.92444444444444	-3.70666666666667
			2.93333333333333	-3.70666666666667
			2.93333333333333	-3.69777777777778
			2.94222222222222	-3.68888888888889
			2.94222222222222	-3.68
			2.94222222222222	-3.67111111111111
			2.93333333333333	-3.66222222222222
			2.93333333333333	-3.65333333333333
			2.92444444444444	-3.64444444444444
			2.92444444444444	-3.63555555555556
			2.92444444444444	-3.62666666666667
			2.91555555555556	-3.61777777777778
			2.91555555555556	-3.60888888888889
			2.90666666666667	-3.60888888888889
			2.90666666666667	-3.6
			2.89777777777778	-3.59111111111111
			2.88888888888889	-3.58222222222222
			2.88888888888889	-3.57333333333333
			2.88	-3.56444444444444
			2.87111111111111	-3.55555555555556
			2.86222222222222	-3.54666666666667
			2.86222222222222	-3.53777777777778
			2.85333333333333	-3.52888888888889
			2.84444444444444	-3.52
			2.83555555555556	-3.52
			2.82666666666667	-3.51111111111111
			2.81777777777778	-3.50222222222222
			2.80888888888889	-3.49333333333333
			2.8	-3.48444444444444
			2.79111111111111	-3.48444444444444
			2.78222222222222	-3.47555555555556
			2.77333333333333	-3.46666666666667
			2.76444444444444	-3.45777777777778
			2.75555555555556	-3.45777777777778
			2.74666666666667	-3.44888888888889
			2.73777777777778	-3.44
			2.72888888888889	-3.44
			2.72	-3.44
			2.71111111111111	-3.43111111111111
			2.70222222222222	-3.42222222222222
			2.69333333333333	-3.42222222222222
			2.68444444444444	-3.42222222222222
			2.67555555555556	-3.41333333333333
			2.66666666666667	-3.41333333333333
			2.65777777777778	-3.40444444444444
			2.64888888888889	-3.40444444444444
			2.64	-3.40444444444444
			2.63111111111111	-3.39555555555556
			2.62222222222222	-3.39555555555556
			2.61333333333333	-3.39555555555556
			2.60444444444444	-3.38666666666667
			2.59555555555556	-3.38666666666667
			2.58666666666667	-3.38666666666667
			2.57777777777778	-3.37777777777778
			2.56888888888889	-3.37777777777778
			2.56	-3.37777777777778
			2.55111111111111	-3.36888888888889
			2.54222222222222	-3.36888888888889
			2.53333333333333	-3.36888888888889
			2.52444444444444	-3.36888888888889
			2.51555555555556	-3.36888888888889
			2.50666666666667	-3.36
			2.49777777777778	-3.36
			2.48888888888889	-3.36
			2.48	-3.36
			2.47111111111111	-3.36
			2.46222222222222	-3.35111111111111
			2.45333333333333	-3.35111111111111
			2.44444444444444	-3.35111111111111
			2.43555555555556	-3.35111111111111
			2.42666666666667	-3.35111111111111
			2.41777777777778	-3.35111111111111
			2.40888888888889	-3.35111111111111
			2.4	-3.34222222222222
			2.39111111111111	-3.34222222222222
			2.38222222222222	-3.34222222222222
			2.37333333333333	-3.34222222222222
			2.36444444444444	-3.34222222222222
			2.35555555555556	-3.34222222222222
			2.34666666666667	-3.34222222222222
			2.33777777777778	-3.34222222222222
			2.32888888888889	-3.34222222222222
			2.32	-3.34222222222222
			2.31111111111111	-3.33333333333333
			2.30222222222222	-3.33333333333333
			2.29333333333333	-3.33333333333333
			2.28444444444444	-3.33333333333333
			2.27555555555556	-3.33333333333333
			2.26666666666667	-3.33333333333333
			2.25777777777778	-3.33333333333333
			2.24888888888889	-3.33333333333333
			2.24	-3.33333333333333
			2.23111111111111	-3.33333333333333
			2.22222222222222	-3.33333333333333
			2.21333333333333	-3.33333333333333
			2.20444444444444	-3.33333333333333
			2.19555555555556	-3.33333333333333
			2.18666666666667	-3.33333333333333
			2.17777777777778	-3.33333333333333
			2.16888888888889	-3.33333333333333
			2.16	-3.33333333333333
			2.15111111111111	-3.33333333333333
			2.14222222222222	-3.33333333333333
			2.13333333333333	-3.33333333333333
		</margin>
	</curves.scaled>
	<ruler.points type=matrix rownames=TRUE colnames=FALSE nrow=2 ncol=2 as.numeric=TRUE >
		Ruler point 1	202	509
		Ruler point 2	427	509
	</ruler.points>
</shapes>

