<shapes type=list>
	<ruler.pixel type=vector names=FALSE length=1 as.numeric=TRUE >23</ruler.pixel>
	<ruler.interval type=vector names=FALSE length=1 as.numeric=TRUE >2</ruler.interval>
	<scaling.units type=vector names=FALSE length=1 as.numeric=FALSE >mm</scaling.units>
	<scaling type=vector names=FALSE length=1 as.numeric=TRUE >0.0869565217391304</scaling>
	<landmarks.pixel type=matrix rownames=TRUE colnames=FALSE nrow=7 ncol=2 as.numeric=TRUE >
		LM1	146	257
		LM2	147	308
		LM3	147	384
		LM4	151	404
		LM5	178	259
		LM6	250	268
		LM7	259	272
	</landmarks.pixel>
	<landmarks.scaled type=matrix rownames=TRUE colnames=FALSE nrow=7 ncol=2 as.numeric=TRUE >
		LM1	12.695652173913	-22.3478260869565
		LM2	12.7826086956522	-26.7826086956522
		LM3	12.7826086956522	-33.3913043478261
		LM4	13.1304347826087	-35.1304347826087
		LM5	15.4782608695652	-22.5217391304348
		LM6	21.7391304347826	-23.304347826087
		LM7	22.5217391304348	-23.6521739130435
	</landmarks.scaled>
	<curves.control type=list>
		<axis type=matrix rownames=FALSE colnames=FALSE nrow=7 ncol=2 as.numeric=TRUE >
			146	257
			158	256
			171	258
			184	259
			176	287
			168	308
			147	308
		</axis>
		<border type=matrix rownames=FALSE colnames=FALSE nrow=9 ncol=2 as.numeric=TRUE >
			147	384
			159	382
			185	372
			201	362
			228	339
			244	315
			253	287
			252	276
			250	268
		</border>
		<margin type=matrix rownames=FALSE colnames=FALSE nrow=21 ncol=2 as.numeric=TRUE >
			151	404
			162	402
			193	395
			204	381
			215	370
			219	370
			229	369
			239	365
			246	350
			250	336
			259	328
			275	334
			273	314
			272	294
			268	286
			261	278
			256	269
			242	263
			201	259
			192	259
			178	259
		</margin>
	</curves.control>
	<curves.pixel type=list>
		<axis type=matrix rownames=FALSE colnames=FALSE nrow=96 ncol=2 as.numeric=TRUE >
			146	257
			147	257
			148	257
			149	257
			150	257
			151	257
			152	257
			153	257
			154	257
			155	257
			156	257
			157	257
			158	257
			159	257
			160	257
			161	257
			162	257
			163	257
			164	257
			165	257
			166	257
			167	257
			168	258
			169	258
			170	258
			171	258
			172	258
			173	258
			174	259
			175	259
			175	260
			176	260
			177	261
			178	262
			178	263
			178	264
			179	265
			179	266
			179	267
			179	268
			179	269
			179	270
			179	271
			179	272
			179	273
			179	274
			179	275
			178	276
			178	277
			178	278
			178	279
			178	280
			177	281
			177	282
			177	283
			177	284
			177	285
			176	286
			176	287
			176	288
			175	289
			175	290
			174	291
			174	292
			173	293
			173	294
			172	295
			172	296
			171	296
			170	297
			170	298
			169	299
			168	300
			167	301
			166	302
			165	303
			164	303
			163	304
			162	304
			161	305
			160	306
			159	306
			158	306
			157	306
			157	307
			156	307
			155	307
			154	307
			153	307
			153	308
			152	308
			151	308
			150	308
			149	308
			148	308
			147	308
		</axis>
		<border type=matrix rownames=FALSE colnames=FALSE nrow=160 ncol=2 as.numeric=TRUE >
			147	384
			148	384
			149	384
			150	383
			151	383
			152	383
			153	383
			154	383
			155	382
			156	382
			157	382
			158	381
			159	381
			160	381
			161	380
			162	380
			163	380
			164	380
			165	379
			166	379
			167	379
			168	378
			169	378
			170	378
			171	377
			172	377
			173	376
			174	376
			175	376
			176	375
			177	375
			178	375
			179	374
			180	374
			181	374
			182	373
			183	373
			184	372
			185	372
			186	372
			186	371
			187	371
			188	370
			189	369
			190	368
			191	368
			192	367
			193	367
			193	366
			194	366
			195	365
			196	365
			197	364
			197	363
			198	363
			199	362
			200	362
			201	361
			202	360
			203	360
			203	359
			204	358
			205	358
			206	357
			207	356
			208	355
			209	355
			210	354
			211	353
			212	352
			213	352
			214	351
			215	350
			216	349
			217	348
			218	347
			219	347
			220	346
			221	345
			222	344
			223	343
			224	342
			225	341
			226	341
			226	340
			227	340
			228	339
			229	338
			229	337
			230	336
			231	335
			231	334
			232	333
			233	332
			233	331
			234	330
			234	329
			235	328
			235	327
			236	327
			236	326
			237	325
			237	324
			238	323
			238	322
			239	321
			239	320
			240	319
			240	318
			241	317
			241	316
			242	315
			242	314
			243	313
			243	312
			244	311
			244	310
			245	309
			245	308
			245	307
			246	306
			246	305
			247	305
			247	304
			247	303
			248	302
			248	301
			248	300
			249	299
			249	298
			250	297
			250	296
			250	295
			251	294
			251	293
			251	292
			252	291
			252	290
			253	289
			253	288
			253	287
			253	286
			253	285
			253	284
			253	283
			253	282
			252	281
			252	280
			252	279
			252	278
			252	277
			252	276
			251	275
			251	274
			251	273
			251	272
			251	271
			250	270
			250	269
			250	268
		</border>
		<margin type=matrix rownames=FALSE colnames=FALSE nrow=283 ncol=2 as.numeric=TRUE >
			151	404
			152	404
			153	404
			154	403
			155	403
			156	403
			157	403
			158	403
			159	402
			160	402
			161	402
			162	402
			163	401
			164	401
			165	401
			166	401
			167	401
			168	400
			169	400
			170	400
			171	400
			172	400
			173	399
			174	399
			175	399
			176	399
			177	398
			178	398
			179	398
			180	398
			181	398
			182	397
			183	397
			184	397
			185	397
			186	397
			187	396
			188	396
			189	396
			190	396
			191	395
			192	395
			193	395
			194	394
			194	393
			195	392
			196	391
			197	390
			198	389
			198	388
			199	388
			200	387
			200	386
			201	385
			202	384
			203	383
			204	382
			205	381
			206	380
			206	379
			207	378
			208	378
			208	377
			209	376
			210	375
			211	374
			212	373
			213	372
			214	371
			215	370
			216	370
			217	370
			218	370
			219	370
			220	370
			221	370
			222	370
			223	370
			224	369
			225	369
			226	369
			227	369
			228	369
			229	369
			230	369
			231	368
			232	368
			233	367
			234	366
			235	366
			236	365
			237	364
			238	363
			239	362
			239	361
			240	360
			241	359
			241	358
			242	357
			243	356
			243	355
			244	354
			245	353
			245	352
			246	351
			246	350
			246	349
			247	348
			247	347
			247	346
			248	345
			248	344
			248	343
			249	342
			249	341
			250	340
			250	339
			251	339
			251	338
			252	337
			252	336
			253	335
			254	334
			254	333
			255	332
			256	331
			257	330
			258	329
			259	328
			260	328
			261	329
			262	329
			263	329
			264	329
			265	329
			266	329
			267	329
			268	329
			269	328
			270	328
			271	327
			271	326
			272	325
			273	324
			273	323
			273	322
			273	321
			273	320
			273	319
			273	318
			273	317
			273	316
			273	315
			273	314
			273	313
			273	312
			273	311
			273	310
			273	309
			273	308
			273	307
			272	306
			272	305
			272	304
			272	303
			272	302
			272	301
			272	300
			272	299
			271	298
			271	297
			271	296
			271	295
			271	294
			270	293
			270	292
			270	291
			270	290
			269	289
			269	288
			268	287
			268	286
			267	285
			267	284
			266	284
			265	283
			265	282
			264	282
			264	281
			263	280
			263	279
			262	279
			262	278
			261	277
			260	276
			260	275
			259	275
			259	274
			258	273
			258	272
			257	272
			257	271
			257	270
			256	269
			255	269
			254	268
			253	268
			252	267
			251	267
			250	267
			249	266
			248	266
			247	266
			246	266
			245	266
			245	265
			244	265
			243	265
			242	265
			241	265
			240	264
			239	264
			238	264
			237	264
			236	264
			235	263
			234	263
			233	263
			232	263
			231	263
			230	263
			229	262
			228	262
			227	262
			226	262
			225	262
			224	262
			223	262
			222	261
			221	261
			220	261
			219	261
			218	261
			217	261
			216	261
			215	261
			214	260
			213	260
			212	260
			211	260
			210	260
			209	260
			208	260
			207	260
			206	260
			205	259
			204	259
			203	259
			202	259
			201	259
			200	259
			199	259
			198	259
			197	259
			196	259
			195	259
			194	259
			193	259
			192	259
			191	259
			190	259
			189	259
			188	259
			187	259
			186	259
			185	259
			184	259
			183	259
			182	259
			181	259
			180	259
			179	259
			178	259
		</margin>
	</curves.pixel>
	<curves.scaled type=list>
		<axis type=matrix rownames=FALSE colnames=FALSE nrow=96 ncol=2 as.numeric=TRUE >
			12.695652173913	-22.3478260869565
			12.7826086956522	-22.3478260869565
			12.8695652173913	-22.3478260869565
			12.9565217391304	-22.3478260869565
			13.0434782608696	-22.3478260869565
			13.1304347826087	-22.3478260869565
			13.2173913043478	-22.3478260869565
			13.304347826087	-22.3478260869565
			13.3913043478261	-22.3478260869565
			13.4782608695652	-22.3478260869565
			13.5652173913043	-22.3478260869565
			13.6521739130435	-22.3478260869565
			13.7391304347826	-22.3478260869565
			13.8260869565217	-22.3478260869565
			13.9130434782609	-22.3478260869565
			14	-22.3478260869565
			14.0869565217391	-22.3478260869565
			14.1739130434783	-22.3478260869565
			14.2608695652174	-22.3478260869565
			14.3478260869565	-22.3478260869565
			14.4347826086957	-22.3478260869565
			14.5217391304348	-22.3478260869565
			14.6086956521739	-22.4347826086957
			14.695652173913	-22.4347826086957
			14.7826086956522	-22.4347826086957
			14.8695652173913	-22.4347826086957
			14.9565217391304	-22.4347826086957
			15.0434782608696	-22.4347826086957
			15.1304347826087	-22.5217391304348
			15.2173913043478	-22.5217391304348
			15.2173913043478	-22.6086956521739
			15.304347826087	-22.6086956521739
			15.3913043478261	-22.695652173913
			15.4782608695652	-22.7826086956522
			15.4782608695652	-22.8695652173913
			15.4782608695652	-22.9565217391304
			15.5652173913043	-23.0434782608696
			15.5652173913043	-23.1304347826087
			15.5652173913043	-23.2173913043478
			15.5652173913043	-23.304347826087
			15.5652173913043	-23.3913043478261
			15.5652173913043	-23.4782608695652
			15.5652173913043	-23.5652173913043
			15.5652173913043	-23.6521739130435
			15.5652173913043	-23.7391304347826
			15.5652173913043	-23.8260869565217
			15.5652173913043	-23.9130434782609
			15.4782608695652	-24
			15.4782608695652	-24.0869565217391
			15.4782608695652	-24.1739130434783
			15.4782608695652	-24.2608695652174
			15.4782608695652	-24.3478260869565
			15.3913043478261	-24.4347826086957
			15.3913043478261	-24.5217391304348
			15.3913043478261	-24.6086956521739
			15.3913043478261	-24.695652173913
			15.3913043478261	-24.7826086956522
			15.304347826087	-24.8695652173913
			15.304347826087	-24.9565217391304
			15.304347826087	-25.0434782608696
			15.2173913043478	-25.1304347826087
			15.2173913043478	-25.2173913043478
			15.1304347826087	-25.304347826087
			15.1304347826087	-25.3913043478261
			15.0434782608696	-25.4782608695652
			15.0434782608696	-25.5652173913043
			14.9565217391304	-25.6521739130435
			14.9565217391304	-25.7391304347826
			14.8695652173913	-25.7391304347826
			14.7826086956522	-25.8260869565217
			14.7826086956522	-25.9130434782609
			14.695652173913	-26
			14.6086956521739	-26.0869565217391
			14.5217391304348	-26.1739130434783
			14.4347826086957	-26.2608695652174
			14.3478260869565	-26.3478260869565
			14.2608695652174	-26.3478260869565
			14.1739130434783	-26.4347826086957
			14.0869565217391	-26.4347826086957
			14	-26.5217391304348
			13.9130434782609	-26.6086956521739
			13.8260869565217	-26.6086956521739
			13.7391304347826	-26.6086956521739
			13.6521739130435	-26.6086956521739
			13.6521739130435	-26.695652173913
			13.5652173913043	-26.695652173913
			13.4782608695652	-26.695652173913
			13.3913043478261	-26.695652173913
			13.304347826087	-26.695652173913
			13.304347826087	-26.7826086956522
			13.2173913043478	-26.7826086956522
			13.1304347826087	-26.7826086956522
			13.0434782608696	-26.7826086956522
			12.9565217391304	-26.7826086956522
			12.8695652173913	-26.7826086956522
			12.7826086956522	-26.7826086956522
		</axis>
		<border type=matrix rownames=FALSE colnames=FALSE nrow=160 ncol=2 as.numeric=TRUE >
			12.7826086956522	-33.3913043478261
			12.8695652173913	-33.3913043478261
			12.9565217391304	-33.3913043478261
			13.0434782608696	-33.304347826087
			13.1304347826087	-33.304347826087
			13.2173913043478	-33.304347826087
			13.304347826087	-33.304347826087
			13.3913043478261	-33.304347826087
			13.4782608695652	-33.2173913043478
			13.5652173913043	-33.2173913043478
			13.6521739130435	-33.2173913043478
			13.7391304347826	-33.1304347826087
			13.8260869565217	-33.1304347826087
			13.9130434782609	-33.1304347826087
			14	-33.0434782608696
			14.0869565217391	-33.0434782608696
			14.1739130434783	-33.0434782608696
			14.2608695652174	-33.0434782608696
			14.3478260869565	-32.9565217391304
			14.4347826086957	-32.9565217391304
			14.5217391304348	-32.9565217391304
			14.6086956521739	-32.8695652173913
			14.695652173913	-32.8695652173913
			14.7826086956522	-32.8695652173913
			14.8695652173913	-32.7826086956522
			14.9565217391304	-32.7826086956522
			15.0434782608696	-32.695652173913
			15.1304347826087	-32.695652173913
			15.2173913043478	-32.695652173913
			15.304347826087	-32.6086956521739
			15.3913043478261	-32.6086956521739
			15.4782608695652	-32.6086956521739
			15.5652173913043	-32.5217391304348
			15.6521739130435	-32.5217391304348
			15.7391304347826	-32.5217391304348
			15.8260869565217	-32.4347826086956
			15.9130434782609	-32.4347826086956
			16	-32.3478260869565
			16.0869565217391	-32.3478260869565
			16.1739130434783	-32.3478260869565
			16.1739130434783	-32.2608695652174
			16.2608695652174	-32.2608695652174
			16.3478260869565	-32.1739130434783
			16.4347826086957	-32.0869565217391
			16.5217391304348	-32
			16.6086956521739	-32
			16.695652173913	-31.9130434782609
			16.7826086956522	-31.9130434782609
			16.7826086956522	-31.8260869565217
			16.8695652173913	-31.8260869565217
			16.9565217391304	-31.7391304347826
			17.0434782608696	-31.7391304347826
			17.1304347826087	-31.6521739130435
			17.1304347826087	-31.5652173913043
			17.2173913043478	-31.5652173913043
			17.304347826087	-31.4782608695652
			17.3913043478261	-31.4782608695652
			17.4782608695652	-31.3913043478261
			17.5652173913043	-31.304347826087
			17.6521739130435	-31.304347826087
			17.6521739130435	-31.2173913043478
			17.7391304347826	-31.1304347826087
			17.8260869565217	-31.1304347826087
			17.9130434782609	-31.0434782608696
			18	-30.9565217391304
			18.0869565217391	-30.8695652173913
			18.1739130434783	-30.8695652173913
			18.2608695652174	-30.7826086956522
			18.3478260869565	-30.695652173913
			18.4347826086957	-30.6086956521739
			18.5217391304348	-30.6086956521739
			18.6086956521739	-30.5217391304348
			18.695652173913	-30.4347826086957
			18.7826086956522	-30.3478260869565
			18.8695652173913	-30.2608695652174
			18.9565217391304	-30.1739130434783
			19.0434782608696	-30.1739130434783
			19.1304347826087	-30.0869565217391
			19.2173913043478	-30
			19.304347826087	-29.9130434782609
			19.3913043478261	-29.8260869565217
			19.4782608695652	-29.7391304347826
			19.5652173913043	-29.6521739130435
			19.6521739130435	-29.6521739130435
			19.6521739130435	-29.5652173913043
			19.7391304347826	-29.5652173913043
			19.8260869565217	-29.4782608695652
			19.9130434782609	-29.3913043478261
			19.9130434782609	-29.304347826087
			20	-29.2173913043478
			20.0869565217391	-29.1304347826087
			20.0869565217391	-29.0434782608696
			20.1739130434783	-28.9565217391304
			20.2608695652174	-28.8695652173913
			20.2608695652174	-28.7826086956522
			20.3478260869565	-28.695652173913
			20.3478260869565	-28.6086956521739
			20.4347826086957	-28.5217391304348
			20.4347826086957	-28.4347826086957
			20.5217391304348	-28.4347826086957
			20.5217391304348	-28.3478260869565
			20.6086956521739	-28.2608695652174
			20.6086956521739	-28.1739130434783
			20.695652173913	-28.0869565217391
			20.695652173913	-28
			20.7826086956522	-27.9130434782609
			20.7826086956522	-27.8260869565217
			20.8695652173913	-27.7391304347826
			20.8695652173913	-27.6521739130435
			20.9565217391304	-27.5652173913043
			20.9565217391304	-27.4782608695652
			21.0434782608696	-27.3913043478261
			21.0434782608696	-27.304347826087
			21.1304347826087	-27.2173913043478
			21.1304347826087	-27.1304347826087
			21.2173913043478	-27.0434782608696
			21.2173913043478	-26.9565217391304
			21.304347826087	-26.8695652173913
			21.304347826087	-26.7826086956522
			21.304347826087	-26.695652173913
			21.3913043478261	-26.6086956521739
			21.3913043478261	-26.5217391304348
			21.4782608695652	-26.5217391304348
			21.4782608695652	-26.4347826086957
			21.4782608695652	-26.3478260869565
			21.5652173913043	-26.2608695652174
			21.5652173913043	-26.1739130434783
			21.5652173913043	-26.0869565217391
			21.6521739130435	-26
			21.6521739130435	-25.9130434782609
			21.7391304347826	-25.8260869565217
			21.7391304347826	-25.7391304347826
			21.7391304347826	-25.6521739130435
			21.8260869565217	-25.5652173913043
			21.8260869565217	-25.4782608695652
			21.8260869565217	-25.3913043478261
			21.9130434782609	-25.304347826087
			21.9130434782609	-25.2173913043478
			22	-25.1304347826087
			22	-25.0434782608696
			22	-24.9565217391304
			22	-24.8695652173913
			22	-24.7826086956522
			22	-24.695652173913
			22	-24.6086956521739
			22	-24.5217391304348
			21.9130434782609	-24.4347826086957
			21.9130434782609	-24.3478260869565
			21.9130434782609	-24.2608695652174
			21.9130434782609	-24.1739130434783
			21.9130434782609	-24.0869565217391
			21.9130434782609	-24
			21.8260869565217	-23.9130434782609
			21.8260869565217	-23.8260869565217
			21.8260869565217	-23.7391304347826
			21.8260869565217	-23.6521739130435
			21.8260869565217	-23.5652173913043
			21.7391304347826	-23.4782608695652
			21.7391304347826	-23.3913043478261
			21.7391304347826	-23.304347826087
		</border>
		<margin type=matrix rownames=FALSE colnames=FALSE nrow=283 ncol=2 as.numeric=TRUE >
			13.1304347826087	-35.1304347826087
			13.2173913043478	-35.1304347826087
			13.304347826087	-35.1304347826087
			13.3913043478261	-35.0434782608696
			13.4782608695652	-35.0434782608696
			13.5652173913043	-35.0434782608696
			13.6521739130435	-35.0434782608696
			13.7391304347826	-35.0434782608696
			13.8260869565217	-34.9565217391304
			13.9130434782609	-34.9565217391304
			14	-34.9565217391304
			14.0869565217391	-34.9565217391304
			14.1739130434783	-34.8695652173913
			14.2608695652174	-34.8695652173913
			14.3478260869565	-34.8695652173913
			14.4347826086957	-34.8695652173913
			14.5217391304348	-34.8695652173913
			14.6086956521739	-34.7826086956522
			14.695652173913	-34.7826086956522
			14.7826086956522	-34.7826086956522
			14.8695652173913	-34.7826086956522
			14.9565217391304	-34.7826086956522
			15.0434782608696	-34.695652173913
			15.1304347826087	-34.695652173913
			15.2173913043478	-34.695652173913
			15.304347826087	-34.695652173913
			15.3913043478261	-34.6086956521739
			15.4782608695652	-34.6086956521739
			15.5652173913043	-34.6086956521739
			15.6521739130435	-34.6086956521739
			15.7391304347826	-34.6086956521739
			15.8260869565217	-34.5217391304348
			15.9130434782609	-34.5217391304348
			16	-34.5217391304348
			16.0869565217391	-34.5217391304348
			16.1739130434783	-34.5217391304348
			16.2608695652174	-34.4347826086956
			16.3478260869565	-34.4347826086956
			16.4347826086957	-34.4347826086956
			16.5217391304348	-34.4347826086956
			16.6086956521739	-34.3478260869565
			16.695652173913	-34.3478260869565
			16.7826086956522	-34.3478260869565
			16.8695652173913	-34.2608695652174
			16.8695652173913	-34.1739130434783
			16.9565217391304	-34.0869565217391
			17.0434782608696	-34
			17.1304347826087	-33.9130434782609
			17.2173913043478	-33.8260869565217
			17.2173913043478	-33.7391304347826
			17.304347826087	-33.7391304347826
			17.3913043478261	-33.6521739130435
			17.3913043478261	-33.5652173913043
			17.4782608695652	-33.4782608695652
			17.5652173913043	-33.3913043478261
			17.6521739130435	-33.304347826087
			17.7391304347826	-33.2173913043478
			17.8260869565217	-33.1304347826087
			17.9130434782609	-33.0434782608696
			17.9130434782609	-32.9565217391304
			18	-32.8695652173913
			18.0869565217391	-32.8695652173913
			18.0869565217391	-32.7826086956522
			18.1739130434783	-32.695652173913
			18.2608695652174	-32.6086956521739
			18.3478260869565	-32.5217391304348
			18.4347826086957	-32.4347826086956
			18.5217391304348	-32.3478260869565
			18.6086956521739	-32.2608695652174
			18.695652173913	-32.1739130434783
			18.7826086956522	-32.1739130434783
			18.8695652173913	-32.1739130434783
			18.9565217391304	-32.1739130434783
			19.0434782608696	-32.1739130434783
			19.1304347826087	-32.1739130434783
			19.2173913043478	-32.1739130434783
			19.304347826087	-32.1739130434783
			19.3913043478261	-32.1739130434783
			19.4782608695652	-32.0869565217391
			19.5652173913043	-32.0869565217391
			19.6521739130435	-32.0869565217391
			19.7391304347826	-32.0869565217391
			19.8260869565217	-32.0869565217391
			19.9130434782609	-32.0869565217391
			20	-32.0869565217391
			20.0869565217391	-32
			20.1739130434783	-32
			20.2608695652174	-31.9130434782609
			20.3478260869565	-31.8260869565217
			20.4347826086957	-31.8260869565217
			20.5217391304348	-31.7391304347826
			20.6086956521739	-31.6521739130435
			20.695652173913	-31.5652173913043
			20.7826086956522	-31.4782608695652
			20.7826086956522	-31.3913043478261
			20.8695652173913	-31.304347826087
			20.9565217391304	-31.2173913043478
			20.9565217391304	-31.1304347826087
			21.0434782608696	-31.0434782608696
			21.1304347826087	-30.9565217391304
			21.1304347826087	-30.8695652173913
			21.2173913043478	-30.7826086956522
			21.304347826087	-30.695652173913
			21.304347826087	-30.6086956521739
			21.3913043478261	-30.5217391304348
			21.3913043478261	-30.4347826086957
			21.3913043478261	-30.3478260869565
			21.4782608695652	-30.2608695652174
			21.4782608695652	-30.1739130434783
			21.4782608695652	-30.0869565217391
			21.5652173913043	-30
			21.5652173913043	-29.9130434782609
			21.5652173913043	-29.8260869565217
			21.6521739130435	-29.7391304347826
			21.6521739130435	-29.6521739130435
			21.7391304347826	-29.5652173913043
			21.7391304347826	-29.4782608695652
			21.8260869565217	-29.4782608695652
			21.8260869565217	-29.3913043478261
			21.9130434782609	-29.304347826087
			21.9130434782609	-29.2173913043478
			22	-29.1304347826087
			22.0869565217391	-29.0434782608696
			22.0869565217391	-28.9565217391304
			22.1739130434783	-28.8695652173913
			22.2608695652174	-28.7826086956522
			22.3478260869565	-28.695652173913
			22.4347826086957	-28.6086956521739
			22.5217391304348	-28.5217391304348
			22.6086956521739	-28.5217391304348
			22.695652173913	-28.6086956521739
			22.7826086956522	-28.6086956521739
			22.8695652173913	-28.6086956521739
			22.9565217391304	-28.6086956521739
			23.0434782608696	-28.6086956521739
			23.1304347826087	-28.6086956521739
			23.2173913043478	-28.6086956521739
			23.304347826087	-28.6086956521739
			23.3913043478261	-28.5217391304348
			23.4782608695652	-28.5217391304348
			23.5652173913043	-28.4347826086957
			23.5652173913043	-28.3478260869565
			23.6521739130435	-28.2608695652174
			23.7391304347826	-28.1739130434783
			23.7391304347826	-28.0869565217391
			23.7391304347826	-28
			23.7391304347826	-27.9130434782609
			23.7391304347826	-27.8260869565217
			23.7391304347826	-27.7391304347826
			23.7391304347826	-27.6521739130435
			23.7391304347826	-27.5652173913043
			23.7391304347826	-27.4782608695652
			23.7391304347826	-27.3913043478261
			23.7391304347826	-27.304347826087
			23.7391304347826	-27.2173913043478
			23.7391304347826	-27.1304347826087
			23.7391304347826	-27.0434782608696
			23.7391304347826	-26.9565217391304
			23.7391304347826	-26.8695652173913
			23.7391304347826	-26.7826086956522
			23.7391304347826	-26.695652173913
			23.6521739130435	-26.6086956521739
			23.6521739130435	-26.5217391304348
			23.6521739130435	-26.4347826086957
			23.6521739130435	-26.3478260869565
			23.6521739130435	-26.2608695652174
			23.6521739130435	-26.1739130434783
			23.6521739130435	-26.0869565217391
			23.6521739130435	-26
			23.5652173913043	-25.9130434782609
			23.5652173913043	-25.8260869565217
			23.5652173913043	-25.7391304347826
			23.5652173913043	-25.6521739130435
			23.5652173913043	-25.5652173913043
			23.4782608695652	-25.4782608695652
			23.4782608695652	-25.3913043478261
			23.4782608695652	-25.304347826087
			23.4782608695652	-25.2173913043478
			23.3913043478261	-25.1304347826087
			23.3913043478261	-25.0434782608696
			23.304347826087	-24.9565217391304
			23.304347826087	-24.8695652173913
			23.2173913043478	-24.7826086956522
			23.2173913043478	-24.695652173913
			23.1304347826087	-24.695652173913
			23.0434782608696	-24.6086956521739
			23.0434782608696	-24.5217391304348
			22.9565217391304	-24.5217391304348
			22.9565217391304	-24.4347826086957
			22.8695652173913	-24.3478260869565
			22.8695652173913	-24.2608695652174
			22.7826086956522	-24.2608695652174
			22.7826086956522	-24.1739130434783
			22.695652173913	-24.0869565217391
			22.6086956521739	-24
			22.6086956521739	-23.9130434782609
			22.5217391304348	-23.9130434782609
			22.5217391304348	-23.8260869565217
			22.4347826086957	-23.7391304347826
			22.4347826086957	-23.6521739130435
			22.3478260869565	-23.6521739130435
			22.3478260869565	-23.5652173913043
			22.3478260869565	-23.4782608695652
			22.2608695652174	-23.3913043478261
			22.1739130434783	-23.3913043478261
			22.0869565217391	-23.304347826087
			22	-23.304347826087
			21.9130434782609	-23.2173913043478
			21.8260869565217	-23.2173913043478
			21.7391304347826	-23.2173913043478
			21.6521739130435	-23.1304347826087
			21.5652173913043	-23.1304347826087
			21.4782608695652	-23.1304347826087
			21.3913043478261	-23.1304347826087
			21.304347826087	-23.1304347826087
			21.304347826087	-23.0434782608696
			21.2173913043478	-23.0434782608696
			21.1304347826087	-23.0434782608696
			21.0434782608696	-23.0434782608696
			20.9565217391304	-23.0434782608696
			20.8695652173913	-22.9565217391304
			20.7826086956522	-22.9565217391304
			20.695652173913	-22.9565217391304
			20.6086956521739	-22.9565217391304
			20.5217391304348	-22.9565217391304
			20.4347826086957	-22.8695652173913
			20.3478260869565	-22.8695652173913
			20.2608695652174	-22.8695652173913
			20.1739130434783	-22.8695652173913
			20.0869565217391	-22.8695652173913
			20	-22.8695652173913
			19.9130434782609	-22.7826086956522
			19.8260869565217	-22.7826086956522
			19.7391304347826	-22.7826086956522
			19.6521739130435	-22.7826086956522
			19.5652173913043	-22.7826086956522
			19.4782608695652	-22.7826086956522
			19.3913043478261	-22.7826086956522
			19.304347826087	-22.695652173913
			19.2173913043478	-22.695652173913
			19.1304347826087	-22.695652173913
			19.0434782608696	-22.695652173913
			18.9565217391304	-22.695652173913
			18.8695652173913	-22.695652173913
			18.7826086956522	-22.695652173913
			18.695652173913	-22.695652173913
			18.6086956521739	-22.6086956521739
			18.5217391304348	-22.6086956521739
			18.4347826086957	-22.6086956521739
			18.3478260869565	-22.6086956521739
			18.2608695652174	-22.6086956521739
			18.1739130434783	-22.6086956521739
			18.0869565217391	-22.6086956521739
			18	-22.6086956521739
			17.9130434782609	-22.6086956521739
			17.8260869565217	-22.5217391304348
			17.7391304347826	-22.5217391304348
			17.6521739130435	-22.5217391304348
			17.5652173913043	-22.5217391304348
			17.4782608695652	-22.5217391304348
			17.3913043478261	-22.5217391304348
			17.304347826087	-22.5217391304348
			17.2173913043478	-22.5217391304348
			17.1304347826087	-22.5217391304348
			17.0434782608696	-22.5217391304348
			16.9565217391304	-22.5217391304348
			16.8695652173913	-22.5217391304348
			16.7826086956522	-22.5217391304348
			16.695652173913	-22.5217391304348
			16.6086956521739	-22.5217391304348
			16.5217391304348	-22.5217391304348
			16.4347826086957	-22.5217391304348
			16.3478260869565	-22.5217391304348
			16.2608695652174	-22.5217391304348
			16.1739130434783	-22.5217391304348
			16.0869565217391	-22.5217391304348
			16	-22.5217391304348
			15.9130434782609	-22.5217391304348
			15.8260869565217	-22.5217391304348
			15.7391304347826	-22.5217391304348
			15.6521739130435	-22.5217391304348
			15.5652173913043	-22.5217391304348
			15.4782608695652	-22.5217391304348
		</margin>
	</curves.scaled>
	<ruler.points type=matrix rownames=TRUE colnames=FALSE nrow=2 ncol=2 as.numeric=TRUE >
		Ruler point 1	13	388
		Ruler point 2	13	411
	</ruler.points>
</shapes>

