<shapes type=list>
	<ruler.pixel type=vector names=FALSE length=1 as.numeric=TRUE >288</ruler.pixel>
	<ruler.interval type=vector names=FALSE length=1 as.numeric=TRUE >2</ruler.interval>
	<scaling.units type=vector names=FALSE length=1 as.numeric=FALSE >mm</scaling.units>
	<scaling type=vector names=FALSE length=1 as.numeric=TRUE >0.00694444444444444</scaling>
	<landmarks.pixel type=matrix rownames=TRUE colnames=FALSE nrow=5 ncol=2 as.numeric=TRUE >
		LM1	525	67
		LM2	543	414
		LM4	563	702
		LM5	716	89
		LM7	974	106
	</landmarks.pixel>
	<landmarks.scaled type=matrix rownames=TRUE colnames=FALSE nrow=5 ncol=2 as.numeric=TRUE >
		LM1	3.64583333333333	-0.465277777777778
		LM2	3.77083333333333	-2.875
		LM4	3.90972222222222	-4.875
		LM5	4.97222222222222	-0.618055555555555
		LM7	6.76388888888889	-0.736111111111111
	</landmarks.scaled>
	<curves.control type=list>
		<axis type=matrix rownames=FALSE colnames=FALSE nrow=9 ncol=2 as.numeric=TRUE >
			525	67
			579	65
			642	74
			693	88
			712	91
			699	156
			600	388
			575	410
			543	414
		</axis>
		<margin type=matrix rownames=FALSE colnames=FALSE nrow=15 ncol=2 as.numeric=TRUE >
			563	702
			622	701
			820	651
			915	612
			987	564
			1061	499
			1088	430
			1094	394
			1091	345
			1080	250
			1029	162
			1007	134
			982	116
			978	83
			716	89
		</margin>
	</curves.control>
	<curves.pixel type=list>
		<axis type=matrix rownames=FALSE colnames=FALSE nrow=557 ncol=2 as.numeric=TRUE >
			525	67
			526	67
			527	67
			528	67
			529	67
			530	67
			531	67
			532	67
			533	67
			534	67
			535	67
			536	67
			537	67
			538	67
			539	67
			540	67
			541	67
			542	67
			543	67
			544	67
			545	67
			546	67
			547	67
			548	67
			549	67
			550	67
			551	67
			552	67
			553	67
			554	67
			555	67
			556	67
			557	67
			558	67
			559	67
			560	67
			561	67
			562	67
			563	67
			564	67
			565	67
			566	67
			567	67
			568	67
			569	67
			570	67
			571	67
			572	67
			573	67
			574	67
			575	67
			576	67
			577	68
			578	68
			579	68
			580	68
			581	68
			582	68
			583	68
			584	68
			585	68
			586	68
			587	68
			588	68
			589	68
			590	68
			591	68
			592	69
			593	69
			594	69
			595	69
			596	69
			597	69
			598	69
			599	69
			600	69
			601	69
			602	69
			603	69
			604	69
			605	70
			606	70
			607	70
			608	70
			609	70
			610	70
			611	70
			612	70
			613	70
			614	71
			615	71
			616	71
			617	71
			618	71
			619	71
			620	71
			621	71
			622	71
			623	71
			623	72
			624	72
			625	72
			626	72
			627	72
			628	72
			629	72
			630	72
			631	73
			632	73
			633	73
			634	73
			635	73
			636	73
			637	73
			638	73
			639	74
			640	74
			641	74
			642	74
			643	74
			644	74
			644	75
			645	75
			646	75
			647	75
			648	76
			649	76
			650	76
			651	76
			652	77
			653	77
			654	77
			655	77
			655	78
			656	78
			657	78
			658	78
			659	79
			660	79
			661	79
			662	79
			663	80
			664	80
			665	80
			666	80
			667	81
			668	81
			669	81
			670	81
			671	82
			672	82
			673	82
			674	82
			674	83
			675	83
			676	83
			677	83
			678	84
			679	84
			680	84
			681	84
			682	85
			683	85
			684	85
			685	85
			686	86
			687	86
			688	86
			689	86
			690	86
			691	87
			692	87
			693	87
			694	87
			695	88
			696	88
			697	88
			698	88
			699	89
			700	89
			701	89
			702	89
			703	89
			704	90
			705	90
			706	90
			707	90
			708	90
			709	90
			709	91
			710	91
			711	91
			712	91
			712	92
			712	93
			711	94
			711	95
			711	96
			711	97
			711	98
			710	99
			710	100
			710	101
			709	102
			709	103
			709	104
			709	105
			708	106
			708	107
			708	108
			708	109
			707	110
			707	111
			707	112
			707	113
			706	113
			706	114
			706	115
			706	116
			705	117
			705	118
			705	119
			705	120
			704	121
			704	122
			704	123
			703	124
			703	125
			703	126
			702	127
			702	128
			702	129
			701	130
			701	131
			701	132
			700	133
			700	134
			700	135
			699	136
			699	137
			699	138
			699	139
			698	139
			698	140
			698	141
			697	142
			697	143
			697	144
			697	145
			696	145
			696	146
			696	147
			695	148
			695	149
			695	150
			695	151
			694	151
			694	152
			694	153
			693	154
			693	155
			693	156
			692	157
			692	158
			692	159
			691	160
			691	161
			691	162
			690	163
			690	164
			689	165
			689	166
			689	167
			689	168
			688	169
			688	170
			687	171
			687	172
			687	173
			686	174
			686	175
			685	176
			685	177
			685	178
			684	179
			684	180
			684	181
			683	182
			683	183
			683	184
			682	185
			682	186
			681	187
			681	188
			681	189
			681	190
			680	190
			680	191
			680	192
			679	193
			679	194
			678	195
			678	196
			678	197
			677	198
			677	199
			677	200
			676	201
			676	202
			676	203
			675	204
			675	205
			674	206
			674	207
			674	208
			673	209
			673	210
			673	211
			672	212
			672	213
			671	214
			671	215
			671	216
			670	217
			670	218
			669	219
			669	220
			669	221
			668	222
			668	223
			667	224
			667	225
			666	226
			666	227
			666	228
			665	229
			665	230
			665	231
			664	232
			664	233
			663	234
			663	235
			663	236
			662	237
			662	238
			662	239
			661	240
			661	241
			660	242
			660	243
			660	244
			659	245
			659	246
			659	247
			658	248
			658	249
			657	250
			657	251
			657	252
			656	253
			656	254
			655	255
			655	256
			655	257
			654	258
			654	259
			653	260
			653	261
			653	262
			652	263
			652	264
			651	265
			651	266
			650	267
			650	268
			650	269
			649	270
			649	271
			648	272
			648	273
			648	274
			647	275
			647	276
			646	277
			646	278
			645	279
			645	280
			645	281
			644	282
			644	283
			644	284
			643	284
			643	285
			643	286
			642	287
			642	288
			641	289
			641	290
			641	291
			640	291
			640	292
			640	293
			639	294
			639	295
			639	296
			638	297
			638	298
			637	299
			637	300
			637	301
			636	302
			636	303
			635	304
			635	305
			635	306
			634	307
			634	308
			633	309
			633	310
			633	311
			632	312
			632	313
			631	314
			631	315
			631	316
			630	317
			630	318
			629	319
			629	320
			628	321
			628	322
			628	323
			627	324
			627	325
			626	326
			626	327
			625	328
			625	329
			625	330
			624	331
			624	332
			623	333
			623	334
			623	335
			622	336
			622	337
			621	338
			621	339
			620	340
			620	341
			619	342
			619	343
			619	344
			618	345
			618	346
			617	347
			617	348
			616	349
			616	350
			616	351
			615	352
			615	353
			614	354
			614	355
			614	356
			613	357
			613	358
			612	359
			612	360
			611	361
			611	362
			611	363
			610	364
			610	365
			609	366
			609	367
			609	368
			608	368
			608	369
			608	370
			607	371
			607	372
			606	373
			606	374
			605	375
			605	376
			605	377
			604	378
			604	379
			603	380
			603	381
			603	382
			602	383
			602	384
			601	385
			601	386
			601	387
			600	388
			599	389
			598	389
			598	390
			597	391
			596	392
			595	392
			594	393
			593	394
			592	394
			591	395
			590	396
			589	397
			588	398
			587	398
			586	398
			586	399
			585	399
			584	400
			583	400
			582	401
			581	402
			580	402
			579	403
			578	403
			577	404
			576	404
			575	405
			574	405
			573	406
			572	406
			571	407
			570	407
			569	407
			568	408
			567	408
			566	409
			565	409
			564	409
			563	410
			562	410
			561	410
			560	411
			559	411
			558	411
			557	411
			556	412
			555	412
			554	412
			553	412
			552	413
			551	413
			550	413
			549	413
			548	413
			547	413
			546	414
			545	414
			544	414
			543	414
		</axis>
		<margin type=matrix rownames=FALSE colnames=FALSE nrow=1204 ncol=2 as.numeric=TRUE >
			563	702
			564	702
			565	702
			566	702
			567	702
			568	702
			569	702
			570	702
			571	702
			572	702
			573	702
			574	702
			575	701
			576	701
			577	701
			578	701
			579	701
			580	701
			581	701
			582	701
			583	701
			584	701
			585	700
			586	700
			587	700
			588	700
			589	700
			590	700
			591	700
			592	700
			593	700
			594	699
			595	699
			596	699
			597	699
			598	699
			599	699
			600	699
			601	699
			602	698
			603	698
			604	698
			605	698
			606	698
			607	698
			608	697
			609	697
			610	697
			611	697
			612	697
			613	697
			614	697
			614	696
			615	696
			616	696
			617	696
			618	696
			619	696
			620	696
			621	695
			622	695
			623	695
			624	695
			625	695
			626	695
			626	694
			627	694
			628	694
			629	694
			630	694
			631	694
			632	693
			633	693
			634	693
			635	693
			636	693
			637	692
			638	692
			639	692
			640	692
			641	692
			642	692
			643	691
			644	691
			645	691
			646	691
			647	691
			648	691
			648	690
			649	690
			650	690
			651	690
			652	690
			653	689
			654	689
			655	689
			656	689
			657	689
			658	689
			659	688
			660	688
			661	688
			662	688
			663	688
			664	687
			665	687
			666	687
			667	687
			668	686
			669	686
			670	686
			671	686
			672	686
			673	685
			674	685
			675	685
			676	685
			677	685
			678	684
			679	684
			680	684
			681	684
			682	684
			683	683
			684	683
			685	683
			686	683
			687	683
			688	682
			689	682
			690	682
			691	682
			692	681
			693	681
			694	681
			695	681
			696	681
			697	680
			698	680
			699	680
			700	680
			701	679
			702	679
			703	679
			704	679
			705	679
			706	678
			707	678
			708	678
			709	678
			710	677
			711	677
			712	677
			713	677
			714	677
			715	676
			716	676
			717	676
			718	676
			719	675
			720	675
			721	675
			722	675
			723	674
			724	674
			725	674
			726	674
			727	673
			728	673
			729	673
			730	673
			731	673
			732	672
			733	672
			734	672
			735	672
			736	672
			736	671
			737	671
			738	671
			739	671
			740	671
			740	670
			741	670
			742	670
			743	670
			744	670
			745	669
			746	669
			747	669
			748	669
			749	668
			750	668
			751	668
			752	668
			753	668
			754	667
			755	667
			756	667
			757	667
			758	666
			759	666
			760	666
			761	666
			762	665
			763	665
			764	665
			765	665
			766	664
			767	664
			768	664
			769	664
			770	663
			771	663
			772	663
			773	663
			774	662
			775	662
			776	662
			777	662
			778	661
			779	661
			780	661
			781	661
			782	660
			783	660
			784	660
			785	660
			786	659
			787	659
			788	659
			789	659
			790	658
			791	658
			792	658
			793	658
			794	657
			795	657
			796	657
			797	657
			798	657
			798	656
			799	656
			800	656
			801	656
			802	655
			803	655
			804	655
			805	655
			806	655
			807	654
			808	654
			809	654
			810	654
			811	653
			812	653
			813	653
			814	653
			815	652
			816	652
			817	652
			818	651
			819	651
			820	651
			821	651
			821	650
			822	650
			823	650
			824	649
			825	649
			826	648
			827	648
			828	648
			829	647
			830	647
			831	646
			832	646
			833	646
			834	645
			835	645
			836	644
			837	644
			838	644
			839	643
			840	643
			841	642
			842	642
			843	641
			844	641
			845	640
			846	640
			847	640
			848	639
			849	639
			850	638
			851	638
			852	637
			853	637
			854	636
			855	636
			856	636
			857	635
			858	635
			859	634
			860	634
			861	633
			862	633
			863	633
			864	632
			865	631
			866	631
			867	631
			867	630
			868	630
			869	630
			869	629
			870	629
			871	629
			871	628
			872	628
			873	628
			874	627
			875	627
			876	626
			877	626
			878	625
			879	625
			880	624
			881	624
			882	623
			883	623
			884	622
			885	622
			886	622
			887	621
			888	621
			889	620
			890	620
			891	619
			892	618
			893	618
			894	618
			894	617
			895	617
			896	617
			896	616
			897	616
			898	616
			898	615
			899	615
			900	615
			900	614
			901	614
			902	614
			902	613
			903	613
			904	613
			904	612
			905	612
			906	612
			906	611
			907	611
			908	611
			908	610
			909	610
			910	610
			910	609
			911	609
			912	609
			912	608
			913	608
			914	608
			914	607
			915	607
			915	606
			916	606
			917	606
			917	605
			918	605
			919	605
			919	604
			920	604
			921	604
			921	603
			922	603
			923	603
			923	602
			924	602
			925	601
			926	601
			927	600
			928	600
			929	599
			930	599
			931	598
			932	598
			933	597
			934	597
			935	596
			936	595
			937	594
			938	594
			939	594
			940	593
			941	592
			942	592
			943	591
			944	591
			945	590
			946	589
			947	589
			948	588
			949	588
			950	587
			951	587
			952	586
			953	585
			954	585
			955	584
			956	584
			956	583
			957	583
			958	583
			958	582
			959	582
			960	581
			961	581
			962	580
			963	579
			964	579
			965	578
			966	578
			966	577
			967	577
			968	576
			969	576
			970	575
			971	574
			972	574
			973	573
			974	573
			975	572
			976	571
			977	570
			978	570
			979	569
			980	569
			981	568
			982	567
			983	567
			984	566
			985	565
			986	565
			987	564
			988	563
			989	562
			990	562
			991	561
			991	560
			992	559
			993	558
			994	558
			995	557
			996	556
			997	555
			998	554
			999	553
			1000	553
			1000	552
			1001	551
			1002	550
			1003	549
			1004	549
			1005	548
			1006	547
			1006	546
			1007	545
			1008	544
			1009	544
			1010	543
			1011	542
			1011	541
			1012	540
			1013	539
			1014	539
			1015	538
			1016	537
			1016	536
			1017	535
			1018	535
			1019	534
			1020	533
			1020	532
			1021	531
			1022	530
			1023	530
			1023	529
			1024	528
			1025	527
			1026	526
			1026	525
			1027	525
			1028	524
			1029	523
			1029	522
			1030	521
			1031	520
			1032	520
			1032	519
			1033	518
			1034	517
			1035	516
			1035	515
			1036	515
			1037	514
			1037	513
			1038	512
			1039	511
			1039	510
			1040	510
			1041	509
			1042	508
			1042	507
			1043	506
			1044	505
			1045	504
			1046	503
			1046	502
			1047	501
			1048	500
			1049	499
			1050	498
			1050	497
			1051	496
			1052	495
			1053	494
			1053	493
			1054	492
			1055	491
			1055	490
			1056	489
			1057	488
			1058	487
			1058	486
			1059	485
			1059	484
			1060	483
			1061	482
			1062	481
			1062	480
			1062	479
			1063	478
			1064	477
			1064	476
			1065	475
			1066	474
			1066	473
			1067	473
			1067	472
			1068	471
			1068	470
			1069	469
			1069	468
			1070	467
			1070	466
			1071	465
			1072	464
			1072	463
			1073	462
			1074	461
			1074	460
			1074	459
			1075	459
			1075	458
			1075	457
			1076	457
			1076	456
			1076	455
			1077	455
			1077	454
			1078	453
			1078	452
			1079	451
			1079	450
			1080	449
			1080	448
			1081	447
			1081	446
			1082	445
			1082	444
			1082	443
			1083	442
			1083	441
			1084	440
			1084	439
			1084	438
			1085	438
			1085	437
			1086	436
			1086	435
			1086	434
			1087	433
			1087	432
			1088	431
			1088	430
			1088	429
			1088	428
			1088	427
			1089	426
			1089	425
			1089	424
			1089	423
			1089	422
			1089	421
			1089	420
			1090	419
			1090	418
			1090	417
			1090	416
			1090	415
			1090	414
			1090	413
			1090	412
			1090	411
			1091	410
			1091	409
			1091	408
			1091	407
			1091	406
			1091	405
			1091	404
			1091	403
			1091	402
			1091	401
			1091	400
			1091	399
			1091	398
			1091	397
			1092	396
			1092	395
			1092	394
			1092	393
			1092	392
			1092	391
			1092	390
			1092	389
			1092	388
			1092	387
			1092	386
			1092	385
			1092	384
			1092	383
			1092	382
			1092	381
			1092	380
			1092	379
			1092	378
			1092	377
			1092	376
			1092	375
			1092	374
			1092	373
			1092	372
			1092	371
			1092	370
			1092	369
			1092	368
			1092	367
			1092	366
			1092	365
			1092	364
			1092	363
			1092	362
			1092	361
			1092	360
			1092	359
			1092	358
			1092	357
			1092	356
			1092	355
			1091	354
			1091	353
			1091	352
			1091	351
			1091	350
			1091	349
			1091	348
			1091	347
			1091	346
			1091	345
			1091	344
			1091	343
			1091	342
			1090	341
			1090	340
			1090	339
			1090	338
			1090	337
			1090	336
			1090	335
			1090	334
			1090	333
			1089	333
			1089	332
			1089	331
			1089	330
			1089	329
			1089	328
			1089	327
			1088	326
			1088	325
			1088	324
			1088	323
			1088	322
			1088	321
			1087	320
			1087	319
			1087	318
			1087	317
			1087	316
			1087	315
			1086	314
			1086	313
			1086	312
			1086	311
			1086	310
			1085	309
			1085	308
			1085	307
			1085	306
			1085	305
			1084	304
			1084	303
			1084	302
			1084	301
			1084	300
			1083	299
			1083	298
			1083	297
			1083	296
			1082	296
			1082	295
			1082	294
			1082	293
			1082	292
			1081	291
			1081	290
			1081	289
			1081	288
			1080	287
			1080	286
			1080	285
			1080	284
			1079	283
			1079	282
			1079	281
			1079	280
			1078	279
			1078	278
			1078	277
			1078	276
			1077	275
			1077	274
			1077	273
			1076	272
			1076	271
			1076	270
			1076	269
			1075	268
			1075	267
			1074	266
			1074	265
			1074	264
			1074	263
			1073	262
			1073	261
			1073	260
			1072	259
			1072	258
			1072	257
			1071	256
			1071	255
			1071	254
			1070	253
			1070	252
			1070	251
			1069	250
			1069	249
			1069	248
			1068	247
			1068	246
			1068	245
			1067	244
			1067	243
			1067	242
			1066	241
			1066	240
			1065	239
			1065	238
			1065	237
			1064	236
			1064	235
			1064	234
			1063	233
			1063	232
			1062	231
			1062	230
			1062	229
			1061	228
			1061	227
			1060	226
			1060	225
			1060	224
			1059	223
			1059	222
			1058	221
			1058	220
			1058	219
			1057	218
			1057	217
			1056	216
			1056	215
			1056	214
			1055	213
			1055	212
			1054	211
			1053	210
			1053	209
			1053	208
			1052	207
			1052	206
			1051	205
			1051	204
			1050	203
			1050	202
			1050	201
			1049	200
			1048	199
			1048	198
			1047	197
			1047	196
			1046	195
			1046	194
			1046	193
			1045	192
			1045	191
			1044	190
			1044	189
			1043	188
			1042	187
			1042	186
			1041	185
			1041	184
			1040	183
			1040	182
			1039	181
			1039	180
			1038	179
			1038	178
			1037	177
			1037	176
			1036	175
			1036	174
			1035	173
			1035	172
			1034	171
			1033	170
			1033	169
			1032	168
			1032	167
			1031	166
			1031	165
			1030	164
			1030	163
			1029	162
			1028	161
			1027	160
			1027	159
			1026	158
			1025	157
			1024	156
			1024	155
			1023	155
			1022	154
			1022	153
			1021	153
			1021	152
			1020	151
			1019	150
			1018	149
			1017	148
			1016	147
			1016	146
			1015	145
			1014	144
			1013	144
			1013	143
			1012	142
			1011	141
			1010	141
			1010	140
			1009	139
			1008	138
			1007	138
			1007	137
			1006	136
			1005	135
			1004	135
			1003	134
			1003	133
			1002	132
			1001	132
			1000	131
			1000	130
			999	130
			998	129
			997	128
			996	127
			995	126
			994	125
			993	124
			992	124
			991	123
			990	122
			989	121
			988	121
			987	120
			986	119
			985	118
			984	118
			983	117
			982	116
			982	115
			982	114
			981	113
			980	112
			980	111
			979	110
			978	110
			978	109
			977	108
			976	108
			975	107
			974	106
			973	106
			972	105
			971	105
			970	104
			969	104
			968	103
			967	103
			966	103
			965	102
			964	102
			963	102
			962	101
			961	101
			960	101
			959	101
			958	100
			957	100
			956	100
			955	99
			954	99
			953	99
			952	99
			951	98
			950	98
			949	98
			948	98
			947	98
			946	97
			945	97
			944	97
			943	97
			942	97
			941	96
			940	96
			939	96
			938	96
			937	96
			936	96
			935	96
			935	95
			934	95
			933	95
			932	95
			931	95
			930	95
			929	95
			928	94
			927	94
			926	94
			925	94
			924	94
			923	94
			922	94
			921	94
			920	93
			919	93
			918	93
			917	93
			916	93
			915	93
			914	93
			913	93
			912	93
			911	92
			910	92
			909	92
			908	92
			907	92
			906	92
			905	92
			904	92
			903	92
			902	92
			901	92
			900	92
			899	91
			898	91
			897	91
			896	91
			895	91
			894	91
			893	91
			892	91
			891	91
			890	91
			889	91
			888	91
			887	91
			886	91
			885	90
			884	90
			883	90
			882	90
			881	90
			880	90
			879	90
			878	90
			877	90
			876	90
			875	90
			874	90
			873	90
			872	90
			871	90
			870	90
			869	90
			868	90
			867	90
			866	90
			865	89
			864	89
			863	89
			862	89
			861	89
			860	89
			859	89
			858	89
			857	89
			856	89
			855	89
			854	89
			853	89
			852	89
			851	89
			850	89
			849	89
			848	89
			847	89
			846	89
			845	89
			844	89
			843	89
			842	89
			841	89
			840	89
			839	89
			838	89
			837	89
			836	89
			835	89
			834	89
			834	88
			833	88
			832	88
			831	88
			830	88
			829	88
			828	88
			827	88
			826	88
			825	88
			824	88
			823	88
			822	88
			821	88
			820	88
			819	88
			818	88
			817	88
			816	88
			815	88
			814	88
			813	88
			812	88
			811	88
			810	88
			809	88
			808	88
			807	88
			806	88
			805	88
			804	88
			803	88
			802	88
			801	88
			800	88
			799	88
			798	88
			797	88
			796	88
			795	88
			794	88
			793	88
			792	88
			791	88
			790	88
			789	88
			788	88
			787	88
			786	88
			785	88
			784	88
			783	88
			782	88
			781	88
			780	88
			779	88
			778	88
			777	88
			776	88
			775	88
			774	88
			773	88
			772	88
			771	88
			770	88
			769	88
			768	88
			767	88
			766	88
			765	88
			764	88
			763	88
			762	88
			761	88
			760	88
			759	88
			758	88
			757	88
			756	88
			755	88
			754	88
			753	88
			752	88
			751	88
			750	88
			749	88
			748	88
			747	88
			746	88
			745	88
			744	88
			743	88
			742	88
			741	89
			740	89
			739	89
			738	89
			737	89
			736	89
			735	89
			734	89
			733	89
			732	89
			731	89
			730	89
			729	89
			728	89
			727	89
			726	89
			725	89
			724	89
			723	89
			722	89
			721	89
			720	89
			719	89
			718	89
			717	89
			716	89
		</margin>
	</curves.pixel>
	<curves.scaled type=list>
		<axis type=matrix rownames=FALSE colnames=FALSE nrow=557 ncol=2 as.numeric=TRUE >
			3.64583333333333	-0.465277777777778
			3.65277777777778	-0.465277777777778
			3.65972222222222	-0.465277777777778
			3.66666666666667	-0.465277777777778
			3.67361111111111	-0.465277777777778
			3.68055555555556	-0.465277777777778
			3.6875	-0.465277777777778
			3.69444444444444	-0.465277777777778
			3.70138888888889	-0.465277777777778
			3.70833333333333	-0.465277777777778
			3.71527777777778	-0.465277777777778
			3.72222222222222	-0.465277777777778
			3.72916666666667	-0.465277777777778
			3.73611111111111	-0.465277777777778
			3.74305555555556	-0.465277777777778
			3.75	-0.465277777777778
			3.75694444444444	-0.465277777777778
			3.76388888888889	-0.465277777777778
			3.77083333333333	-0.465277777777778
			3.77777777777778	-0.465277777777778
			3.78472222222222	-0.465277777777778
			3.79166666666667	-0.465277777777778
			3.79861111111111	-0.465277777777778
			3.80555555555556	-0.465277777777778
			3.8125	-0.465277777777778
			3.81944444444444	-0.465277777777778
			3.82638888888889	-0.465277777777778
			3.83333333333333	-0.465277777777778
			3.84027777777778	-0.465277777777778
			3.84722222222222	-0.465277777777778
			3.85416666666667	-0.465277777777778
			3.86111111111111	-0.465277777777778
			3.86805555555556	-0.465277777777778
			3.875	-0.465277777777778
			3.88194444444444	-0.465277777777778
			3.88888888888889	-0.465277777777778
			3.89583333333333	-0.465277777777778
			3.90277777777778	-0.465277777777778
			3.90972222222222	-0.465277777777778
			3.91666666666667	-0.465277777777778
			3.92361111111111	-0.465277777777778
			3.93055555555556	-0.465277777777778
			3.9375	-0.465277777777778
			3.94444444444444	-0.465277777777778
			3.95138888888889	-0.465277777777778
			3.95833333333333	-0.465277777777778
			3.96527777777778	-0.465277777777778
			3.97222222222222	-0.465277777777778
			3.97916666666667	-0.465277777777778
			3.98611111111111	-0.465277777777778
			3.99305555555556	-0.465277777777778
			4	-0.465277777777778
			4.00694444444444	-0.472222222222222
			4.01388888888889	-0.472222222222222
			4.02083333333333	-0.472222222222222
			4.02777777777778	-0.472222222222222
			4.03472222222222	-0.472222222222222
			4.04166666666667	-0.472222222222222
			4.04861111111111	-0.472222222222222
			4.05555555555556	-0.472222222222222
			4.0625	-0.472222222222222
			4.06944444444444	-0.472222222222222
			4.07638888888889	-0.472222222222222
			4.08333333333333	-0.472222222222222
			4.09027777777778	-0.472222222222222
			4.09722222222222	-0.472222222222222
			4.10416666666667	-0.472222222222222
			4.11111111111111	-0.479166666666667
			4.11805555555556	-0.479166666666667
			4.125	-0.479166666666667
			4.13194444444444	-0.479166666666667
			4.13888888888889	-0.479166666666667
			4.14583333333333	-0.479166666666667
			4.15277777777778	-0.479166666666667
			4.15972222222222	-0.479166666666667
			4.16666666666667	-0.479166666666667
			4.17361111111111	-0.479166666666667
			4.18055555555556	-0.479166666666667
			4.1875	-0.479166666666667
			4.19444444444444	-0.479166666666667
			4.20138888888889	-0.486111111111111
			4.20833333333333	-0.486111111111111
			4.21527777777778	-0.486111111111111
			4.22222222222222	-0.486111111111111
			4.22916666666667	-0.486111111111111
			4.23611111111111	-0.486111111111111
			4.24305555555556	-0.486111111111111
			4.25	-0.486111111111111
			4.25694444444444	-0.486111111111111
			4.26388888888889	-0.493055555555556
			4.27083333333333	-0.493055555555556
			4.27777777777778	-0.493055555555556
			4.28472222222222	-0.493055555555556
			4.29166666666667	-0.493055555555556
			4.29861111111111	-0.493055555555556
			4.30555555555556	-0.493055555555556
			4.3125	-0.493055555555556
			4.31944444444444	-0.493055555555556
			4.32638888888889	-0.493055555555556
			4.32638888888889	-0.5
			4.33333333333333	-0.5
			4.34027777777778	-0.5
			4.34722222222222	-0.5
			4.35416666666667	-0.5
			4.36111111111111	-0.5
			4.36805555555556	-0.5
			4.375	-0.5
			4.38194444444444	-0.506944444444444
			4.38888888888889	-0.506944444444444
			4.39583333333333	-0.506944444444444
			4.40277777777778	-0.506944444444444
			4.40972222222222	-0.506944444444444
			4.41666666666667	-0.506944444444444
			4.42361111111111	-0.506944444444444
			4.43055555555556	-0.506944444444444
			4.4375	-0.513888888888889
			4.44444444444444	-0.513888888888889
			4.45138888888889	-0.513888888888889
			4.45833333333333	-0.513888888888889
			4.46527777777778	-0.513888888888889
			4.47222222222222	-0.513888888888889
			4.47222222222222	-0.520833333333333
			4.47916666666667	-0.520833333333333
			4.48611111111111	-0.520833333333333
			4.49305555555556	-0.520833333333333
			4.5	-0.527777777777778
			4.50694444444444	-0.527777777777778
			4.51388888888889	-0.527777777777778
			4.52083333333333	-0.527777777777778
			4.52777777777778	-0.534722222222222
			4.53472222222222	-0.534722222222222
			4.54166666666667	-0.534722222222222
			4.54861111111111	-0.534722222222222
			4.54861111111111	-0.541666666666667
			4.55555555555556	-0.541666666666667
			4.5625	-0.541666666666667
			4.56944444444444	-0.541666666666667
			4.57638888888889	-0.548611111111111
			4.58333333333333	-0.548611111111111
			4.59027777777778	-0.548611111111111
			4.59722222222222	-0.548611111111111
			4.60416666666667	-0.555555555555556
			4.61111111111111	-0.555555555555556
			4.61805555555556	-0.555555555555556
			4.625	-0.555555555555556
			4.63194444444444	-0.5625
			4.63888888888889	-0.5625
			4.64583333333333	-0.5625
			4.65277777777778	-0.5625
			4.65972222222222	-0.569444444444444
			4.66666666666667	-0.569444444444444
			4.67361111111111	-0.569444444444444
			4.68055555555556	-0.569444444444444
			4.68055555555556	-0.576388888888889
			4.6875	-0.576388888888889
			4.69444444444444	-0.576388888888889
			4.70138888888889	-0.576388888888889
			4.70833333333333	-0.583333333333333
			4.71527777777778	-0.583333333333333
			4.72222222222222	-0.583333333333333
			4.72916666666667	-0.583333333333333
			4.73611111111111	-0.590277777777778
			4.74305555555556	-0.590277777777778
			4.75	-0.590277777777778
			4.75694444444444	-0.590277777777778
			4.76388888888889	-0.597222222222222
			4.77083333333333	-0.597222222222222
			4.77777777777778	-0.597222222222222
			4.78472222222222	-0.597222222222222
			4.79166666666667	-0.597222222222222
			4.79861111111111	-0.604166666666667
			4.80555555555556	-0.604166666666667
			4.8125	-0.604166666666667
			4.81944444444444	-0.604166666666667
			4.82638888888889	-0.611111111111111
			4.83333333333333	-0.611111111111111
			4.84027777777778	-0.611111111111111
			4.84722222222222	-0.611111111111111
			4.85416666666667	-0.618055555555555
			4.86111111111111	-0.618055555555555
			4.86805555555556	-0.618055555555555
			4.875	-0.618055555555555
			4.88194444444444	-0.618055555555555
			4.88888888888889	-0.625
			4.89583333333333	-0.625
			4.90277777777778	-0.625
			4.90972222222222	-0.625
			4.91666666666667	-0.625
			4.92361111111111	-0.625
			4.92361111111111	-0.631944444444444
			4.93055555555556	-0.631944444444444
			4.9375	-0.631944444444444
			4.94444444444444	-0.631944444444444
			4.94444444444444	-0.638888888888889
			4.94444444444444	-0.645833333333333
			4.9375	-0.652777777777778
			4.9375	-0.659722222222222
			4.9375	-0.666666666666667
			4.9375	-0.673611111111111
			4.9375	-0.680555555555555
			4.93055555555556	-0.6875
			4.93055555555556	-0.694444444444444
			4.93055555555556	-0.701388888888889
			4.92361111111111	-0.708333333333333
			4.92361111111111	-0.715277777777778
			4.92361111111111	-0.722222222222222
			4.92361111111111	-0.729166666666667
			4.91666666666667	-0.736111111111111
			4.91666666666667	-0.743055555555555
			4.91666666666667	-0.75
			4.91666666666667	-0.756944444444444
			4.90972222222222	-0.763888888888889
			4.90972222222222	-0.770833333333333
			4.90972222222222	-0.777777777777778
			4.90972222222222	-0.784722222222222
			4.90277777777778	-0.784722222222222
			4.90277777777778	-0.791666666666667
			4.90277777777778	-0.798611111111111
			4.90277777777778	-0.805555555555555
			4.89583333333333	-0.8125
			4.89583333333333	-0.819444444444444
			4.89583333333333	-0.826388888888889
			4.89583333333333	-0.833333333333333
			4.88888888888889	-0.840277777777778
			4.88888888888889	-0.847222222222222
			4.88888888888889	-0.854166666666667
			4.88194444444444	-0.861111111111111
			4.88194444444444	-0.868055555555555
			4.88194444444444	-0.875
			4.875	-0.881944444444444
			4.875	-0.888888888888889
			4.875	-0.895833333333333
			4.86805555555556	-0.902777777777778
			4.86805555555556	-0.909722222222222
			4.86805555555556	-0.916666666666667
			4.86111111111111	-0.923611111111111
			4.86111111111111	-0.930555555555555
			4.86111111111111	-0.9375
			4.85416666666667	-0.944444444444444
			4.85416666666667	-0.951388888888889
			4.85416666666667	-0.958333333333333
			4.85416666666667	-0.965277777777778
			4.84722222222222	-0.965277777777778
			4.84722222222222	-0.972222222222222
			4.84722222222222	-0.979166666666667
			4.84027777777778	-0.986111111111111
			4.84027777777778	-0.993055555555555
			4.84027777777778	-1
			4.84027777777778	-1.00694444444444
			4.83333333333333	-1.00694444444444
			4.83333333333333	-1.01388888888889
			4.83333333333333	-1.02083333333333
			4.82638888888889	-1.02777777777778
			4.82638888888889	-1.03472222222222
			4.82638888888889	-1.04166666666667
			4.82638888888889	-1.04861111111111
			4.81944444444444	-1.04861111111111
			4.81944444444444	-1.05555555555556
			4.81944444444444	-1.0625
			4.8125	-1.06944444444444
			4.8125	-1.07638888888889
			4.8125	-1.08333333333333
			4.80555555555556	-1.09027777777778
			4.80555555555556	-1.09722222222222
			4.80555555555556	-1.10416666666667
			4.79861111111111	-1.11111111111111
			4.79861111111111	-1.11805555555556
			4.79861111111111	-1.125
			4.79166666666667	-1.13194444444444
			4.79166666666667	-1.13888888888889
			4.78472222222222	-1.14583333333333
			4.78472222222222	-1.15277777777778
			4.78472222222222	-1.15972222222222
			4.78472222222222	-1.16666666666667
			4.77777777777778	-1.17361111111111
			4.77777777777778	-1.18055555555556
			4.77083333333333	-1.1875
			4.77083333333333	-1.19444444444444
			4.77083333333333	-1.20138888888889
			4.76388888888889	-1.20833333333333
			4.76388888888889	-1.21527777777778
			4.75694444444444	-1.22222222222222
			4.75694444444444	-1.22916666666667
			4.75694444444444	-1.23611111111111
			4.75	-1.24305555555556
			4.75	-1.25
			4.75	-1.25694444444444
			4.74305555555556	-1.26388888888889
			4.74305555555556	-1.27083333333333
			4.74305555555556	-1.27777777777778
			4.73611111111111	-1.28472222222222
			4.73611111111111	-1.29166666666667
			4.72916666666667	-1.29861111111111
			4.72916666666667	-1.30555555555556
			4.72916666666667	-1.3125
			4.72916666666667	-1.31944444444444
			4.72222222222222	-1.31944444444444
			4.72222222222222	-1.32638888888889
			4.72222222222222	-1.33333333333333
			4.71527777777778	-1.34027777777778
			4.71527777777778	-1.34722222222222
			4.70833333333333	-1.35416666666667
			4.70833333333333	-1.36111111111111
			4.70833333333333	-1.36805555555556
			4.70138888888889	-1.375
			4.70138888888889	-1.38194444444444
			4.70138888888889	-1.38888888888889
			4.69444444444444	-1.39583333333333
			4.69444444444444	-1.40277777777778
			4.69444444444444	-1.40972222222222
			4.6875	-1.41666666666667
			4.6875	-1.42361111111111
			4.68055555555556	-1.43055555555556
			4.68055555555556	-1.4375
			4.68055555555556	-1.44444444444444
			4.67361111111111	-1.45138888888889
			4.67361111111111	-1.45833333333333
			4.67361111111111	-1.46527777777778
			4.66666666666667	-1.47222222222222
			4.66666666666667	-1.47916666666667
			4.65972222222222	-1.48611111111111
			4.65972222222222	-1.49305555555556
			4.65972222222222	-1.5
			4.65277777777778	-1.50694444444444
			4.65277777777778	-1.51388888888889
			4.64583333333333	-1.52083333333333
			4.64583333333333	-1.52777777777778
			4.64583333333333	-1.53472222222222
			4.63888888888889	-1.54166666666667
			4.63888888888889	-1.54861111111111
			4.63194444444444	-1.55555555555556
			4.63194444444444	-1.5625
			4.625	-1.56944444444444
			4.625	-1.57638888888889
			4.625	-1.58333333333333
			4.61805555555556	-1.59027777777778
			4.61805555555556	-1.59722222222222
			4.61805555555556	-1.60416666666667
			4.61111111111111	-1.61111111111111
			4.61111111111111	-1.61805555555556
			4.60416666666667	-1.625
			4.60416666666667	-1.63194444444444
			4.60416666666667	-1.63888888888889
			4.59722222222222	-1.64583333333333
			4.59722222222222	-1.65277777777778
			4.59722222222222	-1.65972222222222
			4.59027777777778	-1.66666666666667
			4.59027777777778	-1.67361111111111
			4.58333333333333	-1.68055555555556
			4.58333333333333	-1.6875
			4.58333333333333	-1.69444444444444
			4.57638888888889	-1.70138888888889
			4.57638888888889	-1.70833333333333
			4.57638888888889	-1.71527777777778
			4.56944444444444	-1.72222222222222
			4.56944444444444	-1.72916666666667
			4.5625	-1.73611111111111
			4.5625	-1.74305555555556
			4.5625	-1.75
			4.55555555555556	-1.75694444444444
			4.55555555555556	-1.76388888888889
			4.54861111111111	-1.77083333333333
			4.54861111111111	-1.77777777777778
			4.54861111111111	-1.78472222222222
			4.54166666666667	-1.79166666666667
			4.54166666666667	-1.79861111111111
			4.53472222222222	-1.80555555555556
			4.53472222222222	-1.8125
			4.53472222222222	-1.81944444444444
			4.52777777777778	-1.82638888888889
			4.52777777777778	-1.83333333333333
			4.52083333333333	-1.84027777777778
			4.52083333333333	-1.84722222222222
			4.51388888888889	-1.85416666666667
			4.51388888888889	-1.86111111111111
			4.51388888888889	-1.86805555555556
			4.50694444444444	-1.875
			4.50694444444444	-1.88194444444444
			4.5	-1.88888888888889
			4.5	-1.89583333333333
			4.5	-1.90277777777778
			4.49305555555556	-1.90972222222222
			4.49305555555556	-1.91666666666667
			4.48611111111111	-1.92361111111111
			4.48611111111111	-1.93055555555556
			4.47916666666667	-1.9375
			4.47916666666667	-1.94444444444444
			4.47916666666667	-1.95138888888889
			4.47222222222222	-1.95833333333333
			4.47222222222222	-1.96527777777778
			4.47222222222222	-1.97222222222222
			4.46527777777778	-1.97222222222222
			4.46527777777778	-1.97916666666667
			4.46527777777778	-1.98611111111111
			4.45833333333333	-1.99305555555556
			4.45833333333333	-2
			4.45138888888889	-2.00694444444444
			4.45138888888889	-2.01388888888889
			4.45138888888889	-2.02083333333333
			4.44444444444444	-2.02083333333333
			4.44444444444444	-2.02777777777778
			4.44444444444444	-2.03472222222222
			4.4375	-2.04166666666667
			4.4375	-2.04861111111111
			4.4375	-2.05555555555556
			4.43055555555556	-2.0625
			4.43055555555556	-2.06944444444444
			4.42361111111111	-2.07638888888889
			4.42361111111111	-2.08333333333333
			4.42361111111111	-2.09027777777778
			4.41666666666667	-2.09722222222222
			4.41666666666667	-2.10416666666667
			4.40972222222222	-2.11111111111111
			4.40972222222222	-2.11805555555556
			4.40972222222222	-2.125
			4.40277777777778	-2.13194444444444
			4.40277777777778	-2.13888888888889
			4.39583333333333	-2.14583333333333
			4.39583333333333	-2.15277777777778
			4.39583333333333	-2.15972222222222
			4.38888888888889	-2.16666666666667
			4.38888888888889	-2.17361111111111
			4.38194444444444	-2.18055555555556
			4.38194444444444	-2.1875
			4.38194444444444	-2.19444444444444
			4.375	-2.20138888888889
			4.375	-2.20833333333333
			4.36805555555556	-2.21527777777778
			4.36805555555556	-2.22222222222222
			4.36111111111111	-2.22916666666667
			4.36111111111111	-2.23611111111111
			4.36111111111111	-2.24305555555556
			4.35416666666667	-2.25
			4.35416666666667	-2.25694444444444
			4.34722222222222	-2.26388888888889
			4.34722222222222	-2.27083333333333
			4.34027777777778	-2.27777777777778
			4.34027777777778	-2.28472222222222
			4.34027777777778	-2.29166666666667
			4.33333333333333	-2.29861111111111
			4.33333333333333	-2.30555555555556
			4.32638888888889	-2.3125
			4.32638888888889	-2.31944444444444
			4.32638888888889	-2.32638888888889
			4.31944444444444	-2.33333333333333
			4.31944444444444	-2.34027777777778
			4.3125	-2.34722222222222
			4.3125	-2.35416666666667
			4.30555555555556	-2.36111111111111
			4.30555555555556	-2.36805555555556
			4.29861111111111	-2.375
			4.29861111111111	-2.38194444444444
			4.29861111111111	-2.38888888888889
			4.29166666666667	-2.39583333333333
			4.29166666666667	-2.40277777777778
			4.28472222222222	-2.40972222222222
			4.28472222222222	-2.41666666666667
			4.27777777777778	-2.42361111111111
			4.27777777777778	-2.43055555555556
			4.27777777777778	-2.4375
			4.27083333333333	-2.44444444444444
			4.27083333333333	-2.45138888888889
			4.26388888888889	-2.45833333333333
			4.26388888888889	-2.46527777777778
			4.26388888888889	-2.47222222222222
			4.25694444444444	-2.47916666666667
			4.25694444444444	-2.48611111111111
			4.25	-2.49305555555556
			4.25	-2.5
			4.24305555555556	-2.50694444444444
			4.24305555555556	-2.51388888888889
			4.24305555555556	-2.52083333333333
			4.23611111111111	-2.52777777777778
			4.23611111111111	-2.53472222222222
			4.22916666666667	-2.54166666666667
			4.22916666666667	-2.54861111111111
			4.22916666666667	-2.55555555555556
			4.22222222222222	-2.55555555555556
			4.22222222222222	-2.5625
			4.22222222222222	-2.56944444444444
			4.21527777777778	-2.57638888888889
			4.21527777777778	-2.58333333333333
			4.20833333333333	-2.59027777777778
			4.20833333333333	-2.59722222222222
			4.20138888888889	-2.60416666666667
			4.20138888888889	-2.61111111111111
			4.20138888888889	-2.61805555555556
			4.19444444444444	-2.625
			4.19444444444444	-2.63194444444444
			4.1875	-2.63888888888889
			4.1875	-2.64583333333333
			4.1875	-2.65277777777778
			4.18055555555556	-2.65972222222222
			4.18055555555556	-2.66666666666667
			4.17361111111111	-2.67361111111111
			4.17361111111111	-2.68055555555556
			4.17361111111111	-2.6875
			4.16666666666667	-2.69444444444444
			4.15972222222222	-2.70138888888889
			4.15277777777778	-2.70138888888889
			4.15277777777778	-2.70833333333333
			4.14583333333333	-2.71527777777778
			4.13888888888889	-2.72222222222222
			4.13194444444444	-2.72222222222222
			4.125	-2.72916666666667
			4.11805555555556	-2.73611111111111
			4.11111111111111	-2.73611111111111
			4.10416666666667	-2.74305555555556
			4.09722222222222	-2.75
			4.09027777777778	-2.75694444444444
			4.08333333333333	-2.76388888888889
			4.07638888888889	-2.76388888888889
			4.06944444444444	-2.76388888888889
			4.06944444444444	-2.77083333333333
			4.0625	-2.77083333333333
			4.05555555555556	-2.77777777777778
			4.04861111111111	-2.77777777777778
			4.04166666666667	-2.78472222222222
			4.03472222222222	-2.79166666666667
			4.02777777777778	-2.79166666666667
			4.02083333333333	-2.79861111111111
			4.01388888888889	-2.79861111111111
			4.00694444444444	-2.80555555555556
			4	-2.80555555555556
			3.99305555555556	-2.8125
			3.98611111111111	-2.8125
			3.97916666666667	-2.81944444444444
			3.97222222222222	-2.81944444444444
			3.96527777777778	-2.82638888888889
			3.95833333333333	-2.82638888888889
			3.95138888888889	-2.82638888888889
			3.94444444444444	-2.83333333333333
			3.9375	-2.83333333333333
			3.93055555555556	-2.84027777777778
			3.92361111111111	-2.84027777777778
			3.91666666666667	-2.84027777777778
			3.90972222222222	-2.84722222222222
			3.90277777777778	-2.84722222222222
			3.89583333333333	-2.84722222222222
			3.88888888888889	-2.85416666666667
			3.88194444444444	-2.85416666666667
			3.875	-2.85416666666667
			3.86805555555556	-2.85416666666667
			3.86111111111111	-2.86111111111111
			3.85416666666667	-2.86111111111111
			3.84722222222222	-2.86111111111111
			3.84027777777778	-2.86111111111111
			3.83333333333333	-2.86805555555556
			3.82638888888889	-2.86805555555556
			3.81944444444444	-2.86805555555556
			3.8125	-2.86805555555556
			3.80555555555556	-2.86805555555556
			3.79861111111111	-2.86805555555556
			3.79166666666667	-2.875
			3.78472222222222	-2.875
			3.77777777777778	-2.875
			3.77083333333333	-2.875
		</axis>
		<margin type=matrix rownames=FALSE colnames=FALSE nrow=1204 ncol=2 as.numeric=TRUE >
			3.90972222222222	-4.875
			3.91666666666667	-4.875
			3.92361111111111	-4.875
			3.93055555555556	-4.875
			3.9375	-4.875
			3.94444444444444	-4.875
			3.95138888888889	-4.875
			3.95833333333333	-4.875
			3.96527777777778	-4.875
			3.97222222222222	-4.875
			3.97916666666667	-4.875
			3.98611111111111	-4.875
			3.99305555555556	-4.86805555555556
			4	-4.86805555555556
			4.00694444444444	-4.86805555555556
			4.01388888888889	-4.86805555555556
			4.02083333333333	-4.86805555555556
			4.02777777777778	-4.86805555555556
			4.03472222222222	-4.86805555555556
			4.04166666666667	-4.86805555555556
			4.04861111111111	-4.86805555555556
			4.05555555555556	-4.86805555555556
			4.0625	-4.86111111111111
			4.06944444444444	-4.86111111111111
			4.07638888888889	-4.86111111111111
			4.08333333333333	-4.86111111111111
			4.09027777777778	-4.86111111111111
			4.09722222222222	-4.86111111111111
			4.10416666666667	-4.86111111111111
			4.11111111111111	-4.86111111111111
			4.11805555555556	-4.86111111111111
			4.125	-4.85416666666667
			4.13194444444444	-4.85416666666667
			4.13888888888889	-4.85416666666667
			4.14583333333333	-4.85416666666667
			4.15277777777778	-4.85416666666667
			4.15972222222222	-4.85416666666667
			4.16666666666667	-4.85416666666667
			4.17361111111111	-4.85416666666667
			4.18055555555556	-4.84722222222222
			4.1875	-4.84722222222222
			4.19444444444444	-4.84722222222222
			4.20138888888889	-4.84722222222222
			4.20833333333333	-4.84722222222222
			4.21527777777778	-4.84722222222222
			4.22222222222222	-4.84027777777778
			4.22916666666667	-4.84027777777778
			4.23611111111111	-4.84027777777778
			4.24305555555556	-4.84027777777778
			4.25	-4.84027777777778
			4.25694444444444	-4.84027777777778
			4.26388888888889	-4.84027777777778
			4.26388888888889	-4.83333333333333
			4.27083333333333	-4.83333333333333
			4.27777777777778	-4.83333333333333
			4.28472222222222	-4.83333333333333
			4.29166666666667	-4.83333333333333
			4.29861111111111	-4.83333333333333
			4.30555555555556	-4.83333333333333
			4.3125	-4.82638888888889
			4.31944444444444	-4.82638888888889
			4.32638888888889	-4.82638888888889
			4.33333333333333	-4.82638888888889
			4.34027777777778	-4.82638888888889
			4.34722222222222	-4.82638888888889
			4.34722222222222	-4.81944444444444
			4.35416666666667	-4.81944444444444
			4.36111111111111	-4.81944444444444
			4.36805555555556	-4.81944444444444
			4.375	-4.81944444444444
			4.38194444444444	-4.81944444444444
			4.38888888888889	-4.8125
			4.39583333333333	-4.8125
			4.40277777777778	-4.8125
			4.40972222222222	-4.8125
			4.41666666666667	-4.8125
			4.42361111111111	-4.80555555555556
			4.43055555555556	-4.80555555555556
			4.4375	-4.80555555555556
			4.44444444444444	-4.80555555555556
			4.45138888888889	-4.80555555555556
			4.45833333333333	-4.80555555555556
			4.46527777777778	-4.79861111111111
			4.47222222222222	-4.79861111111111
			4.47916666666667	-4.79861111111111
			4.48611111111111	-4.79861111111111
			4.49305555555556	-4.79861111111111
			4.5	-4.79861111111111
			4.5	-4.79166666666667
			4.50694444444444	-4.79166666666667
			4.51388888888889	-4.79166666666667
			4.52083333333333	-4.79166666666667
			4.52777777777778	-4.79166666666667
			4.53472222222222	-4.78472222222222
			4.54166666666667	-4.78472222222222
			4.54861111111111	-4.78472222222222
			4.55555555555556	-4.78472222222222
			4.5625	-4.78472222222222
			4.56944444444444	-4.78472222222222
			4.57638888888889	-4.77777777777778
			4.58333333333333	-4.77777777777778
			4.59027777777778	-4.77777777777778
			4.59722222222222	-4.77777777777778
			4.60416666666667	-4.77777777777778
			4.61111111111111	-4.77083333333333
			4.61805555555556	-4.77083333333333
			4.625	-4.77083333333333
			4.63194444444444	-4.77083333333333
			4.63888888888889	-4.76388888888889
			4.64583333333333	-4.76388888888889
			4.65277777777778	-4.76388888888889
			4.65972222222222	-4.76388888888889
			4.66666666666667	-4.76388888888889
			4.67361111111111	-4.75694444444444
			4.68055555555556	-4.75694444444444
			4.6875	-4.75694444444444
			4.69444444444444	-4.75694444444444
			4.70138888888889	-4.75694444444444
			4.70833333333333	-4.75
			4.71527777777778	-4.75
			4.72222222222222	-4.75
			4.72916666666667	-4.75
			4.73611111111111	-4.75
			4.74305555555556	-4.74305555555556
			4.75	-4.74305555555556
			4.75694444444444	-4.74305555555556
			4.76388888888889	-4.74305555555556
			4.77083333333333	-4.74305555555556
			4.77777777777778	-4.73611111111111
			4.78472222222222	-4.73611111111111
			4.79166666666667	-4.73611111111111
			4.79861111111111	-4.73611111111111
			4.80555555555556	-4.72916666666667
			4.8125	-4.72916666666667
			4.81944444444444	-4.72916666666667
			4.82638888888889	-4.72916666666667
			4.83333333333333	-4.72916666666667
			4.84027777777778	-4.72222222222222
			4.84722222222222	-4.72222222222222
			4.85416666666667	-4.72222222222222
			4.86111111111111	-4.72222222222222
			4.86805555555556	-4.71527777777778
			4.875	-4.71527777777778
			4.88194444444444	-4.71527777777778
			4.88888888888889	-4.71527777777778
			4.89583333333333	-4.71527777777778
			4.90277777777778	-4.70833333333333
			4.90972222222222	-4.70833333333333
			4.91666666666667	-4.70833333333333
			4.92361111111111	-4.70833333333333
			4.93055555555556	-4.70138888888889
			4.9375	-4.70138888888889
			4.94444444444444	-4.70138888888889
			4.95138888888889	-4.70138888888889
			4.95833333333333	-4.70138888888889
			4.96527777777778	-4.69444444444444
			4.97222222222222	-4.69444444444444
			4.97916666666667	-4.69444444444444
			4.98611111111111	-4.69444444444444
			4.99305555555556	-4.6875
			5	-4.6875
			5.00694444444444	-4.6875
			5.01388888888889	-4.6875
			5.02083333333333	-4.68055555555556
			5.02777777777778	-4.68055555555556
			5.03472222222222	-4.68055555555556
			5.04166666666667	-4.68055555555556
			5.04861111111111	-4.67361111111111
			5.05555555555556	-4.67361111111111
			5.0625	-4.67361111111111
			5.06944444444444	-4.67361111111111
			5.07638888888889	-4.67361111111111
			5.08333333333333	-4.66666666666667
			5.09027777777778	-4.66666666666667
			5.09722222222222	-4.66666666666667
			5.10416666666667	-4.66666666666667
			5.11111111111111	-4.66666666666667
			5.11111111111111	-4.65972222222222
			5.11805555555556	-4.65972222222222
			5.125	-4.65972222222222
			5.13194444444444	-4.65972222222222
			5.13888888888889	-4.65972222222222
			5.13888888888889	-4.65277777777778
			5.14583333333333	-4.65277777777778
			5.15277777777778	-4.65277777777778
			5.15972222222222	-4.65277777777778
			5.16666666666667	-4.65277777777778
			5.17361111111111	-4.64583333333333
			5.18055555555556	-4.64583333333333
			5.1875	-4.64583333333333
			5.19444444444444	-4.64583333333333
			5.20138888888889	-4.63888888888889
			5.20833333333333	-4.63888888888889
			5.21527777777778	-4.63888888888889
			5.22222222222222	-4.63888888888889
			5.22916666666667	-4.63888888888889
			5.23611111111111	-4.63194444444444
			5.24305555555556	-4.63194444444444
			5.25	-4.63194444444444
			5.25694444444444	-4.63194444444444
			5.26388888888889	-4.625
			5.27083333333333	-4.625
			5.27777777777778	-4.625
			5.28472222222222	-4.625
			5.29166666666667	-4.61805555555556
			5.29861111111111	-4.61805555555556
			5.30555555555556	-4.61805555555556
			5.3125	-4.61805555555556
			5.31944444444444	-4.61111111111111
			5.32638888888889	-4.61111111111111
			5.33333333333333	-4.61111111111111
			5.34027777777778	-4.61111111111111
			5.34722222222222	-4.60416666666667
			5.35416666666667	-4.60416666666667
			5.36111111111111	-4.60416666666667
			5.36805555555556	-4.60416666666667
			5.375	-4.59722222222222
			5.38194444444444	-4.59722222222222
			5.38888888888889	-4.59722222222222
			5.39583333333333	-4.59722222222222
			5.40277777777778	-4.59027777777778
			5.40972222222222	-4.59027777777778
			5.41666666666667	-4.59027777777778
			5.42361111111111	-4.59027777777778
			5.43055555555556	-4.58333333333333
			5.4375	-4.58333333333333
			5.44444444444444	-4.58333333333333
			5.45138888888889	-4.58333333333333
			5.45833333333333	-4.57638888888889
			5.46527777777778	-4.57638888888889
			5.47222222222222	-4.57638888888889
			5.47916666666667	-4.57638888888889
			5.48611111111111	-4.56944444444444
			5.49305555555556	-4.56944444444444
			5.5	-4.56944444444444
			5.50694444444444	-4.56944444444444
			5.51388888888889	-4.5625
			5.52083333333333	-4.5625
			5.52777777777778	-4.5625
			5.53472222222222	-4.5625
			5.54166666666667	-4.5625
			5.54166666666667	-4.55555555555556
			5.54861111111111	-4.55555555555556
			5.55555555555556	-4.55555555555556
			5.5625	-4.55555555555556
			5.56944444444444	-4.54861111111111
			5.57638888888889	-4.54861111111111
			5.58333333333333	-4.54861111111111
			5.59027777777778	-4.54861111111111
			5.59722222222222	-4.54861111111111
			5.60416666666667	-4.54166666666667
			5.61111111111111	-4.54166666666667
			5.61805555555556	-4.54166666666667
			5.625	-4.54166666666667
			5.63194444444444	-4.53472222222222
			5.63888888888889	-4.53472222222222
			5.64583333333333	-4.53472222222222
			5.65277777777778	-4.53472222222222
			5.65972222222222	-4.52777777777778
			5.66666666666667	-4.52777777777778
			5.67361111111111	-4.52777777777778
			5.68055555555556	-4.52083333333333
			5.6875	-4.52083333333333
			5.69444444444444	-4.52083333333333
			5.70138888888889	-4.52083333333333
			5.70138888888889	-4.51388888888889
			5.70833333333333	-4.51388888888889
			5.71527777777778	-4.51388888888889
			5.72222222222222	-4.50694444444444
			5.72916666666667	-4.50694444444444
			5.73611111111111	-4.5
			5.74305555555556	-4.5
			5.75	-4.5
			5.75694444444444	-4.49305555555556
			5.76388888888889	-4.49305555555556
			5.77083333333333	-4.48611111111111
			5.77777777777778	-4.48611111111111
			5.78472222222222	-4.48611111111111
			5.79166666666667	-4.47916666666667
			5.79861111111111	-4.47916666666667
			5.80555555555556	-4.47222222222222
			5.8125	-4.47222222222222
			5.81944444444444	-4.47222222222222
			5.82638888888889	-4.46527777777778
			5.83333333333333	-4.46527777777778
			5.84027777777778	-4.45833333333333
			5.84722222222222	-4.45833333333333
			5.85416666666667	-4.45138888888889
			5.86111111111111	-4.45138888888889
			5.86805555555556	-4.44444444444444
			5.875	-4.44444444444444
			5.88194444444444	-4.44444444444444
			5.88888888888889	-4.4375
			5.89583333333333	-4.4375
			5.90277777777778	-4.43055555555556
			5.90972222222222	-4.43055555555556
			5.91666666666667	-4.42361111111111
			5.92361111111111	-4.42361111111111
			5.93055555555556	-4.41666666666667
			5.9375	-4.41666666666667
			5.94444444444444	-4.41666666666667
			5.95138888888889	-4.40972222222222
			5.95833333333333	-4.40972222222222
			5.96527777777778	-4.40277777777778
			5.97222222222222	-4.40277777777778
			5.97916666666667	-4.39583333333333
			5.98611111111111	-4.39583333333333
			5.99305555555556	-4.39583333333333
			6	-4.38888888888889
			6.00694444444444	-4.38194444444444
			6.01388888888889	-4.38194444444444
			6.02083333333333	-4.38194444444444
			6.02083333333333	-4.375
			6.02777777777778	-4.375
			6.03472222222222	-4.375
			6.03472222222222	-4.36805555555556
			6.04166666666667	-4.36805555555556
			6.04861111111111	-4.36805555555556
			6.04861111111111	-4.36111111111111
			6.05555555555556	-4.36111111111111
			6.0625	-4.36111111111111
			6.06944444444444	-4.35416666666667
			6.07638888888889	-4.35416666666667
			6.08333333333333	-4.34722222222222
			6.09027777777778	-4.34722222222222
			6.09722222222222	-4.34027777777778
			6.10416666666667	-4.34027777777778
			6.11111111111111	-4.33333333333333
			6.11805555555556	-4.33333333333333
			6.125	-4.32638888888889
			6.13194444444444	-4.32638888888889
			6.13888888888889	-4.31944444444444
			6.14583333333333	-4.31944444444444
			6.15277777777778	-4.31944444444444
			6.15972222222222	-4.3125
			6.16666666666667	-4.3125
			6.17361111111111	-4.30555555555556
			6.18055555555556	-4.30555555555556
			6.1875	-4.29861111111111
			6.19444444444444	-4.29166666666667
			6.20138888888889	-4.29166666666667
			6.20833333333333	-4.29166666666667
			6.20833333333333	-4.28472222222222
			6.21527777777778	-4.28472222222222
			6.22222222222222	-4.28472222222222
			6.22222222222222	-4.27777777777778
			6.22916666666667	-4.27777777777778
			6.23611111111111	-4.27777777777778
			6.23611111111111	-4.27083333333333
			6.24305555555556	-4.27083333333333
			6.25	-4.27083333333333
			6.25	-4.26388888888889
			6.25694444444444	-4.26388888888889
			6.26388888888889	-4.26388888888889
			6.26388888888889	-4.25694444444444
			6.27083333333333	-4.25694444444444
			6.27777777777778	-4.25694444444444
			6.27777777777778	-4.25
			6.28472222222222	-4.25
			6.29166666666667	-4.25
			6.29166666666667	-4.24305555555556
			6.29861111111111	-4.24305555555556
			6.30555555555556	-4.24305555555556
			6.30555555555556	-4.23611111111111
			6.3125	-4.23611111111111
			6.31944444444444	-4.23611111111111
			6.31944444444444	-4.22916666666667
			6.32638888888889	-4.22916666666667
			6.33333333333333	-4.22916666666667
			6.33333333333333	-4.22222222222222
			6.34027777777778	-4.22222222222222
			6.34722222222222	-4.22222222222222
			6.34722222222222	-4.21527777777778
			6.35416666666667	-4.21527777777778
			6.35416666666667	-4.20833333333333
			6.36111111111111	-4.20833333333333
			6.36805555555556	-4.20833333333333
			6.36805555555556	-4.20138888888889
			6.375	-4.20138888888889
			6.38194444444444	-4.20138888888889
			6.38194444444444	-4.19444444444444
			6.38888888888889	-4.19444444444444
			6.39583333333333	-4.19444444444444
			6.39583333333333	-4.1875
			6.40277777777778	-4.1875
			6.40972222222222	-4.1875
			6.40972222222222	-4.18055555555556
			6.41666666666667	-4.18055555555556
			6.42361111111111	-4.17361111111111
			6.43055555555556	-4.17361111111111
			6.4375	-4.16666666666667
			6.44444444444444	-4.16666666666667
			6.45138888888889	-4.15972222222222
			6.45833333333333	-4.15972222222222
			6.46527777777778	-4.15277777777778
			6.47222222222222	-4.15277777777778
			6.47916666666667	-4.14583333333333
			6.48611111111111	-4.14583333333333
			6.49305555555556	-4.13888888888889
			6.5	-4.13194444444444
			6.50694444444444	-4.125
			6.51388888888889	-4.125
			6.52083333333333	-4.125
			6.52777777777778	-4.11805555555556
			6.53472222222222	-4.11111111111111
			6.54166666666667	-4.11111111111111
			6.54861111111111	-4.10416666666667
			6.55555555555556	-4.10416666666667
			6.5625	-4.09722222222222
			6.56944444444444	-4.09027777777778
			6.57638888888889	-4.09027777777778
			6.58333333333333	-4.08333333333333
			6.59027777777778	-4.08333333333333
			6.59722222222222	-4.07638888888889
			6.60416666666667	-4.07638888888889
			6.61111111111111	-4.06944444444444
			6.61805555555556	-4.0625
			6.625	-4.0625
			6.63194444444444	-4.05555555555556
			6.63888888888889	-4.05555555555556
			6.63888888888889	-4.04861111111111
			6.64583333333333	-4.04861111111111
			6.65277777777778	-4.04861111111111
			6.65277777777778	-4.04166666666667
			6.65972222222222	-4.04166666666667
			6.66666666666667	-4.03472222222222
			6.67361111111111	-4.03472222222222
			6.68055555555556	-4.02777777777778
			6.6875	-4.02083333333333
			6.69444444444444	-4.02083333333333
			6.70138888888889	-4.01388888888889
			6.70833333333333	-4.01388888888889
			6.70833333333333	-4.00694444444444
			6.71527777777778	-4.00694444444444
			6.72222222222222	-4
			6.72916666666667	-4
			6.73611111111111	-3.99305555555556
			6.74305555555556	-3.98611111111111
			6.75	-3.98611111111111
			6.75694444444444	-3.97916666666667
			6.76388888888889	-3.97916666666667
			6.77083333333333	-3.97222222222222
			6.77777777777778	-3.96527777777778
			6.78472222222222	-3.95833333333333
			6.79166666666667	-3.95833333333333
			6.79861111111111	-3.95138888888889
			6.80555555555556	-3.95138888888889
			6.8125	-3.94444444444444
			6.81944444444444	-3.9375
			6.82638888888889	-3.9375
			6.83333333333333	-3.93055555555556
			6.84027777777778	-3.92361111111111
			6.84722222222222	-3.92361111111111
			6.85416666666667	-3.91666666666667
			6.86111111111111	-3.90972222222222
			6.86805555555556	-3.90277777777778
			6.875	-3.90277777777778
			6.88194444444444	-3.89583333333333
			6.88194444444444	-3.88888888888889
			6.88888888888889	-3.88194444444444
			6.89583333333333	-3.875
			6.90277777777778	-3.875
			6.90972222222222	-3.86805555555556
			6.91666666666667	-3.86111111111111
			6.92361111111111	-3.85416666666667
			6.93055555555556	-3.84722222222222
			6.9375	-3.84027777777778
			6.94444444444444	-3.84027777777778
			6.94444444444444	-3.83333333333333
			6.95138888888889	-3.82638888888889
			6.95833333333333	-3.81944444444444
			6.96527777777778	-3.8125
			6.97222222222222	-3.8125
			6.97916666666667	-3.80555555555556
			6.98611111111111	-3.79861111111111
			6.98611111111111	-3.79166666666667
			6.99305555555556	-3.78472222222222
			7	-3.77777777777778
			7.00694444444444	-3.77777777777778
			7.01388888888889	-3.77083333333333
			7.02083333333333	-3.76388888888889
			7.02083333333333	-3.75694444444444
			7.02777777777778	-3.75
			7.03472222222222	-3.74305555555556
			7.04166666666667	-3.74305555555556
			7.04861111111111	-3.73611111111111
			7.05555555555556	-3.72916666666667
			7.05555555555556	-3.72222222222222
			7.0625	-3.71527777777778
			7.06944444444444	-3.71527777777778
			7.07638888888889	-3.70833333333333
			7.08333333333333	-3.70138888888889
			7.08333333333333	-3.69444444444444
			7.09027777777778	-3.6875
			7.09722222222222	-3.68055555555556
			7.10416666666667	-3.68055555555556
			7.10416666666667	-3.67361111111111
			7.11111111111111	-3.66666666666667
			7.11805555555556	-3.65972222222222
			7.125	-3.65277777777778
			7.125	-3.64583333333333
			7.13194444444444	-3.64583333333333
			7.13888888888889	-3.63888888888889
			7.14583333333333	-3.63194444444444
			7.14583333333333	-3.625
			7.15277777777778	-3.61805555555556
			7.15972222222222	-3.61111111111111
			7.16666666666667	-3.61111111111111
			7.16666666666667	-3.60416666666667
			7.17361111111111	-3.59722222222222
			7.18055555555556	-3.59027777777778
			7.1875	-3.58333333333333
			7.1875	-3.57638888888889
			7.19444444444444	-3.57638888888889
			7.20138888888889	-3.56944444444444
			7.20138888888889	-3.5625
			7.20833333333333	-3.55555555555556
			7.21527777777778	-3.54861111111111
			7.21527777777778	-3.54166666666667
			7.22222222222222	-3.54166666666667
			7.22916666666667	-3.53472222222222
			7.23611111111111	-3.52777777777778
			7.23611111111111	-3.52083333333333
			7.24305555555556	-3.51388888888889
			7.25	-3.50694444444444
			7.25694444444444	-3.5
			7.26388888888889	-3.49305555555556
			7.26388888888889	-3.48611111111111
			7.27083333333333	-3.47916666666667
			7.27777777777778	-3.47222222222222
			7.28472222222222	-3.46527777777778
			7.29166666666667	-3.45833333333333
			7.29166666666667	-3.45138888888889
			7.29861111111111	-3.44444444444444
			7.30555555555556	-3.4375
			7.3125	-3.43055555555556
			7.3125	-3.42361111111111
			7.31944444444444	-3.41666666666667
			7.32638888888889	-3.40972222222222
			7.32638888888889	-3.40277777777778
			7.33333333333333	-3.39583333333333
			7.34027777777778	-3.38888888888889
			7.34722222222222	-3.38194444444444
			7.34722222222222	-3.375
			7.35416666666667	-3.36805555555556
			7.35416666666667	-3.36111111111111
			7.36111111111111	-3.35416666666667
			7.36805555555556	-3.34722222222222
			7.375	-3.34027777777778
			7.375	-3.33333333333333
			7.375	-3.32638888888889
			7.38194444444444	-3.31944444444444
			7.38888888888889	-3.3125
			7.38888888888889	-3.30555555555556
			7.39583333333333	-3.29861111111111
			7.40277777777778	-3.29166666666667
			7.40277777777778	-3.28472222222222
			7.40972222222222	-3.28472222222222
			7.40972222222222	-3.27777777777778
			7.41666666666667	-3.27083333333333
			7.41666666666667	-3.26388888888889
			7.42361111111111	-3.25694444444444
			7.42361111111111	-3.25
			7.43055555555556	-3.24305555555556
			7.43055555555556	-3.23611111111111
			7.4375	-3.22916666666667
			7.44444444444444	-3.22222222222222
			7.44444444444444	-3.21527777777778
			7.45138888888889	-3.20833333333333
			7.45833333333333	-3.20138888888889
			7.45833333333333	-3.19444444444444
			7.45833333333333	-3.1875
			7.46527777777778	-3.1875
			7.46527777777778	-3.18055555555556
			7.46527777777778	-3.17361111111111
			7.47222222222222	-3.17361111111111
			7.47222222222222	-3.16666666666667
			7.47222222222222	-3.15972222222222
			7.47916666666667	-3.15972222222222
			7.47916666666667	-3.15277777777778
			7.48611111111111	-3.14583333333333
			7.48611111111111	-3.13888888888889
			7.49305555555556	-3.13194444444444
			7.49305555555556	-3.125
			7.5	-3.11805555555556
			7.5	-3.11111111111111
			7.50694444444444	-3.10416666666667
			7.50694444444444	-3.09722222222222
			7.51388888888889	-3.09027777777778
			7.51388888888889	-3.08333333333333
			7.51388888888889	-3.07638888888889
			7.52083333333333	-3.06944444444444
			7.52083333333333	-3.0625
			7.52777777777778	-3.05555555555556
			7.52777777777778	-3.04861111111111
			7.52777777777778	-3.04166666666667
			7.53472222222222	-3.04166666666667
			7.53472222222222	-3.03472222222222
			7.54166666666667	-3.02777777777778
			7.54166666666667	-3.02083333333333
			7.54166666666667	-3.01388888888889
			7.54861111111111	-3.00694444444444
			7.54861111111111	-3
			7.55555555555556	-2.99305555555556
			7.55555555555556	-2.98611111111111
			7.55555555555556	-2.97916666666667
			7.55555555555556	-2.97222222222222
			7.55555555555556	-2.96527777777778
			7.5625	-2.95833333333333
			7.5625	-2.95138888888889
			7.5625	-2.94444444444444
			7.5625	-2.9375
			7.5625	-2.93055555555556
			7.5625	-2.92361111111111
			7.5625	-2.91666666666667
			7.56944444444444	-2.90972222222222
			7.56944444444444	-2.90277777777778
			7.56944444444444	-2.89583333333333
			7.56944444444444	-2.88888888888889
			7.56944444444444	-2.88194444444444
			7.56944444444444	-2.875
			7.56944444444444	-2.86805555555556
			7.56944444444444	-2.86111111111111
			7.56944444444444	-2.85416666666667
			7.57638888888889	-2.84722222222222
			7.57638888888889	-2.84027777777778
			7.57638888888889	-2.83333333333333
			7.57638888888889	-2.82638888888889
			7.57638888888889	-2.81944444444444
			7.57638888888889	-2.8125
			7.57638888888889	-2.80555555555556
			7.57638888888889	-2.79861111111111
			7.57638888888889	-2.79166666666667
			7.57638888888889	-2.78472222222222
			7.57638888888889	-2.77777777777778
			7.57638888888889	-2.77083333333333
			7.57638888888889	-2.76388888888889
			7.57638888888889	-2.75694444444444
			7.58333333333333	-2.75
			7.58333333333333	-2.74305555555556
			7.58333333333333	-2.73611111111111
			7.58333333333333	-2.72916666666667
			7.58333333333333	-2.72222222222222
			7.58333333333333	-2.71527777777778
			7.58333333333333	-2.70833333333333
			7.58333333333333	-2.70138888888889
			7.58333333333333	-2.69444444444444
			7.58333333333333	-2.6875
			7.58333333333333	-2.68055555555556
			7.58333333333333	-2.67361111111111
			7.58333333333333	-2.66666666666667
			7.58333333333333	-2.65972222222222
			7.58333333333333	-2.65277777777778
			7.58333333333333	-2.64583333333333
			7.58333333333333	-2.63888888888889
			7.58333333333333	-2.63194444444444
			7.58333333333333	-2.625
			7.58333333333333	-2.61805555555556
			7.58333333333333	-2.61111111111111
			7.58333333333333	-2.60416666666667
			7.58333333333333	-2.59722222222222
			7.58333333333333	-2.59027777777778
			7.58333333333333	-2.58333333333333
			7.58333333333333	-2.57638888888889
			7.58333333333333	-2.56944444444444
			7.58333333333333	-2.5625
			7.58333333333333	-2.55555555555556
			7.58333333333333	-2.54861111111111
			7.58333333333333	-2.54166666666667
			7.58333333333333	-2.53472222222222
			7.58333333333333	-2.52777777777778
			7.58333333333333	-2.52083333333333
			7.58333333333333	-2.51388888888889
			7.58333333333333	-2.50694444444444
			7.58333333333333	-2.5
			7.58333333333333	-2.49305555555556
			7.58333333333333	-2.48611111111111
			7.58333333333333	-2.47916666666667
			7.58333333333333	-2.47222222222222
			7.58333333333333	-2.46527777777778
			7.57638888888889	-2.45833333333333
			7.57638888888889	-2.45138888888889
			7.57638888888889	-2.44444444444444
			7.57638888888889	-2.4375
			7.57638888888889	-2.43055555555556
			7.57638888888889	-2.42361111111111
			7.57638888888889	-2.41666666666667
			7.57638888888889	-2.40972222222222
			7.57638888888889	-2.40277777777778
			7.57638888888889	-2.39583333333333
			7.57638888888889	-2.38888888888889
			7.57638888888889	-2.38194444444444
			7.57638888888889	-2.375
			7.56944444444444	-2.36805555555556
			7.56944444444444	-2.36111111111111
			7.56944444444444	-2.35416666666667
			7.56944444444444	-2.34722222222222
			7.56944444444444	-2.34027777777778
			7.56944444444444	-2.33333333333333
			7.56944444444444	-2.32638888888889
			7.56944444444444	-2.31944444444444
			7.56944444444444	-2.3125
			7.5625	-2.3125
			7.5625	-2.30555555555556
			7.5625	-2.29861111111111
			7.5625	-2.29166666666667
			7.5625	-2.28472222222222
			7.5625	-2.27777777777778
			7.5625	-2.27083333333333
			7.55555555555556	-2.26388888888889
			7.55555555555556	-2.25694444444444
			7.55555555555556	-2.25
			7.55555555555556	-2.24305555555556
			7.55555555555556	-2.23611111111111
			7.55555555555556	-2.22916666666667
			7.54861111111111	-2.22222222222222
			7.54861111111111	-2.21527777777778
			7.54861111111111	-2.20833333333333
			7.54861111111111	-2.20138888888889
			7.54861111111111	-2.19444444444444
			7.54861111111111	-2.1875
			7.54166666666667	-2.18055555555556
			7.54166666666667	-2.17361111111111
			7.54166666666667	-2.16666666666667
			7.54166666666667	-2.15972222222222
			7.54166666666667	-2.15277777777778
			7.53472222222222	-2.14583333333333
			7.53472222222222	-2.13888888888889
			7.53472222222222	-2.13194444444444
			7.53472222222222	-2.125
			7.53472222222222	-2.11805555555556
			7.52777777777778	-2.11111111111111
			7.52777777777778	-2.10416666666667
			7.52777777777778	-2.09722222222222
			7.52777777777778	-2.09027777777778
			7.52777777777778	-2.08333333333333
			7.52083333333333	-2.07638888888889
			7.52083333333333	-2.06944444444444
			7.52083333333333	-2.0625
			7.52083333333333	-2.05555555555556
			7.51388888888889	-2.05555555555556
			7.51388888888889	-2.04861111111111
			7.51388888888889	-2.04166666666667
			7.51388888888889	-2.03472222222222
			7.51388888888889	-2.02777777777778
			7.50694444444444	-2.02083333333333
			7.50694444444444	-2.01388888888889
			7.50694444444444	-2.00694444444444
			7.50694444444444	-2
			7.5	-1.99305555555556
			7.5	-1.98611111111111
			7.5	-1.97916666666667
			7.5	-1.97222222222222
			7.49305555555556	-1.96527777777778
			7.49305555555556	-1.95833333333333
			7.49305555555556	-1.95138888888889
			7.49305555555556	-1.94444444444444
			7.48611111111111	-1.9375
			7.48611111111111	-1.93055555555556
			7.48611111111111	-1.92361111111111
			7.48611111111111	-1.91666666666667
			7.47916666666667	-1.90972222222222
			7.47916666666667	-1.90277777777778
			7.47916666666667	-1.89583333333333
			7.47222222222222	-1.88888888888889
			7.47222222222222	-1.88194444444444
			7.47222222222222	-1.875
			7.47222222222222	-1.86805555555556
			7.46527777777778	-1.86111111111111
			7.46527777777778	-1.85416666666667
			7.45833333333333	-1.84722222222222
			7.45833333333333	-1.84027777777778
			7.45833333333333	-1.83333333333333
			7.45833333333333	-1.82638888888889
			7.45138888888889	-1.81944444444444
			7.45138888888889	-1.8125
			7.45138888888889	-1.80555555555556
			7.44444444444444	-1.79861111111111
			7.44444444444444	-1.79166666666667
			7.44444444444444	-1.78472222222222
			7.4375	-1.77777777777778
			7.4375	-1.77083333333333
			7.4375	-1.76388888888889
			7.43055555555556	-1.75694444444444
			7.43055555555556	-1.75
			7.43055555555556	-1.74305555555556
			7.42361111111111	-1.73611111111111
			7.42361111111111	-1.72916666666667
			7.42361111111111	-1.72222222222222
			7.41666666666667	-1.71527777777778
			7.41666666666667	-1.70833333333333
			7.41666666666667	-1.70138888888889
			7.40972222222222	-1.69444444444444
			7.40972222222222	-1.6875
			7.40972222222222	-1.68055555555556
			7.40277777777778	-1.67361111111111
			7.40277777777778	-1.66666666666667
			7.39583333333333	-1.65972222222222
			7.39583333333333	-1.65277777777778
			7.39583333333333	-1.64583333333333
			7.38888888888889	-1.63888888888889
			7.38888888888889	-1.63194444444444
			7.38888888888889	-1.625
			7.38194444444444	-1.61805555555556
			7.38194444444444	-1.61111111111111
			7.375	-1.60416666666667
			7.375	-1.59722222222222
			7.375	-1.59027777777778
			7.36805555555556	-1.58333333333333
			7.36805555555556	-1.57638888888889
			7.36111111111111	-1.56944444444444
			7.36111111111111	-1.5625
			7.36111111111111	-1.55555555555556
			7.35416666666667	-1.54861111111111
			7.35416666666667	-1.54166666666667
			7.34722222222222	-1.53472222222222
			7.34722222222222	-1.52777777777778
			7.34722222222222	-1.52083333333333
			7.34027777777778	-1.51388888888889
			7.34027777777778	-1.50694444444444
			7.33333333333333	-1.5
			7.33333333333333	-1.49305555555556
			7.33333333333333	-1.48611111111111
			7.32638888888889	-1.47916666666667
			7.32638888888889	-1.47222222222222
			7.31944444444444	-1.46527777777778
			7.3125	-1.45833333333333
			7.3125	-1.45138888888889
			7.3125	-1.44444444444444
			7.30555555555556	-1.4375
			7.30555555555556	-1.43055555555556
			7.29861111111111	-1.42361111111111
			7.29861111111111	-1.41666666666667
			7.29166666666667	-1.40972222222222
			7.29166666666667	-1.40277777777778
			7.29166666666667	-1.39583333333333
			7.28472222222222	-1.38888888888889
			7.27777777777778	-1.38194444444444
			7.27777777777778	-1.375
			7.27083333333333	-1.36805555555556
			7.27083333333333	-1.36111111111111
			7.26388888888889	-1.35416666666667
			7.26388888888889	-1.34722222222222
			7.26388888888889	-1.34027777777778
			7.25694444444444	-1.33333333333333
			7.25694444444444	-1.32638888888889
			7.25	-1.31944444444444
			7.25	-1.3125
			7.24305555555556	-1.30555555555556
			7.23611111111111	-1.29861111111111
			7.23611111111111	-1.29166666666667
			7.22916666666667	-1.28472222222222
			7.22916666666667	-1.27777777777778
			7.22222222222222	-1.27083333333333
			7.22222222222222	-1.26388888888889
			7.21527777777778	-1.25694444444444
			7.21527777777778	-1.25
			7.20833333333333	-1.24305555555556
			7.20833333333333	-1.23611111111111
			7.20138888888889	-1.22916666666667
			7.20138888888889	-1.22222222222222
			7.19444444444444	-1.21527777777778
			7.19444444444444	-1.20833333333333
			7.1875	-1.20138888888889
			7.1875	-1.19444444444444
			7.18055555555556	-1.1875
			7.17361111111111	-1.18055555555556
			7.17361111111111	-1.17361111111111
			7.16666666666667	-1.16666666666667
			7.16666666666667	-1.15972222222222
			7.15972222222222	-1.15277777777778
			7.15972222222222	-1.14583333333333
			7.15277777777778	-1.13888888888889
			7.15277777777778	-1.13194444444444
			7.14583333333333	-1.125
			7.13888888888889	-1.11805555555556
			7.13194444444444	-1.11111111111111
			7.13194444444444	-1.10416666666667
			7.125	-1.09722222222222
			7.11805555555556	-1.09027777777778
			7.11111111111111	-1.08333333333333
			7.11111111111111	-1.07638888888889
			7.10416666666667	-1.07638888888889
			7.09722222222222	-1.06944444444444
			7.09722222222222	-1.0625
			7.09027777777778	-1.0625
			7.09027777777778	-1.05555555555556
			7.08333333333333	-1.04861111111111
			7.07638888888889	-1.04166666666667
			7.06944444444444	-1.03472222222222
			7.0625	-1.02777777777778
			7.05555555555556	-1.02083333333333
			7.05555555555556	-1.01388888888889
			7.04861111111111	-1.00694444444444
			7.04166666666667	-1
			7.03472222222222	-1
			7.03472222222222	-0.993055555555555
			7.02777777777778	-0.986111111111111
			7.02083333333333	-0.979166666666667
			7.01388888888889	-0.979166666666667
			7.01388888888889	-0.972222222222222
			7.00694444444444	-0.965277777777778
			7	-0.958333333333333
			6.99305555555556	-0.958333333333333
			6.99305555555556	-0.951388888888889
			6.98611111111111	-0.944444444444444
			6.97916666666667	-0.9375
			6.97222222222222	-0.9375
			6.96527777777778	-0.930555555555555
			6.96527777777778	-0.923611111111111
			6.95833333333333	-0.916666666666667
			6.95138888888889	-0.916666666666667
			6.94444444444444	-0.909722222222222
			6.94444444444444	-0.902777777777778
			6.9375	-0.902777777777778
			6.93055555555556	-0.895833333333333
			6.92361111111111	-0.888888888888889
			6.91666666666667	-0.881944444444444
			6.90972222222222	-0.875
			6.90277777777778	-0.868055555555555
			6.89583333333333	-0.861111111111111
			6.88888888888889	-0.861111111111111
			6.88194444444444	-0.854166666666667
			6.875	-0.847222222222222
			6.86805555555556	-0.840277777777778
			6.86111111111111	-0.840277777777778
			6.85416666666667	-0.833333333333333
			6.84722222222222	-0.826388888888889
			6.84027777777778	-0.819444444444444
			6.83333333333333	-0.819444444444444
			6.82638888888889	-0.8125
			6.81944444444444	-0.805555555555555
			6.81944444444444	-0.798611111111111
			6.81944444444444	-0.791666666666667
			6.8125	-0.784722222222222
			6.80555555555556	-0.777777777777778
			6.80555555555556	-0.770833333333333
			6.79861111111111	-0.763888888888889
			6.79166666666667	-0.763888888888889
			6.79166666666667	-0.756944444444444
			6.78472222222222	-0.75
			6.77777777777778	-0.75
			6.77083333333333	-0.743055555555555
			6.76388888888889	-0.736111111111111
			6.75694444444444	-0.736111111111111
			6.75	-0.729166666666667
			6.74305555555556	-0.729166666666667
			6.73611111111111	-0.722222222222222
			6.72916666666667	-0.722222222222222
			6.72222222222222	-0.715277777777778
			6.71527777777778	-0.715277777777778
			6.70833333333333	-0.715277777777778
			6.70138888888889	-0.708333333333333
			6.69444444444444	-0.708333333333333
			6.6875	-0.708333333333333
			6.68055555555556	-0.701388888888889
			6.67361111111111	-0.701388888888889
			6.66666666666667	-0.701388888888889
			6.65972222222222	-0.701388888888889
			6.65277777777778	-0.694444444444444
			6.64583333333333	-0.694444444444444
			6.63888888888889	-0.694444444444444
			6.63194444444444	-0.6875
			6.625	-0.6875
			6.61805555555556	-0.6875
			6.61111111111111	-0.6875
			6.60416666666667	-0.680555555555555
			6.59722222222222	-0.680555555555555
			6.59027777777778	-0.680555555555555
			6.58333333333333	-0.680555555555555
			6.57638888888889	-0.680555555555555
			6.56944444444444	-0.673611111111111
			6.5625	-0.673611111111111
			6.55555555555556	-0.673611111111111
			6.54861111111111	-0.673611111111111
			6.54166666666667	-0.673611111111111
			6.53472222222222	-0.666666666666667
			6.52777777777778	-0.666666666666667
			6.52083333333333	-0.666666666666667
			6.51388888888889	-0.666666666666667
			6.50694444444444	-0.666666666666667
			6.5	-0.666666666666667
			6.49305555555556	-0.666666666666667
			6.49305555555556	-0.659722222222222
			6.48611111111111	-0.659722222222222
			6.47916666666667	-0.659722222222222
			6.47222222222222	-0.659722222222222
			6.46527777777778	-0.659722222222222
			6.45833333333333	-0.659722222222222
			6.45138888888889	-0.659722222222222
			6.44444444444444	-0.652777777777778
			6.4375	-0.652777777777778
			6.43055555555556	-0.652777777777778
			6.42361111111111	-0.652777777777778
			6.41666666666667	-0.652777777777778
			6.40972222222222	-0.652777777777778
			6.40277777777778	-0.652777777777778
			6.39583333333333	-0.652777777777778
			6.38888888888889	-0.645833333333333
			6.38194444444444	-0.645833333333333
			6.375	-0.645833333333333
			6.36805555555556	-0.645833333333333
			6.36111111111111	-0.645833333333333
			6.35416666666667	-0.645833333333333
			6.34722222222222	-0.645833333333333
			6.34027777777778	-0.645833333333333
			6.33333333333333	-0.645833333333333
			6.32638888888889	-0.638888888888889
			6.31944444444444	-0.638888888888889
			6.3125	-0.638888888888889
			6.30555555555556	-0.638888888888889
			6.29861111111111	-0.638888888888889
			6.29166666666667	-0.638888888888889
			6.28472222222222	-0.638888888888889
			6.27777777777778	-0.638888888888889
			6.27083333333333	-0.638888888888889
			6.26388888888889	-0.638888888888889
			6.25694444444444	-0.638888888888889
			6.25	-0.638888888888889
			6.24305555555556	-0.631944444444444
			6.23611111111111	-0.631944444444444
			6.22916666666667	-0.631944444444444
			6.22222222222222	-0.631944444444444
			6.21527777777778	-0.631944444444444
			6.20833333333333	-0.631944444444444
			6.20138888888889	-0.631944444444444
			6.19444444444444	-0.631944444444444
			6.1875	-0.631944444444444
			6.18055555555556	-0.631944444444444
			6.17361111111111	-0.631944444444444
			6.16666666666667	-0.631944444444444
			6.15972222222222	-0.631944444444444
			6.15277777777778	-0.631944444444444
			6.14583333333333	-0.625
			6.13888888888889	-0.625
			6.13194444444444	-0.625
			6.125	-0.625
			6.11805555555556	-0.625
			6.11111111111111	-0.625
			6.10416666666667	-0.625
			6.09722222222222	-0.625
			6.09027777777778	-0.625
			6.08333333333333	-0.625
			6.07638888888889	-0.625
			6.06944444444444	-0.625
			6.0625	-0.625
			6.05555555555556	-0.625
			6.04861111111111	-0.625
			6.04166666666667	-0.625
			6.03472222222222	-0.625
			6.02777777777778	-0.625
			6.02083333333333	-0.625
			6.01388888888889	-0.625
			6.00694444444444	-0.618055555555555
			6	-0.618055555555555
			5.99305555555556	-0.618055555555555
			5.98611111111111	-0.618055555555555
			5.97916666666667	-0.618055555555555
			5.97222222222222	-0.618055555555555
			5.96527777777778	-0.618055555555555
			5.95833333333333	-0.618055555555555
			5.95138888888889	-0.618055555555555
			5.94444444444444	-0.618055555555555
			5.9375	-0.618055555555555
			5.93055555555556	-0.618055555555555
			5.92361111111111	-0.618055555555555
			5.91666666666667	-0.618055555555555
			5.90972222222222	-0.618055555555555
			5.90277777777778	-0.618055555555555
			5.89583333333333	-0.618055555555555
			5.88888888888889	-0.618055555555555
			5.88194444444444	-0.618055555555555
			5.875	-0.618055555555555
			5.86805555555556	-0.618055555555555
			5.86111111111111	-0.618055555555555
			5.85416666666667	-0.618055555555555
			5.84722222222222	-0.618055555555555
			5.84027777777778	-0.618055555555555
			5.83333333333333	-0.618055555555555
			5.82638888888889	-0.618055555555555
			5.81944444444444	-0.618055555555555
			5.8125	-0.618055555555555
			5.80555555555556	-0.618055555555555
			5.79861111111111	-0.618055555555555
			5.79166666666667	-0.618055555555555
			5.79166666666667	-0.611111111111111
			5.78472222222222	-0.611111111111111
			5.77777777777778	-0.611111111111111
			5.77083333333333	-0.611111111111111
			5.76388888888889	-0.611111111111111
			5.75694444444444	-0.611111111111111
			5.75	-0.611111111111111
			5.74305555555556	-0.611111111111111
			5.73611111111111	-0.611111111111111
			5.72916666666667	-0.611111111111111
			5.72222222222222	-0.611111111111111
			5.71527777777778	-0.611111111111111
			5.70833333333333	-0.611111111111111
			5.70138888888889	-0.611111111111111
			5.69444444444444	-0.611111111111111
			5.6875	-0.611111111111111
			5.68055555555556	-0.611111111111111
			5.67361111111111	-0.611111111111111
			5.66666666666667	-0.611111111111111
			5.65972222222222	-0.611111111111111
			5.65277777777778	-0.611111111111111
			5.64583333333333	-0.611111111111111
			5.63888888888889	-0.611111111111111
			5.63194444444444	-0.611111111111111
			5.625	-0.611111111111111
			5.61805555555556	-0.611111111111111
			5.61111111111111	-0.611111111111111
			5.60416666666667	-0.611111111111111
			5.59722222222222	-0.611111111111111
			5.59027777777778	-0.611111111111111
			5.58333333333333	-0.611111111111111
			5.57638888888889	-0.611111111111111
			5.56944444444444	-0.611111111111111
			5.5625	-0.611111111111111
			5.55555555555556	-0.611111111111111
			5.54861111111111	-0.611111111111111
			5.54166666666667	-0.611111111111111
			5.53472222222222	-0.611111111111111
			5.52777777777778	-0.611111111111111
			5.52083333333333	-0.611111111111111
			5.51388888888889	-0.611111111111111
			5.50694444444444	-0.611111111111111
			5.5	-0.611111111111111
			5.49305555555556	-0.611111111111111
			5.48611111111111	-0.611111111111111
			5.47916666666667	-0.611111111111111
			5.47222222222222	-0.611111111111111
			5.46527777777778	-0.611111111111111
			5.45833333333333	-0.611111111111111
			5.45138888888889	-0.611111111111111
			5.44444444444444	-0.611111111111111
			5.4375	-0.611111111111111
			5.43055555555556	-0.611111111111111
			5.42361111111111	-0.611111111111111
			5.41666666666667	-0.611111111111111
			5.40972222222222	-0.611111111111111
			5.40277777777778	-0.611111111111111
			5.39583333333333	-0.611111111111111
			5.38888888888889	-0.611111111111111
			5.38194444444444	-0.611111111111111
			5.375	-0.611111111111111
			5.36805555555556	-0.611111111111111
			5.36111111111111	-0.611111111111111
			5.35416666666667	-0.611111111111111
			5.34722222222222	-0.611111111111111
			5.34027777777778	-0.611111111111111
			5.33333333333333	-0.611111111111111
			5.32638888888889	-0.611111111111111
			5.31944444444444	-0.611111111111111
			5.3125	-0.611111111111111
			5.30555555555556	-0.611111111111111
			5.29861111111111	-0.611111111111111
			5.29166666666667	-0.611111111111111
			5.28472222222222	-0.611111111111111
			5.27777777777778	-0.611111111111111
			5.27083333333333	-0.611111111111111
			5.26388888888889	-0.611111111111111
			5.25694444444444	-0.611111111111111
			5.25	-0.611111111111111
			5.24305555555556	-0.611111111111111
			5.23611111111111	-0.611111111111111
			5.22916666666667	-0.611111111111111
			5.22222222222222	-0.611111111111111
			5.21527777777778	-0.611111111111111
			5.20833333333333	-0.611111111111111
			5.20138888888889	-0.611111111111111
			5.19444444444444	-0.611111111111111
			5.1875	-0.611111111111111
			5.18055555555556	-0.611111111111111
			5.17361111111111	-0.611111111111111
			5.16666666666667	-0.611111111111111
			5.15972222222222	-0.611111111111111
			5.15277777777778	-0.611111111111111
			5.14583333333333	-0.618055555555555
			5.13888888888889	-0.618055555555555
			5.13194444444444	-0.618055555555555
			5.125	-0.618055555555555
			5.11805555555556	-0.618055555555555
			5.11111111111111	-0.618055555555555
			5.10416666666667	-0.618055555555555
			5.09722222222222	-0.618055555555555
			5.09027777777778	-0.618055555555555
			5.08333333333333	-0.618055555555555
			5.07638888888889	-0.618055555555555
			5.06944444444444	-0.618055555555555
			5.0625	-0.618055555555555
			5.05555555555556	-0.618055555555555
			5.04861111111111	-0.618055555555555
			5.04166666666667	-0.618055555555555
			5.03472222222222	-0.618055555555555
			5.02777777777778	-0.618055555555555
			5.02083333333333	-0.618055555555555
			5.01388888888889	-0.618055555555555
			5.00694444444444	-0.618055555555555
			5	-0.618055555555555
			4.99305555555556	-0.618055555555555
			4.98611111111111	-0.618055555555555
			4.97916666666667	-0.618055555555555
			4.97222222222222	-0.618055555555555
		</margin>
	</curves.scaled>
	<ruler.points type=matrix rownames=TRUE colnames=FALSE nrow=2 ncol=2 as.numeric=TRUE >
		Ruler point 1	39	67
		Ruler point 2	327	67
	</ruler.points>
</shapes>

