<shapes type=list>
	<square.size type=vector names=FALSE length=1 as.numeric=TRUE >2</square.size>
	<scaling.units type=vector names=FALSE length=1 as.numeric=FALSE >mm</scaling.units>
	<scaling type=logical names=FALSE length=1 as.numeric=FALSE >NA</scaling>
	<landmarks.pixel type=matrix rownames=TRUE colnames=FALSE nrow=5 ncol=2 as.numeric=TRUE >
		LM1	557	31
		LM2	557	390
		LM4	557	658
		LM5	743	86
		LM7	1100	355
	</landmarks.pixel>
	<curves.control type=list>
		<axis type=matrix rownames=FALSE colnames=FALSE nrow=7 ncol=2 as.numeric=TRUE >
			557	31
			639	39
			734	79
			719	163
			674	259
			630	373
			557	390
		</axis>
		<margin type=matrix rownames=FALSE colnames=FALSE nrow=11 ncol=2 as.numeric=TRUE >
			557	658
			709	663
			862	609
			986	536
			1052	453
			1093	418
			1104	326
			1089	238
			1024	152
			952	71
			743	86
		</margin>
	</curves.control>
	<curves.pixel type=list>
		<axis type=matrix rownames=FALSE colnames=FALSE nrow=535 ncol=2 as.numeric=TRUE >
			557	31
			558	31
			559	31
			560	31
			561	31
			562	32
			563	32
			564	32
			565	32
			566	32
			567	32
			568	32
			569	32
			570	32
			571	33
			572	33
			573	33
			574	33
			575	33
			576	33
			577	33
			578	34
			579	34
			580	34
			581	34
			582	34
			583	34
			584	34
			584	35
			585	35
			586	35
			587	35
			588	35
			589	35
			590	35
			591	36
			592	36
			593	36
			594	36
			595	36
			596	37
			597	37
			598	37
			599	37
			600	37
			601	37
			602	38
			603	38
			604	38
			605	38
			606	38
			607	39
			608	39
			609	39
			610	39
			611	39
			612	40
			613	40
			614	40
			615	40
			616	41
			617	41
			618	41
			619	41
			620	41
			621	42
			622	42
			623	42
			624	42
			625	43
			626	43
			627	43
			628	43
			629	44
			630	44
			631	44
			632	44
			633	45
			634	45
			635	45
			636	45
			637	46
			638	46
			639	46
			640	46
			641	47
			642	47
			643	47
			644	48
			645	48
			646	48
			647	48
			648	49
			649	49
			650	49
			651	50
			652	50
			653	50
			654	50
			655	51
			656	51
			657	51
			658	51
			659	52
			660	52
			661	52
			661	53
			662	53
			663	53
			664	53
			665	54
			666	54
			667	54
			668	54
			669	55
			670	55
			671	56
			672	56
			673	56
			674	56
			674	57
			675	57
			676	57
			677	57
			678	58
			679	58
			680	58
			681	59
			682	59
			683	60
			684	60
			685	60
			686	61
			687	61
			688	61
			689	62
			690	62
			691	62
			692	63
			693	63
			694	63
			695	64
			696	64
			697	64
			698	65
			699	65
			700	66
			701	66
			702	66
			703	67
			704	67
			705	67
			706	68
			707	68
			708	68
			708	69
			709	69
			710	69
			711	70
			712	70
			713	70
			713	71
			714	71
			715	71
			716	72
			717	72
			718	72
			719	73
			720	73
			721	74
			722	74
			723	75
			724	75
			725	75
			726	76
			727	76
			728	77
			729	77
			730	77
			731	78
			732	78
			733	79
			734	79
			734	80
			734	81
			733	82
			733	83
			733	84
			733	85
			733	86
			733	87
			732	88
			732	89
			732	90
			732	91
			732	92
			731	92
			731	93
			731	94
			731	95
			731	96
			730	97
			730	98
			730	99
			730	100
			730	101
			729	102
			729	103
			729	104
			729	105
			728	106
			728	107
			728	108
			728	109
			728	110
			727	111
			727	112
			727	113
			727	114
			726	115
			726	116
			726	117
			725	118
			725	119
			725	120
			725	121
			725	122
			724	123
			724	124
			724	125
			724	126
			723	127
			723	128
			723	129
			722	130
			722	131
			722	132
			722	133
			721	134
			721	135
			721	136
			720	137
			720	138
			720	139
			719	140
			719	141
			719	142
			719	143
			718	144
			718	145
			718	146
			718	147
			717	148
			717	149
			717	150
			716	151
			716	152
			716	153
			715	154
			715	155
			715	156
			715	157
			714	158
			714	159
			713	160
			713	161
			713	162
			712	163
			712	164
			712	165
			712	166
			711	167
			711	168
			710	169
			710	170
			710	171
			709	172
			709	173
			709	174
			709	175
			708	176
			708	177
			708	178
			707	178
			707	179
			707	180
			706	181
			706	182
			706	183
			705	184
			705	185
			705	186
			704	187
			704	188
			703	189
			703	190
			703	191
			702	192
			702	193
			702	194
			701	195
			701	196
			700	197
			700	198
			700	199
			699	199
			699	200
			699	201
			699	202
			698	202
			698	203
			698	204
			697	205
			697	206
			696	207
			696	208
			696	209
			695	210
			695	211
			694	212
			694	213
			694	214
			693	215
			693	216
			692	217
			692	218
			692	219
			691	220
			691	221
			690	222
			690	223
			689	224
			689	225
			689	226
			688	227
			688	228
			687	229
			687	230
			686	231
			686	232
			686	233
			685	234
			685	235
			684	236
			684	237
			683	238
			683	239
			682	240
			682	241
			682	242
			681	243
			681	244
			681	245
			680	245
			680	246
			680	247
			679	247
			679	248
			679	249
			678	250
			677	251
			677	252
			677	253
			676	254
			676	255
			675	256
			675	257
			675	258
			674	259
			674	260
			673	261
			673	262
			672	263
			672	264
			672	265
			671	266
			671	267
			670	268
			670	269
			670	270
			669	271
			669	272
			668	273
			668	274
			667	275
			667	276
			667	277
			666	278
			666	279
			665	280
			665	281
			664	282
			664	283
			664	284
			663	285
			663	286
			662	287
			662	288
			661	289
			660	290
			660	291
			660	292
			659	292
			659	293
			659	294
			658	295
			658	296
			657	297
			657	298
			656	299
			656	300
			655	301
			655	302
			654	303
			654	304
			653	305
			653	306
			652	306
			652	307
			651	308
			651	309
			650	310
			650	311
			649	312
			648	313
			648	314
			647	315
			646	316
			646	317
			645	318
			645	319
			644	320
			643	321
			643	322
			642	323
			642	324
			641	325
			640	326
			640	327
			639	328
			638	329
			638	330
			637	331
			636	332
			635	333
			634	334
			634	335
			633	336
			633	337
			632	337
			632	338
			631	339
			630	340
			629	341
			628	342
			627	343
			627	344
			626	345
			625	346
			624	347
			623	348
			622	349
			622	350
			621	351
			620	352
			619	353
			618	354
			617	355
			616	356
			615	357
			614	358
			613	359
			612	360
			611	361
			610	361
			610	362
			609	362
			608	363
			608	364
			607	364
			606	365
			605	366
			604	367
			603	368
			602	368
			601	369
			600	370
			599	370
			599	371
			598	371
			597	372
			596	372
			595	373
			595	374
			594	374
			593	375
			592	375
			591	376
			590	376
			590	377
			589	377
			588	378
			587	378
			586	379
			585	380
			584	380
			583	381
			582	381
			581	382
			580	382
			579	383
			578	383
			577	383
			576	384
			575	384
			574	385
			573	385
			572	385
			571	386
			570	386
			569	387
			568	387
			567	387
			566	387
			566	388
			565	388
			564	388
			563	388
			563	389
			562	389
			561	389
			560	389
			559	390
			558	390
			557	390
		</axis>
		<margin type=matrix rownames=FALSE colnames=FALSE nrow=1116 ncol=2 as.numeric=TRUE >
			557	658
			558	658
			559	658
			560	658
			561	658
			562	658
			563	658
			564	658
			565	658
			566	658
			567	658
			568	658
			569	658
			570	658
			571	658
			572	658
			573	658
			574	658
			575	658
			576	658
			577	658
			578	658
			579	658
			580	658
			581	658
			582	658
			583	658
			584	658
			585	658
			586	658
			587	658
			588	658
			589	658
			590	658
			591	658
			592	658
			593	658
			594	658
			595	658
			596	658
			597	658
			598	658
			599	658
			600	658
			601	658
			602	658
			603	658
			604	658
			605	658
			606	658
			607	658
			608	658
			609	658
			610	658
			611	658
			612	658
			613	658
			614	658
			615	658
			616	658
			617	658
			618	658
			619	658
			620	658
			621	657
			622	657
			623	657
			624	657
			625	657
			626	657
			627	657
			628	657
			629	657
			630	657
			631	657
			632	657
			633	657
			634	657
			635	657
			636	657
			637	657
			638	656
			639	656
			640	656
			641	656
			642	656
			643	656
			644	656
			645	656
			646	656
			647	656
			648	656
			649	656
			650	656
			651	655
			652	655
			653	655
			654	655
			655	655
			656	655
			657	655
			658	655
			659	655
			660	655
			661	655
			662	654
			663	654
			664	654
			665	654
			666	654
			667	654
			668	654
			669	654
			670	654
			671	654
			672	653
			673	653
			674	653
			675	653
			676	653
			677	653
			678	653
			679	653
			680	652
			681	652
			682	652
			683	652
			684	652
			685	652
			686	652
			687	652
			688	651
			689	651
			690	651
			691	651
			692	651
			693	651
			694	651
			695	650
			696	650
			697	650
			698	650
			699	650
			700	650
			701	650
			702	649
			703	649
			704	649
			705	649
			706	649
			707	649
			708	648
			709	648
			710	648
			711	648
			712	648
			713	648
			714	647
			715	647
			716	647
			717	647
			718	647
			719	647
			720	646
			721	646
			722	646
			723	646
			724	646
			725	645
			726	645
			727	645
			728	645
			729	645
			730	645
			731	644
			732	644
			733	644
			734	644
			735	644
			736	643
			737	643
			738	643
			739	643
			740	643
			741	643
			742	642
			743	642
			744	642
			745	642
			746	642
			746	641
			747	641
			748	641
			749	641
			750	641
			751	640
			752	640
			753	640
			754	640
			755	640
			756	639
			757	639
			758	639
			759	639
			760	638
			761	638
			762	638
			763	638
			764	638
			765	637
			766	637
			767	637
			768	637
			769	636
			770	636
			771	636
			772	636
			773	635
			774	635
			775	635
			776	635
			777	634
			778	634
			779	634
			780	634
			781	633
			782	633
			783	633
			784	633
			785	632
			786	632
			787	632
			788	632
			789	631
			790	631
			791	631
			792	631
			793	630
			794	630
			795	630
			796	630
			797	629
			798	629
			799	629
			800	628
			801	628
			802	628
			803	628
			804	627
			805	627
			806	627
			807	626
			808	626
			809	626
			810	626
			811	625
			812	625
			813	625
			814	624
			815	624
			816	624
			817	624
			818	623
			819	623
			820	623
			821	622
			822	622
			823	622
			824	622
			825	621
			826	621
			827	621
			828	620
			829	620
			830	620
			831	619
			832	619
			833	619
			834	618
			835	618
			836	618
			837	617
			838	617
			839	617
			840	617
			841	616
			842	616
			843	616
			844	615
			845	615
			846	615
			847	614
			848	614
			849	614
			850	613
			851	613
			852	613
			853	612
			854	612
			855	612
			856	611
			857	611
			858	610
			859	610
			860	610
			861	609
			862	609
			863	609
			863	608
			864	608
			865	607
			866	607
			867	606
			868	605
			869	605
			870	604
			871	604
			872	603
			873	602
			874	602
			875	601
			876	601
			877	600
			878	600
			879	599
			880	598
			881	597
			882	597
			883	596
			884	596
			885	595
			886	594
			887	594
			888	593
			889	593
			889	592
			890	592
			891	591
			892	591
			893	590
			894	589
			895	589
			896	588
			897	588
			898	587
			899	586
			900	586
			901	585
			902	585
			902	584
			903	583
			904	583
			905	582
			906	581
			907	581
			908	580
			909	580
			910	579
			911	578
			912	578
			913	577
			914	576
			915	575
			916	575
			917	574
			918	574
			918	573
			919	573
			920	572
			921	571
			922	571
			923	570
			924	569
			925	569
			926	568
			927	567
			928	566
			929	566
			930	565
			931	565
			932	564
			933	563
			934	563
			934	562
			935	561
			936	561
			937	560
			938	559
			939	559
			940	558
			941	558
			941	557
			942	556
			943	556
			944	555
			945	554
			946	554
			947	553
			947	552
			948	552
			949	551
			950	550
			951	550
			952	549
			953	549
			953	548
			954	547
			955	547
			956	546
			957	545
			958	545
			958	544
			959	543
			960	543
			961	542
			962	541
			963	541
			963	540
			964	539
			965	539
			966	538
			967	537
			968	536
			969	535
			970	535
			971	534
			972	533
			973	532
			974	531
			975	531
			976	530
			977	529
			978	528
			979	528
			980	527
			980	526
			981	525
			982	524
			983	524
			984	523
			985	522
			986	521
			987	520
			988	520
			989	519
			990	518
			991	517
			991	516
			992	516
			993	515
			994	514
			995	513
			996	512
			997	512
			998	511
			998	510
			999	509
			1000	508
			1001	508
			1002	507
			1003	506
			1004	505
			1004	504
			1005	504
			1006	503
			1007	502
			1008	501
			1009	500
			1010	499
			1011	498
			1012	497
			1013	496
			1014	495
			1015	494
			1016	493
			1017	492
			1018	491
			1019	490
			1020	489
			1021	488
			1022	487
			1023	486
			1024	485
			1025	484
			1026	483
			1027	482
			1028	481
			1028	480
			1029	479
			1030	478
			1031	477
			1032	476
			1033	475
			1034	474
			1035	473
			1036	472
			1036	471
			1037	470
			1038	470
			1039	469
			1040	468
			1041	467
			1042	466
			1042	465
			1043	464
			1044	463
			1045	462
			1046	461
			1047	460
			1047	459
			1048	458
			1049	457
			1050	456
			1051	455
			1052	454
			1052	453
			1053	452
			1054	452
			1055	451
			1056	450
			1057	449
			1058	448
			1058	447
			1059	446
			1060	445
			1061	444
			1062	443
			1063	442
			1064	441
			1065	440
			1066	439
			1066	438
			1067	437
			1068	436
			1068	435
			1069	435
			1069	434
			1070	433
			1070	432
			1071	432
			1071	431
			1072	430
			1073	429
			1073	428
			1074	427
			1074	426
			1075	425
			1075	424
			1076	423
			1077	422
			1077	421
			1078	420
			1079	419
			1079	418
			1079	417
			1080	416
			1080	415
			1081	414
			1081	413
			1082	412
			1082	411
			1083	410
			1083	409
			1084	408
			1084	407
			1084	406
			1085	406
			1085	405
			1085	404
			1086	403
			1086	402
			1087	401
			1087	400
			1087	399
			1088	398
			1088	397
			1088	396
			1089	396
			1089	395
			1089	394
			1090	393
			1090	392
			1090	391
			1090	390
			1091	389
			1091	388
			1092	387
			1092	386
			1092	385
			1092	384
			1093	384
			1093	383
			1093	382
			1093	381
			1094	380
			1094	379
			1094	378
			1095	377
			1095	376
			1095	375
			1095	374
			1096	373
			1096	372
			1096	371
			1096	370
			1097	369
			1097	368
			1097	367
			1097	366
			1097	365
			1098	364
			1098	363
			1098	362
			1098	361
			1099	360
			1099	359
			1099	358
			1099	357
			1099	356
			1099	355
			1100	354
			1100	353
			1100	352
			1100	351
			1100	350
			1101	349
			1101	348
			1101	347
			1101	346
			1101	345
			1101	344
			1102	344
			1102	343
			1102	342
			1102	341
			1102	340
			1102	339
			1102	338
			1103	337
			1103	336
			1103	335
			1103	334
			1103	333
			1103	332
			1103	331
			1103	330
			1104	330
			1104	329
			1104	328
			1104	327
			1104	326
			1104	325
			1104	324
			1104	323
			1103	322
			1103	321
			1103	320
			1103	319
			1102	318
			1102	317
			1102	316
			1102	315
			1102	314
			1101	313
			1101	312
			1101	311
			1101	310
			1101	309
			1100	308
			1100	307
			1100	306
			1100	305
			1100	304
			1099	303
			1099	302
			1099	301
			1098	300
			1098	299
			1098	298
			1098	297
			1097	296
			1097	295
			1097	294
			1097	293
			1096	293
			1096	292
			1096	291
			1096	290
			1096	289
			1095	289
			1095	288
			1095	287
			1095	286
			1094	286
			1094	285
			1094	284
			1094	283
			1093	282
			1093	281
			1093	280
			1092	279
			1092	278
			1092	277
			1091	276
			1091	275
			1091	274
			1090	273
			1090	272
			1090	271
			1089	270
			1089	269
			1088	268
			1088	267
			1088	266
			1087	265
			1087	264
			1087	263
			1086	262
			1086	261
			1086	260
			1085	259
			1085	258
			1084	257
			1084	256
			1084	255
			1083	254
			1083	253
			1082	252
			1082	251
			1082	250
			1081	249
			1081	248
			1080	247
			1080	246
			1079	245
			1079	244
			1079	243
			1078	242
			1078	241
			1077	240
			1077	239
			1076	238
			1076	237
			1076	236
			1075	235
			1075	234
			1074	233
			1073	232
			1073	231
			1073	230
			1072	229
			1072	228
			1071	227
			1070	226
			1070	225
			1070	224
			1069	223
			1069	222
			1068	222
			1068	221
			1067	220
			1067	219
			1067	218
			1066	217
			1065	216
			1065	215
			1064	214
			1064	213
			1063	212
			1062	211
			1062	210
			1061	209
			1061	208
			1060	207
			1060	206
			1059	205
			1058	204
			1058	203
			1057	202
			1057	201
			1056	200
			1055	199
			1055	198
			1054	197
			1054	196
			1053	195
			1052	194
			1052	193
			1051	192
			1051	191
			1050	190
			1049	189
			1049	188
			1048	187
			1047	186
			1047	185
			1046	184
			1046	183
			1045	182
			1044	181
			1044	180
			1043	179
			1042	178
			1042	177
			1041	176
			1040	175
			1040	174
			1039	173
			1038	172
			1037	171
			1037	170
			1036	169
			1035	168
			1035	167
			1034	166
			1033	165
			1033	164
			1032	163
			1031	162
			1030	161
			1030	160
			1029	159
			1028	158
			1027	157
			1027	156
			1026	155
			1025	154
			1024	153
			1024	152
			1023	151
			1022	150
			1021	149
			1020	148
			1019	147
			1018	146
			1018	145
			1017	144
			1016	143
			1015	143
			1014	142
			1013	141
			1012	140
			1011	139
			1010	138
			1009	137
			1008	137
			1007	136
			1006	135
			1005	134
			1004	133
			1003	133
			1002	132
			1001	131
			1000	130
			999	129
			998	129
			997	128
			996	127
			995	127
			994	126
			993	125
			992	125
			991	124
			990	124
			989	123
			988	123
			988	122
			987	122
			986	121
			985	121
			984	120
			983	120
			982	119
			981	118
			980	118
			979	117
			978	116
			977	116
			976	116
			976	115
			975	115
			974	115
			974	114
			973	114
			972	114
			971	113
			970	113
			969	112
			968	112
			967	111
			966	111
			965	111
			965	110
			964	110
			963	110
			962	109
			961	109
			960	109
			960	108
			959	108
			958	107
			957	107
			956	107
			955	106
			954	106
			953	105
			952	105
			951	105
			950	104
			949	104
			948	104
			947	103
			946	103
			945	103
			944	102
			943	102
			942	102
			941	101
			940	101
			939	101
			938	100
			937	100
			936	100
			935	100
			934	99
			933	99
			932	99
			931	98
			930	98
			929	98
			928	98
			927	97
			926	97
			925	97
			924	97
			923	96
			922	96
			921	96
			920	96
			919	95
			918	95
			917	95
			916	95
			915	94
			914	94
			913	94
			912	94
			911	93
			910	93
			909	93
			908	93
			907	93
			906	92
			905	92
			904	92
			903	92
			902	92
			901	91
			900	91
			899	91
			898	91
			897	91
			896	91
			895	90
			894	90
			893	90
			892	90
			891	90
			890	90
			889	90
			888	89
			887	89
			886	89
			885	89
			884	89
			883	89
			882	88
			881	88
			880	88
			879	88
			878	88
			877	88
			876	88
			875	88
			874	87
			873	87
			872	87
			871	87
			870	87
			869	87
			868	87
			867	87
			866	87
			865	86
			864	86
			863	86
			862	86
			861	86
			860	86
			859	86
			858	86
			857	86
			856	86
			855	86
			854	85
			853	85
			852	85
			851	85
			850	85
			849	85
			848	85
			847	85
			846	85
			845	85
			844	85
			843	85
			842	85
			841	85
			840	85
			839	84
			838	84
			837	84
			836	84
			835	84
			834	84
			833	84
			832	84
			831	84
			830	84
			829	84
			828	84
			827	84
			826	84
			825	84
			824	84
			823	84
			822	84
			821	84
			820	84
			819	84
			818	84
			817	84
			816	84
			815	84
			814	84
			813	84
			812	84
			811	84
			810	84
			809	84
			808	84
			807	84
			806	84
			805	84
			804	84
			803	84
			802	84
			801	84
			800	84
			799	84
			798	84
			797	84
			796	84
			795	84
			794	84
			793	84
			792	84
			791	84
			790	84
			789	84
			788	84
			787	84
			786	84
			785	84
			784	84
			783	84
			782	84
			781	84
			780	84
			779	84
			778	84
			777	84
			776	84
			775	84
			774	84
			773	84
			772	84
			771	84
			770	84
			769	84
			768	85
			767	85
			766	85
			765	85
			764	85
			763	85
			762	85
			761	85
			760	85
			759	85
			758	85
			757	85
			756	85
			755	85
			754	85
			753	85
			752	85
			751	85
			750	86
			749	86
			748	86
			747	86
			746	86
			745	86
			744	86
			743	86
		</margin>
	</curves.pixel>
	<ruler.points type=matrix rownames=TRUE colnames=FALSE nrow=2 ncol=2 as.numeric=TRUE >
		Ruler point 1	812	658
		Ruler point 2	1087	661
	</ruler.points>
</shapes>

