<shapes type=list>
	<ruler.pixel type=vector names=FALSE length=1 as.numeric=TRUE >413</ruler.pixel>
	<ruler.interval type=vector names=FALSE length=1 as.numeric=TRUE >0.5</ruler.interval>
	<scaling.units type=vector names=FALSE length=1 as.numeric=FALSE >mm</scaling.units>
	<scaling type=vector names=FALSE length=1 as.numeric=TRUE >0.00121065375302663</scaling>
	<landmarks.pixel type=matrix rownames=TRUE colnames=FALSE nrow=5 ncol=2 as.numeric=TRUE >
		LM1	298	250
		LM2	298	419
		LM4	298	423
		LM5	373	288
		LM7	569	374
	</landmarks.pixel>
	<landmarks.scaled type=matrix rownames=TRUE colnames=FALSE nrow=5 ncol=2 as.numeric=TRUE >
		LM1	0.360774818401937	-0.302663438256659
		LM2	0.360774818401937	-0.50726392251816
		LM4	0.360774818401937	-0.512106537530266
		LM5	0.451573849878935	-0.348668280871671
		LM7	0.688861985472155	-0.452784503631961
	</landmarks.scaled>
	<curves.control type=list>
		<axis type=matrix rownames=FALSE colnames=FALSE nrow=13 ncol=2 as.numeric=TRUE >
			298	250
			352	251
			374	289
			372	295
			363	301
			372	314
			360	326
			366	343
			352	358
			358	377
			340	384
			336	414
			298	419
		</axis>
		<margin type=matrix rownames=FALSE colnames=FALSE nrow=7 ncol=2 as.numeric=TRUE >
			298	423
			385	418
			455	401
			526	386
			569	375
			534	262
			373	288
		</margin>
	</curves.control>
	<curves.pixel type=list>
		<axis type=matrix rownames=FALSE colnames=FALSE nrow=243 ncol=2 as.numeric=TRUE >
			298	250
			299	250
			300	250
			301	250
			302	250
			303	250
			304	250
			305	250
			306	250
			307	250
			308	251
			309	251
			310	251
			311	251
			312	251
			313	251
			314	251
			315	251
			316	252
			317	252
			318	252
			319	252
			320	252
			321	252
			322	253
			323	253
			324	253
			325	253
			326	254
			327	254
			328	254
			329	254
			330	255
			331	255
			332	255
			333	256
			334	256
			335	256
			336	257
			337	257
			338	258
			339	258
			340	258
			341	259
			342	259
			343	260
			344	260
			345	261
			346	261
			347	262
			348	262
			349	263
			350	263
			351	264
			351	265
			352	265
			353	266
			354	266
			355	267
			356	268
			357	269
			358	270
			359	270
			360	271
			361	272
			362	273
			363	274
			363	275
			364	276
			365	277
			366	278
			367	279
			368	279
			368	280
			369	281
			370	282
			370	283
			371	284
			372	285
			372	286
			373	287
			373	288
			374	288
			374	289
			374	290
			373	291
			373	292
			372	293
			371	294
			371	295
			370	296
			369	297
			368	297
			367	298
			366	299
			365	300
			364	301
			363	302
			364	303
			365	304
			365	305
			366	306
			366	307
			366	308
			367	309
			367	310
			367	311
			367	312
			367	313
			367	314
			366	315
			366	316
			366	317
			366	318
			365	318
			365	319
			365	320
			364	320
			364	321
			364	322
			363	322
			363	323
			362	324
			361	325
			360	326
			360	327
			361	328
			361	329
			361	330
			361	331
			362	332
			362	333
			362	334
			362	335
			362	336
			362	337
			362	338
			362	339
			362	340
			361	341
			361	342
			361	343
			360	344
			360	345
			360	346
			359	347
			359	348
			359	349
			358	350
			357	351
			357	352
			356	353
			356	354
			355	354
			355	355
			354	356
			353	357
			352	358
			352	359
			353	360
			353	361
			353	362
			353	363
			353	364
			353	365
			353	366
			353	367
			353	368
			353	369
			353	370
			353	371
			353	372
			352	373
			352	374
			352	375
			351	376
			350	377
			349	378
			348	379
			347	380
			346	381
			345	381
			344	382
			343	383
			342	383
			341	384
			340	384
			340	385
			340	386
			340	387
			339	388
			339	389
			339	390
			338	391
			338	392
			338	393
			337	394
			337	395
			337	396
			336	397
			335	398
			335	399
			334	400
			334	401
			333	402
			332	403
			332	404
			331	405
			330	405
			329	406
			328	407
			327	408
			326	409
			325	410
			324	410
			323	411
			322	411
			322	412
			321	412
			320	413
			319	413
			318	413
			317	414
			316	415
			315	415
			314	415
			313	416
			312	416
			311	416
			310	417
			309	417
			308	417
			307	417
			306	417
			306	418
			305	418
			304	418
			303	418
			302	418
			301	419
			300	419
			299	419
			298	419
		</axis>
		<margin type=matrix rownames=FALSE colnames=FALSE nrow=500 ncol=2 as.numeric=TRUE >
			298	423
			299	423
			300	423
			301	423
			302	423
			303	423
			304	423
			305	423
			306	423
			307	422
			308	422
			309	422
			310	422
			311	422
			312	422
			313	422
			314	422
			315	422
			316	422
			317	422
			318	422
			319	422
			320	422
			321	421
			322	421
			323	421
			324	421
			325	421
			326	421
			327	421
			328	421
			329	421
			330	421
			331	421
			332	421
			333	420
			334	420
			335	420
			336	420
			337	420
			338	420
			339	420
			340	420
			341	420
			342	420
			343	420
			344	419
			345	419
			346	419
			347	419
			348	419
			349	419
			350	419
			351	419
			352	419
			353	418
			354	418
			355	418
			356	418
			357	418
			358	418
			359	418
			360	418
			361	418
			362	417
			363	417
			364	417
			365	417
			366	417
			367	417
			368	417
			369	417
			370	416
			371	416
			372	416
			373	416
			374	416
			375	416
			376	416
			377	416
			378	415
			379	415
			380	415
			381	415
			382	415
			383	415
			384	415
			385	414
			386	414
			387	414
			388	414
			389	414
			390	414
			391	413
			392	413
			393	413
			394	413
			395	413
			396	413
			397	413
			398	412
			399	412
			400	412
			401	412
			402	412
			403	412
			404	411
			405	411
			406	411
			407	411
			408	411
			409	411
			410	410
			411	410
			412	410
			413	410
			414	410
			415	409
			416	409
			417	409
			418	409
			419	409
			420	409
			421	408
			422	408
			423	408
			424	408
			425	408
			426	407
			427	407
			428	407
			429	407
			430	407
			431	406
			432	406
			433	406
			434	406
			435	406
			435	405
			436	405
			437	405
			438	405
			439	405
			440	404
			441	404
			442	404
			443	404
			444	404
			445	403
			446	403
			447	403
			448	403
			449	402
			450	402
			451	402
			452	402
			453	402
			454	401
			455	401
			456	401
			457	401
			458	400
			459	400
			460	400
			461	400
			462	400
			463	399
			464	399
			465	399
			466	399
			467	398
			468	398
			469	398
			470	398
			471	398
			472	397
			473	397
			474	397
			475	397
			476	397
			477	396
			478	396
			479	396
			480	396
			481	396
			481	395
			482	395
			483	395
			484	395
			485	395
			486	394
			487	394
			488	394
			489	394
			490	394
			490	393
			491	393
			492	393
			493	393
			494	393
			495	392
			496	392
			497	392
			498	392
			499	391
			500	391
			501	391
			502	391
			503	391
			504	390
			505	390
			506	390
			507	390
			508	389
			509	389
			510	389
			511	389
			512	388
			513	388
			514	388
			515	388
			516	388
			517	387
			518	387
			519	387
			520	387
			521	387
			522	386
			523	386
			524	386
			525	386
			526	385
			527	385
			528	385
			529	385
			530	384
			531	384
			532	384
			533	384
			534	384
			535	383
			536	383
			537	383
			538	383
			538	382
			539	382
			540	382
			541	382
			542	382
			543	381
			544	381
			545	381
			546	381
			547	381
			547	380
			548	380
			549	380
			550	380
			551	380
			552	379
			553	379
			554	379
			555	378
			556	378
			557	378
			558	378
			559	378
			560	377
			561	377
			562	377
			563	377
			564	376
			565	376
			566	376
			567	376
			568	375
			569	374
			568	373
			568	372
			568	371
			567	370
			567	369
			566	368
			566	367
			566	366
			565	365
			565	364
			565	363
			564	362
			564	361
			563	360
			563	359
			563	358
			562	357
			562	356
			561	355
			561	354
			560	353
			560	352
			559	351
			559	350
			558	349
			558	348
			557	347
			556	346
			556	345
			556	344
			555	343
			554	342
			553	341
			553	340
			552	339
			552	338
			551	337
			551	336
			550	336
			550	335
			549	334
			548	333
			547	332
			547	331
			546	330
			545	329
			544	328
			544	327
			543	326
			542	325
			541	325
			541	324
			540	323
			539	322
			538	321
			537	320
			536	319
			535	318
			534	317
			533	316
			532	315
			531	314
			530	313
			529	313
			528	312
			527	312
			527	311
			526	310
			525	310
			524	309
			523	308
			522	307
			521	307
			520	306
			519	306
			518	305
			517	304
			516	304
			515	303
			514	302
			513	302
			512	301
			511	301
			510	300
			509	300
			508	299
			507	299
			506	299
			505	298
			504	297
			503	297
			502	296
			501	296
			500	296
			499	295
			498	295
			497	294
			496	294
			495	294
			494	293
			493	293
			492	293
			491	292
			490	292
			489	292
			488	291
			487	291
			486	291
			485	290
			484	290
			483	290
			482	289
			481	289
			480	289
			479	289
			478	288
			477	288
			476	288
			475	288
			474	288
			473	287
			472	287
			471	287
			470	287
			469	287
			468	286
			467	286
			466	286
			465	286
			464	286
			463	286
			462	285
			461	285
			460	285
			459	285
			458	285
			457	285
			456	285
			455	285
			455	284
			454	284
			453	284
			452	284
			451	284
			450	284
			449	284
			448	284
			447	284
			446	284
			445	284
			444	284
			443	284
			442	283
			441	283
			440	283
			439	283
			438	283
			437	283
			436	283
			435	283
			434	283
			433	283
			432	283
			431	283
			430	283
			429	283
			428	283
			427	283
			426	283
			425	283
			424	283
			423	283
			422	283
			421	283
			420	283
			419	283
			418	283
			417	283
			416	283
			415	283
			414	284
			413	284
			412	284
			411	284
			410	284
			409	284
			408	284
			407	284
			406	284
			405	284
			404	284
			403	284
			402	284
			401	284
			400	284
			399	285
			398	285
			397	285
			396	285
			395	285
			394	285
			393	285
			392	285
			391	285
			391	286
			390	286
			389	286
			388	286
			387	286
			386	286
			385	286
			384	286
			383	287
			382	287
			381	287
			380	287
			379	287
			378	287
			377	287
			376	288
			375	288
			374	288
			373	288
		</margin>
	</curves.pixel>
	<curves.scaled type=list>
		<axis type=matrix rownames=FALSE colnames=FALSE nrow=243 ncol=2 as.numeric=TRUE >
			0.360774818401937	-0.302663438256659
			0.361985472154964	-0.302663438256659
			0.36319612590799	-0.302663438256659
			0.364406779661017	-0.302663438256659
			0.365617433414044	-0.302663438256659
			0.36682808716707	-0.302663438256659
			0.368038740920097	-0.302663438256659
			0.369249394673124	-0.302663438256659
			0.37046004842615	-0.302663438256659
			0.371670702179177	-0.302663438256659
			0.372881355932203	-0.303874092009685
			0.37409200968523	-0.303874092009685
			0.375302663438257	-0.303874092009685
			0.376513317191283	-0.303874092009685
			0.37772397094431	-0.303874092009685
			0.378934624697337	-0.303874092009685
			0.380145278450363	-0.303874092009685
			0.38135593220339	-0.303874092009685
			0.382566585956416	-0.305084745762712
			0.383777239709443	-0.305084745762712
			0.38498789346247	-0.305084745762712
			0.386198547215496	-0.305084745762712
			0.387409200968523	-0.305084745762712
			0.38861985472155	-0.305084745762712
			0.389830508474576	-0.306295399515739
			0.391041162227603	-0.306295399515739
			0.39225181598063	-0.306295399515739
			0.393462469733656	-0.306295399515739
			0.394673123486683	-0.307506053268765
			0.395883777239709	-0.307506053268765
			0.397094430992736	-0.307506053268765
			0.398305084745763	-0.307506053268765
			0.399515738498789	-0.308716707021792
			0.400726392251816	-0.308716707021792
			0.401937046004843	-0.308716707021792
			0.403147699757869	-0.309927360774818
			0.404358353510896	-0.309927360774818
			0.405569007263923	-0.309927360774818
			0.406779661016949	-0.311138014527845
			0.407990314769976	-0.311138014527845
			0.409200968523002	-0.312348668280872
			0.410411622276029	-0.312348668280872
			0.411622276029056	-0.312348668280872
			0.412832929782082	-0.313559322033898
			0.414043583535109	-0.313559322033898
			0.415254237288136	-0.314769975786925
			0.416464891041162	-0.314769975786925
			0.417675544794189	-0.315980629539952
			0.418886198547216	-0.315980629539952
			0.420096852300242	-0.317191283292978
			0.421307506053269	-0.317191283292978
			0.422518159806295	-0.318401937046005
			0.423728813559322	-0.318401937046005
			0.424939467312349	-0.319612590799031
			0.424939467312349	-0.320823244552058
			0.426150121065375	-0.320823244552058
			0.427360774818402	-0.322033898305085
			0.428571428571429	-0.322033898305085
			0.429782082324455	-0.323244552058111
			0.430992736077482	-0.324455205811138
			0.432203389830508	-0.325665859564165
			0.433414043583535	-0.326876513317191
			0.434624697336562	-0.326876513317191
			0.435835351089588	-0.328087167070218
			0.437046004842615	-0.329297820823245
			0.438256658595642	-0.330508474576271
			0.439467312348668	-0.331719128329298
			0.439467312348668	-0.332929782082324
			0.440677966101695	-0.334140435835351
			0.441888619854722	-0.335351089588378
			0.443099273607748	-0.336561743341404
			0.444309927360775	-0.337772397094431
			0.445520581113801	-0.337772397094431
			0.445520581113801	-0.338983050847458
			0.446731234866828	-0.340193704600484
			0.447941888619855	-0.341404358353511
			0.447941888619855	-0.342615012106538
			0.449152542372881	-0.343825665859564
			0.450363196125908	-0.345036319612591
			0.450363196125908	-0.346246973365617
			0.451573849878935	-0.347457627118644
			0.451573849878935	-0.348668280871671
			0.452784503631961	-0.348668280871671
			0.452784503631961	-0.349878934624697
			0.452784503631961	-0.351089588377724
			0.451573849878935	-0.352300242130751
			0.451573849878935	-0.353510895883777
			0.450363196125908	-0.354721549636804
			0.449152542372881	-0.355932203389831
			0.449152542372881	-0.357142857142857
			0.447941888619855	-0.358353510895884
			0.446731234866828	-0.35956416464891
			0.445520581113801	-0.35956416464891
			0.444309927360775	-0.360774818401937
			0.443099273607748	-0.361985472154964
			0.441888619854722	-0.36319612590799
			0.440677966101695	-0.364406779661017
			0.439467312348668	-0.365617433414044
			0.440677966101695	-0.36682808716707
			0.441888619854722	-0.368038740920097
			0.441888619854722	-0.369249394673124
			0.443099273607748	-0.37046004842615
			0.443099273607748	-0.371670702179177
			0.443099273607748	-0.372881355932203
			0.444309927360775	-0.37409200968523
			0.444309927360775	-0.375302663438257
			0.444309927360775	-0.376513317191283
			0.444309927360775	-0.37772397094431
			0.444309927360775	-0.378934624697337
			0.444309927360775	-0.380145278450363
			0.443099273607748	-0.38135593220339
			0.443099273607748	-0.382566585956416
			0.443099273607748	-0.383777239709443
			0.443099273607748	-0.38498789346247
			0.441888619854722	-0.38498789346247
			0.441888619854722	-0.386198547215496
			0.441888619854722	-0.387409200968523
			0.440677966101695	-0.387409200968523
			0.440677966101695	-0.38861985472155
			0.440677966101695	-0.389830508474576
			0.439467312348668	-0.389830508474576
			0.439467312348668	-0.391041162227603
			0.438256658595642	-0.39225181598063
			0.437046004842615	-0.393462469733656
			0.435835351089588	-0.394673123486683
			0.435835351089588	-0.395883777239709
			0.437046004842615	-0.397094430992736
			0.437046004842615	-0.398305084745763
			0.437046004842615	-0.399515738498789
			0.437046004842615	-0.400726392251816
			0.438256658595642	-0.401937046004843
			0.438256658595642	-0.403147699757869
			0.438256658595642	-0.404358353510896
			0.438256658595642	-0.405569007263923
			0.438256658595642	-0.406779661016949
			0.438256658595642	-0.407990314769976
			0.438256658595642	-0.409200968523002
			0.438256658595642	-0.410411622276029
			0.438256658595642	-0.411622276029056
			0.437046004842615	-0.412832929782082
			0.437046004842615	-0.414043583535109
			0.437046004842615	-0.415254237288136
			0.435835351089588	-0.416464891041162
			0.435835351089588	-0.417675544794189
			0.435835351089588	-0.418886198547216
			0.434624697336562	-0.420096852300242
			0.434624697336562	-0.421307506053269
			0.434624697336562	-0.422518159806295
			0.433414043583535	-0.423728813559322
			0.432203389830508	-0.424939467312349
			0.432203389830508	-0.426150121065375
			0.430992736077482	-0.427360774818402
			0.430992736077482	-0.428571428571429
			0.429782082324455	-0.428571428571429
			0.429782082324455	-0.429782082324455
			0.428571428571429	-0.430992736077482
			0.427360774818402	-0.432203389830508
			0.426150121065375	-0.433414043583535
			0.426150121065375	-0.434624697336562
			0.427360774818402	-0.435835351089588
			0.427360774818402	-0.437046004842615
			0.427360774818402	-0.438256658595642
			0.427360774818402	-0.439467312348668
			0.427360774818402	-0.440677966101695
			0.427360774818402	-0.441888619854722
			0.427360774818402	-0.443099273607748
			0.427360774818402	-0.444309927360775
			0.427360774818402	-0.445520581113801
			0.427360774818402	-0.446731234866828
			0.427360774818402	-0.447941888619855
			0.427360774818402	-0.449152542372881
			0.427360774818402	-0.450363196125908
			0.426150121065375	-0.451573849878935
			0.426150121065375	-0.452784503631961
			0.426150121065375	-0.453995157384988
			0.424939467312349	-0.455205811138015
			0.423728813559322	-0.456416464891041
			0.422518159806295	-0.457627118644068
			0.421307506053269	-0.458837772397094
			0.420096852300242	-0.460048426150121
			0.418886198547216	-0.461259079903148
			0.417675544794189	-0.461259079903148
			0.416464891041162	-0.462469733656174
			0.415254237288136	-0.463680387409201
			0.414043583535109	-0.463680387409201
			0.412832929782082	-0.464891041162228
			0.411622276029056	-0.464891041162228
			0.411622276029056	-0.466101694915254
			0.411622276029056	-0.467312348668281
			0.411622276029056	-0.468523002421308
			0.410411622276029	-0.469733656174334
			0.410411622276029	-0.470944309927361
			0.410411622276029	-0.472154963680387
			0.409200968523002	-0.473365617433414
			0.409200968523002	-0.474576271186441
			0.409200968523002	-0.475786924939467
			0.407990314769976	-0.476997578692494
			0.407990314769976	-0.478208232445521
			0.407990314769976	-0.479418886198547
			0.406779661016949	-0.480629539951574
			0.405569007263923	-0.481840193704601
			0.405569007263923	-0.483050847457627
			0.404358353510896	-0.484261501210654
			0.404358353510896	-0.48547215496368
			0.403147699757869	-0.486682808716707
			0.401937046004843	-0.487893462469734
			0.401937046004843	-0.48910411622276
			0.400726392251816	-0.490314769975787
			0.399515738498789	-0.490314769975787
			0.398305084745763	-0.491525423728814
			0.397094430992736	-0.49273607748184
			0.395883777239709	-0.493946731234867
			0.394673123486683	-0.495157384987893
			0.393462469733656	-0.49636803874092
			0.39225181598063	-0.49636803874092
			0.391041162227603	-0.497578692493947
			0.389830508474576	-0.497578692493947
			0.389830508474576	-0.498789346246973
			0.38861985472155	-0.498789346246973
			0.387409200968523	-0.5
			0.386198547215496	-0.5
			0.38498789346247	-0.5
			0.383777239709443	-0.501210653753027
			0.382566585956416	-0.502421307506053
			0.38135593220339	-0.502421307506053
			0.380145278450363	-0.502421307506053
			0.378934624697337	-0.50363196125908
			0.37772397094431	-0.50363196125908
			0.376513317191283	-0.50363196125908
			0.375302663438257	-0.504842615012107
			0.37409200968523	-0.504842615012107
			0.372881355932203	-0.504842615012107
			0.371670702179177	-0.504842615012107
			0.37046004842615	-0.504842615012107
			0.37046004842615	-0.506053268765133
			0.369249394673124	-0.506053268765133
			0.368038740920097	-0.506053268765133
			0.36682808716707	-0.506053268765133
			0.365617433414044	-0.506053268765133
			0.364406779661017	-0.50726392251816
			0.36319612590799	-0.50726392251816
			0.361985472154964	-0.50726392251816
			0.360774818401937	-0.50726392251816
		</axis>
		<margin type=matrix rownames=FALSE colnames=FALSE nrow=500 ncol=2 as.numeric=TRUE >
			0.360774818401937	-0.512106537530266
			0.361985472154964	-0.512106537530266
			0.36319612590799	-0.512106537530266
			0.364406779661017	-0.512106537530266
			0.365617433414044	-0.512106537530266
			0.36682808716707	-0.512106537530266
			0.368038740920097	-0.512106537530266
			0.369249394673124	-0.512106537530266
			0.37046004842615	-0.512106537530266
			0.371670702179177	-0.51089588377724
			0.372881355932203	-0.51089588377724
			0.37409200968523	-0.51089588377724
			0.375302663438257	-0.51089588377724
			0.376513317191283	-0.51089588377724
			0.37772397094431	-0.51089588377724
			0.378934624697337	-0.51089588377724
			0.380145278450363	-0.51089588377724
			0.38135593220339	-0.51089588377724
			0.382566585956416	-0.51089588377724
			0.383777239709443	-0.51089588377724
			0.38498789346247	-0.51089588377724
			0.386198547215496	-0.51089588377724
			0.387409200968523	-0.51089588377724
			0.38861985472155	-0.509685230024213
			0.389830508474576	-0.509685230024213
			0.391041162227603	-0.509685230024213
			0.39225181598063	-0.509685230024213
			0.393462469733656	-0.509685230024213
			0.394673123486683	-0.509685230024213
			0.395883777239709	-0.509685230024213
			0.397094430992736	-0.509685230024213
			0.398305084745763	-0.509685230024213
			0.399515738498789	-0.509685230024213
			0.400726392251816	-0.509685230024213
			0.401937046004843	-0.509685230024213
			0.403147699757869	-0.508474576271186
			0.404358353510896	-0.508474576271186
			0.405569007263923	-0.508474576271186
			0.406779661016949	-0.508474576271186
			0.407990314769976	-0.508474576271186
			0.409200968523002	-0.508474576271186
			0.410411622276029	-0.508474576271186
			0.411622276029056	-0.508474576271186
			0.412832929782082	-0.508474576271186
			0.414043583535109	-0.508474576271186
			0.415254237288136	-0.508474576271186
			0.416464891041162	-0.50726392251816
			0.417675544794189	-0.50726392251816
			0.418886198547216	-0.50726392251816
			0.420096852300242	-0.50726392251816
			0.421307506053269	-0.50726392251816
			0.422518159806295	-0.50726392251816
			0.423728813559322	-0.50726392251816
			0.424939467312349	-0.50726392251816
			0.426150121065375	-0.50726392251816
			0.427360774818402	-0.506053268765133
			0.428571428571429	-0.506053268765133
			0.429782082324455	-0.506053268765133
			0.430992736077482	-0.506053268765133
			0.432203389830508	-0.506053268765133
			0.433414043583535	-0.506053268765133
			0.434624697336562	-0.506053268765133
			0.435835351089588	-0.506053268765133
			0.437046004842615	-0.506053268765133
			0.438256658595642	-0.504842615012107
			0.439467312348668	-0.504842615012107
			0.440677966101695	-0.504842615012107
			0.441888619854722	-0.504842615012107
			0.443099273607748	-0.504842615012107
			0.444309927360775	-0.504842615012107
			0.445520581113801	-0.504842615012107
			0.446731234866828	-0.504842615012107
			0.447941888619855	-0.50363196125908
			0.449152542372881	-0.50363196125908
			0.450363196125908	-0.50363196125908
			0.451573849878935	-0.50363196125908
			0.452784503631961	-0.50363196125908
			0.453995157384988	-0.50363196125908
			0.455205811138015	-0.50363196125908
			0.456416464891041	-0.50363196125908
			0.457627118644068	-0.502421307506053
			0.458837772397094	-0.502421307506053
			0.460048426150121	-0.502421307506053
			0.461259079903148	-0.502421307506053
			0.462469733656174	-0.502421307506053
			0.463680387409201	-0.502421307506053
			0.464891041162228	-0.502421307506053
			0.466101694915254	-0.501210653753027
			0.467312348668281	-0.501210653753027
			0.468523002421308	-0.501210653753027
			0.469733656174334	-0.501210653753027
			0.470944309927361	-0.501210653753027
			0.472154963680387	-0.501210653753027
			0.473365617433414	-0.5
			0.474576271186441	-0.5
			0.475786924939467	-0.5
			0.476997578692494	-0.5
			0.478208232445521	-0.5
			0.479418886198547	-0.5
			0.480629539951574	-0.5
			0.481840193704601	-0.498789346246973
			0.483050847457627	-0.498789346246973
			0.484261501210654	-0.498789346246973
			0.48547215496368	-0.498789346246973
			0.486682808716707	-0.498789346246973
			0.487893462469734	-0.498789346246973
			0.48910411622276	-0.497578692493947
			0.490314769975787	-0.497578692493947
			0.491525423728814	-0.497578692493947
			0.49273607748184	-0.497578692493947
			0.493946731234867	-0.497578692493947
			0.495157384987893	-0.497578692493947
			0.49636803874092	-0.49636803874092
			0.497578692493947	-0.49636803874092
			0.498789346246973	-0.49636803874092
			0.5	-0.49636803874092
			0.501210653753027	-0.49636803874092
			0.502421307506053	-0.495157384987893
			0.50363196125908	-0.495157384987893
			0.504842615012107	-0.495157384987893
			0.506053268765133	-0.495157384987893
			0.50726392251816	-0.495157384987893
			0.508474576271186	-0.495157384987893
			0.509685230024213	-0.493946731234867
			0.51089588377724	-0.493946731234867
			0.512106537530266	-0.493946731234867
			0.513317191283293	-0.493946731234867
			0.51452784503632	-0.493946731234867
			0.515738498789346	-0.49273607748184
			0.516949152542373	-0.49273607748184
			0.5181598062954	-0.49273607748184
			0.519370460048426	-0.49273607748184
			0.520581113801453	-0.49273607748184
			0.521791767554479	-0.491525423728814
			0.523002421307506	-0.491525423728814
			0.524213075060533	-0.491525423728814
			0.525423728813559	-0.491525423728814
			0.526634382566586	-0.491525423728814
			0.526634382566586	-0.490314769975787
			0.527845036319613	-0.490314769975787
			0.529055690072639	-0.490314769975787
			0.530266343825666	-0.490314769975787
			0.531476997578692	-0.490314769975787
			0.532687651331719	-0.48910411622276
			0.533898305084746	-0.48910411622276
			0.535108958837772	-0.48910411622276
			0.536319612590799	-0.48910411622276
			0.537530266343826	-0.48910411622276
			0.538740920096852	-0.487893462469734
			0.539951573849879	-0.487893462469734
			0.541162227602906	-0.487893462469734
			0.542372881355932	-0.487893462469734
			0.543583535108959	-0.486682808716707
			0.544794188861985	-0.486682808716707
			0.546004842615012	-0.486682808716707
			0.547215496368039	-0.486682808716707
			0.548426150121065	-0.486682808716707
			0.549636803874092	-0.48547215496368
			0.550847457627119	-0.48547215496368
			0.552058111380145	-0.48547215496368
			0.553268765133172	-0.48547215496368
			0.554479418886199	-0.484261501210654
			0.555690072639225	-0.484261501210654
			0.556900726392252	-0.484261501210654
			0.558111380145279	-0.484261501210654
			0.559322033898305	-0.484261501210654
			0.560532687651332	-0.483050847457627
			0.561743341404358	-0.483050847457627
			0.562953995157385	-0.483050847457627
			0.564164648910412	-0.483050847457627
			0.565375302663438	-0.481840193704601
			0.566585956416465	-0.481840193704601
			0.567796610169492	-0.481840193704601
			0.569007263922518	-0.481840193704601
			0.570217917675545	-0.481840193704601
			0.571428571428572	-0.480629539951574
			0.572639225181598	-0.480629539951574
			0.573849878934625	-0.480629539951574
			0.575060532687651	-0.480629539951574
			0.576271186440678	-0.480629539951574
			0.577481840193705	-0.479418886198547
			0.578692493946731	-0.479418886198547
			0.579903147699758	-0.479418886198547
			0.581113801452785	-0.479418886198547
			0.582324455205811	-0.479418886198547
			0.582324455205811	-0.478208232445521
			0.583535108958838	-0.478208232445521
			0.584745762711864	-0.478208232445521
			0.585956416464891	-0.478208232445521
			0.587167070217918	-0.478208232445521
			0.588377723970944	-0.476997578692494
			0.589588377723971	-0.476997578692494
			0.590799031476998	-0.476997578692494
			0.592009685230024	-0.476997578692494
			0.593220338983051	-0.476997578692494
			0.593220338983051	-0.475786924939467
			0.594430992736077	-0.475786924939467
			0.595641646489104	-0.475786924939467
			0.596852300242131	-0.475786924939467
			0.598062953995157	-0.475786924939467
			0.599273607748184	-0.474576271186441
			0.600484261501211	-0.474576271186441
			0.601694915254237	-0.474576271186441
			0.602905569007264	-0.474576271186441
			0.604116222760291	-0.473365617433414
			0.605326876513317	-0.473365617433414
			0.606537530266344	-0.473365617433414
			0.60774818401937	-0.473365617433414
			0.608958837772397	-0.473365617433414
			0.610169491525424	-0.472154963680387
			0.61138014527845	-0.472154963680387
			0.612590799031477	-0.472154963680387
			0.613801452784504	-0.472154963680387
			0.61501210653753	-0.470944309927361
			0.616222760290557	-0.470944309927361
			0.617433414043584	-0.470944309927361
			0.61864406779661	-0.470944309927361
			0.619854721549637	-0.469733656174334
			0.621065375302663	-0.469733656174334
			0.62227602905569	-0.469733656174334
			0.623486682808717	-0.469733656174334
			0.624697336561743	-0.469733656174334
			0.62590799031477	-0.468523002421308
			0.627118644067797	-0.468523002421308
			0.628329297820823	-0.468523002421308
			0.62953995157385	-0.468523002421308
			0.630750605326877	-0.468523002421308
			0.631961259079903	-0.467312348668281
			0.63317191283293	-0.467312348668281
			0.634382566585956	-0.467312348668281
			0.635593220338983	-0.467312348668281
			0.63680387409201	-0.466101694915254
			0.638014527845036	-0.466101694915254
			0.639225181598063	-0.466101694915254
			0.64043583535109	-0.466101694915254
			0.641646489104116	-0.464891041162228
			0.642857142857143	-0.464891041162228
			0.64406779661017	-0.464891041162228
			0.645278450363196	-0.464891041162228
			0.646489104116223	-0.464891041162228
			0.647699757869249	-0.463680387409201
			0.648910411622276	-0.463680387409201
			0.650121065375303	-0.463680387409201
			0.651331719128329	-0.463680387409201
			0.651331719128329	-0.462469733656174
			0.652542372881356	-0.462469733656174
			0.653753026634383	-0.462469733656174
			0.654963680387409	-0.462469733656174
			0.656174334140436	-0.462469733656174
			0.657384987893462	-0.461259079903148
			0.658595641646489	-0.461259079903148
			0.659806295399516	-0.461259079903148
			0.661016949152542	-0.461259079903148
			0.662227602905569	-0.461259079903148
			0.662227602905569	-0.460048426150121
			0.663438256658596	-0.460048426150121
			0.664648910411622	-0.460048426150121
			0.665859564164649	-0.460048426150121
			0.667070217917676	-0.460048426150121
			0.668280871670702	-0.458837772397094
			0.669491525423729	-0.458837772397094
			0.670702179176755	-0.458837772397094
			0.671912832929782	-0.457627118644068
			0.673123486682809	-0.457627118644068
			0.674334140435835	-0.457627118644068
			0.675544794188862	-0.457627118644068
			0.676755447941889	-0.457627118644068
			0.677966101694915	-0.456416464891041
			0.679176755447942	-0.456416464891041
			0.680387409200969	-0.456416464891041
			0.681598062953995	-0.456416464891041
			0.682808716707022	-0.455205811138015
			0.684019370460048	-0.455205811138015
			0.685230024213075	-0.455205811138015
			0.686440677966102	-0.455205811138015
			0.687651331719128	-0.453995157384988
			0.688861985472155	-0.452784503631961
			0.687651331719128	-0.451573849878935
			0.687651331719128	-0.450363196125908
			0.687651331719128	-0.449152542372881
			0.686440677966102	-0.447941888619855
			0.686440677966102	-0.446731234866828
			0.685230024213075	-0.445520581113801
			0.685230024213075	-0.444309927360775
			0.685230024213075	-0.443099273607748
			0.684019370460048	-0.441888619854722
			0.684019370460048	-0.440677966101695
			0.684019370460048	-0.439467312348668
			0.682808716707022	-0.438256658595642
			0.682808716707022	-0.437046004842615
			0.681598062953995	-0.435835351089588
			0.681598062953995	-0.434624697336562
			0.681598062953995	-0.433414043583535
			0.680387409200969	-0.432203389830508
			0.680387409200969	-0.430992736077482
			0.679176755447942	-0.429782082324455
			0.679176755447942	-0.428571428571429
			0.677966101694915	-0.427360774818402
			0.677966101694915	-0.426150121065375
			0.676755447941889	-0.424939467312349
			0.676755447941889	-0.423728813559322
			0.675544794188862	-0.422518159806295
			0.675544794188862	-0.421307506053269
			0.674334140435835	-0.420096852300242
			0.673123486682809	-0.418886198547216
			0.673123486682809	-0.417675544794189
			0.673123486682809	-0.416464891041162
			0.671912832929782	-0.415254237288136
			0.670702179176755	-0.414043583535109
			0.669491525423729	-0.412832929782082
			0.669491525423729	-0.411622276029056
			0.668280871670702	-0.410411622276029
			0.668280871670702	-0.409200968523002
			0.667070217917676	-0.407990314769976
			0.667070217917676	-0.406779661016949
			0.665859564164649	-0.406779661016949
			0.665859564164649	-0.405569007263923
			0.664648910411622	-0.404358353510896
			0.663438256658596	-0.403147699757869
			0.662227602905569	-0.401937046004843
			0.662227602905569	-0.400726392251816
			0.661016949152542	-0.399515738498789
			0.659806295399516	-0.398305084745763
			0.658595641646489	-0.397094430992736
			0.658595641646489	-0.395883777239709
			0.657384987893462	-0.394673123486683
			0.656174334140436	-0.393462469733656
			0.654963680387409	-0.393462469733656
			0.654963680387409	-0.39225181598063
			0.653753026634383	-0.391041162227603
			0.652542372881356	-0.389830508474576
			0.651331719128329	-0.38861985472155
			0.650121065375303	-0.387409200968523
			0.648910411622276	-0.386198547215496
			0.647699757869249	-0.38498789346247
			0.646489104116223	-0.383777239709443
			0.645278450363196	-0.382566585956416
			0.64406779661017	-0.38135593220339
			0.642857142857143	-0.380145278450363
			0.641646489104116	-0.378934624697337
			0.64043583535109	-0.378934624697337
			0.639225181598063	-0.37772397094431
			0.638014527845036	-0.37772397094431
			0.638014527845036	-0.376513317191283
			0.63680387409201	-0.375302663438257
			0.635593220338983	-0.375302663438257
			0.634382566585956	-0.37409200968523
			0.63317191283293	-0.372881355932203
			0.631961259079903	-0.371670702179177
			0.630750605326877	-0.371670702179177
			0.62953995157385	-0.37046004842615
			0.628329297820823	-0.37046004842615
			0.627118644067797	-0.369249394673124
			0.62590799031477	-0.368038740920097
			0.624697336561743	-0.368038740920097
			0.623486682808717	-0.36682808716707
			0.62227602905569	-0.365617433414044
			0.621065375302663	-0.365617433414044
			0.619854721549637	-0.364406779661017
			0.61864406779661	-0.364406779661017
			0.617433414043584	-0.36319612590799
			0.616222760290557	-0.36319612590799
			0.61501210653753	-0.361985472154964
			0.613801452784504	-0.361985472154964
			0.612590799031477	-0.361985472154964
			0.61138014527845	-0.360774818401937
			0.610169491525424	-0.35956416464891
			0.608958837772397	-0.35956416464891
			0.60774818401937	-0.358353510895884
			0.606537530266344	-0.358353510895884
			0.605326876513317	-0.358353510895884
			0.604116222760291	-0.357142857142857
			0.602905569007264	-0.357142857142857
			0.601694915254237	-0.355932203389831
			0.600484261501211	-0.355932203389831
			0.599273607748184	-0.355932203389831
			0.598062953995157	-0.354721549636804
			0.596852300242131	-0.354721549636804
			0.595641646489104	-0.354721549636804
			0.594430992736077	-0.353510895883777
			0.593220338983051	-0.353510895883777
			0.592009685230024	-0.353510895883777
			0.590799031476998	-0.352300242130751
			0.589588377723971	-0.352300242130751
			0.588377723970944	-0.352300242130751
			0.587167070217918	-0.351089588377724
			0.585956416464891	-0.351089588377724
			0.584745762711864	-0.351089588377724
			0.583535108958838	-0.349878934624697
			0.582324455205811	-0.349878934624697
			0.581113801452785	-0.349878934624697
			0.579903147699758	-0.349878934624697
			0.578692493946731	-0.348668280871671
			0.577481840193705	-0.348668280871671
			0.576271186440678	-0.348668280871671
			0.575060532687651	-0.348668280871671
			0.573849878934625	-0.348668280871671
			0.572639225181598	-0.347457627118644
			0.571428571428572	-0.347457627118644
			0.570217917675545	-0.347457627118644
			0.569007263922518	-0.347457627118644
			0.567796610169492	-0.347457627118644
			0.566585956416465	-0.346246973365617
			0.565375302663438	-0.346246973365617
			0.564164648910412	-0.346246973365617
			0.562953995157385	-0.346246973365617
			0.561743341404358	-0.346246973365617
			0.560532687651332	-0.346246973365617
			0.559322033898305	-0.345036319612591
			0.558111380145279	-0.345036319612591
			0.556900726392252	-0.345036319612591
			0.555690072639225	-0.345036319612591
			0.554479418886199	-0.345036319612591
			0.553268765133172	-0.345036319612591
			0.552058111380145	-0.345036319612591
			0.550847457627119	-0.345036319612591
			0.550847457627119	-0.343825665859564
			0.549636803874092	-0.343825665859564
			0.548426150121065	-0.343825665859564
			0.547215496368039	-0.343825665859564
			0.546004842615012	-0.343825665859564
			0.544794188861985	-0.343825665859564
			0.543583535108959	-0.343825665859564
			0.542372881355932	-0.343825665859564
			0.541162227602906	-0.343825665859564
			0.539951573849879	-0.343825665859564
			0.538740920096852	-0.343825665859564
			0.537530266343826	-0.343825665859564
			0.536319612590799	-0.343825665859564
			0.535108958837772	-0.342615012106538
			0.533898305084746	-0.342615012106538
			0.532687651331719	-0.342615012106538
			0.531476997578692	-0.342615012106538
			0.530266343825666	-0.342615012106538
			0.529055690072639	-0.342615012106538
			0.527845036319613	-0.342615012106538
			0.526634382566586	-0.342615012106538
			0.525423728813559	-0.342615012106538
			0.524213075060533	-0.342615012106538
			0.523002421307506	-0.342615012106538
			0.521791767554479	-0.342615012106538
			0.520581113801453	-0.342615012106538
			0.519370460048426	-0.342615012106538
			0.5181598062954	-0.342615012106538
			0.516949152542373	-0.342615012106538
			0.515738498789346	-0.342615012106538
			0.51452784503632	-0.342615012106538
			0.513317191283293	-0.342615012106538
			0.512106537530266	-0.342615012106538
			0.51089588377724	-0.342615012106538
			0.509685230024213	-0.342615012106538
			0.508474576271186	-0.342615012106538
			0.50726392251816	-0.342615012106538
			0.506053268765133	-0.342615012106538
			0.504842615012107	-0.342615012106538
			0.50363196125908	-0.342615012106538
			0.502421307506053	-0.342615012106538
			0.501210653753027	-0.343825665859564
			0.5	-0.343825665859564
			0.498789346246973	-0.343825665859564
			0.497578692493947	-0.343825665859564
			0.49636803874092	-0.343825665859564
			0.495157384987893	-0.343825665859564
			0.493946731234867	-0.343825665859564
			0.49273607748184	-0.343825665859564
			0.491525423728814	-0.343825665859564
			0.490314769975787	-0.343825665859564
			0.48910411622276	-0.343825665859564
			0.487893462469734	-0.343825665859564
			0.486682808716707	-0.343825665859564
			0.48547215496368	-0.343825665859564
			0.484261501210654	-0.343825665859564
			0.483050847457627	-0.345036319612591
			0.481840193704601	-0.345036319612591
			0.480629539951574	-0.345036319612591
			0.479418886198547	-0.345036319612591
			0.478208232445521	-0.345036319612591
			0.476997578692494	-0.345036319612591
			0.475786924939467	-0.345036319612591
			0.474576271186441	-0.345036319612591
			0.473365617433414	-0.345036319612591
			0.473365617433414	-0.346246973365617
			0.472154963680387	-0.346246973365617
			0.470944309927361	-0.346246973365617
			0.469733656174334	-0.346246973365617
			0.468523002421308	-0.346246973365617
			0.467312348668281	-0.346246973365617
			0.466101694915254	-0.346246973365617
			0.464891041162228	-0.346246973365617
			0.463680387409201	-0.347457627118644
			0.462469733656174	-0.347457627118644
			0.461259079903148	-0.347457627118644
			0.460048426150121	-0.347457627118644
			0.458837772397094	-0.347457627118644
			0.457627118644068	-0.347457627118644
			0.456416464891041	-0.347457627118644
			0.455205811138015	-0.348668280871671
			0.453995157384988	-0.348668280871671
			0.452784503631961	-0.348668280871671
			0.451573849878935	-0.348668280871671
		</margin>
	</curves.scaled>
	<ruler.points type=matrix rownames=TRUE colnames=FALSE nrow=2 ncol=2 as.numeric=TRUE >
		Ruler point 1	508	239
		Ruler point 2	95	239
	</ruler.points>
</shapes>

