<shapes type=list>
	<ruler.pixel type=vector names=FALSE length=1 as.numeric=TRUE >132</ruler.pixel>
	<ruler.interval type=vector names=FALSE length=1 as.numeric=TRUE >1</ruler.interval>
	<scaling.units type=vector names=FALSE length=1 as.numeric=FALSE >cm</scaling.units>
	<scaling type=vector names=FALSE length=1 as.numeric=TRUE >0.00757575757575758</scaling>
	<landmarks.pixel type=matrix rownames=TRUE colnames=FALSE nrow=5 ncol=2 as.numeric=TRUE >
		LM1	159	232
		LM2	163	331
		LM4	163	341
		LM5	200	239
		LM7	257	295
	</landmarks.pixel>
	<landmarks.scaled type=matrix rownames=TRUE colnames=FALSE nrow=5 ncol=2 as.numeric=TRUE >
		LM1	1.20454545454545	-1.75757575757576
		LM2	1.23484848484848	-2.50757575757576
		LM4	1.23484848484848	-2.58333333333333
		LM5	1.51515151515152	-1.81060606060606
		LM7	1.9469696969697	-2.23484848484848
	</landmarks.scaled>
	<curves.control type=list>
		<axis type=matrix rownames=FALSE colnames=FALSE nrow=9 ncol=2 as.numeric=TRUE >
			159	232
			180	234
			192	234
			199	236
			197	245
			192	288
			183	310
			174	333
			163	331
		</axis>
		<margin type=matrix rownames=FALSE colnames=FALSE nrow=7 ncol=2 as.numeric=TRUE >
			163	341
			205	331
			245	305
			264	298
			256	277
			253	256
			200	239
		</margin>
	</curves.control>
	<curves.pixel type=list>
		<axis type=matrix rownames=FALSE colnames=FALSE nrow=140 ncol=2 as.numeric=TRUE >
			159	232
			160	232
			161	232
			162	232
			163	232
			164	232
			165	233
			166	233
			167	233
			168	233
			169	233
			170	233
			171	233
			172	233
			173	233
			174	233
			175	233
			176	233
			177	233
			178	234
			179	234
			180	234
			181	234
			182	234
			183	234
			184	234
			185	234
			186	234
			187	234
			188	234
			189	234
			190	234
			191	234
			192	234
			193	234
			194	235
			195	235
			196	236
			196	237
			197	238
			197	239
			197	240
			197	241
			197	242
			197	243
			197	244
			197	245
			197	246
			197	247
			197	248
			197	249
			196	250
			196	251
			196	252
			196	253
			196	254
			196	255
			196	256
			195	257
			195	258
			195	259
			195	260
			195	261
			195	262
			195	263
			194	264
			194	265
			194	266
			194	267
			194	268
			194	269
			193	270
			193	271
			193	272
			193	273
			193	274
			193	275
			192	276
			192	277
			192	278
			192	279
			191	280
			191	281
			191	282
			191	283
			191	284
			190	285
			190	286
			190	287
			190	288
			189	289
			189	290
			189	291
			189	292
			189	293
			188	294
			188	295
			188	296
			187	297
			187	298
			187	299
			186	300
			186	301
			186	302
			186	303
			185	304
			185	305
			185	306
			184	307
			184	308
			183	309
			183	310
			182	311
			182	312
			182	313
			181	314
			181	315
			180	316
			180	317
			180	318
			179	318
			179	319
			178	320
			178	321
			177	322
			176	323
			176	324
			175	325
			174	326
			173	327
			172	328
			171	329
			170	330
			169	330
			168	331
			167	331
			166	331
			165	331
			164	331
			163	331
		</axis>
		<margin type=matrix rownames=FALSE colnames=FALSE nrow=182 ncol=2 as.numeric=TRUE >
			163	341
			164	341
			165	340
			166	340
			167	340
			168	340
			169	339
			170	339
			171	339
			172	339
			173	338
			174	338
			175	338
			176	338
			176	337
			177	337
			178	337
			179	337
			180	336
			181	336
			182	336
			183	335
			184	335
			185	335
			186	334
			187	334
			188	334
			188	333
			189	333
			190	333
			191	332
			192	332
			193	332
			194	331
			195	331
			196	331
			197	330
			198	330
			199	330
			199	329
			200	329
			201	328
			202	328
			203	328
			204	327
			205	327
			206	326
			207	326
			208	326
			208	325
			209	325
			210	324
			211	324
			212	324
			213	323
			214	323
			215	322
			216	322
			217	321
			218	321
			218	320
			219	320
			220	319
			221	319
			222	319
			223	318
			224	318
			225	317
			226	317
			227	316
			228	315
			229	314
			230	314
			231	314
			232	313
			233	312
			234	312
			235	311
			236	311
			237	310
			238	309
			239	309
			240	308
			241	308
			242	307
			243	306
			244	306
			245	305
			246	305
			247	304
			248	304
			249	303
			250	303
			251	302
			252	301
			253	300
			254	300
			254	299
			255	298
			256	297
			257	296
			257	295
			257	294
			258	293
			258	292
			258	291
			258	290
			258	289
			258	288
			258	287
			258	286
			258	285
			258	284
			258	283
			258	282
			257	281
			257	280
			257	279
			256	278
			256	277
			256	276
			256	275
			255	274
			255	273
			254	272
			254	271
			254	270
			253	269
			252	268
			251	267
			251	266
			250	265
			249	264
			248	263
			247	262
			246	261
			245	260
			244	260
			243	259
			242	258
			241	257
			240	257
			239	256
			238	255
			237	255
			236	254
			235	253
			234	253
			233	253
			232	252
			231	251
			230	251
			229	250
			228	250
			227	249
			226	249
			225	249
			224	248
			223	248
			222	247
			221	247
			220	246
			219	246
			218	245
			217	245
			216	245
			215	244
			214	244
			213	244
			212	243
			211	243
			210	242
			209	242
			208	242
			207	241
			206	241
			205	241
			204	240
			203	240
			202	239
			201	239
			200	239
		</margin>
	</curves.pixel>
	<curves.scaled type=list>
		<axis type=matrix rownames=FALSE colnames=FALSE nrow=140 ncol=2 as.numeric=TRUE >
			1.20454545454545	-1.75757575757576
			1.21212121212121	-1.75757575757576
			1.21969696969697	-1.75757575757576
			1.22727272727273	-1.75757575757576
			1.23484848484848	-1.75757575757576
			1.24242424242424	-1.75757575757576
			1.25	-1.76515151515152
			1.25757575757576	-1.76515151515152
			1.26515151515152	-1.76515151515152
			1.27272727272727	-1.76515151515152
			1.28030303030303	-1.76515151515152
			1.28787878787879	-1.76515151515152
			1.29545454545455	-1.76515151515152
			1.3030303030303	-1.76515151515152
			1.31060606060606	-1.76515151515152
			1.31818181818182	-1.76515151515152
			1.32575757575758	-1.76515151515152
			1.33333333333333	-1.76515151515152
			1.34090909090909	-1.76515151515152
			1.34848484848485	-1.77272727272727
			1.35606060606061	-1.77272727272727
			1.36363636363636	-1.77272727272727
			1.37121212121212	-1.77272727272727
			1.37878787878788	-1.77272727272727
			1.38636363636364	-1.77272727272727
			1.39393939393939	-1.77272727272727
			1.40151515151515	-1.77272727272727
			1.40909090909091	-1.77272727272727
			1.41666666666667	-1.77272727272727
			1.42424242424242	-1.77272727272727
			1.43181818181818	-1.77272727272727
			1.43939393939394	-1.77272727272727
			1.4469696969697	-1.77272727272727
			1.45454545454545	-1.77272727272727
			1.46212121212121	-1.77272727272727
			1.46969696969697	-1.78030303030303
			1.47727272727273	-1.78030303030303
			1.48484848484848	-1.78787878787879
			1.48484848484848	-1.79545454545455
			1.49242424242424	-1.8030303030303
			1.49242424242424	-1.81060606060606
			1.49242424242424	-1.81818181818182
			1.49242424242424	-1.82575757575758
			1.49242424242424	-1.83333333333333
			1.49242424242424	-1.84090909090909
			1.49242424242424	-1.84848484848485
			1.49242424242424	-1.85606060606061
			1.49242424242424	-1.86363636363636
			1.49242424242424	-1.87121212121212
			1.49242424242424	-1.87878787878788
			1.49242424242424	-1.88636363636364
			1.48484848484848	-1.89393939393939
			1.48484848484848	-1.90151515151515
			1.48484848484848	-1.90909090909091
			1.48484848484848	-1.91666666666667
			1.48484848484848	-1.92424242424242
			1.48484848484848	-1.93181818181818
			1.48484848484848	-1.93939393939394
			1.47727272727273	-1.9469696969697
			1.47727272727273	-1.95454545454545
			1.47727272727273	-1.96212121212121
			1.47727272727273	-1.96969696969697
			1.47727272727273	-1.97727272727273
			1.47727272727273	-1.98484848484848
			1.47727272727273	-1.99242424242424
			1.46969696969697	-2
			1.46969696969697	-2.00757575757576
			1.46969696969697	-2.01515151515152
			1.46969696969697	-2.02272727272727
			1.46969696969697	-2.03030303030303
			1.46969696969697	-2.03787878787879
			1.46212121212121	-2.04545454545455
			1.46212121212121	-2.0530303030303
			1.46212121212121	-2.06060606060606
			1.46212121212121	-2.06818181818182
			1.46212121212121	-2.07575757575758
			1.46212121212121	-2.08333333333333
			1.45454545454545	-2.09090909090909
			1.45454545454545	-2.09848484848485
			1.45454545454545	-2.10606060606061
			1.45454545454545	-2.11363636363636
			1.4469696969697	-2.12121212121212
			1.4469696969697	-2.12878787878788
			1.4469696969697	-2.13636363636364
			1.4469696969697	-2.14393939393939
			1.4469696969697	-2.15151515151515
			1.43939393939394	-2.15909090909091
			1.43939393939394	-2.16666666666667
			1.43939393939394	-2.17424242424242
			1.43939393939394	-2.18181818181818
			1.43181818181818	-2.18939393939394
			1.43181818181818	-2.1969696969697
			1.43181818181818	-2.20454545454545
			1.43181818181818	-2.21212121212121
			1.43181818181818	-2.21969696969697
			1.42424242424242	-2.22727272727273
			1.42424242424242	-2.23484848484848
			1.42424242424242	-2.24242424242424
			1.41666666666667	-2.25
			1.41666666666667	-2.25757575757576
			1.41666666666667	-2.26515151515152
			1.40909090909091	-2.27272727272727
			1.40909090909091	-2.28030303030303
			1.40909090909091	-2.28787878787879
			1.40909090909091	-2.29545454545455
			1.40151515151515	-2.3030303030303
			1.40151515151515	-2.31060606060606
			1.40151515151515	-2.31818181818182
			1.39393939393939	-2.32575757575758
			1.39393939393939	-2.33333333333333
			1.38636363636364	-2.34090909090909
			1.38636363636364	-2.34848484848485
			1.37878787878788	-2.35606060606061
			1.37878787878788	-2.36363636363636
			1.37878787878788	-2.37121212121212
			1.37121212121212	-2.37878787878788
			1.37121212121212	-2.38636363636364
			1.36363636363636	-2.39393939393939
			1.36363636363636	-2.40151515151515
			1.36363636363636	-2.40909090909091
			1.35606060606061	-2.40909090909091
			1.35606060606061	-2.41666666666667
			1.34848484848485	-2.42424242424242
			1.34848484848485	-2.43181818181818
			1.34090909090909	-2.43939393939394
			1.33333333333333	-2.4469696969697
			1.33333333333333	-2.45454545454545
			1.32575757575758	-2.46212121212121
			1.31818181818182	-2.46969696969697
			1.31060606060606	-2.47727272727273
			1.3030303030303	-2.48484848484848
			1.29545454545455	-2.49242424242424
			1.28787878787879	-2.5
			1.28030303030303	-2.5
			1.27272727272727	-2.50757575757576
			1.26515151515152	-2.50757575757576
			1.25757575757576	-2.50757575757576
			1.25	-2.50757575757576
			1.24242424242424	-2.50757575757576
			1.23484848484848	-2.50757575757576
		</axis>
		<margin type=matrix rownames=FALSE colnames=FALSE nrow=182 ncol=2 as.numeric=TRUE >
			1.23484848484848	-2.58333333333333
			1.24242424242424	-2.58333333333333
			1.25	-2.57575757575758
			1.25757575757576	-2.57575757575758
			1.26515151515152	-2.57575757575758
			1.27272727272727	-2.57575757575758
			1.28030303030303	-2.56818181818182
			1.28787878787879	-2.56818181818182
			1.29545454545455	-2.56818181818182
			1.3030303030303	-2.56818181818182
			1.31060606060606	-2.56060606060606
			1.31818181818182	-2.56060606060606
			1.32575757575758	-2.56060606060606
			1.33333333333333	-2.56060606060606
			1.33333333333333	-2.5530303030303
			1.34090909090909	-2.5530303030303
			1.34848484848485	-2.5530303030303
			1.35606060606061	-2.5530303030303
			1.36363636363636	-2.54545454545455
			1.37121212121212	-2.54545454545455
			1.37878787878788	-2.54545454545455
			1.38636363636364	-2.53787878787879
			1.39393939393939	-2.53787878787879
			1.40151515151515	-2.53787878787879
			1.40909090909091	-2.53030303030303
			1.41666666666667	-2.53030303030303
			1.42424242424242	-2.53030303030303
			1.42424242424242	-2.52272727272727
			1.43181818181818	-2.52272727272727
			1.43939393939394	-2.52272727272727
			1.4469696969697	-2.51515151515152
			1.45454545454545	-2.51515151515152
			1.46212121212121	-2.51515151515152
			1.46969696969697	-2.50757575757576
			1.47727272727273	-2.50757575757576
			1.48484848484848	-2.50757575757576
			1.49242424242424	-2.5
			1.5	-2.5
			1.50757575757576	-2.5
			1.50757575757576	-2.49242424242424
			1.51515151515152	-2.49242424242424
			1.52272727272727	-2.48484848484848
			1.53030303030303	-2.48484848484848
			1.53787878787879	-2.48484848484848
			1.54545454545455	-2.47727272727273
			1.5530303030303	-2.47727272727273
			1.56060606060606	-2.46969696969697
			1.56818181818182	-2.46969696969697
			1.57575757575758	-2.46969696969697
			1.57575757575758	-2.46212121212121
			1.58333333333333	-2.46212121212121
			1.59090909090909	-2.45454545454545
			1.59848484848485	-2.45454545454545
			1.60606060606061	-2.45454545454545
			1.61363636363636	-2.4469696969697
			1.62121212121212	-2.4469696969697
			1.62878787878788	-2.43939393939394
			1.63636363636364	-2.43939393939394
			1.64393939393939	-2.43181818181818
			1.65151515151515	-2.43181818181818
			1.65151515151515	-2.42424242424242
			1.65909090909091	-2.42424242424242
			1.66666666666667	-2.41666666666667
			1.67424242424242	-2.41666666666667
			1.68181818181818	-2.41666666666667
			1.68939393939394	-2.40909090909091
			1.6969696969697	-2.40909090909091
			1.70454545454545	-2.40151515151515
			1.71212121212121	-2.40151515151515
			1.71969696969697	-2.39393939393939
			1.72727272727273	-2.38636363636364
			1.73484848484848	-2.37878787878788
			1.74242424242424	-2.37878787878788
			1.75	-2.37878787878788
			1.75757575757576	-2.37121212121212
			1.76515151515152	-2.36363636363636
			1.77272727272727	-2.36363636363636
			1.78030303030303	-2.35606060606061
			1.78787878787879	-2.35606060606061
			1.79545454545455	-2.34848484848485
			1.8030303030303	-2.34090909090909
			1.81060606060606	-2.34090909090909
			1.81818181818182	-2.33333333333333
			1.82575757575758	-2.33333333333333
			1.83333333333333	-2.32575757575758
			1.84090909090909	-2.31818181818182
			1.84848484848485	-2.31818181818182
			1.85606060606061	-2.31060606060606
			1.86363636363636	-2.31060606060606
			1.87121212121212	-2.3030303030303
			1.87878787878788	-2.3030303030303
			1.88636363636364	-2.29545454545455
			1.89393939393939	-2.29545454545455
			1.90151515151515	-2.28787878787879
			1.90909090909091	-2.28030303030303
			1.91666666666667	-2.27272727272727
			1.92424242424242	-2.27272727272727
			1.92424242424242	-2.26515151515152
			1.93181818181818	-2.25757575757576
			1.93939393939394	-2.25
			1.9469696969697	-2.24242424242424
			1.9469696969697	-2.23484848484848
			1.9469696969697	-2.22727272727273
			1.95454545454545	-2.21969696969697
			1.95454545454545	-2.21212121212121
			1.95454545454545	-2.20454545454545
			1.95454545454545	-2.1969696969697
			1.95454545454545	-2.18939393939394
			1.95454545454545	-2.18181818181818
			1.95454545454545	-2.17424242424242
			1.95454545454545	-2.16666666666667
			1.95454545454545	-2.15909090909091
			1.95454545454545	-2.15151515151515
			1.95454545454545	-2.14393939393939
			1.95454545454545	-2.13636363636364
			1.9469696969697	-2.12878787878788
			1.9469696969697	-2.12121212121212
			1.9469696969697	-2.11363636363636
			1.93939393939394	-2.10606060606061
			1.93939393939394	-2.09848484848485
			1.93939393939394	-2.09090909090909
			1.93939393939394	-2.08333333333333
			1.93181818181818	-2.07575757575758
			1.93181818181818	-2.06818181818182
			1.92424242424242	-2.06060606060606
			1.92424242424242	-2.0530303030303
			1.92424242424242	-2.04545454545455
			1.91666666666667	-2.03787878787879
			1.90909090909091	-2.03030303030303
			1.90151515151515	-2.02272727272727
			1.90151515151515	-2.01515151515152
			1.89393939393939	-2.00757575757576
			1.88636363636364	-2
			1.87878787878788	-1.99242424242424
			1.87121212121212	-1.98484848484848
			1.86363636363636	-1.97727272727273
			1.85606060606061	-1.96969696969697
			1.84848484848485	-1.96969696969697
			1.84090909090909	-1.96212121212121
			1.83333333333333	-1.95454545454545
			1.82575757575758	-1.9469696969697
			1.81818181818182	-1.9469696969697
			1.81060606060606	-1.93939393939394
			1.8030303030303	-1.93181818181818
			1.79545454545455	-1.93181818181818
			1.78787878787879	-1.92424242424242
			1.78030303030303	-1.91666666666667
			1.77272727272727	-1.91666666666667
			1.76515151515152	-1.91666666666667
			1.75757575757576	-1.90909090909091
			1.75	-1.90151515151515
			1.74242424242424	-1.90151515151515
			1.73484848484848	-1.89393939393939
			1.72727272727273	-1.89393939393939
			1.71969696969697	-1.88636363636364
			1.71212121212121	-1.88636363636364
			1.70454545454545	-1.88636363636364
			1.6969696969697	-1.87878787878788
			1.68939393939394	-1.87878787878788
			1.68181818181818	-1.87121212121212
			1.67424242424242	-1.87121212121212
			1.66666666666667	-1.86363636363636
			1.65909090909091	-1.86363636363636
			1.65151515151515	-1.85606060606061
			1.64393939393939	-1.85606060606061
			1.63636363636364	-1.85606060606061
			1.62878787878788	-1.84848484848485
			1.62121212121212	-1.84848484848485
			1.61363636363636	-1.84848484848485
			1.60606060606061	-1.84090909090909
			1.59848484848485	-1.84090909090909
			1.59090909090909	-1.83333333333333
			1.58333333333333	-1.83333333333333
			1.57575757575758	-1.83333333333333
			1.56818181818182	-1.82575757575758
			1.56060606060606	-1.82575757575758
			1.5530303030303	-1.82575757575758
			1.54545454545455	-1.81818181818182
			1.53787878787879	-1.81818181818182
			1.53030303030303	-1.81060606060606
			1.52272727272727	-1.81060606060606
			1.51515151515152	-1.81060606060606
		</margin>
	</curves.scaled>
	<ruler.points type=matrix rownames=TRUE colnames=FALSE nrow=2 ncol=2 as.numeric=TRUE >
		Ruler point 1	209	353
		Ruler point 2	341	353
	</ruler.points>
</shapes>

