<shapes type=list>
	<ruler.pixel type=vector names=FALSE length=1 as.numeric=TRUE >175</ruler.pixel>
	<ruler.interval type=vector names=FALSE length=1 as.numeric=TRUE >5</ruler.interval>
	<scaling.units type=vector names=FALSE length=1 as.numeric=FALSE >mm</scaling.units>
	<scaling type=vector names=FALSE length=1 as.numeric=TRUE >0.0285714285714286</scaling>
	<landmarks.pixel type=matrix rownames=TRUE colnames=FALSE nrow=5 ncol=2 as.numeric=TRUE >
		LM1	254	26
		LM2	253	163
		LM4	246	237
		LM5	348	69
		LM7	440	105
	</landmarks.pixel>
	<landmarks.scaled type=matrix rownames=TRUE colnames=FALSE nrow=5 ncol=2 as.numeric=TRUE >
		LM1	7.25714285714286	-0.742857142857143
		LM2	7.22857142857143	-4.65714285714286
		LM4	7.02857142857143	-6.77142857142857
		LM5	9.94285714285714	-1.97142857142857
		LM7	12.5714285714286	-3
	</landmarks.scaled>
	<curves.control type=list>
		<axis type=matrix rownames=FALSE colnames=FALSE nrow=9 ncol=2 as.numeric=TRUE >
			254	26
			301	36
			339	83
			341	94
			332	102
			334	128
			323	144
			305	170
			253	163
		</axis>
		<margin type=matrix rownames=FALSE colnames=FALSE nrow=39 ncol=2 as.numeric=TRUE >
			246	237
			262	240
			268	261
			280	305
			294	310
			301	310
			305	286
			350	213
			359	211
			375	205
			379	209
			392	282
			418	290
			436	288
			429	269
			414	208
			411	203
			410	170
			425	157
			432	157
			433	163
			438	211
			454	240
			464	255
			472	253
			485	254
			473	212
			468	172
			454	137
			446	109
			430	95
			413	79
			399	74
			387	70
			385	70
			367	70
			353	67
			350	68
			348	69
		</margin>
	</curves.control>
	<curves.pixel type=list>
		<axis type=matrix rownames=FALSE colnames=FALSE nrow=233 ncol=2 as.numeric=TRUE >
			254	26
			255	26
			256	26
			257	27
			258	27
			259	27
			260	28
			261	28
			262	28
			263	28
			264	29
			265	29
			266	29
			267	29
			268	30
			269	30
			270	31
			271	31
			272	31
			273	32
			274	32
			275	32
			276	33
			277	33
			277	34
			278	34
			279	34
			280	35
			281	35
			282	36
			283	36
			284	36
			285	37
			286	37
			286	38
			287	38
			288	39
			289	39
			290	40
			291	40
			292	41
			293	41
			293	42
			294	42
			295	43
			296	43
			297	44
			298	45
			299	45
			299	46
			300	46
			301	47
			302	48
			303	48
			304	49
			305	49
			305	50
			306	51
			307	51
			308	52
			309	53
			310	53
			310	54
			311	55
			312	55
			313	56
			314	57
			315	57
			315	58
			316	59
			317	60
			318	60
			319	61
			320	62
			320	63
			321	63
			322	64
			323	65
			324	66
			324	67
			325	67
			326	68
			327	69
			328	70
			328	71
			329	72
			330	73
			331	73
			332	74
			332	75
			333	76
			334	77
			335	78
			335	79
			336	80
			337	81
			338	82
			339	82
			339	83
			339	84
			339	85
			339	86
			339	87
			339	88
			339	89
			339	90
			339	91
			339	92
			338	93
			338	94
			338	95
			337	96
			337	97
			336	98
			335	98
			335	99
			334	100
			333	101
			332	102
			332	103
			332	104
			332	105
			332	106
			332	107
			332	108
			332	109
			332	110
			332	111
			332	112
			332	113
			332	114
			332	115
			332	116
			332	117
			332	118
			332	119
			332	120
			332	121
			331	122
			331	123
			331	124
			331	125
			331	126
			330	127
			330	128
			330	129
			329	130
			329	131
			329	132
			329	133
			328	134
			328	135
			327	136
			327	137
			327	138
			326	139
			326	140
			325	141
			324	142
			324	143
			323	144
			322	145
			321	146
			321	147
			320	148
			319	149
			318	150
			317	151
			316	152
			315	153
			314	154
			313	154
			312	155
			311	156
			310	156
			309	157
			308	157
			307	158
			306	158
			305	159
			304	159
			303	159
			303	160
			302	160
			301	160
			300	161
			299	161
			298	161
			297	162
			296	162
			295	162
			294	162
			293	163
			292	163
			291	163
			290	163
			289	163
			288	164
			287	164
			286	164
			285	164
			284	164
			283	164
			282	164
			281	164
			280	164
			279	164
			278	164
			277	164
			276	164
			275	164
			274	164
			273	164
			272	164
			271	164
			270	164
			269	164
			268	164
			267	164
			266	164
			265	164
			264	164
			263	164
			262	164
			261	164
			260	164
			259	164
			258	164
			257	163
			256	163
			255	163
			254	163
			253	163
		</axis>
		<margin type=matrix rownames=FALSE colnames=FALSE nrow=812 ncol=2 as.numeric=TRUE >
			246	237
			247	237
			248	237
			249	238
			250	238
			251	238
			252	239
			253	239
			253	240
			254	240
			255	240
			255	241
			256	241
			257	242
			258	243
			259	244
			260	245
			261	246
			261	247
			262	248
			263	248
			263	249
			264	250
			264	251
			265	252
			265	253
			266	254
			266	255
			266	256
			267	257
			267	258
			267	259
			268	260
			268	261
			268	262
			269	263
			269	264
			269	265
			269	266
			270	267
			270	268
			270	269
			271	270
			271	271
			271	272
			272	273
			272	274
			272	275
			272	276
			273	277
			273	278
			274	279
			274	280
			274	281
			275	282
			275	283
			275	284
			276	285
			276	286
			277	287
			277	288
			277	289
			278	289
			278	290
			278	291
			279	292
			279	293
			280	294
			281	295
			281	296
			282	297
			282	298
			282	299
			283	299
			283	300
			284	301
			285	302
			286	303
			287	304
			288	305
			288	306
			289	307
			290	308
			291	309
			292	309
			293	310
			294	310
			295	310
			296	310
			296	309
			297	309
			298	308
			299	307
			299	306
			300	305
			300	304
			301	303
			301	302
			301	301
			302	300
			302	299
			302	298
			303	297
			303	296
			303	295
			303	294
			304	293
			304	292
			304	291
			304	290
			305	289
			305	288
			305	287
			305	286
			306	285
			306	284
			307	283
			307	282
			308	281
			309	280
			309	279
			310	278
			310	277
			311	276
			312	275
			313	274
			313	273
			314	272
			315	271
			315	270
			316	269
			316	268
			317	267
			318	266
			318	265
			319	264
			320	263
			320	262
			321	261
			321	260
			322	259
			323	258
			323	257
			324	256
			325	255
			325	254
			326	253
			327	252
			327	251
			328	250
			329	249
			329	248
			330	247
			331	246
			331	245
			332	244
			332	243
			333	242
			334	241
			335	240
			335	239
			336	238
			337	237
			337	236
			338	235
			339	234
			339	233
			340	232
			341	231
			341	230
			342	230
			342	229
			343	228
			344	227
			345	226
			345	225
			346	224
			347	223
			348	222
			348	221
			349	220
			350	219
			351	218
			352	217
			352	216
			353	215
			354	215
			354	214
			355	214
			356	213
			357	212
			358	212
			358	211
			359	211
			360	210
			361	210
			362	210
			363	210
			364	209
			365	209
			366	209
			367	208
			368	208
			369	208
			370	208
			371	208
			372	208
			372	207
			373	207
			374	207
			375	207
			376	208
			377	208
			378	208
			379	209
			379	210
			379	211
			380	212
			380	213
			380	214
			380	215
			380	216
			381	217
			381	218
			381	219
			381	220
			381	221
			382	222
			382	223
			382	224
			382	225
			382	226
			383	227
			383	228
			383	229
			383	230
			384	231
			384	232
			384	233
			384	234
			385	235
			385	236
			385	237
			385	238
			386	239
			386	240
			386	241
			387	242
			387	243
			387	244
			387	245
			388	246
			388	247
			388	248
			389	249
			389	250
			389	251
			390	252
			390	253
			390	254
			391	255
			391	256
			392	257
			392	258
			392	259
			393	260
			393	261
			394	262
			394	263
			394	264
			395	265
			395	266
			396	267
			396	268
			397	269
			398	270
			398	271
			399	272
			399	273
			400	274
			400	275
			401	275
			401	276
			402	277
			402	278
			403	279
			404	279
			404	280
			405	281
			406	282
			407	283
			408	284
			409	285
			410	286
			411	286
			412	287
			413	288
			414	288
			415	289
			416	289
			417	290
			418	290
			419	290
			420	290
			421	289
			422	289
			423	289
			424	289
			425	288
			426	288
			427	287
			428	287
			428	286
			429	285
			430	284
			430	283
			431	282
			431	281
			431	280
			431	279
			431	278
			431	277
			431	276
			431	275
			430	274
			430	273
			430	272
			430	271
			429	270
			429	269
			429	268
			428	267
			428	266
			428	265
			428	264
			427	263
			427	262
			427	261
			427	260
			427	259
			426	258
			426	257
			426	256
			426	255
			425	254
			425	253
			425	252
			424	251
			424	250
			424	249
			424	248
			423	247
			423	246
			423	245
			423	244
			422	243
			422	242
			422	241
			422	240
			421	239
			421	238
			421	237
			421	236
			421	235
			420	235
			420	234
			420	233
			420	232
			419	231
			419	230
			419	229
			419	228
			418	227
			418	226
			418	225
			418	224
			417	224
			417	223
			417	222
			417	221
			417	220
			416	220
			416	219
			416	218
			416	217
			415	216
			415	215
			415	214
			415	213
			414	213
			414	212
			414	211
			414	210
			413	209
			413	208
			413	207
			412	206
			412	205
			412	204
			411	203
			411	202
			411	201
			411	200
			411	199
			411	198
			411	197
			411	196
			411	195
			411	194
			411	193
			411	192
			411	191
			411	190
			411	189
			412	188
			412	187
			412	186
			412	185
			412	184
			412	183
			412	182
			413	181
			413	180
			413	179
			413	178
			413	177
			414	177
			414	176
			414	175
			414	174
			415	173
			415	172
			415	171
			416	170
			416	169
			417	168
			417	167
			418	166
			418	165
			419	164
			420	163
			420	162
			421	161
			422	160
			423	159
			424	158
			425	157
			426	157
			427	157
			428	157
			429	158
			430	158
			431	159
			432	160
			433	161
			433	162
			433	163
			433	164
			433	165
			433	166
			433	167
			434	168
			434	169
			434	170
			434	171
			434	172
			434	173
			434	174
			434	175
			435	176
			435	177
			435	178
			435	179
			435	180
			435	181
			435	182
			436	182
			436	183
			436	184
			436	185
			436	186
			436	187
			437	188
			437	189
			437	190
			437	191
			437	192
			437	193
			438	193
			438	194
			438	195
			438	196
			438	197
			439	197
			439	198
			439	199
			439	200
			439	201
			440	201
			440	202
			440	203
			440	204
			440	205
			441	205
			441	206
			441	207
			441	208
			442	209
			442	210
			442	211
			442	212
			443	213
			443	214
			443	215
			444	216
			444	217
			445	218
			445	219
			445	220
			446	221
			446	222
			446	223
			447	224
			447	225
			447	226
			448	227
			448	228
			449	229
			449	230
			449	231
			450	232
			450	233
			451	234
			451	235
			452	235
			452	236
			452	237
			453	238
			453	239
			454	240
			454	241
			455	242
			456	242
			456	243
			457	244
			457	245
			458	245
			458	246
			459	247
			460	248
			461	249
			462	250
			463	251
			464	251
			465	252
			466	252
			467	253
			468	253
			469	253
			470	253
			471	253
			472	253
			473	253
			474	253
			475	253
			476	252
			477	251
			478	250
			478	249
			478	248
			478	247
			479	246
			479	245
			479	244
			479	243
			479	242
			479	241
			479	240
			479	239
			479	238
			478	237
			478	236
			478	235
			478	234
			478	233
			478	232
			477	231
			477	230
			477	229
			477	228
			477	227
			477	226
			476	225
			476	224
			476	223
			476	222
			475	221
			475	220
			475	219
			475	218
			474	217
			474	216
			474	215
			474	214
			473	214
			473	213
			473	212
			473	211
			473	210
			473	209
			472	208
			472	207
			472	206
			472	205
			472	204
			472	203
			472	202
			471	201
			471	200
			471	199
			471	198
			471	197
			471	196
			470	195
			470	194
			470	193
			470	192
			470	191
			469	190
			469	189
			469	188
			469	187
			469	186
			469	185
			468	184
			468	183
			468	182
			468	181
			467	180
			467	179
			467	178
			467	177
			466	176
			466	175
			466	174
			466	173
			465	172
			465	171
			465	170
			465	169
			464	168
			464	167
			464	166
			464	165
			463	165
			463	164
			463	163
			463	162
			462	161
			462	160
			462	159
			462	158
			461	158
			461	157
			461	156
			460	155
			460	154
			460	153
			460	152
			459	151
			459	150
			458	149
			458	148
			458	147
			457	146
			457	145
			457	144
			456	143
			456	142
			455	141
			455	140
			455	139
			454	138
			454	137
			454	136
			453	135
			453	134
			453	133
			452	132
			452	131
			452	130
			452	129
			451	128
			451	127
			450	126
			450	125
			449	124
			449	123
			449	122
			448	121
			448	120
			447	119
			447	118
			446	117
			446	116
			445	115
			445	114
			444	113
			444	112
			443	112
			443	111
			442	110
			442	109
			441	108
			441	107
			440	107
			440	106
			439	105
			439	104
			438	104
			438	103
			437	102
			436	101
			435	100
			434	99
			433	98
			432	97
			431	96
			430	95
			429	94
			428	93
			427	92
			426	91
			425	90
			424	89
			423	89
			422	88
			421	87
			420	86
			419	86
			418	85
			417	84
			416	83
			415	83
			414	82
			413	81
			412	81
			412	80
			411	80
			410	79
			409	79
			408	78
			407	78
			406	77
			405	77
			404	76
			403	76
			402	75
			401	75
			400	74
			399	74
			398	74
			397	73
			396	73
			395	73
			394	72
			393	72
			392	72
			391	71
			390	71
			389	71
			388	70
			387	70
			386	70
			385	70
			384	70
			383	70
			382	70
			381	70
			380	70
			379	70
			378	70
			377	70
			376	70
			375	70
			374	70
			373	70
			372	70
			371	69
			370	69
			369	69
			368	69
			367	69
			366	69
			365	69
			364	69
			363	69
			362	69
			361	68
			360	68
			359	68
			358	68
			357	68
			356	68
			355	67
			354	67
			353	67
			352	67
			351	68
			350	68
			349	69
			348	69
		</margin>
	</curves.pixel>
	<curves.scaled type=list>
		<axis type=matrix rownames=FALSE colnames=FALSE nrow=233 ncol=2 as.numeric=TRUE >
			7.25714285714286	-0.742857142857143
			7.28571428571429	-0.742857142857143
			7.31428571428571	-0.742857142857143
			7.34285714285714	-0.771428571428571
			7.37142857142857	-0.771428571428571
			7.4	-0.771428571428571
			7.42857142857143	-0.8
			7.45714285714286	-0.8
			7.48571428571429	-0.8
			7.51428571428571	-0.8
			7.54285714285714	-0.828571428571429
			7.57142857142857	-0.828571428571429
			7.6	-0.828571428571429
			7.62857142857143	-0.828571428571429
			7.65714285714286	-0.857142857142857
			7.68571428571429	-0.857142857142857
			7.71428571428571	-0.885714285714286
			7.74285714285714	-0.885714285714286
			7.77142857142857	-0.885714285714286
			7.8	-0.914285714285714
			7.82857142857143	-0.914285714285714
			7.85714285714286	-0.914285714285714
			7.88571428571429	-0.942857142857143
			7.91428571428571	-0.942857142857143
			7.91428571428571	-0.971428571428571
			7.94285714285714	-0.971428571428571
			7.97142857142857	-0.971428571428571
			8	-1
			8.02857142857143	-1
			8.05714285714286	-1.02857142857143
			8.08571428571429	-1.02857142857143
			8.11428571428571	-1.02857142857143
			8.14285714285714	-1.05714285714286
			8.17142857142857	-1.05714285714286
			8.17142857142857	-1.08571428571429
			8.2	-1.08571428571429
			8.22857142857143	-1.11428571428571
			8.25714285714286	-1.11428571428571
			8.28571428571428	-1.14285714285714
			8.31428571428571	-1.14285714285714
			8.34285714285714	-1.17142857142857
			8.37142857142857	-1.17142857142857
			8.37142857142857	-1.2
			8.4	-1.2
			8.42857142857143	-1.22857142857143
			8.45714285714286	-1.22857142857143
			8.48571428571429	-1.25714285714286
			8.51428571428571	-1.28571428571429
			8.54285714285714	-1.28571428571429
			8.54285714285714	-1.31428571428571
			8.57142857142857	-1.31428571428571
			8.6	-1.34285714285714
			8.62857142857143	-1.37142857142857
			8.65714285714286	-1.37142857142857
			8.68571428571429	-1.4
			8.71428571428571	-1.4
			8.71428571428571	-1.42857142857143
			8.74285714285714	-1.45714285714286
			8.77142857142857	-1.45714285714286
			8.8	-1.48571428571429
			8.82857142857143	-1.51428571428571
			8.85714285714286	-1.51428571428571
			8.85714285714286	-1.54285714285714
			8.88571428571429	-1.57142857142857
			8.91428571428571	-1.57142857142857
			8.94285714285714	-1.6
			8.97142857142857	-1.62857142857143
			9	-1.62857142857143
			9	-1.65714285714286
			9.02857142857143	-1.68571428571429
			9.05714285714286	-1.71428571428571
			9.08571428571429	-1.71428571428571
			9.11428571428571	-1.74285714285714
			9.14285714285714	-1.77142857142857
			9.14285714285714	-1.8
			9.17142857142857	-1.8
			9.2	-1.82857142857143
			9.22857142857143	-1.85714285714286
			9.25714285714286	-1.88571428571429
			9.25714285714286	-1.91428571428571
			9.28571428571428	-1.91428571428571
			9.31428571428571	-1.94285714285714
			9.34285714285714	-1.97142857142857
			9.37142857142857	-2
			9.37142857142857	-2.02857142857143
			9.4	-2.05714285714286
			9.42857142857143	-2.08571428571429
			9.45714285714286	-2.08571428571429
			9.48571428571429	-2.11428571428571
			9.48571428571429	-2.14285714285714
			9.51428571428571	-2.17142857142857
			9.54285714285714	-2.2
			9.57142857142857	-2.22857142857143
			9.57142857142857	-2.25714285714286
			9.6	-2.28571428571429
			9.62857142857143	-2.31428571428571
			9.65714285714286	-2.34285714285714
			9.68571428571429	-2.34285714285714
			9.68571428571429	-2.37142857142857
			9.68571428571429	-2.4
			9.68571428571429	-2.42857142857143
			9.68571428571429	-2.45714285714286
			9.68571428571429	-2.48571428571429
			9.68571428571429	-2.51428571428571
			9.68571428571429	-2.54285714285714
			9.68571428571429	-2.57142857142857
			9.68571428571429	-2.6
			9.68571428571429	-2.62857142857143
			9.65714285714286	-2.65714285714286
			9.65714285714286	-2.68571428571429
			9.65714285714286	-2.71428571428571
			9.62857142857143	-2.74285714285714
			9.62857142857143	-2.77142857142857
			9.6	-2.8
			9.57142857142857	-2.8
			9.57142857142857	-2.82857142857143
			9.54285714285714	-2.85714285714286
			9.51428571428571	-2.88571428571429
			9.48571428571429	-2.91428571428571
			9.48571428571429	-2.94285714285714
			9.48571428571429	-2.97142857142857
			9.48571428571429	-3
			9.48571428571429	-3.02857142857143
			9.48571428571429	-3.05714285714286
			9.48571428571429	-3.08571428571429
			9.48571428571429	-3.11428571428571
			9.48571428571429	-3.14285714285714
			9.48571428571429	-3.17142857142857
			9.48571428571429	-3.2
			9.48571428571429	-3.22857142857143
			9.48571428571429	-3.25714285714286
			9.48571428571429	-3.28571428571429
			9.48571428571429	-3.31428571428571
			9.48571428571429	-3.34285714285714
			9.48571428571429	-3.37142857142857
			9.48571428571429	-3.4
			9.48571428571429	-3.42857142857143
			9.48571428571429	-3.45714285714286
			9.45714285714286	-3.48571428571429
			9.45714285714286	-3.51428571428571
			9.45714285714286	-3.54285714285714
			9.45714285714286	-3.57142857142857
			9.45714285714286	-3.6
			9.42857142857143	-3.62857142857143
			9.42857142857143	-3.65714285714286
			9.42857142857143	-3.68571428571429
			9.4	-3.71428571428571
			9.4	-3.74285714285714
			9.4	-3.77142857142857
			9.4	-3.8
			9.37142857142857	-3.82857142857143
			9.37142857142857	-3.85714285714286
			9.34285714285714	-3.88571428571429
			9.34285714285714	-3.91428571428571
			9.34285714285714	-3.94285714285714
			9.31428571428571	-3.97142857142857
			9.31428571428571	-4
			9.28571428571428	-4.02857142857143
			9.25714285714286	-4.05714285714286
			9.25714285714286	-4.08571428571429
			9.22857142857143	-4.11428571428571
			9.2	-4.14285714285714
			9.17142857142857	-4.17142857142857
			9.17142857142857	-4.2
			9.14285714285714	-4.22857142857143
			9.11428571428571	-4.25714285714286
			9.08571428571429	-4.28571428571429
			9.05714285714286	-4.31428571428571
			9.02857142857143	-4.34285714285714
			9	-4.37142857142857
			8.97142857142857	-4.4
			8.94285714285714	-4.4
			8.91428571428571	-4.42857142857143
			8.88571428571429	-4.45714285714286
			8.85714285714286	-4.45714285714286
			8.82857142857143	-4.48571428571429
			8.8	-4.48571428571429
			8.77142857142857	-4.51428571428571
			8.74285714285714	-4.51428571428571
			8.71428571428571	-4.54285714285714
			8.68571428571429	-4.54285714285714
			8.65714285714286	-4.54285714285714
			8.65714285714286	-4.57142857142857
			8.62857142857143	-4.57142857142857
			8.6	-4.57142857142857
			8.57142857142857	-4.6
			8.54285714285714	-4.6
			8.51428571428571	-4.6
			8.48571428571429	-4.62857142857143
			8.45714285714286	-4.62857142857143
			8.42857142857143	-4.62857142857143
			8.4	-4.62857142857143
			8.37142857142857	-4.65714285714286
			8.34285714285714	-4.65714285714286
			8.31428571428571	-4.65714285714286
			8.28571428571428	-4.65714285714286
			8.25714285714286	-4.65714285714286
			8.22857142857143	-4.68571428571429
			8.2	-4.68571428571429
			8.17142857142857	-4.68571428571429
			8.14285714285714	-4.68571428571429
			8.11428571428571	-4.68571428571429
			8.08571428571429	-4.68571428571429
			8.05714285714286	-4.68571428571429
			8.02857142857143	-4.68571428571429
			8	-4.68571428571429
			7.97142857142857	-4.68571428571429
			7.94285714285714	-4.68571428571429
			7.91428571428571	-4.68571428571429
			7.88571428571429	-4.68571428571429
			7.85714285714286	-4.68571428571429
			7.82857142857143	-4.68571428571429
			7.8	-4.68571428571429
			7.77142857142857	-4.68571428571429
			7.74285714285714	-4.68571428571429
			7.71428571428571	-4.68571428571429
			7.68571428571429	-4.68571428571429
			7.65714285714286	-4.68571428571429
			7.62857142857143	-4.68571428571429
			7.6	-4.68571428571429
			7.57142857142857	-4.68571428571429
			7.54285714285714	-4.68571428571429
			7.51428571428571	-4.68571428571429
			7.48571428571429	-4.68571428571429
			7.45714285714286	-4.68571428571429
			7.42857142857143	-4.68571428571429
			7.4	-4.68571428571429
			7.37142857142857	-4.68571428571429
			7.34285714285714	-4.65714285714286
			7.31428571428571	-4.65714285714286
			7.28571428571429	-4.65714285714286
			7.25714285714286	-4.65714285714286
			7.22857142857143	-4.65714285714286
		</axis>
		<margin type=matrix rownames=FALSE colnames=FALSE nrow=812 ncol=2 as.numeric=TRUE >
			7.02857142857143	-6.77142857142857
			7.05714285714286	-6.77142857142857
			7.08571428571429	-6.77142857142857
			7.11428571428571	-6.8
			7.14285714285714	-6.8
			7.17142857142857	-6.8
			7.2	-6.82857142857143
			7.22857142857143	-6.82857142857143
			7.22857142857143	-6.85714285714286
			7.25714285714286	-6.85714285714286
			7.28571428571429	-6.85714285714286
			7.28571428571429	-6.88571428571429
			7.31428571428571	-6.88571428571429
			7.34285714285714	-6.91428571428571
			7.37142857142857	-6.94285714285714
			7.4	-6.97142857142857
			7.42857142857143	-7
			7.45714285714286	-7.02857142857143
			7.45714285714286	-7.05714285714286
			7.48571428571429	-7.08571428571429
			7.51428571428571	-7.08571428571429
			7.51428571428571	-7.11428571428571
			7.54285714285714	-7.14285714285714
			7.54285714285714	-7.17142857142857
			7.57142857142857	-7.2
			7.57142857142857	-7.22857142857143
			7.6	-7.25714285714286
			7.6	-7.28571428571429
			7.6	-7.31428571428571
			7.62857142857143	-7.34285714285714
			7.62857142857143	-7.37142857142857
			7.62857142857143	-7.4
			7.65714285714286	-7.42857142857143
			7.65714285714286	-7.45714285714286
			7.65714285714286	-7.48571428571429
			7.68571428571429	-7.51428571428571
			7.68571428571429	-7.54285714285714
			7.68571428571429	-7.57142857142857
			7.68571428571429	-7.6
			7.71428571428571	-7.62857142857143
			7.71428571428571	-7.65714285714286
			7.71428571428571	-7.68571428571429
			7.74285714285714	-7.71428571428571
			7.74285714285714	-7.74285714285714
			7.74285714285714	-7.77142857142857
			7.77142857142857	-7.8
			7.77142857142857	-7.82857142857143
			7.77142857142857	-7.85714285714286
			7.77142857142857	-7.88571428571429
			7.8	-7.91428571428571
			7.8	-7.94285714285714
			7.82857142857143	-7.97142857142857
			7.82857142857143	-8
			7.82857142857143	-8.02857142857143
			7.85714285714286	-8.05714285714286
			7.85714285714286	-8.08571428571429
			7.85714285714286	-8.11428571428571
			7.88571428571429	-8.14285714285714
			7.88571428571429	-8.17142857142857
			7.91428571428571	-8.2
			7.91428571428571	-8.22857142857143
			7.91428571428571	-8.25714285714286
			7.94285714285714	-8.25714285714286
			7.94285714285714	-8.28571428571428
			7.94285714285714	-8.31428571428571
			7.97142857142857	-8.34285714285714
			7.97142857142857	-8.37142857142857
			8	-8.4
			8.02857142857143	-8.42857142857143
			8.02857142857143	-8.45714285714286
			8.05714285714286	-8.48571428571429
			8.05714285714286	-8.51428571428571
			8.05714285714286	-8.54285714285714
			8.08571428571429	-8.54285714285714
			8.08571428571429	-8.57142857142857
			8.11428571428571	-8.6
			8.14285714285714	-8.62857142857143
			8.17142857142857	-8.65714285714286
			8.2	-8.68571428571429
			8.22857142857143	-8.71428571428571
			8.22857142857143	-8.74285714285714
			8.25714285714286	-8.77142857142857
			8.28571428571428	-8.8
			8.31428571428571	-8.82857142857143
			8.34285714285714	-8.82857142857143
			8.37142857142857	-8.85714285714286
			8.4	-8.85714285714286
			8.42857142857143	-8.85714285714286
			8.45714285714286	-8.85714285714286
			8.45714285714286	-8.82857142857143
			8.48571428571429	-8.82857142857143
			8.51428571428571	-8.8
			8.54285714285714	-8.77142857142857
			8.54285714285714	-8.74285714285714
			8.57142857142857	-8.71428571428571
			8.57142857142857	-8.68571428571429
			8.6	-8.65714285714286
			8.6	-8.62857142857143
			8.6	-8.6
			8.62857142857143	-8.57142857142857
			8.62857142857143	-8.54285714285714
			8.62857142857143	-8.51428571428571
			8.65714285714286	-8.48571428571429
			8.65714285714286	-8.45714285714286
			8.65714285714286	-8.42857142857143
			8.65714285714286	-8.4
			8.68571428571429	-8.37142857142857
			8.68571428571429	-8.34285714285714
			8.68571428571429	-8.31428571428571
			8.68571428571429	-8.28571428571428
			8.71428571428571	-8.25714285714286
			8.71428571428571	-8.22857142857143
			8.71428571428571	-8.2
			8.71428571428571	-8.17142857142857
			8.74285714285714	-8.14285714285714
			8.74285714285714	-8.11428571428571
			8.77142857142857	-8.08571428571429
			8.77142857142857	-8.05714285714286
			8.8	-8.02857142857143
			8.82857142857143	-8
			8.82857142857143	-7.97142857142857
			8.85714285714286	-7.94285714285714
			8.85714285714286	-7.91428571428571
			8.88571428571429	-7.88571428571429
			8.91428571428571	-7.85714285714286
			8.94285714285714	-7.82857142857143
			8.94285714285714	-7.8
			8.97142857142857	-7.77142857142857
			9	-7.74285714285714
			9	-7.71428571428571
			9.02857142857143	-7.68571428571429
			9.02857142857143	-7.65714285714286
			9.05714285714286	-7.62857142857143
			9.08571428571429	-7.6
			9.08571428571429	-7.57142857142857
			9.11428571428571	-7.54285714285714
			9.14285714285714	-7.51428571428571
			9.14285714285714	-7.48571428571429
			9.17142857142857	-7.45714285714286
			9.17142857142857	-7.42857142857143
			9.2	-7.4
			9.22857142857143	-7.37142857142857
			9.22857142857143	-7.34285714285714
			9.25714285714286	-7.31428571428571
			9.28571428571428	-7.28571428571429
			9.28571428571428	-7.25714285714286
			9.31428571428571	-7.22857142857143
			9.34285714285714	-7.2
			9.34285714285714	-7.17142857142857
			9.37142857142857	-7.14285714285714
			9.4	-7.11428571428571
			9.4	-7.08571428571429
			9.42857142857143	-7.05714285714286
			9.45714285714286	-7.02857142857143
			9.45714285714286	-7
			9.48571428571429	-6.97142857142857
			9.48571428571429	-6.94285714285714
			9.51428571428571	-6.91428571428571
			9.54285714285714	-6.88571428571429
			9.57142857142857	-6.85714285714286
			9.57142857142857	-6.82857142857143
			9.6	-6.8
			9.62857142857143	-6.77142857142857
			9.62857142857143	-6.74285714285714
			9.65714285714286	-6.71428571428571
			9.68571428571429	-6.68571428571429
			9.68571428571429	-6.65714285714286
			9.71428571428571	-6.62857142857143
			9.74285714285714	-6.6
			9.74285714285714	-6.57142857142857
			9.77142857142857	-6.57142857142857
			9.77142857142857	-6.54285714285714
			9.8	-6.51428571428571
			9.82857142857143	-6.48571428571429
			9.85714285714286	-6.45714285714286
			9.85714285714286	-6.42857142857143
			9.88571428571429	-6.4
			9.91428571428571	-6.37142857142857
			9.94285714285714	-6.34285714285714
			9.94285714285714	-6.31428571428571
			9.97142857142857	-6.28571428571429
			10	-6.25714285714286
			10.0285714285714	-6.22857142857143
			10.0571428571429	-6.2
			10.0571428571429	-6.17142857142857
			10.0857142857143	-6.14285714285714
			10.1142857142857	-6.14285714285714
			10.1142857142857	-6.11428571428571
			10.1428571428571	-6.11428571428571
			10.1714285714286	-6.08571428571429
			10.2	-6.05714285714286
			10.2285714285714	-6.05714285714286
			10.2285714285714	-6.02857142857143
			10.2571428571429	-6.02857142857143
			10.2857142857143	-6
			10.3142857142857	-6
			10.3428571428571	-6
			10.3714285714286	-6
			10.4	-5.97142857142857
			10.4285714285714	-5.97142857142857
			10.4571428571429	-5.97142857142857
			10.4857142857143	-5.94285714285714
			10.5142857142857	-5.94285714285714
			10.5428571428571	-5.94285714285714
			10.5714285714286	-5.94285714285714
			10.6	-5.94285714285714
			10.6285714285714	-5.94285714285714
			10.6285714285714	-5.91428571428571
			10.6571428571429	-5.91428571428571
			10.6857142857143	-5.91428571428571
			10.7142857142857	-5.91428571428571
			10.7428571428571	-5.94285714285714
			10.7714285714286	-5.94285714285714
			10.8	-5.94285714285714
			10.8285714285714	-5.97142857142857
			10.8285714285714	-6
			10.8285714285714	-6.02857142857143
			10.8571428571429	-6.05714285714286
			10.8571428571429	-6.08571428571429
			10.8571428571429	-6.11428571428571
			10.8571428571429	-6.14285714285714
			10.8571428571429	-6.17142857142857
			10.8857142857143	-6.2
			10.8857142857143	-6.22857142857143
			10.8857142857143	-6.25714285714286
			10.8857142857143	-6.28571428571429
			10.8857142857143	-6.31428571428571
			10.9142857142857	-6.34285714285714
			10.9142857142857	-6.37142857142857
			10.9142857142857	-6.4
			10.9142857142857	-6.42857142857143
			10.9142857142857	-6.45714285714286
			10.9428571428571	-6.48571428571429
			10.9428571428571	-6.51428571428571
			10.9428571428571	-6.54285714285714
			10.9428571428571	-6.57142857142857
			10.9714285714286	-6.6
			10.9714285714286	-6.62857142857143
			10.9714285714286	-6.65714285714286
			10.9714285714286	-6.68571428571429
			11	-6.71428571428571
			11	-6.74285714285714
			11	-6.77142857142857
			11	-6.8
			11.0285714285714	-6.82857142857143
			11.0285714285714	-6.85714285714286
			11.0285714285714	-6.88571428571429
			11.0571428571429	-6.91428571428571
			11.0571428571429	-6.94285714285714
			11.0571428571429	-6.97142857142857
			11.0571428571429	-7
			11.0857142857143	-7.02857142857143
			11.0857142857143	-7.05714285714286
			11.0857142857143	-7.08571428571429
			11.1142857142857	-7.11428571428571
			11.1142857142857	-7.14285714285714
			11.1142857142857	-7.17142857142857
			11.1428571428571	-7.2
			11.1428571428571	-7.22857142857143
			11.1428571428571	-7.25714285714286
			11.1714285714286	-7.28571428571429
			11.1714285714286	-7.31428571428571
			11.2	-7.34285714285714
			11.2	-7.37142857142857
			11.2	-7.4
			11.2285714285714	-7.42857142857143
			11.2285714285714	-7.45714285714286
			11.2571428571429	-7.48571428571429
			11.2571428571429	-7.51428571428571
			11.2571428571429	-7.54285714285714
			11.2857142857143	-7.57142857142857
			11.2857142857143	-7.6
			11.3142857142857	-7.62857142857143
			11.3142857142857	-7.65714285714286
			11.3428571428571	-7.68571428571429
			11.3714285714286	-7.71428571428571
			11.3714285714286	-7.74285714285714
			11.4	-7.77142857142857
			11.4	-7.8
			11.4285714285714	-7.82857142857143
			11.4285714285714	-7.85714285714286
			11.4571428571429	-7.85714285714286
			11.4571428571429	-7.88571428571429
			11.4857142857143	-7.91428571428571
			11.4857142857143	-7.94285714285714
			11.5142857142857	-7.97142857142857
			11.5428571428571	-7.97142857142857
			11.5428571428571	-8
			11.5714285714286	-8.02857142857143
			11.6	-8.05714285714286
			11.6285714285714	-8.08571428571429
			11.6571428571429	-8.11428571428571
			11.6857142857143	-8.14285714285714
			11.7142857142857	-8.17142857142857
			11.7428571428571	-8.17142857142857
			11.7714285714286	-8.2
			11.8	-8.22857142857143
			11.8285714285714	-8.22857142857143
			11.8571428571429	-8.25714285714286
			11.8857142857143	-8.25714285714286
			11.9142857142857	-8.28571428571428
			11.9428571428571	-8.28571428571428
			11.9714285714286	-8.28571428571428
			12	-8.28571428571428
			12.0285714285714	-8.25714285714286
			12.0571428571429	-8.25714285714286
			12.0857142857143	-8.25714285714286
			12.1142857142857	-8.25714285714286
			12.1428571428571	-8.22857142857143
			12.1714285714286	-8.22857142857143
			12.2	-8.2
			12.2285714285714	-8.2
			12.2285714285714	-8.17142857142857
			12.2571428571429	-8.14285714285714
			12.2857142857143	-8.11428571428571
			12.2857142857143	-8.08571428571429
			12.3142857142857	-8.05714285714286
			12.3142857142857	-8.02857142857143
			12.3142857142857	-8
			12.3142857142857	-7.97142857142857
			12.3142857142857	-7.94285714285714
			12.3142857142857	-7.91428571428571
			12.3142857142857	-7.88571428571429
			12.3142857142857	-7.85714285714286
			12.2857142857143	-7.82857142857143
			12.2857142857143	-7.8
			12.2857142857143	-7.77142857142857
			12.2857142857143	-7.74285714285714
			12.2571428571429	-7.71428571428571
			12.2571428571429	-7.68571428571429
			12.2571428571429	-7.65714285714286
			12.2285714285714	-7.62857142857143
			12.2285714285714	-7.6
			12.2285714285714	-7.57142857142857
			12.2285714285714	-7.54285714285714
			12.2	-7.51428571428571
			12.2	-7.48571428571429
			12.2	-7.45714285714286
			12.2	-7.42857142857143
			12.2	-7.4
			12.1714285714286	-7.37142857142857
			12.1714285714286	-7.34285714285714
			12.1714285714286	-7.31428571428571
			12.1714285714286	-7.28571428571429
			12.1428571428571	-7.25714285714286
			12.1428571428571	-7.22857142857143
			12.1428571428571	-7.2
			12.1142857142857	-7.17142857142857
			12.1142857142857	-7.14285714285714
			12.1142857142857	-7.11428571428571
			12.1142857142857	-7.08571428571429
			12.0857142857143	-7.05714285714286
			12.0857142857143	-7.02857142857143
			12.0857142857143	-7
			12.0857142857143	-6.97142857142857
			12.0571428571429	-6.94285714285714
			12.0571428571429	-6.91428571428571
			12.0571428571429	-6.88571428571429
			12.0571428571429	-6.85714285714286
			12.0285714285714	-6.82857142857143
			12.0285714285714	-6.8
			12.0285714285714	-6.77142857142857
			12.0285714285714	-6.74285714285714
			12.0285714285714	-6.71428571428571
			12	-6.71428571428571
			12	-6.68571428571429
			12	-6.65714285714286
			12	-6.62857142857143
			11.9714285714286	-6.6
			11.9714285714286	-6.57142857142857
			11.9714285714286	-6.54285714285714
			11.9714285714286	-6.51428571428571
			11.9428571428571	-6.48571428571429
			11.9428571428571	-6.45714285714286
			11.9428571428571	-6.42857142857143
			11.9428571428571	-6.4
			11.9142857142857	-6.4
			11.9142857142857	-6.37142857142857
			11.9142857142857	-6.34285714285714
			11.9142857142857	-6.31428571428571
			11.9142857142857	-6.28571428571429
			11.8857142857143	-6.28571428571429
			11.8857142857143	-6.25714285714286
			11.8857142857143	-6.22857142857143
			11.8857142857143	-6.2
			11.8571428571429	-6.17142857142857
			11.8571428571429	-6.14285714285714
			11.8571428571429	-6.11428571428571
			11.8571428571429	-6.08571428571429
			11.8285714285714	-6.08571428571429
			11.8285714285714	-6.05714285714286
			11.8285714285714	-6.02857142857143
			11.8285714285714	-6
			11.8	-5.97142857142857
			11.8	-5.94285714285714
			11.8	-5.91428571428571
			11.7714285714286	-5.88571428571429
			11.7714285714286	-5.85714285714286
			11.7714285714286	-5.82857142857143
			11.7428571428571	-5.8
			11.7428571428571	-5.77142857142857
			11.7428571428571	-5.74285714285714
			11.7428571428571	-5.71428571428571
			11.7428571428571	-5.68571428571429
			11.7428571428571	-5.65714285714286
			11.7428571428571	-5.62857142857143
			11.7428571428571	-5.6
			11.7428571428571	-5.57142857142857
			11.7428571428571	-5.54285714285714
			11.7428571428571	-5.51428571428571
			11.7428571428571	-5.48571428571429
			11.7428571428571	-5.45714285714286
			11.7428571428571	-5.42857142857143
			11.7428571428571	-5.4
			11.7714285714286	-5.37142857142857
			11.7714285714286	-5.34285714285714
			11.7714285714286	-5.31428571428571
			11.7714285714286	-5.28571428571429
			11.7714285714286	-5.25714285714286
			11.7714285714286	-5.22857142857143
			11.7714285714286	-5.2
			11.8	-5.17142857142857
			11.8	-5.14285714285714
			11.8	-5.11428571428571
			11.8	-5.08571428571429
			11.8	-5.05714285714286
			11.8285714285714	-5.05714285714286
			11.8285714285714	-5.02857142857143
			11.8285714285714	-5
			11.8285714285714	-4.97142857142857
			11.8571428571429	-4.94285714285714
			11.8571428571429	-4.91428571428571
			11.8571428571429	-4.88571428571429
			11.8857142857143	-4.85714285714286
			11.8857142857143	-4.82857142857143
			11.9142857142857	-4.8
			11.9142857142857	-4.77142857142857
			11.9428571428571	-4.74285714285714
			11.9428571428571	-4.71428571428571
			11.9714285714286	-4.68571428571429
			12	-4.65714285714286
			12	-4.62857142857143
			12.0285714285714	-4.6
			12.0571428571429	-4.57142857142857
			12.0857142857143	-4.54285714285714
			12.1142857142857	-4.51428571428571
			12.1428571428571	-4.48571428571429
			12.1714285714286	-4.48571428571429
			12.2	-4.48571428571429
			12.2285714285714	-4.48571428571429
			12.2571428571429	-4.51428571428571
			12.2857142857143	-4.51428571428571
			12.3142857142857	-4.54285714285714
			12.3428571428571	-4.57142857142857
			12.3714285714286	-4.6
			12.3714285714286	-4.62857142857143
			12.3714285714286	-4.65714285714286
			12.3714285714286	-4.68571428571429
			12.3714285714286	-4.71428571428571
			12.3714285714286	-4.74285714285714
			12.3714285714286	-4.77142857142857
			12.4	-4.8
			12.4	-4.82857142857143
			12.4	-4.85714285714286
			12.4	-4.88571428571429
			12.4	-4.91428571428571
			12.4	-4.94285714285714
			12.4	-4.97142857142857
			12.4	-5
			12.4285714285714	-5.02857142857143
			12.4285714285714	-5.05714285714286
			12.4285714285714	-5.08571428571429
			12.4285714285714	-5.11428571428571
			12.4285714285714	-5.14285714285714
			12.4285714285714	-5.17142857142857
			12.4285714285714	-5.2
			12.4571428571429	-5.2
			12.4571428571429	-5.22857142857143
			12.4571428571429	-5.25714285714286
			12.4571428571429	-5.28571428571429
			12.4571428571429	-5.31428571428571
			12.4571428571429	-5.34285714285714
			12.4857142857143	-5.37142857142857
			12.4857142857143	-5.4
			12.4857142857143	-5.42857142857143
			12.4857142857143	-5.45714285714286
			12.4857142857143	-5.48571428571429
			12.4857142857143	-5.51428571428571
			12.5142857142857	-5.51428571428571
			12.5142857142857	-5.54285714285714
			12.5142857142857	-5.57142857142857
			12.5142857142857	-5.6
			12.5142857142857	-5.62857142857143
			12.5428571428571	-5.62857142857143
			12.5428571428571	-5.65714285714286
			12.5428571428571	-5.68571428571429
			12.5428571428571	-5.71428571428571
			12.5428571428571	-5.74285714285714
			12.5714285714286	-5.74285714285714
			12.5714285714286	-5.77142857142857
			12.5714285714286	-5.8
			12.5714285714286	-5.82857142857143
			12.5714285714286	-5.85714285714286
			12.6	-5.85714285714286
			12.6	-5.88571428571429
			12.6	-5.91428571428571
			12.6	-5.94285714285714
			12.6285714285714	-5.97142857142857
			12.6285714285714	-6
			12.6285714285714	-6.02857142857143
			12.6285714285714	-6.05714285714286
			12.6571428571429	-6.08571428571429
			12.6571428571429	-6.11428571428571
			12.6571428571429	-6.14285714285714
			12.6857142857143	-6.17142857142857
			12.6857142857143	-6.2
			12.7142857142857	-6.22857142857143
			12.7142857142857	-6.25714285714286
			12.7142857142857	-6.28571428571429
			12.7428571428571	-6.31428571428571
			12.7428571428571	-6.34285714285714
			12.7428571428571	-6.37142857142857
			12.7714285714286	-6.4
			12.7714285714286	-6.42857142857143
			12.7714285714286	-6.45714285714286
			12.8	-6.48571428571429
			12.8	-6.51428571428571
			12.8285714285714	-6.54285714285714
			12.8285714285714	-6.57142857142857
			12.8285714285714	-6.6
			12.8571428571429	-6.62857142857143
			12.8571428571429	-6.65714285714286
			12.8857142857143	-6.68571428571429
			12.8857142857143	-6.71428571428571
			12.9142857142857	-6.71428571428571
			12.9142857142857	-6.74285714285714
			12.9142857142857	-6.77142857142857
			12.9428571428571	-6.8
			12.9428571428571	-6.82857142857143
			12.9714285714286	-6.85714285714286
			12.9714285714286	-6.88571428571429
			13	-6.91428571428571
			13.0285714285714	-6.91428571428571
			13.0285714285714	-6.94285714285714
			13.0571428571429	-6.97142857142857
			13.0571428571429	-7
			13.0857142857143	-7
			13.0857142857143	-7.02857142857143
			13.1142857142857	-7.05714285714286
			13.1428571428571	-7.08571428571429
			13.1714285714286	-7.11428571428571
			13.2	-7.14285714285714
			13.2285714285714	-7.17142857142857
			13.2571428571429	-7.17142857142857
			13.2857142857143	-7.2
			13.3142857142857	-7.2
			13.3428571428571	-7.22857142857143
			13.3714285714286	-7.22857142857143
			13.4	-7.22857142857143
			13.4285714285714	-7.22857142857143
			13.4571428571429	-7.22857142857143
			13.4857142857143	-7.22857142857143
			13.5142857142857	-7.22857142857143
			13.5428571428571	-7.22857142857143
			13.5714285714286	-7.22857142857143
			13.6	-7.2
			13.6285714285714	-7.17142857142857
			13.6571428571429	-7.14285714285714
			13.6571428571429	-7.11428571428571
			13.6571428571429	-7.08571428571429
			13.6571428571429	-7.05714285714286
			13.6857142857143	-7.02857142857143
			13.6857142857143	-7
			13.6857142857143	-6.97142857142857
			13.6857142857143	-6.94285714285714
			13.6857142857143	-6.91428571428571
			13.6857142857143	-6.88571428571429
			13.6857142857143	-6.85714285714286
			13.6857142857143	-6.82857142857143
			13.6857142857143	-6.8
			13.6571428571429	-6.77142857142857
			13.6571428571429	-6.74285714285714
			13.6571428571429	-6.71428571428571
			13.6571428571429	-6.68571428571429
			13.6571428571429	-6.65714285714286
			13.6571428571429	-6.62857142857143
			13.6285714285714	-6.6
			13.6285714285714	-6.57142857142857
			13.6285714285714	-6.54285714285714
			13.6285714285714	-6.51428571428571
			13.6285714285714	-6.48571428571429
			13.6285714285714	-6.45714285714286
			13.6	-6.42857142857143
			13.6	-6.4
			13.6	-6.37142857142857
			13.6	-6.34285714285714
			13.5714285714286	-6.31428571428571
			13.5714285714286	-6.28571428571429
			13.5714285714286	-6.25714285714286
			13.5714285714286	-6.22857142857143
			13.5428571428571	-6.2
			13.5428571428571	-6.17142857142857
			13.5428571428571	-6.14285714285714
			13.5428571428571	-6.11428571428571
			13.5142857142857	-6.11428571428571
			13.5142857142857	-6.08571428571429
			13.5142857142857	-6.05714285714286
			13.5142857142857	-6.02857142857143
			13.5142857142857	-6
			13.5142857142857	-5.97142857142857
			13.4857142857143	-5.94285714285714
			13.4857142857143	-5.91428571428571
			13.4857142857143	-5.88571428571429
			13.4857142857143	-5.85714285714286
			13.4857142857143	-5.82857142857143
			13.4857142857143	-5.8
			13.4857142857143	-5.77142857142857
			13.4571428571429	-5.74285714285714
			13.4571428571429	-5.71428571428571
			13.4571428571429	-5.68571428571429
			13.4571428571429	-5.65714285714286
			13.4571428571429	-5.62857142857143
			13.4571428571429	-5.6
			13.4285714285714	-5.57142857142857
			13.4285714285714	-5.54285714285714
			13.4285714285714	-5.51428571428571
			13.4285714285714	-5.48571428571429
			13.4285714285714	-5.45714285714286
			13.4	-5.42857142857143
			13.4	-5.4
			13.4	-5.37142857142857
			13.4	-5.34285714285714
			13.4	-5.31428571428571
			13.4	-5.28571428571429
			13.3714285714286	-5.25714285714286
			13.3714285714286	-5.22857142857143
			13.3714285714286	-5.2
			13.3714285714286	-5.17142857142857
			13.3428571428571	-5.14285714285714
			13.3428571428571	-5.11428571428571
			13.3428571428571	-5.08571428571429
			13.3428571428571	-5.05714285714286
			13.3142857142857	-5.02857142857143
			13.3142857142857	-5
			13.3142857142857	-4.97142857142857
			13.3142857142857	-4.94285714285714
			13.2857142857143	-4.91428571428571
			13.2857142857143	-4.88571428571429
			13.2857142857143	-4.85714285714286
			13.2857142857143	-4.82857142857143
			13.2571428571429	-4.8
			13.2571428571429	-4.77142857142857
			13.2571428571429	-4.74285714285714
			13.2571428571429	-4.71428571428571
			13.2285714285714	-4.71428571428571
			13.2285714285714	-4.68571428571429
			13.2285714285714	-4.65714285714286
			13.2285714285714	-4.62857142857143
			13.2	-4.6
			13.2	-4.57142857142857
			13.2	-4.54285714285714
			13.2	-4.51428571428571
			13.1714285714286	-4.51428571428571
			13.1714285714286	-4.48571428571429
			13.1714285714286	-4.45714285714286
			13.1428571428571	-4.42857142857143
			13.1428571428571	-4.4
			13.1428571428571	-4.37142857142857
			13.1428571428571	-4.34285714285714
			13.1142857142857	-4.31428571428571
			13.1142857142857	-4.28571428571429
			13.0857142857143	-4.25714285714286
			13.0857142857143	-4.22857142857143
			13.0857142857143	-4.2
			13.0571428571429	-4.17142857142857
			13.0571428571429	-4.14285714285714
			13.0571428571429	-4.11428571428571
			13.0285714285714	-4.08571428571429
			13.0285714285714	-4.05714285714286
			13	-4.02857142857143
			13	-4
			13	-3.97142857142857
			12.9714285714286	-3.94285714285714
			12.9714285714286	-3.91428571428571
			12.9714285714286	-3.88571428571429
			12.9428571428571	-3.85714285714286
			12.9428571428571	-3.82857142857143
			12.9428571428571	-3.8
			12.9142857142857	-3.77142857142857
			12.9142857142857	-3.74285714285714
			12.9142857142857	-3.71428571428571
			12.9142857142857	-3.68571428571429
			12.8857142857143	-3.65714285714286
			12.8857142857143	-3.62857142857143
			12.8571428571429	-3.6
			12.8571428571429	-3.57142857142857
			12.8285714285714	-3.54285714285714
			12.8285714285714	-3.51428571428571
			12.8285714285714	-3.48571428571429
			12.8	-3.45714285714286
			12.8	-3.42857142857143
			12.7714285714286	-3.4
			12.7714285714286	-3.37142857142857
			12.7428571428571	-3.34285714285714
			12.7428571428571	-3.31428571428571
			12.7142857142857	-3.28571428571429
			12.7142857142857	-3.25714285714286
			12.6857142857143	-3.22857142857143
			12.6857142857143	-3.2
			12.6571428571429	-3.2
			12.6571428571429	-3.17142857142857
			12.6285714285714	-3.14285714285714
			12.6285714285714	-3.11428571428571
			12.6	-3.08571428571429
			12.6	-3.05714285714286
			12.5714285714286	-3.05714285714286
			12.5714285714286	-3.02857142857143
			12.5428571428571	-3
			12.5428571428571	-2.97142857142857
			12.5142857142857	-2.97142857142857
			12.5142857142857	-2.94285714285714
			12.4857142857143	-2.91428571428571
			12.4571428571429	-2.88571428571429
			12.4285714285714	-2.85714285714286
			12.4	-2.82857142857143
			12.3714285714286	-2.8
			12.3428571428571	-2.77142857142857
			12.3142857142857	-2.74285714285714
			12.2857142857143	-2.71428571428571
			12.2571428571429	-2.68571428571429
			12.2285714285714	-2.65714285714286
			12.2	-2.62857142857143
			12.1714285714286	-2.6
			12.1428571428571	-2.57142857142857
			12.1142857142857	-2.54285714285714
			12.0857142857143	-2.54285714285714
			12.0571428571429	-2.51428571428571
			12.0285714285714	-2.48571428571429
			12	-2.45714285714286
			11.9714285714286	-2.45714285714286
			11.9428571428571	-2.42857142857143
			11.9142857142857	-2.4
			11.8857142857143	-2.37142857142857
			11.8571428571429	-2.37142857142857
			11.8285714285714	-2.34285714285714
			11.8	-2.31428571428571
			11.7714285714286	-2.31428571428571
			11.7714285714286	-2.28571428571429
			11.7428571428571	-2.28571428571429
			11.7142857142857	-2.25714285714286
			11.6857142857143	-2.25714285714286
			11.6571428571429	-2.22857142857143
			11.6285714285714	-2.22857142857143
			11.6	-2.2
			11.5714285714286	-2.2
			11.5428571428571	-2.17142857142857
			11.5142857142857	-2.17142857142857
			11.4857142857143	-2.14285714285714
			11.4571428571429	-2.14285714285714
			11.4285714285714	-2.11428571428571
			11.4	-2.11428571428571
			11.3714285714286	-2.11428571428571
			11.3428571428571	-2.08571428571429
			11.3142857142857	-2.08571428571429
			11.2857142857143	-2.08571428571429
			11.2571428571429	-2.05714285714286
			11.2285714285714	-2.05714285714286
			11.2	-2.05714285714286
			11.1714285714286	-2.02857142857143
			11.1428571428571	-2.02857142857143
			11.1142857142857	-2.02857142857143
			11.0857142857143	-2
			11.0571428571429	-2
			11.0285714285714	-2
			11	-2
			10.9714285714286	-2
			10.9428571428571	-2
			10.9142857142857	-2
			10.8857142857143	-2
			10.8571428571429	-2
			10.8285714285714	-2
			10.8	-2
			10.7714285714286	-2
			10.7428571428571	-2
			10.7142857142857	-2
			10.6857142857143	-2
			10.6571428571429	-2
			10.6285714285714	-2
			10.6	-1.97142857142857
			10.5714285714286	-1.97142857142857
			10.5428571428571	-1.97142857142857
			10.5142857142857	-1.97142857142857
			10.4857142857143	-1.97142857142857
			10.4571428571429	-1.97142857142857
			10.4285714285714	-1.97142857142857
			10.4	-1.97142857142857
			10.3714285714286	-1.97142857142857
			10.3428571428571	-1.97142857142857
			10.3142857142857	-1.94285714285714
			10.2857142857143	-1.94285714285714
			10.2571428571429	-1.94285714285714
			10.2285714285714	-1.94285714285714
			10.2	-1.94285714285714
			10.1714285714286	-1.94285714285714
			10.1428571428571	-1.91428571428571
			10.1142857142857	-1.91428571428571
			10.0857142857143	-1.91428571428571
			10.0571428571429	-1.91428571428571
			10.0285714285714	-1.94285714285714
			10	-1.94285714285714
			9.97142857142857	-1.97142857142857
			9.94285714285714	-1.97142857142857
		</margin>
	</curves.scaled>
	<ruler.points type=matrix rownames=TRUE colnames=FALSE nrow=2 ncol=2 as.numeric=TRUE >
		Ruler point 1	293	344
		Ruler point 2	468	344
	</ruler.points>
</shapes>

