<shapes type=list>
	<ruler.pixel type=vector names=FALSE length=1 as.numeric=TRUE >87</ruler.pixel>
	<ruler.interval type=vector names=FALSE length=1 as.numeric=TRUE >1</ruler.interval>
	<scaling.units type=vector names=FALSE length=1 as.numeric=FALSE >mm</scaling.units>
	<scaling type=vector names=FALSE length=1 as.numeric=TRUE >0.0114942528735632</scaling>
	<landmarks.pixel type=matrix rownames=TRUE colnames=FALSE nrow=5 ncol=2 as.numeric=TRUE >
		LM1	441	124
		LM2	439	352
		LM4	438	357
		LM5	542	124
		LM7	703	110
	</landmarks.pixel>
	<landmarks.scaled type=matrix rownames=TRUE colnames=FALSE nrow=5 ncol=2 as.numeric=TRUE >
		LM1	5.06896551724138	-1.42528735632184
		LM2	5.04597701149425	-4.04597701149425
		LM4	5.03448275862069	-4.10344827586207
		LM5	6.22988505747126	-1.42528735632184
		LM7	8.08045977011494	-1.26436781609195
	</landmarks.scaled>
	<curves.control type=list>
		<axis type=matrix rownames=FALSE colnames=FALSE nrow=11 ncol=2 as.numeric=TRUE >
			441	124
			487	120
			524	120
			538	122
			543	124
			534	159
			508	268
			502	314
			451	344
			445	351
			439	352
		</axis>
		<margin type=matrix rownames=FALSE colnames=FALSE nrow=47 ncol=2 as.numeric=TRUE >
			438	357
			450	356
			456	360
			483	399
			497	431
			503	444
			521	439
			534	430
			549	398
			561	369
			564	347
			568	335
			565	299
			573	296
			597	324
			623	362
			646	397
			655	399
			668	388
			677	366
			688	340
			692	310
			688	271
			678	241
			665	222
			655	216
			655	209
			657	203
			665	206
			683	213
			708	232
			731	252
			755	277
			760	291
			764	299
			777	295
			789	282
			797	259
			799	209
			784	164
			738	132
			708	108
			699	109
			652	127
			635	124
			587	89
			542	124
		</margin>
	</curves.control>
	<curves.pixel type=list>
		<axis type=matrix rownames=FALSE colnames=FALSE nrow=352 ncol=2 as.numeric=TRUE >
			441	124
			442	124
			443	124
			444	124
			445	124
			446	124
			447	123
			448	123
			449	123
			450	123
			451	123
			452	123
			453	123
			454	123
			455	123
			456	123
			457	123
			458	123
			459	123
			460	122
			461	122
			462	122
			463	122
			464	122
			465	122
			466	122
			467	122
			468	122
			469	122
			470	122
			471	122
			472	122
			473	122
			474	122
			475	122
			476	121
			477	121
			478	121
			479	121
			480	121
			481	121
			482	121
			483	121
			484	121
			485	121
			486	121
			487	121
			488	121
			489	121
			490	121
			491	121
			492	121
			493	121
			494	121
			495	121
			496	121
			497	120
			498	120
			499	120
			500	120
			501	120
			502	120
			503	120
			504	120
			505	120
			506	120
			507	120
			508	120
			509	120
			510	120
			511	120
			512	120
			513	120
			514	120
			515	120
			516	120
			517	120
			518	120
			519	120
			520	120
			521	120
			522	120
			523	120
			524	120
			525	120
			526	120
			527	120
			528	121
			529	121
			530	121
			531	121
			532	121
			533	121
			534	122
			535	122
			536	122
			537	122
			538	123
			539	123
			540	123
			541	123
			542	123
			542	124
			543	124
			543	125
			542	126
			542	127
			542	128
			542	129
			541	130
			541	131
			541	132
			541	133
			540	134
			540	135
			540	136
			540	137
			539	138
			539	139
			539	140
			539	141
			539	142
			538	142
			538	143
			538	144
			538	145
			537	146
			537	147
			537	148
			537	149
			537	150
			536	151
			536	152
			536	153
			536	154
			535	155
			535	156
			535	157
			535	158
			534	159
			534	160
			534	161
			534	162
			533	163
			533	164
			533	165
			533	166
			532	167
			532	168
			532	169
			531	170
			531	171
			531	172
			531	173
			531	174
			530	175
			530	176
			530	177
			530	178
			529	179
			529	180
			529	181
			529	182
			528	183
			528	184
			528	185
			528	186
			527	187
			527	188
			527	189
			527	190
			526	191
			526	192
			526	193
			526	194
			525	195
			525	196
			525	197
			525	198
			524	199
			524	200
			524	201
			524	202
			524	203
			523	204
			523	205
			523	206
			523	207
			522	208
			522	209
			522	210
			522	211
			521	212
			521	213
			521	214
			521	215
			520	216
			520	217
			520	218
			520	219
			519	220
			519	221
			519	222
			519	223
			519	224
			518	225
			518	226
			518	227
			518	228
			517	229
			517	230
			517	231
			517	232
			516	233
			516	234
			516	235
			516	236
			515	237
			515	238
			515	239
			515	240
			514	241
			514	242
			514	243
			514	244
			513	245
			513	246
			513	247
			513	248
			513	249
			512	250
			512	251
			512	252
			512	253
			511	254
			511	255
			511	256
			511	257
			510	258
			510	259
			510	260
			510	261
			509	262
			509	263
			509	264
			509	265
			509	266
			508	267
			508	268
			508	269
			508	270
			508	271
			507	271
			507	272
			507	273
			507	274
			507	275
			507	276
			506	277
			506	278
			506	279
			506	280
			505	281
			505	282
			505	283
			504	284
			504	285
			504	286
			503	287
			503	288
			503	289
			502	290
			502	291
			501	292
			501	293
			500	294
			500	295
			500	296
			499	297
			499	298
			498	299
			497	300
			496	301
			496	302
			496	303
			495	303
			495	304
			494	305
			494	306
			493	307
			492	308
			492	309
			491	310
			490	311
			489	312
			488	313
			487	314
			487	315
			486	316
			485	317
			484	318
			484	319
			483	319
			482	320
			481	321
			480	322
			479	323
			479	324
			478	324
			477	325
			476	326
			475	327
			474	328
			473	329
			472	329
			471	330
			470	331
			469	332
			468	332
			467	333
			466	334
			465	335
			464	336
			463	336
			462	337
			461	338
			460	339
			459	339
			458	340
			457	340
			457	341
			456	341
			455	341
			454	342
			453	343
			452	344
			451	344
			451	345
			450	345
			450	346
			449	346
			448	347
			447	348
			446	349
			445	350
			444	350
			443	351
			442	351
			441	351
			441	352
			440	352
			439	352
		</axis>
		<margin type=matrix rownames=FALSE colnames=FALSE nrow=1115 ncol=2 as.numeric=TRUE >
			438	357
			439	357
			440	357
			441	357
			442	357
			443	357
			444	357
			445	357
			446	357
			447	357
			448	357
			449	357
			450	358
			451	358
			452	358
			453	358
			454	359
			455	359
			456	360
			457	361
			457	362
			458	363
			459	364
			460	365
			460	366
			461	367
			462	368
			462	369
			463	370
			463	371
			464	372
			464	373
			465	373
			465	374
			466	375
			467	376
			468	377
			468	378
			469	379
			469	380
			470	381
			470	382
			471	383
			472	384
			472	385
			473	385
			473	386
			474	387
			474	388
			475	389
			475	390
			476	391
			477	392
			477	393
			478	394
			479	395
			479	396
			480	397
			480	398
			481	399
			481	400
			482	401
			483	402
			483	403
			484	404
			484	405
			485	406
			485	407
			486	408
			486	409
			487	410
			487	411
			488	412
			489	413
			489	414
			490	415
			490	416
			491	417
			491	418
			492	419
			492	420
			492	421
			493	421
			493	422
			493	423
			494	424
			494	425
			495	426
			495	427
			496	428
			496	429
			496	430
			497	430
			497	431
			497	432
			498	432
			498	433
			498	434
			499	435
			500	435
			501	436
			501	437
			502	438
			503	438
			504	439
			505	439
			506	440
			507	440
			508	440
			509	440
			510	440
			511	440
			512	440
			513	440
			514	440
			515	440
			516	440
			517	440
			518	440
			519	439
			520	439
			521	439
			522	438
			523	438
			524	437
			525	436
			526	435
			527	434
			528	433
			529	432
			529	431
			530	430
			531	430
			531	429
			532	428
			532	427
			533	426
			534	425
			534	424
			535	424
			536	423
			536	422
			537	421
			538	420
			538	419
			538	418
			539	418
			539	417
			540	416
			540	415
			541	414
			541	413
			542	412
			542	411
			543	410
			544	409
			544	408
			545	407
			545	406
			545	405
			546	405
			546	404
			546	403
			547	403
			547	402
			547	401
			548	400
			549	399
			549	398
			549	397
			550	396
			550	395
			551	394
			551	393
			551	392
			552	391
			552	390
			553	389
			553	388
			553	387
			554	386
			554	385
			554	384
			555	383
			555	382
			555	381
			556	380
			556	379
			557	378
			557	377
			557	376
			557	375
			558	374
			558	373
			558	372
			559	371
			559	370
			559	369
			560	368
			560	367
			560	366
			560	365
			560	364
			561	364
			561	363
			561	362
			561	361
			562	360
			562	359
			562	358
			562	357
			563	356
			563	355
			563	354
			563	353
			563	352
			563	351
			564	350
			564	349
			564	348
			564	347
			564	346
			564	345
			565	344
			565	343
			565	342
			565	341
			566	340
			566	339
			566	338
			566	337
			566	336
			566	335
			566	334
			566	333
			566	332
			566	331
			566	330
			566	329
			566	328
			566	327
			566	326
			566	325
			566	324
			566	323
			566	322
			566	321
			566	320
			566	319
			566	318
			566	317
			566	316
			566	315
			566	314
			566	313
			566	312
			566	311
			566	310
			566	309
			566	308
			566	307
			566	306
			565	305
			565	304
			565	303
			565	302
			565	301
			565	300
			565	299
			566	299
			567	299
			568	299
			569	299
			570	299
			571	300
			572	301
			573	301
			574	302
			575	302
			576	303
			577	304
			578	305
			579	306
			580	306
			581	307
			582	308
			583	309
			584	310
			585	311
			586	312
			587	313
			588	314
			589	315
			590	316
			591	317
			592	318
			593	319
			594	320
			594	321
			595	322
			596	322
			596	323
			597	324
			598	325
			598	326
			599	327
			600	328
			601	329
			601	330
			602	331
			603	332
			603	333
			604	334
			605	335
			605	336
			606	337
			606	338
			607	338
			607	339
			608	340
			608	341
			609	342
			610	343
			611	344
			611	345
			612	346
			612	347
			613	348
			614	349
			615	350
			616	351
			616	352
			617	353
			617	354
			618	355
			619	356
			619	357
			620	358
			620	359
			621	359
			621	360
			622	361
			623	362
			624	363
			624	364
			625	365
			625	366
			626	367
			627	368
			627	369
			628	370
			629	371
			629	372
			630	373
			631	374
			632	375
			632	376
			633	377
			634	378
			634	379
			635	380
			635	381
			636	382
			636	383
			637	383
			638	384
			638	385
			639	386
			639	387
			640	387
			640	388
			641	389
			641	390
			642	390
			642	391
			643	392
			643	393
			644	394
			645	395
			645	396
			646	397
			647	397
			648	397
			649	397
			650	397
			651	397
			652	397
			653	397
			654	396
			655	396
			656	396
			657	395
			658	395
			659	394
			660	394
			661	393
			662	393
			663	392
			664	391
			665	390
			666	390
			666	389
			667	389
			668	388
			668	387
			669	386
			669	385
			670	384
			670	383
			670	382
			671	382
			671	381
			671	380
			672	379
			672	378
			673	377
			673	376
			673	375
			674	374
			674	373
			674	372
			675	371
			675	370
			676	369
			676	368
			677	367
			677	366
			678	365
			678	364
			678	363
			679	362
			679	361
			680	360
			680	359
			681	358
			681	357
			681	356
			682	355
			682	354
			683	353
			683	352
			684	351
			684	350
			684	349
			685	348
			685	347
			686	346
			686	345
			686	344
			687	343
			687	342
			688	341
			688	340
			688	339
			688	338
			688	337
			689	336
			689	335
			689	334
			689	333
			689	332
			689	331
			689	330
			689	329
			689	328
			689	327
			689	326
			689	325
			690	324
			690	323
			690	322
			690	321
			690	320
			690	319
			690	318
			690	317
			690	316
			690	315
			690	314
			690	313
			690	312
			690	311
			690	310
			690	309
			690	308
			690	307
			690	306
			690	305
			690	304
			690	303
			690	302
			690	301
			690	300
			690	299
			690	298
			690	297
			690	296
			690	295
			690	294
			690	293
			690	292
			690	291
			689	290
			689	289
			689	288
			689	287
			689	286
			689	285
			689	284
			689	283
			689	282
			689	281
			689	280
			689	279
			689	278
			689	277
			688	276
			688	275
			688	274
			688	273
			688	272
			688	271
			688	270
			687	269
			687	268
			687	267
			686	266
			686	265
			685	264
			685	263
			685	262
			684	261
			684	260
			684	259
			683	258
			683	257
			683	256
			682	256
			682	255
			682	254
			681	253
			681	252
			681	251
			680	250
			680	249
			679	249
			679	248
			679	247
			678	246
			678	245
			678	244
			677	244
			677	243
			676	242
			676	241
			676	240
			675	240
			675	239
			674	238
			674	237
			673	236
			673	235
			672	234
			672	233
			671	232
			671	231
			670	231
			670	230
			669	229
			669	228
			668	227
			668	226
			667	226
			667	225
			666	224
			666	223
			665	223
			665	222
			664	221
			663	221
			662	220
			661	219
			660	218
			659	217
			658	216
			657	215
			656	214
			656	213
			655	212
			655	211
			655	210
			655	209
			656	208
			656	207
			657	206
			658	206
			659	205
			660	205
			661	205
			662	205
			663	205
			664	206
			665	206
			666	207
			667	207
			668	207
			669	208
			670	208
			671	209
			672	209
			673	209
			674	210
			675	210
			676	211
			677	211
			678	212
			679	213
			680	213
			681	214
			682	214
			683	215
			684	215
			685	216
			686	217
			687	217
			688	218
			689	219
			690	219
			691	220
			692	221
			693	221
			693	222
			694	222
			695	222
			695	223
			696	223
			697	224
			698	224
			698	225
			699	225
			700	226
			701	227
			702	228
			703	229
			704	229
			705	230
			706	230
			707	231
			708	232
			709	232
			709	233
			710	234
			711	235
			712	235
			713	236
			713	237
			714	238
			715	238
			716	239
			717	240
			718	241
			719	242
			720	243
			721	244
			722	245
			723	246
			724	247
			725	248
			726	248
			727	249
			728	250
			729	251
			730	252
			731	253
			732	254
			733	255
			734	256
			735	257
			736	258
			737	259
			738	260
			739	261
			740	262
			741	263
			742	264
			743	265
			744	266
			745	267
			746	268
			747	269
			748	270
			749	271
			750	272
			751	273
			752	274
			753	275
			754	276
			755	277
			755	278
			756	278
			756	279
			756	280
			756	281
			757	282
			757	283
			758	284
			758	285
			758	286
			759	287
			759	288
			760	289
			760	290
			760	291
			761	292
			761	293
			762	294
			762	295
			763	296
			763	297
			763	298
			764	299
			765	299
			766	298
			767	298
			768	298
			769	297
			770	297
			771	296
			772	296
			773	295
			774	295
			775	294
			776	293
			777	293
			778	292
			779	291
			780	290
			781	289
			782	289
			782	288
			783	288
			784	287
			785	286
			786	285
			787	284
			788	283
			789	282
			789	281
			790	280
			790	279
			790	278
			791	277
			791	276
			791	275
			791	274
			792	273
			792	272
			792	271
			792	270
			793	269
			793	268
			793	267
			793	266
			793	265
			794	264
			794	263
			794	262
			794	261
			794	260
			794	259
			795	258
			795	257
			795	256
			795	255
			795	254
			795	253
			796	252
			796	251
			796	250
			796	249
			796	248
			796	247
			796	246
			796	245
			796	244
			797	243
			797	242
			797	241
			797	240
			797	239
			797	238
			797	237
			797	236
			797	235
			798	234
			798	233
			798	232
			798	231
			798	230
			798	229
			798	228
			798	227
			798	226
			798	225
			798	224
			798	223
			798	222
			798	221
			798	220
			799	219
			799	218
			799	217
			799	216
			799	215
			799	214
			799	213
			799	212
			799	211
			799	210
			799	209
			799	208
			798	207
			798	206
			797	205
			797	204
			797	203
			796	202
			796	201
			796	200
			795	199
			795	198
			794	197
			794	196
			794	195
			793	195
			793	194
			792	193
			792	192
			791	191
			791	190
			791	189
			790	188
			790	187
			789	186
			788	185
			787	184
			787	183
			786	182
			786	181
			785	180
			785	179
			784	179
			784	178
			784	177
			783	177
			783	176
			782	176
			782	175
			782	174
			781	174
			781	173
			780	173
			780	172
			779	171
			778	170
			778	169
			777	168
			776	167
			775	166
			775	165
			774	164
			773	164
			773	163
			772	162
			771	161
			770	160
			769	159
			768	158
			768	157
			767	156
			766	156
			765	155
			764	154
			764	153
			763	152
			762	152
			761	151
			760	150
			760	149
			759	148
			758	148
			757	147
			756	146
			755	145
			754	145
			753	144
			753	143
			752	142
			751	142
			750	141
			749	140
			748	139
			747	139
			746	138
			745	137
			744	136
			743	136
			742	135
			741	134
			740	134
			739	133
			738	132
			737	131
			736	130
			735	129
			734	129
			733	128
			732	127
			731	126
			730	126
			729	125
			728	125
			728	124
			727	123
			726	123
			725	122
			724	122
			724	121
			723	120
			722	120
			721	119
			720	118
			719	118
			718	117
			717	117
			716	116
			715	115
			714	115
			713	114
			712	114
			711	113
			710	113
			710	112
			709	112
			708	111
			707	111
			706	111
			705	110
			704	110
			703	110
			702	109
			701	109
			700	109
			699	109
			698	110
			697	110
			696	110
			695	111
			694	111
			693	111
			692	112
			691	112
			690	112
			689	113
			688	113
			687	113
			686	114
			685	114
			684	115
			683	115
			682	115
			681	116
			680	116
			679	116
			678	117
			677	117
			676	117
			675	117
			674	118
			673	118
			672	118
			671	119
			670	119
			669	119
			668	119
			668	120
			667	120
			666	120
			665	120
			664	121
			663	121
			662	121
			661	121
			660	122
			659	122
			658	122
			657	122
			656	122
			655	123
			654	123
			653	123
			652	123
			651	124
			650	124
			649	124
			648	124
			647	124
			646	124
			645	124
			644	124
			643	124
			642	124
			641	124
			640	124
			639	124
			638	124
			637	124
			636	124
			635	124
			634	123
			633	123
			632	122
			631	121
			630	121
			630	120
			629	120
			628	119
			627	119
			626	118
			625	118
			624	117
			623	117
			623	116
			622	116
			621	115
			620	115
			619	114
			618	114
			617	113
			616	113
			615	112
			614	112
			613	111
			612	111
			611	111
			610	110
			609	110
			608	110
			607	109
			606	109
			605	109
			604	109
			603	108
			602	108
			601	108
			600	108
			599	108
			598	107
			597	107
			596	107
			595	107
			594	107
			593	107
			592	107
			591	107
			590	107
			589	107
			588	107
			587	107
			586	107
			585	107
			584	107
			583	107
			582	107
			581	107
			580	107
			579	107
			578	107
			577	107
			576	108
			575	108
			574	108
			573	108
			572	109
			571	109
			570	109
			569	109
			568	110
			567	110
			566	110
			565	111
			564	111
			563	111
			562	112
			561	112
			560	113
			559	113
			559	114
			558	114
			557	114
			556	115
			555	115
			554	116
			553	117
			552	117
			551	118
			550	118
			549	119
			548	119
			547	120
			546	121
			545	122
			544	123
			543	123
			542	124
		</margin>
	</curves.pixel>
	<curves.scaled type=list>
		<axis type=matrix rownames=FALSE colnames=FALSE nrow=352 ncol=2 as.numeric=TRUE >
			5.06896551724138	-1.42528735632184
			5.08045977011494	-1.42528735632184
			5.09195402298851	-1.42528735632184
			5.10344827586207	-1.42528735632184
			5.11494252873563	-1.42528735632184
			5.1264367816092	-1.42528735632184
			5.13793103448276	-1.41379310344828
			5.14942528735632	-1.41379310344828
			5.16091954022988	-1.41379310344828
			5.17241379310345	-1.41379310344828
			5.18390804597701	-1.41379310344828
			5.19540229885058	-1.41379310344828
			5.20689655172414	-1.41379310344828
			5.2183908045977	-1.41379310344828
			5.22988505747126	-1.41379310344828
			5.24137931034483	-1.41379310344828
			5.25287356321839	-1.41379310344828
			5.26436781609195	-1.41379310344828
			5.27586206896552	-1.41379310344828
			5.28735632183908	-1.40229885057471
			5.29885057471264	-1.40229885057471
			5.31034482758621	-1.40229885057471
			5.32183908045977	-1.40229885057471
			5.33333333333333	-1.40229885057471
			5.3448275862069	-1.40229885057471
			5.35632183908046	-1.40229885057471
			5.36781609195402	-1.40229885057471
			5.37931034482759	-1.40229885057471
			5.39080459770115	-1.40229885057471
			5.40229885057471	-1.40229885057471
			5.41379310344828	-1.40229885057471
			5.42528735632184	-1.40229885057471
			5.4367816091954	-1.40229885057471
			5.44827586206897	-1.40229885057471
			5.45977011494253	-1.40229885057471
			5.47126436781609	-1.39080459770115
			5.48275862068965	-1.39080459770115
			5.49425287356322	-1.39080459770115
			5.50574712643678	-1.39080459770115
			5.51724137931035	-1.39080459770115
			5.52873563218391	-1.39080459770115
			5.54022988505747	-1.39080459770115
			5.55172413793103	-1.39080459770115
			5.5632183908046	-1.39080459770115
			5.57471264367816	-1.39080459770115
			5.58620689655172	-1.39080459770115
			5.59770114942529	-1.39080459770115
			5.60919540229885	-1.39080459770115
			5.62068965517241	-1.39080459770115
			5.63218390804598	-1.39080459770115
			5.64367816091954	-1.39080459770115
			5.6551724137931	-1.39080459770115
			5.66666666666667	-1.39080459770115
			5.67816091954023	-1.39080459770115
			5.68965517241379	-1.39080459770115
			5.70114942528736	-1.39080459770115
			5.71264367816092	-1.37931034482759
			5.72413793103448	-1.37931034482759
			5.73563218390805	-1.37931034482759
			5.74712643678161	-1.37931034482759
			5.75862068965517	-1.37931034482759
			5.77011494252874	-1.37931034482759
			5.7816091954023	-1.37931034482759
			5.79310344827586	-1.37931034482759
			5.80459770114942	-1.37931034482759
			5.81609195402299	-1.37931034482759
			5.82758620689655	-1.37931034482759
			5.83908045977011	-1.37931034482759
			5.85057471264368	-1.37931034482759
			5.86206896551724	-1.37931034482759
			5.8735632183908	-1.37931034482759
			5.88505747126437	-1.37931034482759
			5.89655172413793	-1.37931034482759
			5.90804597701149	-1.37931034482759
			5.91954022988506	-1.37931034482759
			5.93103448275862	-1.37931034482759
			5.94252873563218	-1.37931034482759
			5.95402298850575	-1.37931034482759
			5.96551724137931	-1.37931034482759
			5.97701149425287	-1.37931034482759
			5.98850574712644	-1.37931034482759
			6	-1.37931034482759
			6.01149425287356	-1.37931034482759
			6.02298850574713	-1.37931034482759
			6.03448275862069	-1.37931034482759
			6.04597701149425	-1.37931034482759
			6.05747126436782	-1.37931034482759
			6.06896551724138	-1.39080459770115
			6.08045977011494	-1.39080459770115
			6.09195402298851	-1.39080459770115
			6.10344827586207	-1.39080459770115
			6.11494252873563	-1.39080459770115
			6.1264367816092	-1.39080459770115
			6.13793103448276	-1.40229885057471
			6.14942528735632	-1.40229885057471
			6.16091954022988	-1.40229885057471
			6.17241379310345	-1.40229885057471
			6.18390804597701	-1.41379310344828
			6.19540229885058	-1.41379310344828
			6.20689655172414	-1.41379310344828
			6.2183908045977	-1.41379310344828
			6.22988505747126	-1.41379310344828
			6.22988505747126	-1.42528735632184
			6.24137931034483	-1.42528735632184
			6.24137931034483	-1.4367816091954
			6.22988505747126	-1.44827586206897
			6.22988505747126	-1.45977011494253
			6.22988505747126	-1.47126436781609
			6.22988505747126	-1.48275862068966
			6.2183908045977	-1.49425287356322
			6.2183908045977	-1.50574712643678
			6.2183908045977	-1.51724137931034
			6.2183908045977	-1.52873563218391
			6.20689655172414	-1.54022988505747
			6.20689655172414	-1.55172413793103
			6.20689655172414	-1.5632183908046
			6.20689655172414	-1.57471264367816
			6.19540229885058	-1.58620689655172
			6.19540229885058	-1.59770114942529
			6.19540229885058	-1.60919540229885
			6.19540229885058	-1.62068965517241
			6.19540229885058	-1.63218390804598
			6.18390804597701	-1.63218390804598
			6.18390804597701	-1.64367816091954
			6.18390804597701	-1.6551724137931
			6.18390804597701	-1.66666666666667
			6.17241379310345	-1.67816091954023
			6.17241379310345	-1.68965517241379
			6.17241379310345	-1.70114942528736
			6.17241379310345	-1.71264367816092
			6.17241379310345	-1.72413793103448
			6.16091954022988	-1.73563218390805
			6.16091954022988	-1.74712643678161
			6.16091954022988	-1.75862068965517
			6.16091954022988	-1.77011494252874
			6.14942528735632	-1.7816091954023
			6.14942528735632	-1.79310344827586
			6.14942528735632	-1.80459770114943
			6.14942528735632	-1.81609195402299
			6.13793103448276	-1.82758620689655
			6.13793103448276	-1.83908045977011
			6.13793103448276	-1.85057471264368
			6.13793103448276	-1.86206896551724
			6.1264367816092	-1.8735632183908
			6.1264367816092	-1.88505747126437
			6.1264367816092	-1.89655172413793
			6.1264367816092	-1.90804597701149
			6.11494252873563	-1.91954022988506
			6.11494252873563	-1.93103448275862
			6.11494252873563	-1.94252873563218
			6.10344827586207	-1.95402298850575
			6.10344827586207	-1.96551724137931
			6.10344827586207	-1.97701149425287
			6.10344827586207	-1.98850574712644
			6.10344827586207	-2
			6.09195402298851	-2.01149425287356
			6.09195402298851	-2.02298850574713
			6.09195402298851	-2.03448275862069
			6.09195402298851	-2.04597701149425
			6.08045977011494	-2.05747126436782
			6.08045977011494	-2.06896551724138
			6.08045977011494	-2.08045977011494
			6.08045977011494	-2.09195402298851
			6.06896551724138	-2.10344827586207
			6.06896551724138	-2.11494252873563
			6.06896551724138	-2.1264367816092
			6.06896551724138	-2.13793103448276
			6.05747126436782	-2.14942528735632
			6.05747126436782	-2.16091954022989
			6.05747126436782	-2.17241379310345
			6.05747126436782	-2.18390804597701
			6.04597701149425	-2.19540229885057
			6.04597701149425	-2.20689655172414
			6.04597701149425	-2.2183908045977
			6.04597701149425	-2.22988505747126
			6.03448275862069	-2.24137931034483
			6.03448275862069	-2.25287356321839
			6.03448275862069	-2.26436781609195
			6.03448275862069	-2.27586206896552
			6.02298850574713	-2.28735632183908
			6.02298850574713	-2.29885057471264
			6.02298850574713	-2.31034482758621
			6.02298850574713	-2.32183908045977
			6.02298850574713	-2.33333333333333
			6.01149425287356	-2.3448275862069
			6.01149425287356	-2.35632183908046
			6.01149425287356	-2.36781609195402
			6.01149425287356	-2.37931034482759
			6	-2.39080459770115
			6	-2.40229885057471
			6	-2.41379310344828
			6	-2.42528735632184
			5.98850574712644	-2.4367816091954
			5.98850574712644	-2.44827586206897
			5.98850574712644	-2.45977011494253
			5.98850574712644	-2.47126436781609
			5.97701149425287	-2.48275862068966
			5.97701149425287	-2.49425287356322
			5.97701149425287	-2.50574712643678
			5.97701149425287	-2.51724137931034
			5.96551724137931	-2.52873563218391
			5.96551724137931	-2.54022988505747
			5.96551724137931	-2.55172413793103
			5.96551724137931	-2.5632183908046
			5.96551724137931	-2.57471264367816
			5.95402298850575	-2.58620689655172
			5.95402298850575	-2.59770114942529
			5.95402298850575	-2.60919540229885
			5.95402298850575	-2.62068965517241
			5.94252873563218	-2.63218390804598
			5.94252873563218	-2.64367816091954
			5.94252873563218	-2.6551724137931
			5.94252873563218	-2.66666666666667
			5.93103448275862	-2.67816091954023
			5.93103448275862	-2.68965517241379
			5.93103448275862	-2.70114942528736
			5.93103448275862	-2.71264367816092
			5.91954022988506	-2.72413793103448
			5.91954022988506	-2.73563218390805
			5.91954022988506	-2.74712643678161
			5.91954022988506	-2.75862068965517
			5.90804597701149	-2.77011494252874
			5.90804597701149	-2.7816091954023
			5.90804597701149	-2.79310344827586
			5.90804597701149	-2.80459770114943
			5.89655172413793	-2.81609195402299
			5.89655172413793	-2.82758620689655
			5.89655172413793	-2.83908045977011
			5.89655172413793	-2.85057471264368
			5.89655172413793	-2.86206896551724
			5.88505747126437	-2.8735632183908
			5.88505747126437	-2.88505747126437
			5.88505747126437	-2.89655172413793
			5.88505747126437	-2.90804597701149
			5.8735632183908	-2.91954022988506
			5.8735632183908	-2.93103448275862
			5.8735632183908	-2.94252873563218
			5.8735632183908	-2.95402298850575
			5.86206896551724	-2.96551724137931
			5.86206896551724	-2.97701149425287
			5.86206896551724	-2.98850574712644
			5.86206896551724	-3
			5.85057471264368	-3.01149425287356
			5.85057471264368	-3.02298850574713
			5.85057471264368	-3.03448275862069
			5.85057471264368	-3.04597701149425
			5.85057471264368	-3.05747126436782
			5.83908045977011	-3.06896551724138
			5.83908045977011	-3.08045977011494
			5.83908045977011	-3.09195402298851
			5.83908045977011	-3.10344827586207
			5.83908045977011	-3.11494252873563
			5.82758620689655	-3.11494252873563
			5.82758620689655	-3.1264367816092
			5.82758620689655	-3.13793103448276
			5.82758620689655	-3.14942528735632
			5.82758620689655	-3.16091954022989
			5.82758620689655	-3.17241379310345
			5.81609195402299	-3.18390804597701
			5.81609195402299	-3.19540229885057
			5.81609195402299	-3.20689655172414
			5.81609195402299	-3.2183908045977
			5.80459770114942	-3.22988505747126
			5.80459770114942	-3.24137931034483
			5.80459770114942	-3.25287356321839
			5.79310344827586	-3.26436781609195
			5.79310344827586	-3.27586206896552
			5.79310344827586	-3.28735632183908
			5.7816091954023	-3.29885057471264
			5.7816091954023	-3.31034482758621
			5.7816091954023	-3.32183908045977
			5.77011494252874	-3.33333333333333
			5.77011494252874	-3.3448275862069
			5.75862068965517	-3.35632183908046
			5.75862068965517	-3.36781609195402
			5.74712643678161	-3.37931034482759
			5.74712643678161	-3.39080459770115
			5.74712643678161	-3.40229885057471
			5.73563218390805	-3.41379310344828
			5.73563218390805	-3.42528735632184
			5.72413793103448	-3.4367816091954
			5.71264367816092	-3.44827586206897
			5.70114942528736	-3.45977011494253
			5.70114942528736	-3.47126436781609
			5.70114942528736	-3.48275862068966
			5.68965517241379	-3.48275862068966
			5.68965517241379	-3.49425287356322
			5.67816091954023	-3.50574712643678
			5.67816091954023	-3.51724137931034
			5.66666666666667	-3.52873563218391
			5.6551724137931	-3.54022988505747
			5.6551724137931	-3.55172413793103
			5.64367816091954	-3.5632183908046
			5.63218390804598	-3.57471264367816
			5.62068965517241	-3.58620689655172
			5.60919540229885	-3.59770114942529
			5.59770114942529	-3.60919540229885
			5.59770114942529	-3.62068965517241
			5.58620689655172	-3.63218390804598
			5.57471264367816	-3.64367816091954
			5.5632183908046	-3.6551724137931
			5.5632183908046	-3.66666666666667
			5.55172413793103	-3.66666666666667
			5.54022988505747	-3.67816091954023
			5.52873563218391	-3.68965517241379
			5.51724137931035	-3.70114942528736
			5.50574712643678	-3.71264367816092
			5.50574712643678	-3.72413793103448
			5.49425287356322	-3.72413793103448
			5.48275862068965	-3.73563218390805
			5.47126436781609	-3.74712643678161
			5.45977011494253	-3.75862068965517
			5.44827586206897	-3.77011494252874
			5.4367816091954	-3.7816091954023
			5.42528735632184	-3.7816091954023
			5.41379310344828	-3.79310344827586
			5.40229885057471	-3.80459770114943
			5.39080459770115	-3.81609195402299
			5.37931034482759	-3.81609195402299
			5.36781609195402	-3.82758620689655
			5.35632183908046	-3.83908045977011
			5.3448275862069	-3.85057471264368
			5.33333333333333	-3.86206896551724
			5.32183908045977	-3.86206896551724
			5.31034482758621	-3.8735632183908
			5.29885057471264	-3.88505747126437
			5.28735632183908	-3.89655172413793
			5.27586206896552	-3.89655172413793
			5.26436781609195	-3.90804597701149
			5.25287356321839	-3.90804597701149
			5.25287356321839	-3.91954022988506
			5.24137931034483	-3.91954022988506
			5.22988505747126	-3.91954022988506
			5.2183908045977	-3.93103448275862
			5.20689655172414	-3.94252873563218
			5.19540229885058	-3.95402298850575
			5.18390804597701	-3.95402298850575
			5.18390804597701	-3.96551724137931
			5.17241379310345	-3.96551724137931
			5.17241379310345	-3.97701149425287
			5.16091954022988	-3.97701149425287
			5.14942528735632	-3.98850574712644
			5.13793103448276	-4
			5.1264367816092	-4.01149425287356
			5.11494252873563	-4.02298850574713
			5.10344827586207	-4.02298850574713
			5.09195402298851	-4.03448275862069
			5.08045977011494	-4.03448275862069
			5.06896551724138	-4.03448275862069
			5.06896551724138	-4.04597701149425
			5.05747126436782	-4.04597701149425
			5.04597701149425	-4.04597701149425
		</axis>
		<margin type=matrix rownames=FALSE colnames=FALSE nrow=1115 ncol=2 as.numeric=TRUE >
			5.03448275862069	-4.10344827586207
			5.04597701149425	-4.10344827586207
			5.05747126436782	-4.10344827586207
			5.06896551724138	-4.10344827586207
			5.08045977011494	-4.10344827586207
			5.09195402298851	-4.10344827586207
			5.10344827586207	-4.10344827586207
			5.11494252873563	-4.10344827586207
			5.1264367816092	-4.10344827586207
			5.13793103448276	-4.10344827586207
			5.14942528735632	-4.10344827586207
			5.16091954022988	-4.10344827586207
			5.17241379310345	-4.11494252873563
			5.18390804597701	-4.11494252873563
			5.19540229885058	-4.11494252873563
			5.20689655172414	-4.11494252873563
			5.2183908045977	-4.1264367816092
			5.22988505747126	-4.1264367816092
			5.24137931034483	-4.13793103448276
			5.25287356321839	-4.14942528735632
			5.25287356321839	-4.16091954022988
			5.26436781609195	-4.17241379310345
			5.27586206896552	-4.18390804597701
			5.28735632183908	-4.19540229885058
			5.28735632183908	-4.20689655172414
			5.29885057471264	-4.2183908045977
			5.31034482758621	-4.22988505747126
			5.31034482758621	-4.24137931034483
			5.32183908045977	-4.25287356321839
			5.32183908045977	-4.26436781609195
			5.33333333333333	-4.27586206896552
			5.33333333333333	-4.28735632183908
			5.3448275862069	-4.28735632183908
			5.3448275862069	-4.29885057471264
			5.35632183908046	-4.31034482758621
			5.36781609195402	-4.32183908045977
			5.37931034482759	-4.33333333333333
			5.37931034482759	-4.3448275862069
			5.39080459770115	-4.35632183908046
			5.39080459770115	-4.36781609195402
			5.40229885057471	-4.37931034482759
			5.40229885057471	-4.39080459770115
			5.41379310344828	-4.40229885057471
			5.42528735632184	-4.41379310344828
			5.42528735632184	-4.42528735632184
			5.4367816091954	-4.42528735632184
			5.4367816091954	-4.4367816091954
			5.44827586206897	-4.44827586206897
			5.44827586206897	-4.45977011494253
			5.45977011494253	-4.47126436781609
			5.45977011494253	-4.48275862068965
			5.47126436781609	-4.49425287356322
			5.48275862068965	-4.50574712643678
			5.48275862068965	-4.51724137931035
			5.49425287356322	-4.52873563218391
			5.50574712643678	-4.54022988505747
			5.50574712643678	-4.55172413793103
			5.51724137931035	-4.5632183908046
			5.51724137931035	-4.57471264367816
			5.52873563218391	-4.58620689655172
			5.52873563218391	-4.59770114942529
			5.54022988505747	-4.60919540229885
			5.55172413793103	-4.62068965517241
			5.55172413793103	-4.63218390804598
			5.5632183908046	-4.64367816091954
			5.5632183908046	-4.6551724137931
			5.57471264367816	-4.66666666666667
			5.57471264367816	-4.67816091954023
			5.58620689655172	-4.68965517241379
			5.58620689655172	-4.70114942528736
			5.59770114942529	-4.71264367816092
			5.59770114942529	-4.72413793103448
			5.60919540229885	-4.73563218390805
			5.62068965517241	-4.74712643678161
			5.62068965517241	-4.75862068965517
			5.63218390804598	-4.77011494252874
			5.63218390804598	-4.7816091954023
			5.64367816091954	-4.79310344827586
			5.64367816091954	-4.80459770114942
			5.6551724137931	-4.81609195402299
			5.6551724137931	-4.82758620689655
			5.6551724137931	-4.83908045977011
			5.66666666666667	-4.83908045977011
			5.66666666666667	-4.85057471264368
			5.66666666666667	-4.86206896551724
			5.67816091954023	-4.8735632183908
			5.67816091954023	-4.88505747126437
			5.68965517241379	-4.89655172413793
			5.68965517241379	-4.90804597701149
			5.70114942528736	-4.91954022988506
			5.70114942528736	-4.93103448275862
			5.70114942528736	-4.94252873563218
			5.71264367816092	-4.94252873563218
			5.71264367816092	-4.95402298850575
			5.71264367816092	-4.96551724137931
			5.72413793103448	-4.96551724137931
			5.72413793103448	-4.97701149425287
			5.72413793103448	-4.98850574712644
			5.73563218390805	-5
			5.74712643678161	-5
			5.75862068965517	-5.01149425287356
			5.75862068965517	-5.02298850574713
			5.77011494252874	-5.03448275862069
			5.7816091954023	-5.03448275862069
			5.79310344827586	-5.04597701149425
			5.80459770114942	-5.04597701149425
			5.81609195402299	-5.05747126436782
			5.82758620689655	-5.05747126436782
			5.83908045977011	-5.05747126436782
			5.85057471264368	-5.05747126436782
			5.86206896551724	-5.05747126436782
			5.8735632183908	-5.05747126436782
			5.88505747126437	-5.05747126436782
			5.89655172413793	-5.05747126436782
			5.90804597701149	-5.05747126436782
			5.91954022988506	-5.05747126436782
			5.93103448275862	-5.05747126436782
			5.94252873563218	-5.05747126436782
			5.95402298850575	-5.05747126436782
			5.96551724137931	-5.04597701149425
			5.97701149425287	-5.04597701149425
			5.98850574712644	-5.04597701149425
			6	-5.03448275862069
			6.01149425287356	-5.03448275862069
			6.02298850574713	-5.02298850574713
			6.03448275862069	-5.01149425287356
			6.04597701149425	-5
			6.05747126436782	-4.98850574712644
			6.06896551724138	-4.97701149425287
			6.08045977011494	-4.96551724137931
			6.08045977011494	-4.95402298850575
			6.09195402298851	-4.94252873563218
			6.10344827586207	-4.94252873563218
			6.10344827586207	-4.93103448275862
			6.11494252873563	-4.91954022988506
			6.11494252873563	-4.90804597701149
			6.1264367816092	-4.89655172413793
			6.13793103448276	-4.88505747126437
			6.13793103448276	-4.8735632183908
			6.14942528735632	-4.8735632183908
			6.16091954022988	-4.86206896551724
			6.16091954022988	-4.85057471264368
			6.17241379310345	-4.83908045977011
			6.18390804597701	-4.82758620689655
			6.18390804597701	-4.81609195402299
			6.18390804597701	-4.80459770114942
			6.19540229885058	-4.80459770114942
			6.19540229885058	-4.79310344827586
			6.20689655172414	-4.7816091954023
			6.20689655172414	-4.77011494252874
			6.2183908045977	-4.75862068965517
			6.2183908045977	-4.74712643678161
			6.22988505747126	-4.73563218390805
			6.22988505747126	-4.72413793103448
			6.24137931034483	-4.71264367816092
			6.25287356321839	-4.70114942528736
			6.25287356321839	-4.68965517241379
			6.26436781609195	-4.67816091954023
			6.26436781609195	-4.66666666666667
			6.26436781609195	-4.6551724137931
			6.27586206896552	-4.6551724137931
			6.27586206896552	-4.64367816091954
			6.27586206896552	-4.63218390804598
			6.28735632183908	-4.63218390804598
			6.28735632183908	-4.62068965517241
			6.28735632183908	-4.60919540229885
			6.29885057471264	-4.59770114942529
			6.31034482758621	-4.58620689655172
			6.31034482758621	-4.57471264367816
			6.31034482758621	-4.5632183908046
			6.32183908045977	-4.55172413793103
			6.32183908045977	-4.54022988505747
			6.33333333333333	-4.52873563218391
			6.33333333333333	-4.51724137931035
			6.33333333333333	-4.50574712643678
			6.3448275862069	-4.49425287356322
			6.3448275862069	-4.48275862068965
			6.35632183908046	-4.47126436781609
			6.35632183908046	-4.45977011494253
			6.35632183908046	-4.44827586206897
			6.36781609195402	-4.4367816091954
			6.36781609195402	-4.42528735632184
			6.36781609195402	-4.41379310344828
			6.37931034482759	-4.40229885057471
			6.37931034482759	-4.39080459770115
			6.37931034482759	-4.37931034482759
			6.39080459770115	-4.36781609195402
			6.39080459770115	-4.35632183908046
			6.40229885057471	-4.3448275862069
			6.40229885057471	-4.33333333333333
			6.40229885057471	-4.32183908045977
			6.40229885057471	-4.31034482758621
			6.41379310344828	-4.29885057471264
			6.41379310344828	-4.28735632183908
			6.41379310344828	-4.27586206896552
			6.42528735632184	-4.26436781609195
			6.42528735632184	-4.25287356321839
			6.42528735632184	-4.24137931034483
			6.4367816091954	-4.22988505747126
			6.4367816091954	-4.2183908045977
			6.4367816091954	-4.20689655172414
			6.4367816091954	-4.19540229885058
			6.4367816091954	-4.18390804597701
			6.44827586206897	-4.18390804597701
			6.44827586206897	-4.17241379310345
			6.44827586206897	-4.16091954022988
			6.44827586206897	-4.14942528735632
			6.45977011494253	-4.13793103448276
			6.45977011494253	-4.1264367816092
			6.45977011494253	-4.11494252873563
			6.45977011494253	-4.10344827586207
			6.47126436781609	-4.09195402298851
			6.47126436781609	-4.08045977011494
			6.47126436781609	-4.06896551724138
			6.47126436781609	-4.05747126436782
			6.47126436781609	-4.04597701149425
			6.47126436781609	-4.03448275862069
			6.48275862068965	-4.02298850574713
			6.48275862068965	-4.01149425287356
			6.48275862068965	-4
			6.48275862068965	-3.98850574712644
			6.48275862068965	-3.97701149425287
			6.48275862068965	-3.96551724137931
			6.49425287356322	-3.95402298850575
			6.49425287356322	-3.94252873563218
			6.49425287356322	-3.93103448275862
			6.49425287356322	-3.91954022988506
			6.50574712643678	-3.90804597701149
			6.50574712643678	-3.89655172413793
			6.50574712643678	-3.88505747126437
			6.50574712643678	-3.8735632183908
			6.50574712643678	-3.86206896551724
			6.50574712643678	-3.85057471264368
			6.50574712643678	-3.83908045977011
			6.50574712643678	-3.82758620689655
			6.50574712643678	-3.81609195402299
			6.50574712643678	-3.80459770114943
			6.50574712643678	-3.79310344827586
			6.50574712643678	-3.7816091954023
			6.50574712643678	-3.77011494252874
			6.50574712643678	-3.75862068965517
			6.50574712643678	-3.74712643678161
			6.50574712643678	-3.73563218390805
			6.50574712643678	-3.72413793103448
			6.50574712643678	-3.71264367816092
			6.50574712643678	-3.70114942528736
			6.50574712643678	-3.68965517241379
			6.50574712643678	-3.67816091954023
			6.50574712643678	-3.66666666666667
			6.50574712643678	-3.6551724137931
			6.50574712643678	-3.64367816091954
			6.50574712643678	-3.63218390804598
			6.50574712643678	-3.62068965517241
			6.50574712643678	-3.60919540229885
			6.50574712643678	-3.59770114942529
			6.50574712643678	-3.58620689655172
			6.50574712643678	-3.57471264367816
			6.50574712643678	-3.5632183908046
			6.50574712643678	-3.55172413793103
			6.50574712643678	-3.54022988505747
			6.50574712643678	-3.52873563218391
			6.50574712643678	-3.51724137931034
			6.49425287356322	-3.50574712643678
			6.49425287356322	-3.49425287356322
			6.49425287356322	-3.48275862068966
			6.49425287356322	-3.47126436781609
			6.49425287356322	-3.45977011494253
			6.49425287356322	-3.44827586206897
			6.49425287356322	-3.4367816091954
			6.50574712643678	-3.4367816091954
			6.51724137931034	-3.4367816091954
			6.52873563218391	-3.4367816091954
			6.54022988505747	-3.4367816091954
			6.55172413793103	-3.4367816091954
			6.5632183908046	-3.44827586206897
			6.57471264367816	-3.45977011494253
			6.58620689655172	-3.45977011494253
			6.59770114942529	-3.47126436781609
			6.60919540229885	-3.47126436781609
			6.62068965517241	-3.48275862068966
			6.63218390804598	-3.49425287356322
			6.64367816091954	-3.50574712643678
			6.6551724137931	-3.51724137931034
			6.66666666666667	-3.51724137931034
			6.67816091954023	-3.52873563218391
			6.68965517241379	-3.54022988505747
			6.70114942528736	-3.55172413793103
			6.71264367816092	-3.5632183908046
			6.72413793103448	-3.57471264367816
			6.73563218390805	-3.58620689655172
			6.74712643678161	-3.59770114942529
			6.75862068965517	-3.60919540229885
			6.77011494252874	-3.62068965517241
			6.7816091954023	-3.63218390804598
			6.79310344827586	-3.64367816091954
			6.80459770114942	-3.6551724137931
			6.81609195402299	-3.66666666666667
			6.82758620689655	-3.67816091954023
			6.82758620689655	-3.68965517241379
			6.83908045977011	-3.70114942528736
			6.85057471264368	-3.70114942528736
			6.85057471264368	-3.71264367816092
			6.86206896551724	-3.72413793103448
			6.8735632183908	-3.73563218390805
			6.8735632183908	-3.74712643678161
			6.88505747126437	-3.75862068965517
			6.89655172413793	-3.77011494252874
			6.90804597701149	-3.7816091954023
			6.90804597701149	-3.79310344827586
			6.91954022988506	-3.80459770114943
			6.93103448275862	-3.81609195402299
			6.93103448275862	-3.82758620689655
			6.94252873563218	-3.83908045977011
			6.95402298850575	-3.85057471264368
			6.95402298850575	-3.86206896551724
			6.96551724137931	-3.8735632183908
			6.96551724137931	-3.88505747126437
			6.97701149425287	-3.88505747126437
			6.97701149425287	-3.89655172413793
			6.98850574712644	-3.90804597701149
			6.98850574712644	-3.91954022988506
			7	-3.93103448275862
			7.01149425287356	-3.94252873563218
			7.02298850574713	-3.95402298850575
			7.02298850574713	-3.96551724137931
			7.03448275862069	-3.97701149425287
			7.03448275862069	-3.98850574712644
			7.04597701149425	-4
			7.05747126436782	-4.01149425287356
			7.06896551724138	-4.02298850574713
			7.08045977011494	-4.03448275862069
			7.08045977011494	-4.04597701149425
			7.09195402298851	-4.05747126436782
			7.09195402298851	-4.06896551724138
			7.10344827586207	-4.08045977011494
			7.11494252873563	-4.09195402298851
			7.11494252873563	-4.10344827586207
			7.1264367816092	-4.11494252873563
			7.1264367816092	-4.1264367816092
			7.13793103448276	-4.1264367816092
			7.13793103448276	-4.13793103448276
			7.14942528735632	-4.14942528735632
			7.16091954022988	-4.16091954022988
			7.17241379310345	-4.17241379310345
			7.17241379310345	-4.18390804597701
			7.18390804597701	-4.19540229885058
			7.18390804597701	-4.20689655172414
			7.19540229885058	-4.2183908045977
			7.20689655172414	-4.22988505747126
			7.20689655172414	-4.24137931034483
			7.2183908045977	-4.25287356321839
			7.22988505747126	-4.26436781609195
			7.22988505747126	-4.27586206896552
			7.24137931034483	-4.28735632183908
			7.25287356321839	-4.29885057471264
			7.26436781609195	-4.31034482758621
			7.26436781609195	-4.32183908045977
			7.27586206896552	-4.33333333333333
			7.28735632183908	-4.3448275862069
			7.28735632183908	-4.35632183908046
			7.29885057471264	-4.36781609195402
			7.29885057471264	-4.37931034482759
			7.31034482758621	-4.39080459770115
			7.31034482758621	-4.40229885057471
			7.32183908045977	-4.40229885057471
			7.33333333333333	-4.41379310344828
			7.33333333333333	-4.42528735632184
			7.3448275862069	-4.4367816091954
			7.3448275862069	-4.44827586206897
			7.35632183908046	-4.44827586206897
			7.35632183908046	-4.45977011494253
			7.36781609195402	-4.47126436781609
			7.36781609195402	-4.48275862068965
			7.37931034482759	-4.48275862068965
			7.37931034482759	-4.49425287356322
			7.39080459770115	-4.50574712643678
			7.39080459770115	-4.51724137931035
			7.40229885057471	-4.52873563218391
			7.41379310344828	-4.54022988505747
			7.41379310344828	-4.55172413793103
			7.42528735632184	-4.5632183908046
			7.4367816091954	-4.5632183908046
			7.44827586206897	-4.5632183908046
			7.45977011494253	-4.5632183908046
			7.47126436781609	-4.5632183908046
			7.48275862068965	-4.5632183908046
			7.49425287356322	-4.5632183908046
			7.50574712643678	-4.5632183908046
			7.51724137931034	-4.55172413793103
			7.52873563218391	-4.55172413793103
			7.54022988505747	-4.55172413793103
			7.55172413793103	-4.54022988505747
			7.5632183908046	-4.54022988505747
			7.57471264367816	-4.52873563218391
			7.58620689655172	-4.52873563218391
			7.59770114942529	-4.51724137931035
			7.60919540229885	-4.51724137931035
			7.62068965517241	-4.50574712643678
			7.63218390804598	-4.49425287356322
			7.64367816091954	-4.48275862068965
			7.6551724137931	-4.48275862068965
			7.6551724137931	-4.47126436781609
			7.66666666666667	-4.47126436781609
			7.67816091954023	-4.45977011494253
			7.67816091954023	-4.44827586206897
			7.68965517241379	-4.4367816091954
			7.68965517241379	-4.42528735632184
			7.70114942528736	-4.41379310344828
			7.70114942528736	-4.40229885057471
			7.70114942528736	-4.39080459770115
			7.71264367816092	-4.39080459770115
			7.71264367816092	-4.37931034482759
			7.71264367816092	-4.36781609195402
			7.72413793103448	-4.35632183908046
			7.72413793103448	-4.3448275862069
			7.73563218390805	-4.33333333333333
			7.73563218390805	-4.32183908045977
			7.73563218390805	-4.31034482758621
			7.74712643678161	-4.29885057471264
			7.74712643678161	-4.28735632183908
			7.74712643678161	-4.27586206896552
			7.75862068965517	-4.26436781609195
			7.75862068965517	-4.25287356321839
			7.77011494252874	-4.24137931034483
			7.77011494252874	-4.22988505747126
			7.7816091954023	-4.2183908045977
			7.7816091954023	-4.20689655172414
			7.79310344827586	-4.19540229885058
			7.79310344827586	-4.18390804597701
			7.79310344827586	-4.17241379310345
			7.80459770114942	-4.16091954022988
			7.80459770114942	-4.14942528735632
			7.81609195402299	-4.13793103448276
			7.81609195402299	-4.1264367816092
			7.82758620689655	-4.11494252873563
			7.82758620689655	-4.10344827586207
			7.82758620689655	-4.09195402298851
			7.83908045977011	-4.08045977011494
			7.83908045977011	-4.06896551724138
			7.85057471264368	-4.05747126436782
			7.85057471264368	-4.04597701149425
			7.86206896551724	-4.03448275862069
			7.86206896551724	-4.02298850574713
			7.86206896551724	-4.01149425287356
			7.8735632183908	-4
			7.8735632183908	-3.98850574712644
			7.88505747126437	-3.97701149425287
			7.88505747126437	-3.96551724137931
			7.88505747126437	-3.95402298850575
			7.89655172413793	-3.94252873563218
			7.89655172413793	-3.93103448275862
			7.90804597701149	-3.91954022988506
			7.90804597701149	-3.90804597701149
			7.90804597701149	-3.89655172413793
			7.90804597701149	-3.88505747126437
			7.90804597701149	-3.8735632183908
			7.91954022988506	-3.86206896551724
			7.91954022988506	-3.85057471264368
			7.91954022988506	-3.83908045977011
			7.91954022988506	-3.82758620689655
			7.91954022988506	-3.81609195402299
			7.91954022988506	-3.80459770114943
			7.91954022988506	-3.79310344827586
			7.91954022988506	-3.7816091954023
			7.91954022988506	-3.77011494252874
			7.91954022988506	-3.75862068965517
			7.91954022988506	-3.74712643678161
			7.91954022988506	-3.73563218390805
			7.93103448275862	-3.72413793103448
			7.93103448275862	-3.71264367816092
			7.93103448275862	-3.70114942528736
			7.93103448275862	-3.68965517241379
			7.93103448275862	-3.67816091954023
			7.93103448275862	-3.66666666666667
			7.93103448275862	-3.6551724137931
			7.93103448275862	-3.64367816091954
			7.93103448275862	-3.63218390804598
			7.93103448275862	-3.62068965517241
			7.93103448275862	-3.60919540229885
			7.93103448275862	-3.59770114942529
			7.93103448275862	-3.58620689655172
			7.93103448275862	-3.57471264367816
			7.93103448275862	-3.5632183908046
			7.93103448275862	-3.55172413793103
			7.93103448275862	-3.54022988505747
			7.93103448275862	-3.52873563218391
			7.93103448275862	-3.51724137931034
			7.93103448275862	-3.50574712643678
			7.93103448275862	-3.49425287356322
			7.93103448275862	-3.48275862068966
			7.93103448275862	-3.47126436781609
			7.93103448275862	-3.45977011494253
			7.93103448275862	-3.44827586206897
			7.93103448275862	-3.4367816091954
			7.93103448275862	-3.42528735632184
			7.93103448275862	-3.41379310344828
			7.93103448275862	-3.40229885057471
			7.93103448275862	-3.39080459770115
			7.93103448275862	-3.37931034482759
			7.93103448275862	-3.36781609195402
			7.93103448275862	-3.35632183908046
			7.93103448275862	-3.3448275862069
			7.91954022988506	-3.33333333333333
			7.91954022988506	-3.32183908045977
			7.91954022988506	-3.31034482758621
			7.91954022988506	-3.29885057471264
			7.91954022988506	-3.28735632183908
			7.91954022988506	-3.27586206896552
			7.91954022988506	-3.26436781609195
			7.91954022988506	-3.25287356321839
			7.91954022988506	-3.24137931034483
			7.91954022988506	-3.22988505747126
			7.91954022988506	-3.2183908045977
			7.91954022988506	-3.20689655172414
			7.91954022988506	-3.19540229885057
			7.91954022988506	-3.18390804597701
			7.90804597701149	-3.17241379310345
			7.90804597701149	-3.16091954022989
			7.90804597701149	-3.14942528735632
			7.90804597701149	-3.13793103448276
			7.90804597701149	-3.1264367816092
			7.90804597701149	-3.11494252873563
			7.90804597701149	-3.10344827586207
			7.89655172413793	-3.09195402298851
			7.89655172413793	-3.08045977011494
			7.89655172413793	-3.06896551724138
			7.88505747126437	-3.05747126436782
			7.88505747126437	-3.04597701149425
			7.8735632183908	-3.03448275862069
			7.8735632183908	-3.02298850574713
			7.8735632183908	-3.01149425287356
			7.86206896551724	-3
			7.86206896551724	-2.98850574712644
			7.86206896551724	-2.97701149425287
			7.85057471264368	-2.96551724137931
			7.85057471264368	-2.95402298850575
			7.85057471264368	-2.94252873563218
			7.83908045977011	-2.94252873563218
			7.83908045977011	-2.93103448275862
			7.83908045977011	-2.91954022988506
			7.82758620689655	-2.90804597701149
			7.82758620689655	-2.89655172413793
			7.82758620689655	-2.88505747126437
			7.81609195402299	-2.8735632183908
			7.81609195402299	-2.86206896551724
			7.80459770114942	-2.86206896551724
			7.80459770114942	-2.85057471264368
			7.80459770114942	-2.83908045977011
			7.79310344827586	-2.82758620689655
			7.79310344827586	-2.81609195402299
			7.79310344827586	-2.80459770114943
			7.7816091954023	-2.80459770114943
			7.7816091954023	-2.79310344827586
			7.77011494252874	-2.7816091954023
			7.77011494252874	-2.77011494252874
			7.77011494252874	-2.75862068965517
			7.75862068965517	-2.75862068965517
			7.75862068965517	-2.74712643678161
			7.74712643678161	-2.73563218390805
			7.74712643678161	-2.72413793103448
			7.73563218390805	-2.71264367816092
			7.73563218390805	-2.70114942528736
			7.72413793103448	-2.68965517241379
			7.72413793103448	-2.67816091954023
			7.71264367816092	-2.66666666666667
			7.71264367816092	-2.6551724137931
			7.70114942528736	-2.6551724137931
			7.70114942528736	-2.64367816091954
			7.68965517241379	-2.63218390804598
			7.68965517241379	-2.62068965517241
			7.67816091954023	-2.60919540229885
			7.67816091954023	-2.59770114942529
			7.66666666666667	-2.59770114942529
			7.66666666666667	-2.58620689655172
			7.6551724137931	-2.57471264367816
			7.6551724137931	-2.5632183908046
			7.64367816091954	-2.5632183908046
			7.64367816091954	-2.55172413793103
			7.63218390804598	-2.54022988505747
			7.62068965517241	-2.54022988505747
			7.60919540229885	-2.52873563218391
			7.59770114942529	-2.51724137931034
			7.58620689655172	-2.50574712643678
			7.57471264367816	-2.49425287356322
			7.5632183908046	-2.48275862068966
			7.55172413793103	-2.47126436781609
			7.54022988505747	-2.45977011494253
			7.54022988505747	-2.44827586206897
			7.52873563218391	-2.4367816091954
			7.52873563218391	-2.42528735632184
			7.52873563218391	-2.41379310344828
			7.52873563218391	-2.40229885057471
			7.54022988505747	-2.39080459770115
			7.54022988505747	-2.37931034482759
			7.55172413793103	-2.36781609195402
			7.5632183908046	-2.36781609195402
			7.57471264367816	-2.35632183908046
			7.58620689655172	-2.35632183908046
			7.59770114942529	-2.35632183908046
			7.60919540229885	-2.35632183908046
			7.62068965517241	-2.35632183908046
			7.63218390804598	-2.36781609195402
			7.64367816091954	-2.36781609195402
			7.6551724137931	-2.37931034482759
			7.66666666666667	-2.37931034482759
			7.67816091954023	-2.37931034482759
			7.68965517241379	-2.39080459770115
			7.70114942528736	-2.39080459770115
			7.71264367816092	-2.40229885057471
			7.72413793103448	-2.40229885057471
			7.73563218390805	-2.40229885057471
			7.74712643678161	-2.41379310344828
			7.75862068965517	-2.41379310344828
			7.77011494252874	-2.42528735632184
			7.7816091954023	-2.42528735632184
			7.79310344827586	-2.4367816091954
			7.80459770114942	-2.44827586206897
			7.81609195402299	-2.44827586206897
			7.82758620689655	-2.45977011494253
			7.83908045977011	-2.45977011494253
			7.85057471264368	-2.47126436781609
			7.86206896551724	-2.47126436781609
			7.8735632183908	-2.48275862068966
			7.88505747126437	-2.49425287356322
			7.89655172413793	-2.49425287356322
			7.90804597701149	-2.50574712643678
			7.91954022988506	-2.51724137931034
			7.93103448275862	-2.51724137931034
			7.94252873563218	-2.52873563218391
			7.95402298850575	-2.54022988505747
			7.96551724137931	-2.54022988505747
			7.96551724137931	-2.55172413793103
			7.97701149425287	-2.55172413793103
			7.98850574712644	-2.55172413793103
			7.98850574712644	-2.5632183908046
			8	-2.5632183908046
			8.01149425287356	-2.57471264367816
			8.02298850574713	-2.57471264367816
			8.02298850574713	-2.58620689655172
			8.03448275862069	-2.58620689655172
			8.04597701149425	-2.59770114942529
			8.05747126436782	-2.60919540229885
			8.06896551724138	-2.62068965517241
			8.08045977011494	-2.63218390804598
			8.09195402298851	-2.63218390804598
			8.10344827586207	-2.64367816091954
			8.11494252873563	-2.64367816091954
			8.1264367816092	-2.6551724137931
			8.13793103448276	-2.66666666666667
			8.14942528735632	-2.66666666666667
			8.14942528735632	-2.67816091954023
			8.16091954022989	-2.68965517241379
			8.17241379310345	-2.70114942528736
			8.18390804597701	-2.70114942528736
			8.19540229885057	-2.71264367816092
			8.19540229885057	-2.72413793103448
			8.20689655172414	-2.73563218390805
			8.2183908045977	-2.73563218390805
			8.22988505747126	-2.74712643678161
			8.24137931034483	-2.75862068965517
			8.25287356321839	-2.77011494252874
			8.26436781609195	-2.7816091954023
			8.27586206896552	-2.79310344827586
			8.28735632183908	-2.80459770114943
			8.29885057471264	-2.81609195402299
			8.31034482758621	-2.82758620689655
			8.32183908045977	-2.83908045977011
			8.33333333333333	-2.85057471264368
			8.3448275862069	-2.85057471264368
			8.35632183908046	-2.86206896551724
			8.36781609195402	-2.8735632183908
			8.37931034482759	-2.88505747126437
			8.39080459770115	-2.89655172413793
			8.40229885057471	-2.90804597701149
			8.41379310344828	-2.91954022988506
			8.42528735632184	-2.93103448275862
			8.4367816091954	-2.94252873563218
			8.44827586206897	-2.95402298850575
			8.45977011494253	-2.96551724137931
			8.47126436781609	-2.97701149425287
			8.48275862068965	-2.98850574712644
			8.49425287356322	-3
			8.50574712643678	-3.01149425287356
			8.51724137931035	-3.02298850574713
			8.52873563218391	-3.03448275862069
			8.54022988505747	-3.04597701149425
			8.55172413793103	-3.05747126436782
			8.5632183908046	-3.06896551724138
			8.57471264367816	-3.08045977011494
			8.58620689655172	-3.09195402298851
			8.59770114942529	-3.10344827586207
			8.60919540229885	-3.11494252873563
			8.62068965517241	-3.1264367816092
			8.63218390804598	-3.13793103448276
			8.64367816091954	-3.14942528735632
			8.6551724137931	-3.16091954022989
			8.66666666666667	-3.17241379310345
			8.67816091954023	-3.18390804597701
			8.67816091954023	-3.19540229885057
			8.68965517241379	-3.19540229885057
			8.68965517241379	-3.20689655172414
			8.68965517241379	-3.2183908045977
			8.68965517241379	-3.22988505747126
			8.70114942528736	-3.24137931034483
			8.70114942528736	-3.25287356321839
			8.71264367816092	-3.26436781609195
			8.71264367816092	-3.27586206896552
			8.71264367816092	-3.28735632183908
			8.72413793103448	-3.29885057471264
			8.72413793103448	-3.31034482758621
			8.73563218390805	-3.32183908045977
			8.73563218390805	-3.33333333333333
			8.73563218390805	-3.3448275862069
			8.74712643678161	-3.35632183908046
			8.74712643678161	-3.36781609195402
			8.75862068965517	-3.37931034482759
			8.75862068965517	-3.39080459770115
			8.77011494252874	-3.40229885057471
			8.77011494252874	-3.41379310344828
			8.77011494252874	-3.42528735632184
			8.7816091954023	-3.4367816091954
			8.79310344827586	-3.4367816091954
			8.80459770114943	-3.42528735632184
			8.81609195402299	-3.42528735632184
			8.82758620689655	-3.42528735632184
			8.83908045977011	-3.41379310344828
			8.85057471264368	-3.41379310344828
			8.86206896551724	-3.40229885057471
			8.8735632183908	-3.40229885057471
			8.88505747126437	-3.39080459770115
			8.89655172413793	-3.39080459770115
			8.90804597701149	-3.37931034482759
			8.91954022988506	-3.36781609195402
			8.93103448275862	-3.36781609195402
			8.94252873563218	-3.35632183908046
			8.95402298850575	-3.3448275862069
			8.96551724137931	-3.33333333333333
			8.97701149425287	-3.32183908045977
			8.98850574712644	-3.32183908045977
			8.98850574712644	-3.31034482758621
			9	-3.31034482758621
			9.01149425287356	-3.29885057471264
			9.02298850574713	-3.28735632183908
			9.03448275862069	-3.27586206896552
			9.04597701149425	-3.26436781609195
			9.05747126436782	-3.25287356321839
			9.06896551724138	-3.24137931034483
			9.06896551724138	-3.22988505747126
			9.08045977011494	-3.2183908045977
			9.08045977011494	-3.20689655172414
			9.08045977011494	-3.19540229885057
			9.0919540229885	-3.18390804597701
			9.0919540229885	-3.17241379310345
			9.0919540229885	-3.16091954022989
			9.0919540229885	-3.14942528735632
			9.10344827586207	-3.13793103448276
			9.10344827586207	-3.1264367816092
			9.10344827586207	-3.11494252873563
			9.10344827586207	-3.10344827586207
			9.11494252873563	-3.09195402298851
			9.11494252873563	-3.08045977011494
			9.11494252873563	-3.06896551724138
			9.11494252873563	-3.05747126436782
			9.11494252873563	-3.04597701149425
			9.1264367816092	-3.03448275862069
			9.1264367816092	-3.02298850574713
			9.1264367816092	-3.01149425287356
			9.1264367816092	-3
			9.1264367816092	-2.98850574712644
			9.1264367816092	-2.97701149425287
			9.13793103448276	-2.96551724137931
			9.13793103448276	-2.95402298850575
			9.13793103448276	-2.94252873563218
			9.13793103448276	-2.93103448275862
			9.13793103448276	-2.91954022988506
			9.13793103448276	-2.90804597701149
			9.14942528735632	-2.89655172413793
			9.14942528735632	-2.88505747126437
			9.14942528735632	-2.8735632183908
			9.14942528735632	-2.86206896551724
			9.14942528735632	-2.85057471264368
			9.14942528735632	-2.83908045977011
			9.14942528735632	-2.82758620689655
			9.14942528735632	-2.81609195402299
			9.14942528735632	-2.80459770114943
			9.16091954022989	-2.79310344827586
			9.16091954022989	-2.7816091954023
			9.16091954022989	-2.77011494252874
			9.16091954022989	-2.75862068965517
			9.16091954022989	-2.74712643678161
			9.16091954022989	-2.73563218390805
			9.16091954022989	-2.72413793103448
			9.16091954022989	-2.71264367816092
			9.16091954022989	-2.70114942528736
			9.17241379310345	-2.68965517241379
			9.17241379310345	-2.67816091954023
			9.17241379310345	-2.66666666666667
			9.17241379310345	-2.6551724137931
			9.17241379310345	-2.64367816091954
			9.17241379310345	-2.63218390804598
			9.17241379310345	-2.62068965517241
			9.17241379310345	-2.60919540229885
			9.17241379310345	-2.59770114942529
			9.17241379310345	-2.58620689655172
			9.17241379310345	-2.57471264367816
			9.17241379310345	-2.5632183908046
			9.17241379310345	-2.55172413793103
			9.17241379310345	-2.54022988505747
			9.17241379310345	-2.52873563218391
			9.18390804597701	-2.51724137931034
			9.18390804597701	-2.50574712643678
			9.18390804597701	-2.49425287356322
			9.18390804597701	-2.48275862068966
			9.18390804597701	-2.47126436781609
			9.18390804597701	-2.45977011494253
			9.18390804597701	-2.44827586206897
			9.18390804597701	-2.4367816091954
			9.18390804597701	-2.42528735632184
			9.18390804597701	-2.41379310344828
			9.18390804597701	-2.40229885057471
			9.18390804597701	-2.39080459770115
			9.17241379310345	-2.37931034482759
			9.17241379310345	-2.36781609195402
			9.16091954022989	-2.35632183908046
			9.16091954022989	-2.3448275862069
			9.16091954022989	-2.33333333333333
			9.14942528735632	-2.32183908045977
			9.14942528735632	-2.31034482758621
			9.14942528735632	-2.29885057471264
			9.13793103448276	-2.28735632183908
			9.13793103448276	-2.27586206896552
			9.1264367816092	-2.26436781609195
			9.1264367816092	-2.25287356321839
			9.1264367816092	-2.24137931034483
			9.11494252873563	-2.24137931034483
			9.11494252873563	-2.22988505747126
			9.10344827586207	-2.2183908045977
			9.10344827586207	-2.20689655172414
			9.0919540229885	-2.19540229885057
			9.0919540229885	-2.18390804597701
			9.0919540229885	-2.17241379310345
			9.08045977011494	-2.16091954022989
			9.08045977011494	-2.14942528735632
			9.06896551724138	-2.13793103448276
			9.05747126436782	-2.1264367816092
			9.04597701149425	-2.11494252873563
			9.04597701149425	-2.10344827586207
			9.03448275862069	-2.09195402298851
			9.03448275862069	-2.08045977011494
			9.02298850574713	-2.06896551724138
			9.02298850574713	-2.05747126436782
			9.01149425287356	-2.05747126436782
			9.01149425287356	-2.04597701149425
			9.01149425287356	-2.03448275862069
			9	-2.03448275862069
			9	-2.02298850574713
			8.98850574712644	-2.02298850574713
			8.98850574712644	-2.01149425287356
			8.98850574712644	-2
			8.97701149425287	-2
			8.97701149425287	-1.98850574712644
			8.96551724137931	-1.98850574712644
			8.96551724137931	-1.97701149425287
			8.95402298850575	-1.96551724137931
			8.94252873563218	-1.95402298850575
			8.94252873563218	-1.94252873563218
			8.93103448275862	-1.93103448275862
			8.91954022988506	-1.91954022988506
			8.90804597701149	-1.90804597701149
			8.90804597701149	-1.89655172413793
			8.89655172413793	-1.88505747126437
			8.88505747126437	-1.88505747126437
			8.88505747126437	-1.8735632183908
			8.8735632183908	-1.86206896551724
			8.86206896551724	-1.85057471264368
			8.85057471264368	-1.83908045977011
			8.83908045977011	-1.82758620689655
			8.82758620689655	-1.81609195402299
			8.82758620689655	-1.80459770114943
			8.81609195402299	-1.79310344827586
			8.80459770114943	-1.79310344827586
			8.79310344827586	-1.7816091954023
			8.7816091954023	-1.77011494252874
			8.7816091954023	-1.75862068965517
			8.77011494252874	-1.74712643678161
			8.75862068965517	-1.74712643678161
			8.74712643678161	-1.73563218390805
			8.73563218390805	-1.72413793103448
			8.73563218390805	-1.71264367816092
			8.72413793103448	-1.70114942528736
			8.71264367816092	-1.70114942528736
			8.70114942528736	-1.68965517241379
			8.68965517241379	-1.67816091954023
			8.67816091954023	-1.66666666666667
			8.66666666666667	-1.66666666666667
			8.6551724137931	-1.6551724137931
			8.6551724137931	-1.64367816091954
			8.64367816091954	-1.63218390804598
			8.63218390804598	-1.63218390804598
			8.62068965517241	-1.62068965517241
			8.60919540229885	-1.60919540229885
			8.59770114942529	-1.59770114942529
			8.58620689655172	-1.59770114942529
			8.57471264367816	-1.58620689655172
			8.5632183908046	-1.57471264367816
			8.55172413793103	-1.5632183908046
			8.54022988505747	-1.5632183908046
			8.52873563218391	-1.55172413793103
			8.51724137931035	-1.54022988505747
			8.50574712643678	-1.54022988505747
			8.49425287356322	-1.52873563218391
			8.48275862068965	-1.51724137931034
			8.47126436781609	-1.50574712643678
			8.45977011494253	-1.49425287356322
			8.44827586206897	-1.48275862068966
			8.4367816091954	-1.48275862068966
			8.42528735632184	-1.47126436781609
			8.41379310344828	-1.45977011494253
			8.40229885057471	-1.44827586206897
			8.39080459770115	-1.44827586206897
			8.37931034482759	-1.4367816091954
			8.36781609195402	-1.4367816091954
			8.36781609195402	-1.42528735632184
			8.35632183908046	-1.41379310344828
			8.3448275862069	-1.41379310344828
			8.33333333333333	-1.40229885057471
			8.32183908045977	-1.40229885057471
			8.32183908045977	-1.39080459770115
			8.31034482758621	-1.37931034482759
			8.29885057471264	-1.37931034482759
			8.28735632183908	-1.36781609195402
			8.27586206896552	-1.35632183908046
			8.26436781609195	-1.35632183908046
			8.25287356321839	-1.3448275862069
			8.24137931034483	-1.3448275862069
			8.22988505747126	-1.33333333333333
			8.2183908045977	-1.32183908045977
			8.20689655172414	-1.32183908045977
			8.19540229885057	-1.31034482758621
			8.18390804597701	-1.31034482758621
			8.17241379310345	-1.29885057471264
			8.16091954022989	-1.29885057471264
			8.16091954022989	-1.28735632183908
			8.14942528735632	-1.28735632183908
			8.13793103448276	-1.27586206896552
			8.1264367816092	-1.27586206896552
			8.11494252873563	-1.27586206896552
			8.10344827586207	-1.26436781609195
			8.09195402298851	-1.26436781609195
			8.08045977011494	-1.26436781609195
			8.06896551724138	-1.25287356321839
			8.05747126436782	-1.25287356321839
			8.04597701149425	-1.25287356321839
			8.03448275862069	-1.25287356321839
			8.02298850574713	-1.26436781609195
			8.01149425287356	-1.26436781609195
			8	-1.26436781609195
			7.98850574712644	-1.27586206896552
			7.97701149425287	-1.27586206896552
			7.96551724137931	-1.27586206896552
			7.95402298850575	-1.28735632183908
			7.94252873563218	-1.28735632183908
			7.93103448275862	-1.28735632183908
			7.91954022988506	-1.29885057471264
			7.90804597701149	-1.29885057471264
			7.89655172413793	-1.29885057471264
			7.88505747126437	-1.31034482758621
			7.8735632183908	-1.31034482758621
			7.86206896551724	-1.32183908045977
			7.85057471264368	-1.32183908045977
			7.83908045977011	-1.32183908045977
			7.82758620689655	-1.33333333333333
			7.81609195402299	-1.33333333333333
			7.80459770114942	-1.33333333333333
			7.79310344827586	-1.3448275862069
			7.7816091954023	-1.3448275862069
			7.77011494252874	-1.3448275862069
			7.75862068965517	-1.3448275862069
			7.74712643678161	-1.35632183908046
			7.73563218390805	-1.35632183908046
			7.72413793103448	-1.35632183908046
			7.71264367816092	-1.36781609195402
			7.70114942528736	-1.36781609195402
			7.68965517241379	-1.36781609195402
			7.67816091954023	-1.36781609195402
			7.67816091954023	-1.37931034482759
			7.66666666666667	-1.37931034482759
			7.6551724137931	-1.37931034482759
			7.64367816091954	-1.37931034482759
			7.63218390804598	-1.39080459770115
			7.62068965517241	-1.39080459770115
			7.60919540229885	-1.39080459770115
			7.59770114942529	-1.39080459770115
			7.58620689655172	-1.40229885057471
			7.57471264367816	-1.40229885057471
			7.5632183908046	-1.40229885057471
			7.55172413793103	-1.40229885057471
			7.54022988505747	-1.40229885057471
			7.52873563218391	-1.41379310344828
			7.51724137931034	-1.41379310344828
			7.50574712643678	-1.41379310344828
			7.49425287356322	-1.41379310344828
			7.48275862068965	-1.42528735632184
			7.47126436781609	-1.42528735632184
			7.45977011494253	-1.42528735632184
			7.44827586206897	-1.42528735632184
			7.4367816091954	-1.42528735632184
			7.42528735632184	-1.42528735632184
			7.41379310344828	-1.42528735632184
			7.40229885057471	-1.42528735632184
			7.39080459770115	-1.42528735632184
			7.37931034482759	-1.42528735632184
			7.36781609195402	-1.42528735632184
			7.35632183908046	-1.42528735632184
			7.3448275862069	-1.42528735632184
			7.33333333333333	-1.42528735632184
			7.32183908045977	-1.42528735632184
			7.31034482758621	-1.42528735632184
			7.29885057471264	-1.42528735632184
			7.28735632183908	-1.41379310344828
			7.27586206896552	-1.41379310344828
			7.26436781609195	-1.40229885057471
			7.25287356321839	-1.39080459770115
			7.24137931034483	-1.39080459770115
			7.24137931034483	-1.37931034482759
			7.22988505747126	-1.37931034482759
			7.2183908045977	-1.36781609195402
			7.20689655172414	-1.36781609195402
			7.19540229885058	-1.35632183908046
			7.18390804597701	-1.35632183908046
			7.17241379310345	-1.3448275862069
			7.16091954022988	-1.3448275862069
			7.16091954022988	-1.33333333333333
			7.14942528735632	-1.33333333333333
			7.13793103448276	-1.32183908045977
			7.1264367816092	-1.32183908045977
			7.11494252873563	-1.31034482758621
			7.10344827586207	-1.31034482758621
			7.09195402298851	-1.29885057471264
			7.08045977011494	-1.29885057471264
			7.06896551724138	-1.28735632183908
			7.05747126436782	-1.28735632183908
			7.04597701149425	-1.27586206896552
			7.03448275862069	-1.27586206896552
			7.02298850574713	-1.27586206896552
			7.01149425287356	-1.26436781609195
			7	-1.26436781609195
			6.98850574712644	-1.26436781609195
			6.97701149425287	-1.25287356321839
			6.96551724137931	-1.25287356321839
			6.95402298850575	-1.25287356321839
			6.94252873563218	-1.25287356321839
			6.93103448275862	-1.24137931034483
			6.91954022988506	-1.24137931034483
			6.90804597701149	-1.24137931034483
			6.89655172413793	-1.24137931034483
			6.88505747126437	-1.24137931034483
			6.8735632183908	-1.22988505747126
			6.86206896551724	-1.22988505747126
			6.85057471264368	-1.22988505747126
			6.83908045977011	-1.22988505747126
			6.82758620689655	-1.22988505747126
			6.81609195402299	-1.22988505747126
			6.80459770114942	-1.22988505747126
			6.79310344827586	-1.22988505747126
			6.7816091954023	-1.22988505747126
			6.77011494252874	-1.22988505747126
			6.75862068965517	-1.22988505747126
			6.74712643678161	-1.22988505747126
			6.73563218390805	-1.22988505747126
			6.72413793103448	-1.22988505747126
			6.71264367816092	-1.22988505747126
			6.70114942528736	-1.22988505747126
			6.68965517241379	-1.22988505747126
			6.67816091954023	-1.22988505747126
			6.66666666666667	-1.22988505747126
			6.6551724137931	-1.22988505747126
			6.64367816091954	-1.22988505747126
			6.63218390804598	-1.22988505747126
			6.62068965517241	-1.24137931034483
			6.60919540229885	-1.24137931034483
			6.59770114942529	-1.24137931034483
			6.58620689655172	-1.24137931034483
			6.57471264367816	-1.25287356321839
			6.5632183908046	-1.25287356321839
			6.55172413793103	-1.25287356321839
			6.54022988505747	-1.25287356321839
			6.52873563218391	-1.26436781609195
			6.51724137931034	-1.26436781609195
			6.50574712643678	-1.26436781609195
			6.49425287356322	-1.27586206896552
			6.48275862068965	-1.27586206896552
			6.47126436781609	-1.27586206896552
			6.45977011494253	-1.28735632183908
			6.44827586206897	-1.28735632183908
			6.4367816091954	-1.29885057471264
			6.42528735632184	-1.29885057471264
			6.42528735632184	-1.31034482758621
			6.41379310344828	-1.31034482758621
			6.40229885057471	-1.31034482758621
			6.39080459770115	-1.32183908045977
			6.37931034482759	-1.32183908045977
			6.36781609195402	-1.33333333333333
			6.35632183908046	-1.3448275862069
			6.3448275862069	-1.3448275862069
			6.33333333333333	-1.35632183908046
			6.32183908045977	-1.35632183908046
			6.31034482758621	-1.36781609195402
			6.29885057471264	-1.36781609195402
			6.28735632183908	-1.37931034482759
			6.27586206896552	-1.39080459770115
			6.26436781609195	-1.40229885057471
			6.25287356321839	-1.41379310344828
			6.24137931034483	-1.41379310344828
			6.22988505747126	-1.42528735632184
		</margin>
	</curves.scaled>
	<ruler.points type=matrix rownames=TRUE colnames=FALSE nrow=2 ncol=2 as.numeric=TRUE >
		Ruler point 1	23	170
		Ruler point 2	23	257
	</ruler.points>
</shapes>

