<shapes type=list>
	<ruler.pixel type=vector names=FALSE length=1 as.numeric=TRUE >531.000941618751</ruler.pixel>
	<ruler.interval type=vector names=FALSE length=1 as.numeric=TRUE >3.2</ruler.interval>
	<scaling.units type=vector names=FALSE length=1 as.numeric=FALSE >mm</scaling.units>
	<scaling type=vector names=FALSE length=1 as.numeric=TRUE >0.0060263546619048</scaling>
	<landmarks.pixel type=matrix rownames=TRUE colnames=FALSE nrow=5 ncol=2 as.numeric=TRUE >
		LM1	1075	1345
		LM2	1071	1678
		LM4	1096	1912
		LM5	1210	1354
		LM7	1457	1400
	</landmarks.pixel>
	<landmarks.scaled type=matrix rownames=TRUE colnames=FALSE nrow=5 ncol=2 as.numeric=TRUE >
		LM1	6.47833126154767	-8.10544702026196
		LM2	6.45422584290005	-10.1122231226763
		LM4	6.60488470944767	-11.522390113562
		LM5	7.29188914090481	-8.1596842122191
		LM7	8.7803987423953	-8.43689652666673
	</landmarks.scaled>
	<curves.control type=list>
		<axis type=matrix rownames=FALSE colnames=FALSE nrow=13 ncol=2 as.numeric=TRUE >
			1075	1345
			1126	1345
			1191	1356
			1206	1396
			1191	1428
			1178	1447
			1171	1472
			1164	1498
			1152	1544
			1143	1581
			1120	1638
			1090	1674
			1071	1678
		</axis>
		<margin type=matrix rownames=FALSE colnames=FALSE nrow=11 ncol=2 as.numeric=TRUE >
			1096	1912
			1111	1794
			1164	1700
			1231	1645
			1324	1581
			1383	1514
			1457	1400
			1421	1343
			1334	1343
			1258	1339
			1210	1354
		</margin>
	</curves.control>
	<curves.pixel type=list>
		<axis type=matrix rownames=FALSE colnames=FALSE nrow=461 ncol=2 as.numeric=TRUE >
			1075	1345
			1076	1345
			1077	1345
			1078	1345
			1079	1345
			1080	1345
			1081	1345
			1082	1345
			1083	1345
			1084	1345
			1085	1345
			1086	1345
			1087	1345
			1088	1345
			1089	1345
			1090	1345
			1091	1345
			1092	1345
			1093	1345
			1094	1345
			1095	1345
			1096	1345
			1097	1345
			1098	1346
			1099	1346
			1100	1346
			1101	1346
			1102	1346
			1103	1346
			1104	1346
			1105	1346
			1106	1346
			1107	1346
			1108	1346
			1109	1346
			1110	1346
			1111	1346
			1112	1346
			1113	1346
			1114	1346
			1115	1347
			1116	1347
			1117	1347
			1118	1347
			1119	1347
			1120	1347
			1121	1347
			1122	1347
			1123	1347
			1124	1347
			1125	1347
			1126	1347
			1127	1347
			1128	1348
			1129	1348
			1130	1348
			1131	1348
			1132	1348
			1133	1348
			1134	1348
			1135	1348
			1136	1348
			1137	1348
			1138	1349
			1139	1349
			1140	1349
			1141	1349
			1142	1349
			1143	1349
			1144	1349
			1145	1349
			1146	1350
			1147	1350
			1148	1350
			1149	1350
			1150	1350
			1151	1350
			1152	1350
			1153	1350
			1154	1351
			1155	1351
			1156	1351
			1157	1351
			1158	1351
			1159	1351
			1160	1351
			1161	1351
			1162	1352
			1163	1352
			1164	1352
			1165	1352
			1166	1352
			1167	1352
			1168	1352
			1169	1353
			1170	1353
			1171	1353
			1172	1353
			1173	1353
			1174	1353
			1175	1353
			1176	1354
			1177	1354
			1178	1354
			1179	1354
			1180	1354
			1181	1354
			1182	1354
			1182	1355
			1183	1355
			1184	1355
			1185	1355
			1186	1355
			1187	1355
			1188	1356
			1189	1356
			1190	1356
			1191	1356
			1191	1357
			1192	1358
			1192	1359
			1193	1360
			1193	1361
			1193	1362
			1193	1363
			1194	1364
			1194	1365
			1194	1366
			1195	1367
			1195	1368
			1195	1369
			1195	1370
			1196	1371
			1196	1372
			1196	1373
			1196	1374
			1197	1375
			1197	1376
			1197	1377
			1197	1378
			1197	1379
			1197	1380
			1198	1381
			1198	1382
			1198	1383
			1198	1384
			1198	1385
			1198	1386
			1198	1387
			1198	1388
			1198	1389
			1198	1390
			1198	1391
			1198	1392
			1198	1393
			1198	1394
			1198	1395
			1198	1396
			1198	1397
			1198	1398
			1198	1399
			1198	1400
			1198	1401
			1198	1402
			1198	1403
			1198	1404
			1198	1405
			1198	1406
			1197	1407
			1197	1408
			1197	1409
			1197	1410
			1197	1411
			1197	1412
			1196	1413
			1196	1414
			1196	1415
			1195	1416
			1195	1417
			1195	1418
			1194	1419
			1194	1420
			1194	1421
			1194	1422
			1193	1422
			1193	1423
			1193	1424
			1192	1425
			1192	1426
			1191	1427
			1191	1428
			1191	1429
			1190	1429
			1190	1430
			1189	1431
			1189	1432
			1188	1433
			1187	1434
			1186	1435
			1186	1436
			1185	1437
			1185	1438
			1184	1439
			1184	1440
			1183	1441
			1183	1442
			1182	1443
			1182	1444
			1181	1445
			1181	1446
			1180	1447
			1180	1448
			1179	1449
			1179	1450
			1178	1451
			1178	1452
			1178	1453
			1177	1454
			1177	1455
			1176	1456
			1176	1457
			1176	1458
			1175	1459
			1175	1460
			1174	1461
			1174	1462
			1174	1463
			1173	1464
			1173	1465
			1173	1466
			1172	1467
			1172	1468
			1172	1469
			1171	1470
			1171	1471
			1171	1472
			1171	1473
			1171	1474
			1170	1474
			1170	1475
			1170	1476
			1170	1477
			1169	1478
			1169	1479
			1169	1480
			1169	1481
			1168	1482
			1168	1483
			1168	1484
			1168	1485
			1167	1486
			1167	1487
			1167	1488
			1166	1489
			1166	1490
			1166	1491
			1166	1492
			1165	1493
			1165	1494
			1165	1495
			1165	1496
			1164	1497
			1164	1498
			1164	1499
			1164	1500
			1163	1500
			1163	1501
			1163	1502
			1163	1503
			1162	1504
			1162	1505
			1162	1506
			1162	1507
			1161	1508
			1161	1509
			1161	1510
			1161	1511
			1160	1512
			1160	1513
			1160	1514
			1160	1515
			1159	1516
			1159	1517
			1159	1518
			1159	1519
			1158	1520
			1158	1521
			1158	1522
			1157	1523
			1157	1524
			1157	1525
			1157	1526
			1156	1527
			1156	1528
			1156	1529
			1156	1530
			1155	1531
			1155	1532
			1155	1533
			1155	1534
			1154	1535
			1154	1536
			1154	1537
			1154	1538
			1153	1539
			1153	1540
			1153	1541
			1152	1542
			1152	1543
			1152	1544
			1152	1545
			1152	1546
			1151	1547
			1151	1548
			1151	1549
			1150	1550
			1150	1551
			1150	1552
			1150	1553
			1149	1554
			1149	1555
			1149	1556
			1148	1557
			1148	1558
			1148	1559
			1148	1560
			1148	1561
			1147	1561
			1147	1562
			1147	1563
			1147	1564
			1146	1565
			1146	1566
			1146	1567
			1145	1568
			1145	1569
			1145	1570
			1144	1571
			1144	1572
			1144	1573
			1143	1574
			1143	1575
			1143	1576
			1142	1577
			1142	1578
			1142	1579
			1142	1580
			1141	1581
			1141	1582
			1141	1583
			1140	1584
			1140	1585
			1139	1586
			1139	1587
			1139	1588
			1138	1589
			1138	1590
			1138	1591
			1137	1592
			1137	1593
			1137	1594
			1136	1595
			1136	1596
			1136	1597
			1135	1598
			1135	1599
			1135	1600
			1134	1601
			1134	1602
			1134	1603
			1133	1604
			1133	1605
			1132	1606
			1132	1607
			1132	1608
			1131	1609
			1131	1610
			1131	1611
			1130	1612
			1130	1613
			1129	1614
			1129	1615
			1129	1616
			1128	1617
			1128	1618
			1127	1619
			1127	1620
			1127	1621
			1126	1622
			1126	1623
			1126	1624
			1125	1625
			1125	1626
			1124	1627
			1124	1628
			1124	1629
			1123	1630
			1123	1631
			1122	1632
			1122	1633
			1122	1634
			1121	1635
			1121	1636
			1120	1637
			1120	1638
			1120	1639
			1119	1639
			1118	1640
			1117	1641
			1116	1642
			1115	1643
			1115	1644
			1114	1645
			1113	1646
			1112	1647
			1111	1648
			1110	1649
			1110	1650
			1109	1651
			1108	1651
			1108	1652
			1107	1653
			1106	1653
			1106	1654
			1105	1655
			1104	1656
			1103	1657
			1102	1658
			1101	1659
			1100	1660
			1099	1660
			1098	1661
			1098	1662
			1097	1663
			1096	1663
			1095	1664
			1094	1665
			1093	1666
			1092	1667
			1091	1667
			1090	1668
			1089	1669
			1088	1670
			1087	1671
			1086	1671
			1085	1672
			1084	1672
			1083	1673
			1082	1674
			1081	1674
			1080	1675
			1079	1675
			1078	1676
			1077	1676
			1076	1676
			1076	1677
			1075	1677
			1074	1677
			1073	1678
			1072	1678
			1071	1678
		</axis>
		<margin type=matrix rownames=FALSE colnames=FALSE nrow=840 ncol=2 as.numeric=TRUE >
			1096	1912
			1096	1911
			1096	1910
			1096	1909
			1096	1908
			1097	1908
			1097	1907
			1097	1906
			1097	1905
			1097	1904
			1097	1903
			1097	1902
			1097	1901
			1098	1900
			1098	1899
			1098	1898
			1098	1897
			1098	1896
			1098	1895
			1099	1894
			1099	1893
			1099	1892
			1099	1891
			1099	1890
			1099	1889
			1099	1888
			1100	1887
			1100	1886
			1100	1885
			1100	1884
			1100	1883
			1100	1882
			1101	1881
			1101	1880
			1101	1879
			1101	1878
			1101	1877
			1101	1876
			1102	1876
			1102	1875
			1102	1874
			1102	1873
			1102	1872
			1103	1871
			1103	1870
			1103	1869
			1103	1868
			1103	1867
			1103	1866
			1104	1865
			1104	1864
			1104	1863
			1104	1862
			1105	1861
			1105	1860
			1105	1859
			1105	1858
			1105	1857
			1106	1856
			1106	1855
			1106	1854
			1106	1853
			1106	1852
			1107	1851
			1107	1850
			1107	1849
			1107	1848
			1108	1847
			1108	1846
			1108	1845
			1108	1844
			1108	1843
			1109	1842
			1109	1841
			1109	1840
			1109	1839
			1110	1838
			1110	1837
			1110	1836
			1111	1835
			1111	1834
			1111	1833
			1111	1832
			1112	1831
			1112	1830
			1112	1829
			1112	1828
			1113	1827
			1113	1826
			1113	1825
			1113	1824
			1114	1823
			1114	1822
			1114	1821
			1114	1820
			1115	1819
			1115	1818
			1115	1817
			1115	1816
			1116	1816
			1116	1815
			1116	1814
			1117	1813
			1117	1812
			1117	1811
			1117	1810
			1118	1809
			1118	1808
			1118	1807
			1119	1806
			1119	1805
			1119	1804
			1119	1803
			1120	1802
			1120	1801
			1121	1800
			1121	1799
			1121	1798
			1121	1797
			1122	1797
			1122	1796
			1122	1795
			1123	1794
			1123	1793
			1123	1792
			1123	1791
			1124	1790
			1124	1789
			1125	1788
			1125	1787
			1125	1786
			1126	1785
			1126	1784
			1126	1783
			1127	1782
			1127	1781
			1127	1780
			1128	1779
			1128	1778
			1128	1777
			1129	1776
			1129	1775
			1130	1774
			1130	1773
			1130	1772
			1131	1771
			1131	1770
			1132	1769
			1132	1768
			1132	1767
			1132	1766
			1133	1766
			1133	1765
			1133	1764
			1134	1763
			1134	1762
			1135	1761
			1135	1760
			1136	1759
			1136	1758
			1136	1757
			1137	1756
			1137	1755
			1137	1754
			1138	1753
			1138	1752
			1139	1751
			1139	1750
			1140	1749
			1140	1748
			1140	1747
			1141	1747
			1141	1746
			1142	1745
			1142	1744
			1142	1743
			1143	1742
			1143	1741
			1144	1740
			1144	1739
			1145	1738
			1145	1737
			1145	1736
			1146	1735
			1146	1734
			1147	1733
			1148	1732
			1148	1731
			1148	1730
			1149	1729
			1149	1728
			1150	1727
			1150	1726
			1151	1725
			1151	1724
			1152	1723
			1152	1722
			1153	1721
			1153	1720
			1154	1719
			1154	1718
			1155	1717
			1155	1716
			1156	1715
			1156	1714
			1157	1713
			1157	1712
			1158	1711
			1159	1710
			1159	1709
			1160	1708
			1160	1707
			1161	1706
			1161	1705
			1162	1704
			1162	1703
			1163	1702
			1163	1701
			1164	1701
			1164	1700
			1165	1699
			1166	1698
			1167	1698
			1168	1697
			1169	1696
			1170	1695
			1171	1694
			1172	1694
			1173	1693
			1173	1692
			1174	1692
			1175	1691
			1176	1690
			1177	1689
			1178	1688
			1179	1688
			1180	1687
			1181	1686
			1182	1686
			1183	1685
			1183	1684
			1184	1684
			1185	1683
			1186	1682
			1187	1682
			1188	1681
			1189	1680
			1189	1679
			1190	1679
			1191	1678
			1192	1677
			1193	1677
			1194	1676
			1195	1675
			1196	1675
			1197	1674
			1197	1673
			1198	1673
			1199	1672
			1200	1671
			1201	1670
			1202	1670
			1203	1669
			1204	1668
			1205	1668
			1205	1667
			1206	1666
			1207	1666
			1208	1665
			1209	1664
			1210	1663
			1211	1663
			1212	1662
			1213	1661
			1214	1661
			1215	1660
			1216	1659
			1217	1659
			1217	1658
			1218	1657
			1219	1656
			1220	1656
			1221	1655
			1222	1654
			1223	1654
			1224	1653
			1225	1652
			1226	1651
			1227	1651
			1228	1650
			1229	1649
			1230	1649
			1231	1648
			1232	1647
			1233	1646
			1234	1646
			1235	1645
			1236	1644
			1237	1643
			1238	1642
			1239	1642
			1240	1641
			1241	1640
			1242	1639
			1243	1639
			1244	1638
			1245	1637
			1246	1637
			1247	1636
			1247	1635
			1248	1635
			1249	1634
			1250	1633
			1251	1633
			1252	1632
			1253	1632
			1254	1631
			1254	1630
			1255	1630
			1256	1629
			1257	1628
			1258	1628
			1259	1627
			1260	1626
			1261	1626
			1261	1625
			1262	1625
			1263	1624
			1264	1623
			1265	1623
			1266	1622
			1267	1621
			1268	1621
			1268	1620
			1269	1619
			1270	1619
			1271	1618
			1272	1618
			1273	1617
			1274	1616
			1275	1616
			1276	1615
			1277	1614
			1278	1613
			1279	1612
			1280	1612
			1281	1611
			1282	1610
			1283	1609
			1284	1609
			1285	1608
			1286	1608
			1287	1607
			1288	1606
			1289	1605
			1290	1605
			1291	1604
			1292	1603
			1293	1603
			1294	1602
			1295	1601
			1296	1601
			1297	1600
			1298	1599
			1299	1599
			1300	1598
			1301	1597
			1302	1596
			1303	1596
			1304	1595
			1305	1594
			1306	1594
			1307	1593
			1308	1592
			1309	1592
			1310	1591
			1311	1590
			1312	1590
			1313	1589
			1314	1588
			1315	1588
			1316	1587
			1317	1586
			1318	1585
			1319	1585
			1320	1584
			1321	1583
			1322	1583
			1323	1582
			1324	1581
			1325	1580
			1326	1579
			1327	1578
			1327	1577
			1328	1576
			1329	1575
			1330	1574
			1331	1573
			1332	1572
			1333	1571
			1333	1570
			1334	1570
			1334	1569
			1335	1568
			1336	1568
			1336	1567
			1337	1566
			1338	1565
			1339	1564
			1339	1563
			1340	1562
			1341	1562
			1341	1561
			1342	1560
			1343	1559
			1343	1558
			1344	1557
			1345	1557
			1345	1556
			1346	1555
			1347	1554
			1348	1553
			1348	1552
			1349	1551
			1350	1551
			1350	1550
			1351	1549
			1352	1548
			1352	1547
			1353	1546
			1354	1545
			1355	1544
			1355	1543
			1356	1543
			1357	1542
			1357	1541
			1358	1540
			1359	1539
			1360	1538
			1360	1537
			1361	1536
			1362	1535
			1362	1534
			1363	1533
			1364	1533
			1365	1532
			1365	1531
			1366	1530
			1367	1529
			1368	1528
			1368	1527
			1369	1526
			1370	1525
			1370	1524
			1371	1523
			1372	1522
			1373	1521
			1373	1520
			1374	1519
			1375	1518
			1376	1517
			1376	1516
			1377	1515
			1378	1514
			1379	1513
			1379	1512
			1380	1511
			1381	1510
			1381	1509
			1382	1508
			1383	1507
			1384	1506
			1384	1505
			1385	1504
			1386	1503
			1387	1502
			1387	1501
			1388	1500
			1389	1499
			1390	1498
			1390	1497
			1391	1496
			1392	1495
			1393	1494
			1394	1493
			1394	1492
			1395	1491
			1396	1490
			1397	1489
			1397	1488
			1398	1487
			1399	1486
			1399	1485
			1400	1484
			1401	1483
			1402	1482
			1402	1481
			1403	1480
			1403	1479
			1404	1479
			1404	1478
			1405	1477
			1406	1476
			1406	1475
			1407	1475
			1407	1474
			1408	1473
			1408	1472
			1409	1471
			1410	1470
			1411	1469
			1411	1468
			1412	1467
			1413	1466
			1413	1465
			1414	1464
			1415	1463
			1415	1462
			1416	1461
			1417	1460
			1417	1459
			1418	1458
			1419	1457
			1419	1456
			1420	1455
			1421	1454
			1422	1453
			1422	1452
			1423	1451
			1424	1450
			1424	1449
			1425	1448
			1426	1447
			1426	1446
			1427	1445
			1428	1444
			1428	1443
			1429	1442
			1430	1441
			1431	1440
			1431	1439
			1432	1438
			1433	1437
			1433	1436
			1434	1435
			1435	1434
			1435	1433
			1436	1432
			1437	1431
			1438	1430
			1438	1429
			1439	1428
			1439	1427
			1440	1426
			1441	1425
			1441	1424
			1442	1423
			1442	1422
			1443	1421
			1444	1420
			1445	1419
			1445	1418
			1446	1417
			1446	1416
			1447	1415
			1448	1414
			1448	1413
			1449	1412
			1450	1411
			1451	1410
			1451	1409
			1452	1408
			1453	1407
			1453	1406
			1454	1405
			1454	1404
			1455	1404
			1455	1403
			1456	1402
			1456	1401
			1457	1400
			1457	1399
			1456	1398
			1455	1398
			1455	1397
			1454	1396
			1454	1395
			1453	1394
			1452	1393
			1451	1392
			1451	1391
			1450	1390
			1449	1389
			1449	1388
			1448	1387
			1447	1387
			1446	1386
			1446	1385
			1445	1384
			1444	1383
			1443	1382
			1442	1381
			1441	1380
			1440	1379
			1439	1378
			1438	1377
			1437	1376
			1436	1375
			1435	1374
			1434	1373
			1433	1372
			1432	1372
			1431	1371
			1430	1370
			1429	1369
			1428	1369
			1428	1368
			1427	1368
			1426	1368
			1426	1367
			1425	1367
			1424	1366
			1423	1366
			1423	1365
			1422	1365
			1421	1364
			1420	1363
			1419	1363
			1418	1362
			1417	1362
			1416	1361
			1415	1361
			1414	1360
			1413	1360
			1412	1359
			1411	1359
			1411	1358
			1410	1358
			1409	1357
			1408	1357
			1407	1357
			1406	1356
			1405	1356
			1404	1355
			1403	1355
			1402	1355
			1401	1354
			1400	1354
			1399	1353
			1398	1353
			1397	1353
			1396	1352
			1395	1352
			1394	1352
			1393	1351
			1392	1351
			1391	1351
			1390	1350
			1389	1350
			1388	1350
			1387	1349
			1386	1349
			1385	1349
			1384	1349
			1383	1348
			1382	1348
			1381	1348
			1380	1348
			1379	1348
			1378	1347
			1377	1347
			1376	1347
			1375	1347
			1374	1347
			1374	1346
			1373	1346
			1372	1346
			1371	1346
			1370	1346
			1369	1346
			1368	1345
			1367	1345
			1366	1345
			1365	1345
			1364	1345
			1363	1345
			1362	1345
			1361	1344
			1360	1344
			1359	1344
			1358	1344
			1357	1344
			1356	1344
			1355	1344
			1354	1344
			1353	1344
			1352	1344
			1351	1344
			1350	1344
			1349	1343
			1348	1343
			1347	1343
			1346	1343
			1345	1343
			1344	1343
			1343	1343
			1342	1343
			1341	1343
			1340	1343
			1339	1343
			1338	1343
			1337	1343
			1336	1343
			1335	1343
			1334	1343
			1333	1343
			1332	1343
			1331	1343
			1330	1343
			1329	1343
			1328	1343
			1327	1343
			1326	1343
			1325	1343
			1324	1343
			1323	1343
			1322	1342
			1321	1342
			1320	1342
			1319	1342
			1318	1342
			1317	1342
			1316	1342
			1315	1342
			1314	1342
			1313	1342
			1312	1342
			1311	1342
			1310	1342
			1309	1342
			1308	1342
			1307	1342
			1306	1342
			1305	1342
			1304	1342
			1303	1342
			1302	1342
			1301	1342
			1300	1342
			1299	1342
			1298	1342
			1297	1342
			1296	1342
			1295	1342
			1294	1342
			1293	1342
			1292	1342
			1291	1342
			1290	1342
			1289	1342
			1288	1342
			1287	1342
			1286	1342
			1285	1342
			1284	1343
			1283	1343
			1282	1343
			1281	1343
			1280	1343
			1279	1343
			1278	1343
			1277	1343
			1276	1343
			1275	1343
			1274	1343
			1273	1343
			1272	1343
			1271	1343
			1270	1343
			1269	1343
			1268	1343
			1267	1344
			1266	1344
			1265	1344
			1264	1344
			1263	1344
			1262	1344
			1261	1344
			1260	1344
			1259	1344
			1258	1344
			1257	1345
			1256	1345
			1255	1345
			1254	1345
			1253	1345
			1252	1345
			1251	1345
			1250	1345
			1249	1346
			1248	1346
			1247	1346
			1246	1346
			1245	1346
			1244	1346
			1243	1346
			1242	1347
			1241	1347
			1240	1347
			1239	1347
			1238	1347
			1237	1347
			1237	1348
			1236	1348
			1235	1348
			1234	1348
			1233	1348
			1232	1348
			1231	1349
			1230	1349
			1229	1349
			1228	1349
			1227	1350
			1226	1350
			1225	1350
			1224	1350
			1223	1350
			1222	1351
			1221	1351
			1220	1351
			1219	1351
			1218	1352
			1217	1352
			1216	1352
			1215	1352
			1214	1353
			1213	1353
			1212	1353
			1211	1354
			1210	1354
		</margin>
	</curves.pixel>
	<curves.scaled type=list>
		<axis type=matrix rownames=FALSE colnames=FALSE nrow=461 ncol=2 as.numeric=TRUE >
			6.47833126154767	-8.10544702026196
			6.48435761620957	-8.10544702026196
			6.49038397087147	-8.10544702026196
			6.49641032553338	-8.10544702026196
			6.50243668019528	-8.10544702026196
			6.50846303485719	-8.10544702026196
			6.51448938951909	-8.10544702026196
			6.520515744181	-8.10544702026196
			6.5265420988429	-8.10544702026196
			6.53256845350481	-8.10544702026196
			6.53859480816671	-8.10544702026196
			6.54462116282862	-8.10544702026196
			6.55064751749052	-8.10544702026196
			6.55667387215243	-8.10544702026196
			6.56270022681433	-8.10544702026196
			6.56872658147624	-8.10544702026196
			6.57475293613814	-8.10544702026196
			6.58077929080005	-8.10544702026196
			6.58680564546195	-8.10544702026196
			6.59283200012386	-8.10544702026196
			6.59885835478576	-8.10544702026196
			6.60488470944767	-8.10544702026196
			6.61091106410957	-8.10544702026196
			6.61693741877148	-8.11147337492387
			6.62296377343338	-8.11147337492387
			6.62899012809529	-8.11147337492387
			6.63501648275719	-8.11147337492387
			6.64104283741909	-8.11147337492387
			6.647069192081	-8.11147337492387
			6.6530955467429	-8.11147337492387
			6.65912190140481	-8.11147337492387
			6.66514825606671	-8.11147337492387
			6.67117461072862	-8.11147337492387
			6.67720096539052	-8.11147337492387
			6.68322732005243	-8.11147337492387
			6.68925367471433	-8.11147337492387
			6.69528002937624	-8.11147337492387
			6.70130638403814	-8.11147337492387
			6.70733273870005	-8.11147337492387
			6.71335909336195	-8.11147337492387
			6.71938544802386	-8.11749972958577
			6.72541180268576	-8.11749972958577
			6.73143815734767	-8.11749972958577
			6.73746451200957	-8.11749972958577
			6.74349086667148	-8.11749972958577
			6.74951722133338	-8.11749972958577
			6.75554357599529	-8.11749972958577
			6.76156993065719	-8.11749972958577
			6.7675962853191	-8.11749972958577
			6.773622639981	-8.11749972958577
			6.7796489946429	-8.11749972958577
			6.78567534930481	-8.11749972958577
			6.79170170396671	-8.11749972958577
			6.79772805862862	-8.12352608424768
			6.80375441329052	-8.12352608424768
			6.80978076795243	-8.12352608424768
			6.81580712261433	-8.12352608424768
			6.82183347727624	-8.12352608424768
			6.82785983193814	-8.12352608424768
			6.83388618660005	-8.12352608424768
			6.83991254126195	-8.12352608424768
			6.84593889592386	-8.12352608424768
			6.85196525058576	-8.12352608424768
			6.85799160524767	-8.12955243890958
			6.86401795990957	-8.12955243890958
			6.87004431457148	-8.12955243890958
			6.87607066923338	-8.12955243890958
			6.88209702389529	-8.12955243890958
			6.88812337855719	-8.12955243890958
			6.8941497332191	-8.12955243890958
			6.900176087881	-8.12955243890958
			6.90620244254291	-8.13557879357149
			6.91222879720481	-8.13557879357149
			6.91825515186672	-8.13557879357149
			6.92428150652862	-8.13557879357149
			6.93030786119053	-8.13557879357149
			6.93633421585243	-8.13557879357149
			6.94236057051434	-8.13557879357149
			6.94838692517624	-8.13557879357149
			6.95441327983814	-8.14160514823339
			6.96043963450005	-8.14160514823339
			6.96646598916195	-8.14160514823339
			6.97249234382386	-8.14160514823339
			6.97851869848576	-8.14160514823339
			6.98454505314767	-8.14160514823339
			6.99057140780957	-8.14160514823339
			6.99659776247148	-8.14160514823339
			7.00262411713338	-8.1476315028953
			7.00865047179529	-8.1476315028953
			7.01467682645719	-8.1476315028953
			7.0207031811191	-8.1476315028953
			7.026729535781	-8.1476315028953
			7.03275589044291	-8.1476315028953
			7.03878224510481	-8.1476315028953
			7.04480859976672	-8.1536578575572
			7.05083495442862	-8.1536578575572
			7.05686130909053	-8.1536578575572
			7.06288766375243	-8.1536578575572
			7.06891401841434	-8.1536578575572
			7.07494037307624	-8.1536578575572
			7.08096672773815	-8.1536578575572
			7.08699308240005	-8.1596842122191
			7.09301943706196	-8.1596842122191
			7.09904579172386	-8.1596842122191
			7.10507214638576	-8.1596842122191
			7.11109850104767	-8.1596842122191
			7.11712485570957	-8.1596842122191
			7.12315121037148	-8.1596842122191
			7.12315121037148	-8.16571056688101
			7.12917756503338	-8.16571056688101
			7.13520391969529	-8.16571056688101
			7.14123027435719	-8.16571056688101
			7.1472566290191	-8.16571056688101
			7.153282983681	-8.16571056688101
			7.15930933834291	-8.17173692154292
			7.16533569300481	-8.17173692154292
			7.17136204766672	-8.17173692154292
			7.17738840232862	-8.17173692154292
			7.17738840232862	-8.17776327620482
			7.18341475699053	-8.18378963086673
			7.18341475699053	-8.18981598552863
			7.18944111165243	-8.19584234019053
			7.18944111165243	-8.20186869485244
			7.18944111165243	-8.20789504951434
			7.18944111165243	-8.21392140417625
			7.19546746631434	-8.21994775883815
			7.19546746631434	-8.22597411350006
			7.19546746631434	-8.23200046816196
			7.20149382097624	-8.23802682282387
			7.20149382097624	-8.24405317748577
			7.20149382097624	-8.25007953214768
			7.20149382097624	-8.25610588680958
			7.20752017563815	-8.26213224147149
			7.20752017563815	-8.26815859613339
			7.20752017563815	-8.2741849507953
			7.20752017563815	-8.2802113054572
			7.21354653030005	-8.28623766011911
			7.21354653030005	-8.29226401478101
			7.21354653030005	-8.29829036944292
			7.21354653030005	-8.30431672410482
			7.21354653030005	-8.31034307876673
			7.21354653030005	-8.31636943342863
			7.21957288496196	-8.32239578809054
			7.21957288496196	-8.32842214275244
			7.21957288496196	-8.33444849741434
			7.21957288496196	-8.34047485207625
			7.21957288496196	-8.34650120673815
			7.21957288496196	-8.35252756140006
			7.21957288496196	-8.35855391606196
			7.21957288496196	-8.36458027072387
			7.21957288496196	-8.37060662538577
			7.21957288496196	-8.37663298004768
			7.21957288496196	-8.38265933470958
			7.21957288496196	-8.38868568937149
			7.21957288496196	-8.39471204403339
			7.21957288496196	-8.4007383986953
			7.21957288496196	-8.4067647533572
			7.21957288496196	-8.41279110801911
			7.21957288496196	-8.41881746268101
			7.21957288496196	-8.42484381734292
			7.21957288496196	-8.43087017200482
			7.21957288496196	-8.43689652666673
			7.21957288496196	-8.44292288132863
			7.21957288496196	-8.44894923599054
			7.21957288496196	-8.45497559065244
			7.21957288496196	-8.46100194531435
			7.21957288496196	-8.46702829997625
			7.21957288496196	-8.47305465463815
			7.21354653030005	-8.47908100930006
			7.21354653030005	-8.48510736396197
			7.21354653030005	-8.49113371862387
			7.21354653030005	-8.49716007328577
			7.21354653030005	-8.50318642794768
			7.21354653030005	-8.50921278260958
			7.20752017563815	-8.51523913727149
			7.20752017563815	-8.52126549193339
			7.20752017563815	-8.5272918465953
			7.20149382097624	-8.5333182012572
			7.20149382097624	-8.53934455591911
			7.20149382097624	-8.54537091058101
			7.19546746631434	-8.55139726524292
			7.19546746631434	-8.55742361990482
			7.19546746631434	-8.56344997456673
			7.19546746631434	-8.56947632922863
			7.18944111165243	-8.56947632922863
			7.18944111165243	-8.57550268389054
			7.18944111165243	-8.58152903855244
			7.18341475699053	-8.58755539321435
			7.18341475699053	-8.59358174787625
			7.17738840232862	-8.59960810253816
			7.17738840232862	-8.60563445720006
			7.17738840232862	-8.61166081186197
			7.17136204766672	-8.61166081186197
			7.17136204766672	-8.61768716652387
			7.16533569300481	-8.62371352118578
			7.16533569300481	-8.62973987584768
			7.15930933834291	-8.63576623050959
			7.153282983681	-8.64179258517149
			7.1472566290191	-8.64781893983339
			7.1472566290191	-8.6538452944953
			7.14123027435719	-8.6598716491572
			7.14123027435719	-8.66589800381911
			7.13520391969529	-8.67192435848101
			7.13520391969529	-8.67795071314292
			7.12917756503338	-8.68397706780482
			7.12917756503338	-8.69000342246673
			7.12315121037148	-8.69602977712863
			7.12315121037148	-8.70205613179054
			7.11712485570957	-8.70808248645244
			7.11712485570957	-8.71410884111435
			7.11109850104767	-8.72013519577625
			7.11109850104767	-8.72616155043816
			7.10507214638576	-8.73218790510006
			7.10507214638576	-8.73821425976197
			7.09904579172386	-8.74424061442387
			7.09904579172386	-8.75026696908578
			7.09904579172386	-8.75629332374768
			7.09301943706196	-8.76231967840959
			7.09301943706196	-8.76834603307149
			7.08699308240005	-8.7743723877334
			7.08699308240005	-8.7803987423953
			7.08699308240005	-8.7864250970572
			7.08096672773815	-8.79245145171911
			7.08096672773815	-8.79847780638102
			7.07494037307624	-8.80450416104292
			7.07494037307624	-8.81053051570482
			7.07494037307624	-8.81655687036673
			7.06891401841434	-8.82258322502863
			7.06891401841434	-8.82860957969054
			7.06891401841434	-8.83463593435244
			7.06288766375243	-8.84066228901435
			7.06288766375243	-8.84668864367625
			7.06288766375243	-8.85271499833816
			7.05686130909053	-8.85874135300006
			7.05686130909053	-8.86476770766197
			7.05686130909053	-8.87079406232387
			7.05686130909053	-8.87682041698578
			7.05686130909053	-8.88284677164768
			7.05083495442862	-8.88284677164768
			7.05083495442862	-8.88887312630959
			7.05083495442862	-8.89489948097149
			7.05083495442862	-8.9009258356334
			7.04480859976672	-8.9069521902953
			7.04480859976672	-8.91297854495721
			7.04480859976672	-8.91900489961911
			7.04480859976672	-8.92503125428102
			7.03878224510481	-8.93105760894292
			7.03878224510481	-8.93708396360483
			7.03878224510481	-8.94311031826673
			7.03878224510481	-8.94913667292863
			7.03275589044291	-8.95516302759054
			7.03275589044291	-8.96118938225244
			7.03275589044291	-8.96721573691435
			7.026729535781	-8.97324209157625
			7.026729535781	-8.97926844623816
			7.026729535781	-8.98529480090006
			7.026729535781	-8.99132115556197
			7.0207031811191	-8.99734751022387
			7.0207031811191	-9.00337386488578
			7.0207031811191	-9.00940021954768
			7.0207031811191	-9.01542657420959
			7.01467682645719	-9.02145292887149
			7.01467682645719	-9.0274792835334
			7.01467682645719	-9.0335056381953
			7.01467682645719	-9.03953199285721
			7.00865047179529	-9.03953199285721
			7.00865047179529	-9.04555834751911
			7.00865047179529	-9.05158470218102
			7.00865047179529	-9.05761105684292
			7.00262411713338	-9.06363741150483
			7.00262411713338	-9.06966376616673
			7.00262411713338	-9.07569012082864
			7.00262411713338	-9.08171647549054
			6.99659776247148	-9.08774283015244
			6.99659776247148	-9.09376918481435
			6.99659776247148	-9.09979553947625
			6.99659776247148	-9.10582189413816
			6.99057140780957	-9.11184824880007
			6.99057140780957	-9.11787460346197
			6.99057140780957	-9.12390095812387
			6.99057140780957	-9.12992731278578
			6.98454505314767	-9.13595366744768
			6.98454505314767	-9.14198002210959
			6.98454505314767	-9.14800637677149
			6.98454505314767	-9.1540327314334
			6.97851869848576	-9.1600590860953
			6.97851869848576	-9.16608544075721
			6.97851869848576	-9.17211179541911
			6.97249234382386	-9.17813815008102
			6.97249234382386	-9.18416450474292
			6.97249234382386	-9.19019085940483
			6.97249234382386	-9.19621721406673
			6.96646598916195	-9.20224356872864
			6.96646598916195	-9.20826992339054
			6.96646598916195	-9.21429627805245
			6.96646598916195	-9.22032263271435
			6.96043963450005	-9.22634898737626
			6.96043963450005	-9.23237534203816
			6.96043963450005	-9.23840169670007
			6.96043963450005	-9.24442805136197
			6.95441327983814	-9.25045440602388
			6.95441327983814	-9.25648076068578
			6.95441327983814	-9.26250711534768
			6.95441327983814	-9.26853347000959
			6.94838692517624	-9.27455982467149
			6.94838692517624	-9.2805861793334
			6.94838692517624	-9.2866125339953
			6.94236057051434	-9.29263888865721
			6.94236057051434	-9.29866524331911
			6.94236057051434	-9.30469159798102
			6.94236057051434	-9.31071795264292
			6.94236057051434	-9.31674430730483
			6.93633421585243	-9.32277066196673
			6.93633421585243	-9.32879701662864
			6.93633421585243	-9.33482337129054
			6.93030786119053	-9.34084972595245
			6.93030786119053	-9.34687608061435
			6.93030786119053	-9.35290243527626
			6.93030786119053	-9.35892878993816
			6.92428150652862	-9.36495514460007
			6.92428150652862	-9.37098149926197
			6.92428150652862	-9.37700785392388
			6.91825515186672	-9.38303420858578
			6.91825515186672	-9.38906056324769
			6.91825515186672	-9.39508691790959
			6.91825515186672	-9.40111327257149
			6.91825515186672	-9.4071396272334
			6.91222879720481	-9.4071396272334
			6.91222879720481	-9.41316598189531
			6.91222879720481	-9.41919233655721
			6.91222879720481	-9.42521869121911
			6.90620244254291	-9.43124504588102
			6.90620244254291	-9.43727140054292
			6.90620244254291	-9.44329775520483
			6.900176087881	-9.44932410986673
			6.900176087881	-9.45535046452864
			6.900176087881	-9.46137681919054
			6.8941497332191	-9.46740317385245
			6.8941497332191	-9.47342952851435
			6.8941497332191	-9.47945588317626
			6.88812337855719	-9.48548223783816
			6.88812337855719	-9.49150859250007
			6.88812337855719	-9.49753494716197
			6.88209702389529	-9.50356130182388
			6.88209702389529	-9.50958765648578
			6.88209702389529	-9.51561401114769
			6.88209702389529	-9.52164036580959
			6.87607066923338	-9.5276667204715
			6.87607066923338	-9.5336930751334
			6.87607066923338	-9.5397194297953
			6.87004431457148	-9.54574578445721
			6.87004431457148	-9.55177213911912
			6.86401795990957	-9.55779849378102
			6.86401795990957	-9.56382484844293
			6.86401795990957	-9.56985120310483
			6.85799160524767	-9.57587755776673
			6.85799160524767	-9.58190391242864
			6.85799160524767	-9.58793026709054
			6.85196525058576	-9.59395662175245
			6.85196525058576	-9.59998297641435
			6.85196525058576	-9.60600933107626
			6.84593889592386	-9.61203568573816
			6.84593889592386	-9.61806204040007
			6.84593889592386	-9.62408839506197
			6.83991254126195	-9.63011474972388
			6.83991254126195	-9.63614110438578
			6.83991254126195	-9.64216745904769
			6.83388618660005	-9.64819381370959
			6.83388618660005	-9.6542201683715
			6.83388618660005	-9.6602465230334
			6.82785983193814	-9.66627287769531
			6.82785983193814	-9.67229923235721
			6.82183347727624	-9.67832558701912
			6.82183347727624	-9.68435194168102
			6.82183347727624	-9.69037829634293
			6.81580712261433	-9.69640465100483
			6.81580712261433	-9.70243100566674
			6.81580712261433	-9.70845736032864
			6.80978076795243	-9.71448371499054
			6.80978076795243	-9.72051006965245
			6.80375441329052	-9.72653642431436
			6.80375441329052	-9.73256277897626
			6.80375441329052	-9.73858913363816
			6.79772805862862	-9.74461548830007
			6.79772805862862	-9.75064184296197
			6.79170170396671	-9.75666819762388
			6.79170170396671	-9.76269455228578
			6.79170170396671	-9.76872090694769
			6.78567534930481	-9.77474726160959
			6.78567534930481	-9.7807736162715
			6.78567534930481	-9.7867999709334
			6.7796489946429	-9.79282632559531
			6.7796489946429	-9.79885268025721
			6.773622639981	-9.80487903491912
			6.773622639981	-9.81090538958102
			6.773622639981	-9.81693174424293
			6.7675962853191	-9.82295809890483
			6.7675962853191	-9.82898445356674
			6.76156993065719	-9.83501080822864
			6.76156993065719	-9.84103716289055
			6.76156993065719	-9.84706351755245
			6.75554357599529	-9.85308987221436
			6.75554357599529	-9.85911622687626
			6.74951722133338	-9.86514258153817
			6.74951722133338	-9.87116893620007
			6.74951722133338	-9.87719529086197
			6.74349086667148	-9.87719529086197
			6.73746451200957	-9.88322164552388
			6.73143815734767	-9.88924800018578
			6.72541180268576	-9.89527435484769
			6.71938544802386	-9.90130070950959
			6.71938544802386	-9.9073270641715
			6.71335909336195	-9.9133534188334
			6.70733273870005	-9.91937977349531
			6.70130638403814	-9.92540612815721
			6.69528002937624	-9.93143248281912
			6.68925367471433	-9.93745883748102
			6.68925367471433	-9.94348519214293
			6.68322732005243	-9.94951154680483
			6.67720096539052	-9.94951154680483
			6.67720096539052	-9.95553790146674
			6.67117461072862	-9.96156425612864
			6.66514825606671	-9.96156425612864
			6.66514825606671	-9.96759061079055
			6.65912190140481	-9.97361696545245
			6.6530955467429	-9.97964332011436
			6.647069192081	-9.98566967477626
			6.64104283741909	-9.99169602943817
			6.63501648275719	-9.99772238410007
			6.62899012809529	-10.003748738762
			6.62296377343338	-10.003748738762
			6.61693741877148	-10.0097750934239
			6.61693741877148	-10.0158014480858
			6.61091106410957	-10.0218278027477
			6.60488470944767	-10.0218278027477
			6.59885835478576	-10.0278541574096
			6.59283200012386	-10.0338805120715
			6.58680564546195	-10.0399068667334
			6.58077929080005	-10.0459332213953
			6.57475293613814	-10.0459332213953
			6.56872658147624	-10.0519595760572
			6.56270022681433	-10.0579859307191
			6.55667387215243	-10.064012285381
			6.55064751749052	-10.0700386400429
			6.54462116282862	-10.0700386400429
			6.53859480816671	-10.0760649947048
			6.53256845350481	-10.0760649947048
			6.5265420988429	-10.0820913493667
			6.520515744181	-10.0881177040286
			6.51448938951909	-10.0881177040286
			6.50846303485719	-10.0941440586905
			6.50243668019528	-10.0941440586905
			6.49641032553338	-10.1001704133525
			6.49038397087147	-10.1001704133525
			6.48435761620957	-10.1001704133525
			6.48435761620957	-10.1061967680144
			6.47833126154767	-10.1061967680144
			6.47230490688576	-10.1061967680144
			6.46627855222386	-10.1122231226763
			6.46025219756195	-10.1122231226763
			6.45422584290005	-10.1122231226763
		</axis>
		<margin type=matrix rownames=FALSE colnames=FALSE nrow=840 ncol=2 as.numeric=TRUE >
			6.60488470944767	-11.522390113562
			6.60488470944767	-11.5163637589001
			6.60488470944767	-11.5103374042382
			6.60488470944767	-11.5043110495763
			6.60488470944767	-11.4982846949144
			6.61091106410957	-11.4982846949144
			6.61091106410957	-11.4922583402525
			6.61091106410957	-11.4862319855906
			6.61091106410957	-11.4802056309287
			6.61091106410957	-11.4741792762667
			6.61091106410957	-11.4681529216048
			6.61091106410957	-11.4621265669429
			6.61091106410957	-11.456100212281
			6.61693741877148	-11.4500738576191
			6.61693741877148	-11.4440475029572
			6.61693741877148	-11.4380211482953
			6.61693741877148	-11.4319947936334
			6.61693741877148	-11.4259684389715
			6.61693741877148	-11.4199420843096
			6.62296377343338	-11.4139157296477
			6.62296377343338	-11.4078893749858
			6.62296377343338	-11.4018630203239
			6.62296377343338	-11.395836665662
			6.62296377343338	-11.3898103110001
			6.62296377343338	-11.3837839563382
			6.62296377343338	-11.3777576016763
			6.62899012809529	-11.3717312470144
			6.62899012809529	-11.3657048923525
			6.62899012809529	-11.3596785376906
			6.62899012809529	-11.3536521830287
			6.62899012809529	-11.3476258283667
			6.62899012809529	-11.3415994737048
			6.63501648275719	-11.3355731190429
			6.63501648275719	-11.329546764381
			6.63501648275719	-11.3235204097191
			6.63501648275719	-11.3174940550572
			6.63501648275719	-11.3114677003953
			6.63501648275719	-11.3054413457334
			6.64104283741909	-11.3054413457334
			6.64104283741909	-11.2994149910715
			6.64104283741909	-11.2933886364096
			6.64104283741909	-11.2873622817477
			6.64104283741909	-11.2813359270858
			6.647069192081	-11.2753095724239
			6.647069192081	-11.269283217762
			6.647069192081	-11.2632568631001
			6.647069192081	-11.2572305084382
			6.647069192081	-11.2512041537763
			6.647069192081	-11.2451777991144
			6.6530955467429	-11.2391514444525
			6.6530955467429	-11.2331250897906
			6.6530955467429	-11.2270987351287
			6.6530955467429	-11.2210723804667
			6.65912190140481	-11.2150460258048
			6.65912190140481	-11.2090196711429
			6.65912190140481	-11.202993316481
			6.65912190140481	-11.1969669618191
			6.65912190140481	-11.1909406071572
			6.66514825606671	-11.1849142524953
			6.66514825606671	-11.1788878978334
			6.66514825606671	-11.1728615431715
			6.66514825606671	-11.1668351885096
			6.66514825606671	-11.1608088338477
			6.67117461072862	-11.1547824791858
			6.67117461072862	-11.1487561245239
			6.67117461072862	-11.142729769862
			6.67117461072862	-11.1367034152001
			6.67720096539052	-11.1306770605382
			6.67720096539052	-11.1246507058763
			6.67720096539052	-11.1186243512144
			6.67720096539052	-11.1125979965525
			6.67720096539052	-11.1065716418906
			6.68322732005243	-11.1005452872287
			6.68322732005243	-11.0945189325667
			6.68322732005243	-11.0884925779048
			6.68322732005243	-11.0824662232429
			6.68925367471433	-11.076439868581
			6.68925367471433	-11.0704135139191
			6.68925367471433	-11.0643871592572
			6.69528002937624	-11.0583608045953
			6.69528002937624	-11.0523344499334
			6.69528002937624	-11.0463080952715
			6.69528002937624	-11.0402817406096
			6.70130638403814	-11.0342553859477
			6.70130638403814	-11.0282290312858
			6.70130638403814	-11.0222026766239
			6.70130638403814	-11.016176321962
			6.70733273870005	-11.0101499673001
			6.70733273870005	-11.0041236126382
			6.70733273870005	-10.9980972579763
			6.70733273870005	-10.9920709033144
			6.71335909336195	-10.9860445486525
			6.71335909336195	-10.9800181939906
			6.71335909336195	-10.9739918393286
			6.71335909336195	-10.9679654846667
			6.71938544802386	-10.9619391300048
			6.71938544802386	-10.9559127753429
			6.71938544802386	-10.949886420681
			6.71938544802386	-10.9438600660191
			6.72541180268576	-10.9438600660191
			6.72541180268576	-10.9378337113572
			6.72541180268576	-10.9318073566953
			6.73143815734767	-10.9257810020334
			6.73143815734767	-10.9197546473715
			6.73143815734767	-10.9137282927096
			6.73143815734767	-10.9077019380477
			6.73746451200957	-10.9016755833858
			6.73746451200957	-10.8956492287239
			6.73746451200957	-10.889622874062
			6.74349086667148	-10.8835965194001
			6.74349086667148	-10.8775701647382
			6.74349086667148	-10.8715438100763
			6.74349086667148	-10.8655174554144
			6.74951722133338	-10.8594911007525
			6.74951722133338	-10.8534647460906
			6.75554357599529	-10.8474383914286
			6.75554357599529	-10.8414120367667
			6.75554357599529	-10.8353856821048
			6.75554357599529	-10.8293593274429
			6.76156993065719	-10.8293593274429
			6.76156993065719	-10.823332972781
			6.76156993065719	-10.8173066181191
			6.7675962853191	-10.8112802634572
			6.7675962853191	-10.8052539087953
			6.7675962853191	-10.7992275541334
			6.7675962853191	-10.7932011994715
			6.773622639981	-10.7871748448096
			6.773622639981	-10.7811484901477
			6.7796489946429	-10.7751221354858
			6.7796489946429	-10.7690957808239
			6.7796489946429	-10.763069426162
			6.78567534930481	-10.7570430715001
			6.78567534930481	-10.7510167168382
			6.78567534930481	-10.7449903621763
			6.79170170396671	-10.7389640075144
			6.79170170396671	-10.7329376528525
			6.79170170396671	-10.7269112981906
			6.79772805862862	-10.7208849435286
			6.79772805862862	-10.7148585888667
			6.79772805862862	-10.7088322342048
			6.80375441329052	-10.7028058795429
			6.80375441329052	-10.696779524881
			6.80978076795243	-10.6907531702191
			6.80978076795243	-10.6847268155572
			6.80978076795243	-10.6787004608953
			6.81580712261433	-10.6726741062334
			6.81580712261433	-10.6666477515715
			6.82183347727624	-10.6606213969096
			6.82183347727624	-10.6545950422477
			6.82183347727624	-10.6485686875858
			6.82183347727624	-10.6425423329239
			6.82785983193814	-10.6425423329239
			6.82785983193814	-10.636515978262
			6.82785983193814	-10.6304896236001
			6.83388618660005	-10.6244632689382
			6.83388618660005	-10.6184369142763
			6.83991254126195	-10.6124105596144
			6.83991254126195	-10.6063842049525
			6.84593889592386	-10.6003578502906
			6.84593889592386	-10.5943314956286
			6.84593889592386	-10.5883051409667
			6.85196525058576	-10.5822787863048
			6.85196525058576	-10.5762524316429
			6.85196525058576	-10.570226076981
			6.85799160524767	-10.5641997223191
			6.85799160524767	-10.5581733676572
			6.86401795990957	-10.5521470129953
			6.86401795990957	-10.5461206583334
			6.87004431457148	-10.5400943036715
			6.87004431457148	-10.5340679490096
			6.87004431457148	-10.5280415943477
			6.87607066923338	-10.5280415943477
			6.87607066923338	-10.5220152396858
			6.88209702389529	-10.5159888850239
			6.88209702389529	-10.509962530362
			6.88209702389529	-10.5039361757001
			6.88812337855719	-10.4979098210382
			6.88812337855719	-10.4918834663763
			6.8941497332191	-10.4858571117144
			6.8941497332191	-10.4798307570525
			6.900176087881	-10.4738044023906
			6.900176087881	-10.4677780477286
			6.900176087881	-10.4617516930667
			6.90620244254291	-10.4557253384048
			6.90620244254291	-10.4496989837429
			6.91222879720481	-10.443672629081
			6.91825515186672	-10.4376462744191
			6.91825515186672	-10.4316199197572
			6.91825515186672	-10.4255935650953
			6.92428150652862	-10.4195672104334
			6.92428150652862	-10.4135408557715
			6.93030786119053	-10.4075145011096
			6.93030786119053	-10.4014881464477
			6.93633421585243	-10.3954617917858
			6.93633421585243	-10.3894354371239
			6.94236057051434	-10.383409082462
			6.94236057051434	-10.3773827278001
			6.94838692517624	-10.3713563731382
			6.94838692517624	-10.3653300184763
			6.95441327983814	-10.3593036638144
			6.95441327983814	-10.3532773091525
			6.96043963450005	-10.3472509544905
			6.96043963450005	-10.3412245998286
			6.96646598916195	-10.3351982451667
			6.96646598916195	-10.3291718905048
			6.97249234382386	-10.3231455358429
			6.97249234382386	-10.317119181181
			6.97851869848576	-10.3110928265191
			6.98454505314767	-10.3050664718572
			6.98454505314767	-10.2990401171953
			6.99057140780957	-10.2930137625334
			6.99057140780957	-10.2869874078715
			6.99659776247148	-10.2809610532096
			6.99659776247148	-10.2749346985477
			7.00262411713338	-10.2689083438858
			7.00262411713338	-10.2628819892239
			7.00865047179529	-10.256855634562
			7.00865047179529	-10.2508292799001
			7.01467682645719	-10.2508292799001
			7.01467682645719	-10.2448029252382
			7.0207031811191	-10.2387765705763
			7.026729535781	-10.2327502159144
			7.03275589044291	-10.2327502159144
			7.03878224510481	-10.2267238612525
			7.04480859976672	-10.2206975065905
			7.05083495442862	-10.2146711519286
			7.05686130909053	-10.2086447972667
			7.06288766375243	-10.2086447972667
			7.06891401841434	-10.2026184426048
			7.06891401841434	-10.1965920879429
			7.07494037307624	-10.1965920879429
			7.08096672773815	-10.190565733281
			7.08699308240005	-10.1845393786191
			7.09301943706196	-10.1785130239572
			7.09904579172386	-10.1724866692953
			7.10507214638576	-10.1724866692953
			7.11109850104767	-10.1664603146334
			7.11712485570957	-10.1604339599715
			7.12315121037148	-10.1604339599715
			7.12917756503338	-10.1544076053096
			7.12917756503338	-10.1483812506477
			7.13520391969529	-10.1483812506477
			7.14123027435719	-10.1423548959858
			7.1472566290191	-10.1363285413239
			7.153282983681	-10.1363285413239
			7.15930933834291	-10.130302186662
			7.16533569300481	-10.1242758320001
			7.16533569300481	-10.1182494773382
			7.17136204766672	-10.1182494773382
			7.17738840232862	-10.1122231226763
			7.18341475699053	-10.1061967680144
			7.18944111165243	-10.1061967680144
			7.19546746631434	-10.1001704133525
			7.20149382097624	-10.0941440586905
			7.20752017563815	-10.0941440586905
			7.21354653030005	-10.0881177040286
			7.21354653030005	-10.0820913493667
			7.21957288496196	-10.0820913493667
			7.22559923962386	-10.0760649947048
			7.23162559428577	-10.0700386400429
			7.23765194894767	-10.064012285381
			7.24367830360957	-10.064012285381
			7.24970465827148	-10.0579859307191
			7.25573101293338	-10.0519595760572
			7.26175736759529	-10.0519595760572
			7.26175736759529	-10.0459332213953
			7.26778372225719	-10.0399068667334
			7.2738100769191	-10.0399068667334
			7.279836431581	-10.0338805120715
			7.28586278624291	-10.0278541574096
			7.29188914090481	-10.0218278027477
			7.29791549556672	-10.0218278027477
			7.30394185022862	-10.0158014480858
			7.30996820489053	-10.0097750934239
			7.31599455955243	-10.0097750934239
			7.32202091421434	-10.003748738762
			7.32804726887624	-9.99772238410007
			7.33407362353815	-9.99772238410007
			7.33407362353815	-9.99169602943817
			7.34009997820005	-9.98566967477626
			7.34612633286196	-9.97964332011436
			7.35215268752386	-9.97964332011436
			7.35817904218577	-9.97361696545245
			7.36420539684767	-9.96759061079055
			7.37023175150958	-9.96759061079055
			7.37625810617148	-9.96156425612864
			7.38228446083339	-9.95553790146674
			7.38831081549529	-9.94951154680483
			7.3943371701572	-9.94951154680483
			7.4003635248191	-9.94348519214293
			7.40638987948101	-9.93745883748102
			7.41241623414291	-9.93745883748102
			7.41844258880481	-9.93143248281912
			7.42446894346672	-9.92540612815721
			7.43049529812862	-9.91937977349531
			7.43652165279053	-9.91937977349531
			7.44254800745243	-9.9133534188334
			7.44857436211434	-9.9073270641715
			7.45460071677624	-9.90130070950959
			7.46062707143815	-9.89527435484769
			7.46665342610005	-9.89527435484769
			7.47267978076196	-9.88924800018578
			7.47870613542386	-9.88322164552388
			7.48473249008577	-9.87719529086197
			7.49075884474767	-9.87719529086197
			7.49678519940958	-9.87116893620007
			7.50281155407148	-9.86514258153817
			7.50883790873339	-9.86514258153817
			7.51486426339529	-9.85911622687626
			7.51486426339529	-9.85308987221436
			7.5208906180572	-9.85308987221436
			7.5269169727191	-9.84706351755245
			7.53294332738101	-9.84103716289055
			7.53896968204291	-9.84103716289055
			7.54499603670482	-9.83501080822864
			7.55102239136672	-9.83501080822864
			7.55704874602862	-9.82898445356674
			7.55704874602862	-9.82295809890483
			7.56307510069053	-9.82295809890483
			7.56910145535243	-9.81693174424293
			7.57512781001434	-9.81090538958102
			7.58115416467624	-9.81090538958102
			7.58718051933815	-9.80487903491912
			7.59320687400005	-9.79885268025721
			7.59923322866196	-9.79885268025721
			7.59923322866196	-9.79282632559531
			7.60525958332386	-9.79282632559531
			7.61128593798577	-9.7867999709334
			7.61731229264767	-9.7807736162715
			7.62333864730958	-9.7807736162715
			7.62936500197148	-9.77474726160959
			7.63539135663339	-9.76872090694769
			7.64141771129529	-9.76872090694769
			7.64141771129529	-9.76269455228578
			7.6474440659572	-9.75666819762388
			7.6534704206191	-9.75666819762388
			7.65949677528101	-9.75064184296197
			7.66552312994291	-9.75064184296197
			7.67154948460482	-9.74461548830007
			7.67757583926672	-9.73858913363816
			7.68360219392863	-9.73858913363816
			7.68962854859053	-9.73256277897626
			7.69565490325244	-9.72653642431436
			7.70168125791434	-9.72051006965245
			7.70770761257624	-9.71448371499054
			7.71373396723815	-9.71448371499054
			7.71976032190006	-9.70845736032864
			7.72578667656196	-9.70243100566674
			7.73181303122386	-9.69640465100483
			7.73783938588577	-9.69640465100483
			7.74386574054767	-9.69037829634293
			7.74989209520958	-9.69037829634293
			7.75591844987148	-9.68435194168102
			7.76194480453339	-9.67832558701912
			7.76797115919529	-9.67229923235721
			7.7739975138572	-9.67229923235721
			7.7800238685191	-9.66627287769531
			7.78605022318101	-9.6602465230334
			7.79207657784291	-9.6602465230334
			7.79810293250482	-9.6542201683715
			7.80412928716672	-9.64819381370959
			7.81015564182863	-9.64819381370959
			7.81618199649053	-9.64216745904769
			7.82220835115244	-9.63614110438578
			7.82823470581434	-9.63614110438578
			7.83426106047625	-9.63011474972388
			7.84028741513815	-9.62408839506197
			7.84631376980006	-9.61806204040007
			7.85234012446196	-9.61806204040007
			7.85836647912387	-9.61203568573816
			7.86439283378577	-9.60600933107626
			7.87041918844768	-9.60600933107626
			7.87644554310958	-9.59998297641435
			7.88247189777148	-9.59395662175245
			7.88849825243339	-9.59395662175245
			7.89452460709529	-9.58793026709054
			7.9005509617572	-9.58190391242864
			7.9065773164191	-9.58190391242864
			7.91260367108101	-9.57587755776673
			7.91863002574291	-9.56985120310483
			7.92465638040482	-9.56985120310483
			7.93068273506672	-9.56382484844293
			7.93670908972863	-9.55779849378102
			7.94273544439053	-9.55177213911912
			7.94876179905244	-9.55177213911912
			7.95478815371434	-9.54574578445721
			7.96081450837625	-9.5397194297953
			7.96684086303815	-9.5397194297953
			7.97286721770006	-9.5336930751334
			7.97889357236196	-9.5276667204715
			7.98491992702387	-9.52164036580959
			7.99094628168577	-9.51561401114769
			7.99697263634768	-9.50958765648578
			7.99697263634768	-9.50356130182388
			8.00299899100958	-9.49753494716197
			8.00902534567149	-9.49150859250007
			8.01505170033339	-9.48548223783816
			8.02107805499529	-9.47945588317626
			8.0271044096572	-9.47342952851435
			8.0331307643191	-9.46740317385245
			8.0331307643191	-9.46137681919054
			8.03915711898101	-9.46137681919054
			8.03915711898101	-9.45535046452864
			8.04518347364291	-9.44932410986673
			8.05120982830482	-9.44932410986673
			8.05120982830482	-9.44329775520483
			8.05723618296672	-9.43727140054292
			8.06326253762863	-9.43124504588102
			8.06928889229053	-9.42521869121911
			8.06928889229053	-9.41919233655721
			8.07531524695244	-9.41316598189531
			8.08134160161434	-9.41316598189531
			8.08134160161434	-9.4071396272334
			8.08736795627625	-9.40111327257149
			8.09339431093815	-9.39508691790959
			8.09339431093815	-9.38906056324769
			8.09942066560006	-9.38303420858578
			8.10544702026196	-9.38303420858578
			8.10544702026196	-9.37700785392388
			8.11147337492387	-9.37098149926197
			8.11749972958577	-9.36495514460007
			8.12352608424768	-9.35892878993816
			8.12352608424768	-9.35290243527626
			8.12955243890958	-9.34687608061435
			8.13557879357149	-9.34687608061435
			8.13557879357149	-9.34084972595245
			8.14160514823339	-9.33482337129054
			8.1476315028953	-9.32879701662864
			8.1476315028953	-9.32277066196673
			8.1536578575572	-9.31674430730483
			8.1596842122191	-9.31071795264292
			8.16571056688101	-9.30469159798102
			8.16571056688101	-9.29866524331911
			8.17173692154292	-9.29866524331911
			8.17776327620482	-9.29263888865721
			8.17776327620482	-9.2866125339953
			8.18378963086673	-9.2805861793334
			8.18981598552863	-9.27455982467149
			8.19584234019053	-9.26853347000959
			8.19584234019053	-9.26250711534768
			8.20186869485244	-9.25648076068578
			8.20789504951434	-9.25045440602388
			8.20789504951434	-9.24442805136197
			8.21392140417625	-9.23840169670007
			8.21994775883815	-9.23840169670007
			8.22597411350006	-9.23237534203816
			8.22597411350006	-9.22634898737626
			8.23200046816196	-9.22032263271435
			8.23802682282387	-9.21429627805245
			8.24405317748577	-9.20826992339054
			8.24405317748577	-9.20224356872864
			8.25007953214768	-9.19621721406673
			8.25610588680958	-9.19019085940483
			8.25610588680958	-9.18416450474292
			8.26213224147149	-9.17813815008102
			8.26815859613339	-9.17211179541911
			8.2741849507953	-9.16608544075721
			8.2741849507953	-9.1600590860953
			8.2802113054572	-9.1540327314334
			8.28623766011911	-9.14800637677149
			8.29226401478101	-9.14198002210959
			8.29226401478101	-9.13595366744768
			8.29829036944292	-9.12992731278578
			8.30431672410482	-9.12390095812387
			8.31034307876673	-9.11787460346197
			8.31034307876673	-9.11184824880007
			8.31636943342863	-9.10582189413816
			8.32239578809054	-9.09979553947625
			8.32239578809054	-9.09376918481435
			8.32842214275244	-9.08774283015244
			8.33444849741434	-9.08171647549054
			8.34047485207625	-9.07569012082864
			8.34047485207625	-9.06966376616673
			8.34650120673815	-9.06363741150483
			8.35252756140006	-9.05761105684292
			8.35855391606196	-9.05158470218102
			8.35855391606196	-9.04555834751911
			8.36458027072387	-9.03953199285721
			8.37060662538577	-9.0335056381953
			8.37663298004768	-9.0274792835334
			8.37663298004768	-9.02145292887149
			8.38265933470958	-9.01542657420959
			8.38868568937149	-9.00940021954768
			8.39471204403339	-9.00337386488578
			8.4007383986953	-8.99734751022387
			8.4007383986953	-8.99132115556197
			8.4067647533572	-8.98529480090006
			8.41279110801911	-8.97926844623816
			8.41881746268101	-8.97324209157625
			8.41881746268101	-8.96721573691435
			8.42484381734292	-8.96118938225244
			8.43087017200482	-8.95516302759054
			8.43087017200482	-8.94913667292863
			8.43689652666673	-8.94311031826673
			8.44292288132863	-8.93708396360483
			8.44894923599054	-8.93105760894292
			8.44894923599054	-8.92503125428102
			8.45497559065244	-8.91900489961911
			8.45497559065244	-8.91297854495721
			8.46100194531435	-8.91297854495721
			8.46100194531435	-8.9069521902953
			8.46702829997625	-8.9009258356334
			8.47305465463815	-8.89489948097149
			8.47305465463815	-8.88887312630959
			8.47908100930006	-8.88887312630959
			8.47908100930006	-8.88284677164768
			8.48510736396197	-8.87682041698578
			8.48510736396197	-8.87079406232387
			8.49113371862387	-8.86476770766197
			8.49716007328577	-8.85874135300006
			8.50318642794768	-8.85271499833816
			8.50318642794768	-8.84668864367625
			8.50921278260958	-8.84066228901435
			8.51523913727149	-8.83463593435244
			8.51523913727149	-8.82860957969054
			8.52126549193339	-8.82258322502863
			8.5272918465953	-8.81655687036673
			8.5272918465953	-8.81053051570482
			8.5333182012572	-8.80450416104292
			8.53934455591911	-8.79847780638102
			8.53934455591911	-8.79245145171911
			8.54537091058101	-8.7864250970572
			8.55139726524292	-8.7803987423953
			8.55139726524292	-8.7743723877334
			8.55742361990482	-8.76834603307149
			8.56344997456673	-8.76231967840959
			8.56947632922863	-8.75629332374768
			8.56947632922863	-8.75026696908578
			8.57550268389054	-8.74424061442387
			8.58152903855244	-8.73821425976197
			8.58152903855244	-8.73218790510006
			8.58755539321435	-8.72616155043816
			8.59358174787625	-8.72013519577625
			8.59358174787625	-8.71410884111435
			8.59960810253816	-8.70808248645244
			8.60563445720006	-8.70205613179054
			8.60563445720006	-8.69602977712863
			8.61166081186197	-8.69000342246673
			8.61768716652387	-8.68397706780482
			8.62371352118578	-8.67795071314292
			8.62371352118578	-8.67192435848101
			8.62973987584768	-8.66589800381911
			8.63576623050959	-8.6598716491572
			8.63576623050959	-8.6538452944953
			8.64179258517149	-8.64781893983339
			8.64781893983339	-8.64179258517149
			8.64781893983339	-8.63576623050959
			8.6538452944953	-8.62973987584768
			8.6598716491572	-8.62371352118578
			8.66589800381911	-8.61768716652387
			8.66589800381911	-8.61166081186197
			8.67192435848101	-8.60563445720006
			8.67192435848101	-8.59960810253816
			8.67795071314292	-8.59358174787625
			8.68397706780482	-8.58755539321435
			8.68397706780482	-8.58152903855244
			8.69000342246673	-8.57550268389054
			8.69000342246673	-8.56947632922863
			8.69602977712863	-8.56344997456673
			8.70205613179054	-8.55742361990482
			8.70808248645244	-8.55139726524292
			8.70808248645244	-8.54537091058101
			8.71410884111435	-8.53934455591911
			8.71410884111435	-8.5333182012572
			8.72013519577625	-8.5272918465953
			8.72616155043816	-8.52126549193339
			8.72616155043816	-8.51523913727149
			8.73218790510006	-8.50921278260958
			8.73821425976197	-8.50318642794768
			8.74424061442387	-8.49716007328577
			8.74424061442387	-8.49113371862387
			8.75026696908578	-8.48510736396197
			8.75629332374768	-8.47908100930006
			8.75629332374768	-8.47305465463815
			8.76231967840959	-8.46702829997625
			8.76231967840959	-8.46100194531435
			8.76834603307149	-8.46100194531435
			8.76834603307149	-8.45497559065244
			8.7743723877334	-8.44894923599054
			8.7743723877334	-8.44292288132863
			8.7803987423953	-8.43689652666673
			8.7803987423953	-8.43087017200482
			8.7743723877334	-8.42484381734292
			8.76834603307149	-8.42484381734292
			8.76834603307149	-8.41881746268101
			8.76231967840959	-8.41279110801911
			8.76231967840959	-8.4067647533572
			8.75629332374768	-8.4007383986953
			8.75026696908578	-8.39471204403339
			8.74424061442387	-8.38868568937149
			8.74424061442387	-8.38265933470958
			8.73821425976197	-8.37663298004768
			8.73218790510006	-8.37060662538577
			8.73218790510006	-8.36458027072387
			8.72616155043816	-8.35855391606196
			8.72013519577625	-8.35855391606196
			8.71410884111435	-8.35252756140006
			8.71410884111435	-8.34650120673815
			8.70808248645244	-8.34047485207625
			8.70205613179054	-8.33444849741434
			8.69602977712863	-8.32842214275244
			8.69000342246673	-8.32239578809054
			8.68397706780482	-8.31636943342863
			8.67795071314292	-8.31034307876673
			8.67192435848101	-8.30431672410482
			8.66589800381911	-8.29829036944292
			8.6598716491572	-8.29226401478101
			8.6538452944953	-8.28623766011911
			8.64781893983339	-8.2802113054572
			8.64179258517149	-8.2741849507953
			8.63576623050959	-8.26815859613339
			8.62973987584768	-8.26815859613339
			8.62371352118578	-8.26213224147149
			8.61768716652387	-8.25610588680958
			8.61166081186197	-8.25007953214768
			8.60563445720006	-8.25007953214768
			8.60563445720006	-8.24405317748577
			8.59960810253816	-8.24405317748577
			8.59358174787625	-8.24405317748577
			8.59358174787625	-8.23802682282387
			8.58755539321435	-8.23802682282387
			8.58152903855244	-8.23200046816196
			8.57550268389054	-8.23200046816196
			8.57550268389054	-8.22597411350006
			8.56947632922863	-8.22597411350006
			8.56344997456673	-8.21994775883815
			8.55742361990482	-8.21392140417625
			8.55139726524292	-8.21392140417625
			8.54537091058101	-8.20789504951434
			8.53934455591911	-8.20789504951434
			8.5333182012572	-8.20186869485244
			8.5272918465953	-8.20186869485244
			8.52126549193339	-8.19584234019053
			8.51523913727149	-8.19584234019053
			8.50921278260958	-8.18981598552863
			8.50318642794768	-8.18981598552863
			8.50318642794768	-8.18378963086673
			8.49716007328577	-8.18378963086673
			8.49113371862387	-8.17776327620482
			8.48510736396197	-8.17776327620482
			8.47908100930006	-8.17776327620482
			8.47305465463815	-8.17173692154292
			8.46702829997625	-8.17173692154292
			8.46100194531435	-8.16571056688101
			8.45497559065244	-8.16571056688101
			8.44894923599054	-8.16571056688101
			8.44292288132863	-8.1596842122191
			8.43689652666673	-8.1596842122191
			8.43087017200482	-8.1536578575572
			8.42484381734292	-8.1536578575572
			8.41881746268101	-8.1536578575572
			8.41279110801911	-8.1476315028953
			8.4067647533572	-8.1476315028953
			8.4007383986953	-8.1476315028953
			8.39471204403339	-8.14160514823339
			8.38868568937149	-8.14160514823339
			8.38265933470958	-8.14160514823339
			8.37663298004768	-8.13557879357149
			8.37060662538577	-8.13557879357149
			8.36458027072387	-8.13557879357149
			8.35855391606196	-8.12955243890958
			8.35252756140006	-8.12955243890958
			8.34650120673815	-8.12955243890958
			8.34047485207625	-8.12955243890958
			8.33444849741434	-8.12352608424768
			8.32842214275244	-8.12352608424768
			8.32239578809054	-8.12352608424768
			8.31636943342863	-8.12352608424768
			8.31034307876673	-8.12352608424768
			8.30431672410482	-8.11749972958577
			8.29829036944292	-8.11749972958577
			8.29226401478101	-8.11749972958577
			8.28623766011911	-8.11749972958577
			8.2802113054572	-8.11749972958577
			8.2802113054572	-8.11147337492387
			8.2741849507953	-8.11147337492387
			8.26815859613339	-8.11147337492387
			8.26213224147149	-8.11147337492387
			8.25610588680958	-8.11147337492387
			8.25007953214768	-8.11147337492387
			8.24405317748577	-8.10544702026196
			8.23802682282387	-8.10544702026196
			8.23200046816196	-8.10544702026196
			8.22597411350006	-8.10544702026196
			8.21994775883815	-8.10544702026196
			8.21392140417625	-8.10544702026196
			8.20789504951434	-8.10544702026196
			8.20186869485244	-8.09942066560006
			8.19584234019053	-8.09942066560006
			8.18981598552863	-8.09942066560006
			8.18378963086673	-8.09942066560006
			8.17776327620482	-8.09942066560006
			8.17173692154292	-8.09942066560006
			8.16571056688101	-8.09942066560006
			8.1596842122191	-8.09942066560006
			8.1536578575572	-8.09942066560006
			8.1476315028953	-8.09942066560006
			8.14160514823339	-8.09942066560006
			8.13557879357149	-8.09942066560006
			8.12955243890958	-8.09339431093815
			8.12352608424768	-8.09339431093815
			8.11749972958577	-8.09339431093815
			8.11147337492387	-8.09339431093815
			8.10544702026196	-8.09339431093815
			8.09942066560006	-8.09339431093815
			8.09339431093815	-8.09339431093815
			8.08736795627625	-8.09339431093815
			8.08134160161434	-8.09339431093815
			8.07531524695244	-8.09339431093815
			8.06928889229053	-8.09339431093815
			8.06326253762863	-8.09339431093815
			8.05723618296672	-8.09339431093815
			8.05120982830482	-8.09339431093815
			8.04518347364291	-8.09339431093815
			8.03915711898101	-8.09339431093815
			8.0331307643191	-8.09339431093815
			8.0271044096572	-8.09339431093815
			8.02107805499529	-8.09339431093815
			8.01505170033339	-8.09339431093815
			8.00902534567149	-8.09339431093815
			8.00299899100958	-8.09339431093815
			7.99697263634768	-8.09339431093815
			7.99094628168577	-8.09339431093815
			7.98491992702387	-8.09339431093815
			7.97889357236196	-8.09339431093815
			7.97286721770006	-8.09339431093815
			7.96684086303815	-8.08736795627625
			7.96081450837625	-8.08736795627625
			7.95478815371434	-8.08736795627625
			7.94876179905244	-8.08736795627625
			7.94273544439053	-8.08736795627625
			7.93670908972863	-8.08736795627625
			7.93068273506672	-8.08736795627625
			7.92465638040482	-8.08736795627625
			7.91863002574291	-8.08736795627625
			7.91260367108101	-8.08736795627625
			7.9065773164191	-8.08736795627625
			7.9005509617572	-8.08736795627625
			7.89452460709529	-8.08736795627625
			7.88849825243339	-8.08736795627625
			7.88247189777148	-8.08736795627625
			7.87644554310958	-8.08736795627625
			7.87041918844768	-8.08736795627625
			7.86439283378577	-8.08736795627625
			7.85836647912387	-8.08736795627625
			7.85234012446196	-8.08736795627625
			7.84631376980006	-8.08736795627625
			7.84028741513815	-8.08736795627625
			7.83426106047625	-8.08736795627625
			7.82823470581434	-8.08736795627625
			7.82220835115244	-8.08736795627625
			7.81618199649053	-8.08736795627625
			7.81015564182863	-8.08736795627625
			7.80412928716672	-8.08736795627625
			7.79810293250482	-8.08736795627625
			7.79207657784291	-8.08736795627625
			7.78605022318101	-8.08736795627625
			7.7800238685191	-8.08736795627625
			7.7739975138572	-8.08736795627625
			7.76797115919529	-8.08736795627625
			7.76194480453339	-8.08736795627625
			7.75591844987148	-8.08736795627625
			7.74989209520958	-8.08736795627625
			7.74386574054767	-8.08736795627625
			7.73783938588577	-8.09339431093815
			7.73181303122386	-8.09339431093815
			7.72578667656196	-8.09339431093815
			7.71976032190006	-8.09339431093815
			7.71373396723815	-8.09339431093815
			7.70770761257624	-8.09339431093815
			7.70168125791434	-8.09339431093815
			7.69565490325244	-8.09339431093815
			7.68962854859053	-8.09339431093815
			7.68360219392863	-8.09339431093815
			7.67757583926672	-8.09339431093815
			7.67154948460482	-8.09339431093815
			7.66552312994291	-8.09339431093815
			7.65949677528101	-8.09339431093815
			7.6534704206191	-8.09339431093815
			7.6474440659572	-8.09339431093815
			7.64141771129529	-8.09339431093815
			7.63539135663339	-8.09942066560006
			7.62936500197148	-8.09942066560006
			7.62333864730958	-8.09942066560006
			7.61731229264767	-8.09942066560006
			7.61128593798577	-8.09942066560006
			7.60525958332386	-8.09942066560006
			7.59923322866196	-8.09942066560006
			7.59320687400005	-8.09942066560006
			7.58718051933815	-8.09942066560006
			7.58115416467624	-8.09942066560006
			7.57512781001434	-8.10544702026196
			7.56910145535243	-8.10544702026196
			7.56307510069053	-8.10544702026196
			7.55704874602862	-8.10544702026196
			7.55102239136672	-8.10544702026196
			7.54499603670482	-8.10544702026196
			7.53896968204291	-8.10544702026196
			7.53294332738101	-8.10544702026196
			7.5269169727191	-8.11147337492387
			7.5208906180572	-8.11147337492387
			7.51486426339529	-8.11147337492387
			7.50883790873339	-8.11147337492387
			7.50281155407148	-8.11147337492387
			7.49678519940958	-8.11147337492387
			7.49075884474767	-8.11147337492387
			7.48473249008577	-8.11749972958577
			7.47870613542386	-8.11749972958577
			7.47267978076196	-8.11749972958577
			7.46665342610005	-8.11749972958577
			7.46062707143815	-8.11749972958577
			7.45460071677624	-8.11749972958577
			7.45460071677624	-8.12352608424768
			7.44857436211434	-8.12352608424768
			7.44254800745243	-8.12352608424768
			7.43652165279053	-8.12352608424768
			7.43049529812862	-8.12352608424768
			7.42446894346672	-8.12352608424768
			7.41844258880481	-8.12955243890958
			7.41241623414291	-8.12955243890958
			7.40638987948101	-8.12955243890958
			7.4003635248191	-8.12955243890958
			7.3943371701572	-8.13557879357149
			7.38831081549529	-8.13557879357149
			7.38228446083339	-8.13557879357149
			7.37625810617148	-8.13557879357149
			7.37023175150958	-8.13557879357149
			7.36420539684767	-8.14160514823339
			7.35817904218577	-8.14160514823339
			7.35215268752386	-8.14160514823339
			7.34612633286196	-8.14160514823339
			7.34009997820005	-8.1476315028953
			7.33407362353815	-8.1476315028953
			7.32804726887624	-8.1476315028953
			7.32202091421434	-8.1476315028953
			7.31599455955243	-8.1536578575572
			7.30996820489053	-8.1536578575572
			7.30394185022862	-8.1536578575572
			7.29791549556672	-8.1596842122191
			7.29188914090481	-8.1596842122191
		</margin>
	</curves.scaled>
	<ruler.points type=matrix rownames=TRUE colnames=FALSE nrow=2 ncol=2 as.numeric=TRUE >
		Ruler point 1	784	2049
		Ruler point 2	1315	2050
	</ruler.points>
</shapes>

