<shapes type=list>
	<ruler.pixel type=vector names=FALSE length=1 as.numeric=TRUE >67</ruler.pixel>
	<ruler.interval type=vector names=FALSE length=1 as.numeric=TRUE >5</ruler.interval>
	<scaling.units type=vector names=FALSE length=1 as.numeric=FALSE >mm</scaling.units>
	<scaling type=vector names=FALSE length=1 as.numeric=TRUE >0.0746268656716418</scaling>
	<landmarks.pixel type=matrix rownames=TRUE colnames=FALSE nrow=7 ncol=2 as.numeric=TRUE >
		LM1	179	214
		LM2	186	297
		LM3	190	309
		LM4	191	332
		LM5	203	223
		LM6	277	220
		LM7	295	222
	</landmarks.pixel>
	<landmarks.scaled type=matrix rownames=TRUE colnames=FALSE nrow=7 ncol=2 as.numeric=TRUE >
		LM1	13.3582089552239	-15.9701492537313
		LM2	13.8805970149254	-22.1641791044776
		LM3	14.1791044776119	-23.0597014925373
		LM4	14.2537313432836	-24.7761194029851
		LM5	15.1492537313433	-16.6417910447761
		LM6	20.6716417910448	-16.4179104477612
		LM7	22.0149253731343	-16.5671641791045
	</landmarks.scaled>
	<curves.control type=list>
		<axis type=matrix rownames=FALSE colnames=FALSE nrow=9 ncol=2 as.numeric=TRUE >
			179	214
			193	216
			203	222
			204	236
			204	255
			204	267
			203	280
			199	288
			186	297
		</axis>
		<border type=matrix rownames=FALSE colnames=FALSE nrow=5 ncol=2 as.numeric=TRUE >
			190	309
			214	298
			262	253
			278	232
			277	220
		</border>
		<margin type=matrix rownames=FALSE colnames=FALSE nrow=41 ncol=2 as.numeric=TRUE >
			191	332
			204	346
			210	366
			215	382
			217	370
			215	357
			212	337
			212	330
			212	321
			213	314
			220	314
			230	311
			231	305
			240	301
			241	297
			238	285
			250	291
			294	340
			295	341
			297	334
			284	310
			275	295
			264	282
			262	269
			268	267
			271	255
			286	257
			314	270
			321	276
			328	276
			314	260
			302	249
			291	243
			285	233
			289	227
			299	224
			290	218
			282	218
			265	219
			232	219
			203	223
		</margin>
	</curves.control>
	<curves.pixel type=list>
		<axis type=matrix rownames=FALSE colnames=FALSE nrow=103 ncol=2 as.numeric=TRUE >
			179	214
			180	214
			181	214
			182	214
			183	215
			184	215
			185	215
			186	215
			187	216
			188	216
			189	216
			190	216
			191	217
			192	217
			193	217
			194	218
			195	218
			196	219
			197	219
			198	220
			199	220
			200	220
			201	221
			202	221
			203	222
			203	223
			203	224
			203	225
			203	226
			203	227
			203	228
			203	229
			203	230
			204	231
			204	232
			204	233
			204	234
			204	235
			204	236
			204	237
			204	238
			204	239
			204	240
			204	241
			204	242
			204	243
			204	244
			204	245
			204	246
			204	247
			204	248
			204	249
			204	250
			204	251
			204	252
			204	253
			204	254
			204	255
			204	256
			204	257
			204	258
			204	259
			204	260
			204	261
			204	262
			204	263
			204	264
			204	265
			204	266
			204	267
			204	268
			204	269
			204	270
			204	271
			204	272
			203	273
			203	274
			203	275
			203	276
			203	277
			203	278
			203	279
			203	280
			203	281
			202	282
			201	283
			200	284
			199	285
			199	286
			198	287
			197	288
			196	289
			195	290
			194	291
			193	292
			192	292
			191	293
			191	294
			190	294
			189	295
			188	295
			187	296
			186	297
		</axis>
		<border type=matrix rownames=FALSE colnames=FALSE nrow=115 ncol=2 as.numeric=TRUE >
			190	309
			191	309
			192	308
			193	307
			194	307
			195	306
			196	306
			197	305
			198	305
			199	304
			200	303
			201	303
			202	302
			203	301
			204	301
			205	301
			205	300
			206	300
			207	299
			208	299
			208	298
			209	298
			210	297
			211	296
			212	295
			213	295
			214	294
			215	293
			216	293
			217	292
			218	291
			219	291
			220	290
			221	289
			221	288
			222	288
			223	287
			224	286
			225	285
			226	284
			227	284
			228	283
			229	282
			230	281
			231	281
			232	280
			233	279
			234	278
			235	277
			236	276
			237	276
			238	275
			239	274
			240	273
			241	272
			242	271
			243	270
			244	270
			245	269
			246	268
			247	267
			248	266
			249	265
			250	264
			251	263
			252	262
			253	261
			254	260
			255	259
			256	258
			257	257
			258	257
			259	256
			259	255
			260	255
			261	254
			262	253
			262	252
			263	252
			263	251
			264	251
			264	250
			265	250
			265	249
			265	248
			266	248
			266	247
			267	247
			267	246
			268	245
			268	244
			269	243
			270	242
			270	241
			271	240
			271	239
			272	238
			272	237
			273	236
			273	235
			274	234
			274	233
			275	232
			275	231
			276	230
			276	229
			276	228
			276	227
			277	226
			277	225
			277	224
			277	223
			277	222
			277	221
			277	220
		</border>
		<margin type=matrix rownames=FALSE colnames=FALSE nrow=507 ncol=2 as.numeric=TRUE >
			191	332
			192	333
			193	334
			194	335
			195	336
			196	337
			196	338
			197	339
			197	340
			198	341
			199	342
			200	343
			200	344
			201	345
			201	346
			202	347
			202	348
			203	349
			203	350
			204	351
			205	352
			205	353
			205	354
			206	354
			206	355
			206	356
			207	357
			207	358
			208	359
			208	360
			208	361
			209	362
			209	363
			209	364
			210	365
			210	366
			210	367
			211	368
			211	369
			211	370
			212	371
			212	372
			213	373
			213	374
			214	375
			215	375
			216	374
			216	373
			217	372
			217	371
			217	370
			217	369
			217	368
			217	367
			216	366
			216	365
			216	364
			216	363
			216	362
			216	361
			215	360
			215	359
			215	358
			215	357
			215	356
			215	355
			215	354
			214	353
			214	352
			214	351
			214	350
			214	349
			214	348
			214	347
			213	346
			213	345
			213	344
			213	343
			213	342
			213	341
			212	340
			212	339
			212	338
			212	337
			212	336
			212	335
			212	334
			212	333
			212	332
			212	331
			212	330
			212	329
			212	328
			212	327
			212	326
			212	325
			212	324
			212	323
			212	322
			212	321
			212	320
			212	319
			213	318
			213	317
			214	316
			215	315
			216	315
			217	314
			218	314
			219	314
			220	314
			221	314
			222	313
			223	313
			224	313
			224	312
			225	312
			226	312
			226	311
			227	311
			228	310
			229	309
			229	308
			230	308
			231	307
			231	306
			232	305
			233	304
			234	303
			235	303
			236	302
			237	302
			238	301
			239	300
			240	299
			241	298
			241	297
			241	296
			241	295
			240	294
			240	293
			240	292
			241	292
			241	291
			241	290
			242	289
			243	289
			244	289
			245	289
			246	289
			247	290
			248	290
			249	291
			250	291
			251	292
			252	293
			253	294
			254	295
			254	296
			255	296
			256	297
			256	298
			257	298
			257	299
			258	300
			259	301
			260	302
			261	303
			262	304
			262	305
			263	306
			264	306
			264	307
			265	308
			266	308
			266	309
			267	310
			268	311
			269	312
			270	313
			270	314
			271	314
			272	315
			272	316
			273	317
			274	317
			274	318
			275	319
			276	320
			277	321
			278	322
			279	323
			280	324
			281	325
			281	326
			282	327
			283	327
			283	328
			284	329
			285	330
			286	331
			287	332
			288	333
			289	334
			290	335
			291	336
			292	337
			292	338
			293	339
			294	340
			295	340
			295	341
			295	340
			295	339
			295	338
			295	337
			295	336
			295	335
			295	334
			294	333
			294	332
			294	331
			293	330
			293	329
			293	328
			292	327
			292	326
			291	325
			291	324
			290	323
			290	322
			290	321
			289	321
			289	320
			289	319
			288	318
			288	317
			287	316
			287	315
			286	314
			286	313
			285	312
			285	311
			284	310
			284	309
			283	309
			283	308
			282	307
			282	306
			281	305
			280	304
			280	303
			279	302
			278	301
			278	300
			277	299
			276	298
			276	297
			275	296
			274	295
			273	294
			272	293
			272	292
			271	291
			270	290
			270	289
			269	288
			268	287
			267	286
			267	285
			266	285
			266	284
			265	283
			264	282
			264	281
			264	280
			264	279
			264	278
			264	277
			264	276
			264	275
			264	274
			264	273
			264	272
			264	271
			265	270
			265	269
			266	269
			266	268
			267	267
			268	267
			268	266
			269	265
			269	264
			270	263
			270	262
			271	261
			272	260
			273	259
			274	259
			275	258
			276	258
			277	257
			278	257
			279	257
			280	257
			281	257
			282	257
			283	257
			284	257
			285	257
			286	257
			287	257
			288	258
			289	259
			290	259
			291	259
			292	260
			293	260
			294	261
			295	261
			296	262
			297	262
			298	263
			299	263
			300	264
			301	264
			302	265
			303	265
			304	266
			305	266
			306	267
			307	267
			308	268
			309	268
			310	269
			311	269
			312	270
			313	271
			314	271
			315	272
			316	272
			316	273
			317	273
			318	274
			319	274
			320	275
			321	276
			322	276
			323	275
			323	274
			323	273
			323	272
			322	271
			322	270
			321	269
			320	268
			319	267
			319	266
			318	265
			317	264
			317	263
			316	262
			315	261
			314	260
			313	260
			313	259
			312	258
			311	257
			310	257
			310	256
			309	256
			308	255
			307	254
			306	253
			305	252
			304	251
			303	251
			302	250
			301	249
			300	249
			299	248
			298	248
			298	247
			297	246
			296	246
			295	245
			294	245
			293	244
			292	244
			292	243
			291	243
			290	242
			290	241
			289	240
			289	239
			289	238
			288	237
			288	236
			288	235
			288	234
			287	233
			287	232
			288	231
			288	230
			288	229
			288	228
			289	227
			290	227
			291	226
			292	226
			293	225
			294	224
			294	223
			294	222
			293	221
			292	220
			291	219
			290	218
			289	218
			288	218
			287	218
			286	218
			285	218
			284	218
			283	218
			282	218
			281	218
			280	218
			279	218
			278	218
			277	218
			276	218
			275	218
			274	219
			273	219
			272	219
			271	219
			270	219
			269	219
			268	219
			267	219
			266	219
			265	219
			264	219
			263	219
			262	219
			261	219
			260	219
			259	219
			258	219
			257	219
			256	219
			255	219
			254	219
			253	219
			252	219
			251	219
			250	219
			249	219
			248	219
			247	219
			246	219
			245	219
			244	219
			243	219
			242	220
			241	220
			240	220
			239	220
			238	220
			237	220
			236	220
			235	220
			234	220
			233	220
			232	220
			231	220
			230	220
			229	220
			228	220
			227	220
			226	220
			225	221
			224	221
			223	221
			222	221
			221	221
			220	221
			219	221
			218	221
			217	221
			216	221
			215	221
			215	222
			214	222
			213	222
			212	222
			211	222
			210	222
			209	222
			208	222
			207	222
			206	223
			205	223
			204	223
			203	223
		</margin>
	</curves.pixel>
	<curves.scaled type=list>
		<axis type=matrix rownames=FALSE colnames=FALSE nrow=103 ncol=2 as.numeric=TRUE >
			13.3582089552239	-15.9701492537313
			13.4328358208955	-15.9701492537313
			13.5074626865672	-15.9701492537313
			13.5820895522388	-15.9701492537313
			13.6567164179104	-16.044776119403
			13.7313432835821	-16.044776119403
			13.8059701492537	-16.044776119403
			13.8805970149254	-16.044776119403
			13.955223880597	-16.1194029850746
			14.0298507462687	-16.1194029850746
			14.1044776119403	-16.1194029850746
			14.1791044776119	-16.1194029850746
			14.2537313432836	-16.1940298507463
			14.3283582089552	-16.1940298507463
			14.4029850746269	-16.1940298507463
			14.4776119402985	-16.2686567164179
			14.5522388059701	-16.2686567164179
			14.6268656716418	-16.3432835820896
			14.7014925373134	-16.3432835820896
			14.7761194029851	-16.4179104477612
			14.8507462686567	-16.4179104477612
			14.9253731343284	-16.4179104477612
			15	-16.4925373134328
			15.0746268656716	-16.4925373134328
			15.1492537313433	-16.5671641791045
			15.1492537313433	-16.6417910447761
			15.1492537313433	-16.7164179104478
			15.1492537313433	-16.7910447761194
			15.1492537313433	-16.865671641791
			15.1492537313433	-16.9402985074627
			15.1492537313433	-17.0149253731343
			15.1492537313433	-17.089552238806
			15.1492537313433	-17.1641791044776
			15.2238805970149	-17.2388059701493
			15.2238805970149	-17.3134328358209
			15.2238805970149	-17.3880597014925
			15.2238805970149	-17.4626865671642
			15.2238805970149	-17.5373134328358
			15.2238805970149	-17.6119402985075
			15.2238805970149	-17.6865671641791
			15.2238805970149	-17.7611940298507
			15.2238805970149	-17.8358208955224
			15.2238805970149	-17.910447761194
			15.2238805970149	-17.9850746268657
			15.2238805970149	-18.0597014925373
			15.2238805970149	-18.134328358209
			15.2238805970149	-18.2089552238806
			15.2238805970149	-18.2835820895522
			15.2238805970149	-18.3582089552239
			15.2238805970149	-18.4328358208955
			15.2238805970149	-18.5074626865672
			15.2238805970149	-18.5820895522388
			15.2238805970149	-18.6567164179104
			15.2238805970149	-18.7313432835821
			15.2238805970149	-18.8059701492537
			15.2238805970149	-18.8805970149254
			15.2238805970149	-18.955223880597
			15.2238805970149	-19.0298507462687
			15.2238805970149	-19.1044776119403
			15.2238805970149	-19.1791044776119
			15.2238805970149	-19.2537313432836
			15.2238805970149	-19.3283582089552
			15.2238805970149	-19.4029850746269
			15.2238805970149	-19.4776119402985
			15.2238805970149	-19.5522388059701
			15.2238805970149	-19.6268656716418
			15.2238805970149	-19.7014925373134
			15.2238805970149	-19.7761194029851
			15.2238805970149	-19.8507462686567
			15.2238805970149	-19.9253731343284
			15.2238805970149	-20
			15.2238805970149	-20.0746268656716
			15.2238805970149	-20.1492537313433
			15.2238805970149	-20.2238805970149
			15.2238805970149	-20.2985074626866
			15.1492537313433	-20.3731343283582
			15.1492537313433	-20.4477611940298
			15.1492537313433	-20.5223880597015
			15.1492537313433	-20.5970149253731
			15.1492537313433	-20.6716417910448
			15.1492537313433	-20.7462686567164
			15.1492537313433	-20.8208955223881
			15.1492537313433	-20.8955223880597
			15.1492537313433	-20.9701492537313
			15.0746268656716	-21.044776119403
			15	-21.1194029850746
			14.9253731343284	-21.1940298507463
			14.8507462686567	-21.2686567164179
			14.8507462686567	-21.3432835820896
			14.7761194029851	-21.4179104477612
			14.7014925373134	-21.4925373134328
			14.6268656716418	-21.5671641791045
			14.5522388059701	-21.6417910447761
			14.4776119402985	-21.7164179104478
			14.4029850746269	-21.7910447761194
			14.3283582089552	-21.7910447761194
			14.2537313432836	-21.865671641791
			14.2537313432836	-21.9402985074627
			14.1791044776119	-21.9402985074627
			14.1044776119403	-22.0149253731343
			14.0298507462687	-22.0149253731343
			13.955223880597	-22.089552238806
			13.8805970149254	-22.1641791044776
		</axis>
		<border type=matrix rownames=FALSE colnames=FALSE nrow=115 ncol=2 as.numeric=TRUE >
			14.1791044776119	-23.0597014925373
			14.2537313432836	-23.0597014925373
			14.3283582089552	-22.9850746268657
			14.4029850746269	-22.910447761194
			14.4776119402985	-22.910447761194
			14.5522388059701	-22.8358208955224
			14.6268656716418	-22.8358208955224
			14.7014925373134	-22.7611940298507
			14.7761194029851	-22.7611940298507
			14.8507462686567	-22.6865671641791
			14.9253731343284	-22.6119402985075
			15	-22.6119402985075
			15.0746268656716	-22.5373134328358
			15.1492537313433	-22.4626865671642
			15.2238805970149	-22.4626865671642
			15.2985074626866	-22.4626865671642
			15.2985074626866	-22.3880597014925
			15.3731343283582	-22.3880597014925
			15.4477611940298	-22.3134328358209
			15.5223880597015	-22.3134328358209
			15.5223880597015	-22.2388059701493
			15.5970149253731	-22.2388059701493
			15.6716417910448	-22.1641791044776
			15.7462686567164	-22.089552238806
			15.8208955223881	-22.0149253731343
			15.8955223880597	-22.0149253731343
			15.9701492537313	-21.9402985074627
			16.044776119403	-21.865671641791
			16.1194029850746	-21.865671641791
			16.1940298507463	-21.7910447761194
			16.2686567164179	-21.7164179104478
			16.3432835820896	-21.7164179104478
			16.4179104477612	-21.6417910447761
			16.4925373134328	-21.5671641791045
			16.4925373134328	-21.4925373134328
			16.5671641791045	-21.4925373134328
			16.6417910447761	-21.4179104477612
			16.7164179104478	-21.3432835820896
			16.7910447761194	-21.2686567164179
			16.865671641791	-21.1940298507463
			16.9402985074627	-21.1940298507463
			17.0149253731343	-21.1194029850746
			17.089552238806	-21.044776119403
			17.1641791044776	-20.9701492537313
			17.2388059701493	-20.9701492537313
			17.3134328358209	-20.8955223880597
			17.3880597014925	-20.8208955223881
			17.4626865671642	-20.7462686567164
			17.5373134328358	-20.6716417910448
			17.6119402985075	-20.5970149253731
			17.6865671641791	-20.5970149253731
			17.7611940298507	-20.5223880597015
			17.8358208955224	-20.4477611940298
			17.910447761194	-20.3731343283582
			17.9850746268657	-20.2985074626866
			18.0597014925373	-20.2238805970149
			18.134328358209	-20.1492537313433
			18.2089552238806	-20.1492537313433
			18.2835820895522	-20.0746268656716
			18.3582089552239	-20
			18.4328358208955	-19.9253731343284
			18.5074626865672	-19.8507462686567
			18.5820895522388	-19.7761194029851
			18.6567164179104	-19.7014925373134
			18.7313432835821	-19.6268656716418
			18.8059701492537	-19.5522388059701
			18.8805970149254	-19.4776119402985
			18.955223880597	-19.4029850746269
			19.0298507462687	-19.3283582089552
			19.1044776119403	-19.2537313432836
			19.1791044776119	-19.1791044776119
			19.2537313432836	-19.1791044776119
			19.3283582089552	-19.1044776119403
			19.3283582089552	-19.0298507462687
			19.4029850746269	-19.0298507462687
			19.4776119402985	-18.955223880597
			19.5522388059701	-18.8805970149254
			19.5522388059701	-18.8059701492537
			19.6268656716418	-18.8059701492537
			19.6268656716418	-18.7313432835821
			19.7014925373134	-18.7313432835821
			19.7014925373134	-18.6567164179104
			19.7761194029851	-18.6567164179104
			19.7761194029851	-18.5820895522388
			19.7761194029851	-18.5074626865672
			19.8507462686567	-18.5074626865672
			19.8507462686567	-18.4328358208955
			19.9253731343284	-18.4328358208955
			19.9253731343284	-18.3582089552239
			20	-18.2835820895522
			20	-18.2089552238806
			20.0746268656716	-18.134328358209
			20.1492537313433	-18.0597014925373
			20.1492537313433	-17.9850746268657
			20.2238805970149	-17.910447761194
			20.2238805970149	-17.8358208955224
			20.2985074626866	-17.7611940298507
			20.2985074626866	-17.6865671641791
			20.3731343283582	-17.6119402985075
			20.3731343283582	-17.5373134328358
			20.4477611940298	-17.4626865671642
			20.4477611940298	-17.3880597014925
			20.5223880597015	-17.3134328358209
			20.5223880597015	-17.2388059701493
			20.5970149253731	-17.1641791044776
			20.5970149253731	-17.089552238806
			20.5970149253731	-17.0149253731343
			20.5970149253731	-16.9402985074627
			20.6716417910448	-16.865671641791
			20.6716417910448	-16.7910447761194
			20.6716417910448	-16.7164179104478
			20.6716417910448	-16.6417910447761
			20.6716417910448	-16.5671641791045
			20.6716417910448	-16.4925373134328
			20.6716417910448	-16.4179104477612
		</border>
		<margin type=matrix rownames=FALSE colnames=FALSE nrow=507 ncol=2 as.numeric=TRUE >
			14.2537313432836	-24.7761194029851
			14.3283582089552	-24.8507462686567
			14.4029850746269	-24.9253731343284
			14.4776119402985	-25
			14.5522388059701	-25.0746268656716
			14.6268656716418	-25.1492537313433
			14.6268656716418	-25.2238805970149
			14.7014925373134	-25.2985074626866
			14.7014925373134	-25.3731343283582
			14.7761194029851	-25.4477611940298
			14.8507462686567	-25.5223880597015
			14.9253731343284	-25.5970149253731
			14.9253731343284	-25.6716417910448
			15	-25.7462686567164
			15	-25.8208955223881
			15.0746268656716	-25.8955223880597
			15.0746268656716	-25.9701492537313
			15.1492537313433	-26.044776119403
			15.1492537313433	-26.1194029850746
			15.2238805970149	-26.1940298507463
			15.2985074626866	-26.2686567164179
			15.2985074626866	-26.3432835820896
			15.2985074626866	-26.4179104477612
			15.3731343283582	-26.4179104477612
			15.3731343283582	-26.4925373134328
			15.3731343283582	-26.5671641791045
			15.4477611940298	-26.6417910447761
			15.4477611940298	-26.7164179104478
			15.5223880597015	-26.7910447761194
			15.5223880597015	-26.865671641791
			15.5223880597015	-26.9402985074627
			15.5970149253731	-27.0149253731343
			15.5970149253731	-27.089552238806
			15.5970149253731	-27.1641791044776
			15.6716417910448	-27.2388059701493
			15.6716417910448	-27.3134328358209
			15.6716417910448	-27.3880597014925
			15.7462686567164	-27.4626865671642
			15.7462686567164	-27.5373134328358
			15.7462686567164	-27.6119402985075
			15.8208955223881	-27.6865671641791
			15.8208955223881	-27.7611940298507
			15.8955223880597	-27.8358208955224
			15.8955223880597	-27.910447761194
			15.9701492537313	-27.9850746268657
			16.044776119403	-27.9850746268657
			16.1194029850746	-27.910447761194
			16.1194029850746	-27.8358208955224
			16.1940298507463	-27.7611940298507
			16.1940298507463	-27.6865671641791
			16.1940298507463	-27.6119402985075
			16.1940298507463	-27.5373134328358
			16.1940298507463	-27.4626865671642
			16.1940298507463	-27.3880597014925
			16.1194029850746	-27.3134328358209
			16.1194029850746	-27.2388059701493
			16.1194029850746	-27.1641791044776
			16.1194029850746	-27.089552238806
			16.1194029850746	-27.0149253731343
			16.1194029850746	-26.9402985074627
			16.044776119403	-26.865671641791
			16.044776119403	-26.7910447761194
			16.044776119403	-26.7164179104478
			16.044776119403	-26.6417910447761
			16.044776119403	-26.5671641791045
			16.044776119403	-26.4925373134328
			16.044776119403	-26.4179104477612
			15.9701492537313	-26.3432835820896
			15.9701492537313	-26.2686567164179
			15.9701492537313	-26.1940298507463
			15.9701492537313	-26.1194029850746
			15.9701492537313	-26.044776119403
			15.9701492537313	-25.9701492537313
			15.9701492537313	-25.8955223880597
			15.8955223880597	-25.8208955223881
			15.8955223880597	-25.7462686567164
			15.8955223880597	-25.6716417910448
			15.8955223880597	-25.5970149253731
			15.8955223880597	-25.5223880597015
			15.8955223880597	-25.4477611940298
			15.8208955223881	-25.3731343283582
			15.8208955223881	-25.2985074626866
			15.8208955223881	-25.2238805970149
			15.8208955223881	-25.1492537313433
			15.8208955223881	-25.0746268656716
			15.8208955223881	-25
			15.8208955223881	-24.9253731343284
			15.8208955223881	-24.8507462686567
			15.8208955223881	-24.7761194029851
			15.8208955223881	-24.7014925373134
			15.8208955223881	-24.6268656716418
			15.8208955223881	-24.5522388059701
			15.8208955223881	-24.4776119402985
			15.8208955223881	-24.4029850746269
			15.8208955223881	-24.3283582089552
			15.8208955223881	-24.2537313432836
			15.8208955223881	-24.1791044776119
			15.8208955223881	-24.1044776119403
			15.8208955223881	-24.0298507462687
			15.8208955223881	-23.955223880597
			15.8208955223881	-23.8805970149254
			15.8208955223881	-23.8059701492537
			15.8955223880597	-23.7313432835821
			15.8955223880597	-23.6567164179104
			15.9701492537313	-23.5820895522388
			16.044776119403	-23.5074626865672
			16.1194029850746	-23.5074626865672
			16.1940298507463	-23.4328358208955
			16.2686567164179	-23.4328358208955
			16.3432835820896	-23.4328358208955
			16.4179104477612	-23.4328358208955
			16.4925373134328	-23.4328358208955
			16.5671641791045	-23.3582089552239
			16.6417910447761	-23.3582089552239
			16.7164179104478	-23.3582089552239
			16.7164179104478	-23.2835820895522
			16.7910447761194	-23.2835820895522
			16.865671641791	-23.2835820895522
			16.865671641791	-23.2089552238806
			16.9402985074627	-23.2089552238806
			17.0149253731343	-23.134328358209
			17.089552238806	-23.0597014925373
			17.089552238806	-22.9850746268657
			17.1641791044776	-22.9850746268657
			17.2388059701493	-22.910447761194
			17.2388059701493	-22.8358208955224
			17.3134328358209	-22.7611940298507
			17.3880597014925	-22.6865671641791
			17.4626865671642	-22.6119402985075
			17.5373134328358	-22.6119402985075
			17.6119402985075	-22.5373134328358
			17.6865671641791	-22.5373134328358
			17.7611940298507	-22.4626865671642
			17.8358208955224	-22.3880597014925
			17.910447761194	-22.3134328358209
			17.9850746268657	-22.2388059701493
			17.9850746268657	-22.1641791044776
			17.9850746268657	-22.089552238806
			17.9850746268657	-22.0149253731343
			17.910447761194	-21.9402985074627
			17.910447761194	-21.865671641791
			17.910447761194	-21.7910447761194
			17.9850746268657	-21.7910447761194
			17.9850746268657	-21.7164179104478
			17.9850746268657	-21.6417910447761
			18.0597014925373	-21.5671641791045
			18.134328358209	-21.5671641791045
			18.2089552238806	-21.5671641791045
			18.2835820895522	-21.5671641791045
			18.3582089552239	-21.5671641791045
			18.4328358208955	-21.6417910447761
			18.5074626865672	-21.6417910447761
			18.5820895522388	-21.7164179104478
			18.6567164179104	-21.7164179104478
			18.7313432835821	-21.7910447761194
			18.8059701492537	-21.865671641791
			18.8805970149254	-21.9402985074627
			18.955223880597	-22.0149253731343
			18.955223880597	-22.089552238806
			19.0298507462687	-22.089552238806
			19.1044776119403	-22.1641791044776
			19.1044776119403	-22.2388059701493
			19.1791044776119	-22.2388059701493
			19.1791044776119	-22.3134328358209
			19.2537313432836	-22.3880597014925
			19.3283582089552	-22.4626865671642
			19.4029850746269	-22.5373134328358
			19.4776119402985	-22.6119402985075
			19.5522388059701	-22.6865671641791
			19.5522388059701	-22.7611940298507
			19.6268656716418	-22.8358208955224
			19.7014925373134	-22.8358208955224
			19.7014925373134	-22.910447761194
			19.7761194029851	-22.9850746268657
			19.8507462686567	-22.9850746268657
			19.8507462686567	-23.0597014925373
			19.9253731343284	-23.134328358209
			20	-23.2089552238806
			20.0746268656716	-23.2835820895522
			20.1492537313433	-23.3582089552239
			20.1492537313433	-23.4328358208955
			20.2238805970149	-23.4328358208955
			20.2985074626866	-23.5074626865672
			20.2985074626866	-23.5820895522388
			20.3731343283582	-23.6567164179104
			20.4477611940298	-23.6567164179104
			20.4477611940298	-23.7313432835821
			20.5223880597015	-23.8059701492537
			20.5970149253731	-23.8805970149254
			20.6716417910448	-23.955223880597
			20.7462686567164	-24.0298507462687
			20.8208955223881	-24.1044776119403
			20.8955223880597	-24.1791044776119
			20.9701492537313	-24.2537313432836
			20.9701492537313	-24.3283582089552
			21.044776119403	-24.4029850746269
			21.1194029850746	-24.4029850746269
			21.1194029850746	-24.4776119402985
			21.1940298507463	-24.5522388059701
			21.2686567164179	-24.6268656716418
			21.3432835820896	-24.7014925373134
			21.4179104477612	-24.7761194029851
			21.4925373134328	-24.8507462686567
			21.5671641791045	-24.9253731343284
			21.6417910447761	-25
			21.7164179104478	-25.0746268656716
			21.7910447761194	-25.1492537313433
			21.7910447761194	-25.2238805970149
			21.865671641791	-25.2985074626866
			21.9402985074627	-25.3731343283582
			22.0149253731343	-25.3731343283582
			22.0149253731343	-25.4477611940298
			22.0149253731343	-25.3731343283582
			22.0149253731343	-25.2985074626866
			22.0149253731343	-25.2238805970149
			22.0149253731343	-25.1492537313433
			22.0149253731343	-25.0746268656716
			22.0149253731343	-25
			22.0149253731343	-24.9253731343284
			21.9402985074627	-24.8507462686567
			21.9402985074627	-24.7761194029851
			21.9402985074627	-24.7014925373134
			21.865671641791	-24.6268656716418
			21.865671641791	-24.5522388059701
			21.865671641791	-24.4776119402985
			21.7910447761194	-24.4029850746269
			21.7910447761194	-24.3283582089552
			21.7164179104478	-24.2537313432836
			21.7164179104478	-24.1791044776119
			21.6417910447761	-24.1044776119403
			21.6417910447761	-24.0298507462687
			21.6417910447761	-23.955223880597
			21.5671641791045	-23.955223880597
			21.5671641791045	-23.8805970149254
			21.5671641791045	-23.8059701492537
			21.4925373134328	-23.7313432835821
			21.4925373134328	-23.6567164179104
			21.4179104477612	-23.5820895522388
			21.4179104477612	-23.5074626865672
			21.3432835820896	-23.4328358208955
			21.3432835820896	-23.3582089552239
			21.2686567164179	-23.2835820895522
			21.2686567164179	-23.2089552238806
			21.1940298507463	-23.134328358209
			21.1940298507463	-23.0597014925373
			21.1194029850746	-23.0597014925373
			21.1194029850746	-22.9850746268657
			21.044776119403	-22.910447761194
			21.044776119403	-22.8358208955224
			20.9701492537313	-22.7611940298507
			20.8955223880597	-22.6865671641791
			20.8955223880597	-22.6119402985075
			20.8208955223881	-22.5373134328358
			20.7462686567164	-22.4626865671642
			20.7462686567164	-22.3880597014925
			20.6716417910448	-22.3134328358209
			20.5970149253731	-22.2388059701493
			20.5970149253731	-22.1641791044776
			20.5223880597015	-22.089552238806
			20.4477611940298	-22.0149253731343
			20.3731343283582	-21.9402985074627
			20.2985074626866	-21.865671641791
			20.2985074626866	-21.7910447761194
			20.2238805970149	-21.7164179104478
			20.1492537313433	-21.6417910447761
			20.1492537313433	-21.5671641791045
			20.0746268656716	-21.4925373134328
			20	-21.4179104477612
			19.9253731343284	-21.3432835820896
			19.9253731343284	-21.2686567164179
			19.8507462686567	-21.2686567164179
			19.8507462686567	-21.1940298507463
			19.7761194029851	-21.1194029850746
			19.7014925373134	-21.044776119403
			19.7014925373134	-20.9701492537313
			19.7014925373134	-20.8955223880597
			19.7014925373134	-20.8208955223881
			19.7014925373134	-20.7462686567164
			19.7014925373134	-20.6716417910448
			19.7014925373134	-20.5970149253731
			19.7014925373134	-20.5223880597015
			19.7014925373134	-20.4477611940298
			19.7014925373134	-20.3731343283582
			19.7014925373134	-20.2985074626866
			19.7014925373134	-20.2238805970149
			19.7761194029851	-20.1492537313433
			19.7761194029851	-20.0746268656716
			19.8507462686567	-20.0746268656716
			19.8507462686567	-20
			19.9253731343284	-19.9253731343284
			20	-19.9253731343284
			20	-19.8507462686567
			20.0746268656716	-19.7761194029851
			20.0746268656716	-19.7014925373134
			20.1492537313433	-19.6268656716418
			20.1492537313433	-19.5522388059701
			20.2238805970149	-19.4776119402985
			20.2985074626866	-19.4029850746269
			20.3731343283582	-19.3283582089552
			20.4477611940298	-19.3283582089552
			20.5223880597015	-19.2537313432836
			20.5970149253731	-19.2537313432836
			20.6716417910448	-19.1791044776119
			20.7462686567164	-19.1791044776119
			20.8208955223881	-19.1791044776119
			20.8955223880597	-19.1791044776119
			20.9701492537313	-19.1791044776119
			21.044776119403	-19.1791044776119
			21.1194029850746	-19.1791044776119
			21.1940298507463	-19.1791044776119
			21.2686567164179	-19.1791044776119
			21.3432835820896	-19.1791044776119
			21.4179104477612	-19.1791044776119
			21.4925373134328	-19.2537313432836
			21.5671641791045	-19.3283582089552
			21.6417910447761	-19.3283582089552
			21.7164179104478	-19.3283582089552
			21.7910447761194	-19.4029850746269
			21.865671641791	-19.4029850746269
			21.9402985074627	-19.4776119402985
			22.0149253731343	-19.4776119402985
			22.089552238806	-19.5522388059701
			22.1641791044776	-19.5522388059701
			22.2388059701493	-19.6268656716418
			22.3134328358209	-19.6268656716418
			22.3880597014925	-19.7014925373134
			22.4626865671642	-19.7014925373134
			22.5373134328358	-19.7761194029851
			22.6119402985075	-19.7761194029851
			22.6865671641791	-19.8507462686567
			22.7611940298507	-19.8507462686567
			22.8358208955224	-19.9253731343284
			22.910447761194	-19.9253731343284
			22.9850746268657	-20
			23.0597014925373	-20
			23.134328358209	-20.0746268656716
			23.2089552238806	-20.0746268656716
			23.2835820895522	-20.1492537313433
			23.3582089552239	-20.2238805970149
			23.4328358208955	-20.2238805970149
			23.5074626865672	-20.2985074626866
			23.5820895522388	-20.2985074626866
			23.5820895522388	-20.3731343283582
			23.6567164179104	-20.3731343283582
			23.7313432835821	-20.4477611940298
			23.8059701492537	-20.4477611940298
			23.8805970149254	-20.5223880597015
			23.955223880597	-20.5970149253731
			24.0298507462687	-20.5970149253731
			24.1044776119403	-20.5223880597015
			24.1044776119403	-20.4477611940298
			24.1044776119403	-20.3731343283582
			24.1044776119403	-20.2985074626866
			24.0298507462687	-20.2238805970149
			24.0298507462687	-20.1492537313433
			23.955223880597	-20.0746268656716
			23.8805970149254	-20
			23.8059701492537	-19.9253731343284
			23.8059701492537	-19.8507462686567
			23.7313432835821	-19.7761194029851
			23.6567164179104	-19.7014925373134
			23.6567164179104	-19.6268656716418
			23.5820895522388	-19.5522388059701
			23.5074626865672	-19.4776119402985
			23.4328358208955	-19.4029850746269
			23.3582089552239	-19.4029850746269
			23.3582089552239	-19.3283582089552
			23.2835820895522	-19.2537313432836
			23.2089552238806	-19.1791044776119
			23.134328358209	-19.1791044776119
			23.134328358209	-19.1044776119403
			23.0597014925373	-19.1044776119403
			22.9850746268657	-19.0298507462687
			22.910447761194	-18.955223880597
			22.8358208955224	-18.8805970149254
			22.7611940298507	-18.8059701492537
			22.6865671641791	-18.7313432835821
			22.6119402985075	-18.7313432835821
			22.5373134328358	-18.6567164179104
			22.4626865671642	-18.5820895522388
			22.3880597014925	-18.5820895522388
			22.3134328358209	-18.5074626865672
			22.2388059701493	-18.5074626865672
			22.2388059701493	-18.4328358208955
			22.1641791044776	-18.3582089552239
			22.089552238806	-18.3582089552239
			22.0149253731343	-18.2835820895522
			21.9402985074627	-18.2835820895522
			21.865671641791	-18.2089552238806
			21.7910447761194	-18.2089552238806
			21.7910447761194	-18.134328358209
			21.7164179104478	-18.134328358209
			21.6417910447761	-18.0597014925373
			21.6417910447761	-17.9850746268657
			21.5671641791045	-17.910447761194
			21.5671641791045	-17.8358208955224
			21.5671641791045	-17.7611940298507
			21.4925373134328	-17.6865671641791
			21.4925373134328	-17.6119402985075
			21.4925373134328	-17.5373134328358
			21.4925373134328	-17.4626865671642
			21.4179104477612	-17.3880597014925
			21.4179104477612	-17.3134328358209
			21.4925373134328	-17.2388059701493
			21.4925373134328	-17.1641791044776
			21.4925373134328	-17.089552238806
			21.4925373134328	-17.0149253731343
			21.5671641791045	-16.9402985074627
			21.6417910447761	-16.9402985074627
			21.7164179104478	-16.865671641791
			21.7910447761194	-16.865671641791
			21.865671641791	-16.7910447761194
			21.9402985074627	-16.7164179104478
			21.9402985074627	-16.6417910447761
			21.9402985074627	-16.5671641791045
			21.865671641791	-16.4925373134328
			21.7910447761194	-16.4179104477612
			21.7164179104478	-16.3432835820896
			21.6417910447761	-16.2686567164179
			21.5671641791045	-16.2686567164179
			21.4925373134328	-16.2686567164179
			21.4179104477612	-16.2686567164179
			21.3432835820896	-16.2686567164179
			21.2686567164179	-16.2686567164179
			21.1940298507463	-16.2686567164179
			21.1194029850746	-16.2686567164179
			21.044776119403	-16.2686567164179
			20.9701492537313	-16.2686567164179
			20.8955223880597	-16.2686567164179
			20.8208955223881	-16.2686567164179
			20.7462686567164	-16.2686567164179
			20.6716417910448	-16.2686567164179
			20.5970149253731	-16.2686567164179
			20.5223880597015	-16.2686567164179
			20.4477611940298	-16.3432835820896
			20.3731343283582	-16.3432835820896
			20.2985074626866	-16.3432835820896
			20.2238805970149	-16.3432835820896
			20.1492537313433	-16.3432835820896
			20.0746268656716	-16.3432835820896
			20	-16.3432835820896
			19.9253731343284	-16.3432835820896
			19.8507462686567	-16.3432835820896
			19.7761194029851	-16.3432835820896
			19.7014925373134	-16.3432835820896
			19.6268656716418	-16.3432835820896
			19.5522388059701	-16.3432835820896
			19.4776119402985	-16.3432835820896
			19.4029850746269	-16.3432835820896
			19.3283582089552	-16.3432835820896
			19.2537313432836	-16.3432835820896
			19.1791044776119	-16.3432835820896
			19.1044776119403	-16.3432835820896
			19.0298507462687	-16.3432835820896
			18.955223880597	-16.3432835820896
			18.8805970149254	-16.3432835820896
			18.8059701492537	-16.3432835820896
			18.7313432835821	-16.3432835820896
			18.6567164179104	-16.3432835820896
			18.5820895522388	-16.3432835820896
			18.5074626865672	-16.3432835820896
			18.4328358208955	-16.3432835820896
			18.3582089552239	-16.3432835820896
			18.2835820895522	-16.3432835820896
			18.2089552238806	-16.3432835820896
			18.134328358209	-16.3432835820896
			18.0597014925373	-16.4179104477612
			17.9850746268657	-16.4179104477612
			17.910447761194	-16.4179104477612
			17.8358208955224	-16.4179104477612
			17.7611940298507	-16.4179104477612
			17.6865671641791	-16.4179104477612
			17.6119402985075	-16.4179104477612
			17.5373134328358	-16.4179104477612
			17.4626865671642	-16.4179104477612
			17.3880597014925	-16.4179104477612
			17.3134328358209	-16.4179104477612
			17.2388059701493	-16.4179104477612
			17.1641791044776	-16.4179104477612
			17.089552238806	-16.4179104477612
			17.0149253731343	-16.4179104477612
			16.9402985074627	-16.4179104477612
			16.865671641791	-16.4179104477612
			16.7910447761194	-16.4925373134328
			16.7164179104478	-16.4925373134328
			16.6417910447761	-16.4925373134328
			16.5671641791045	-16.4925373134328
			16.4925373134328	-16.4925373134328
			16.4179104477612	-16.4925373134328
			16.3432835820896	-16.4925373134328
			16.2686567164179	-16.4925373134328
			16.1940298507463	-16.4925373134328
			16.1194029850746	-16.4925373134328
			16.044776119403	-16.4925373134328
			16.044776119403	-16.5671641791045
			15.9701492537313	-16.5671641791045
			15.8955223880597	-16.5671641791045
			15.8208955223881	-16.5671641791045
			15.7462686567164	-16.5671641791045
			15.6716417910448	-16.5671641791045
			15.5970149253731	-16.5671641791045
			15.5223880597015	-16.5671641791045
			15.4477611940298	-16.5671641791045
			15.3731343283582	-16.6417910447761
			15.2985074626866	-16.6417910447761
			15.2238805970149	-16.6417910447761
			15.1492537313433	-16.6417910447761
		</margin>
	</curves.scaled>
	<ruler.points type=matrix rownames=TRUE colnames=FALSE nrow=2 ncol=2 as.numeric=TRUE >
		Ruler point 1	214	390
		Ruler point 2	281	390
	</ruler.points>
</shapes>

