<shapes type=list>
	<ruler.pixel type=vector names=FALSE length=1 as.numeric=TRUE >230</ruler.pixel>
	<ruler.interval type=vector names=FALSE length=1 as.numeric=TRUE >2</ruler.interval>
	<scaling.units type=vector names=FALSE length=1 as.numeric=FALSE >mm</scaling.units>
	<scaling type=vector names=FALSE length=1 as.numeric=TRUE >0.00869565217391304</scaling>
	<landmarks.pixel type=matrix rownames=TRUE colnames=FALSE nrow=5 ncol=2 as.numeric=TRUE >
		LM1	424	7
		LM2	424	120
		LM4	424	129
		LM5	497	26
		LM7	634	69
	</landmarks.pixel>
	<landmarks.scaled type=matrix rownames=TRUE colnames=FALSE nrow=5 ncol=2 as.numeric=TRUE >
		LM1	3.68695652173913	-0.0608695652173913
		LM2	3.68695652173913	-1.04347826086957
		LM4	3.68695652173913	-1.12173913043478
		LM5	4.32173913043478	-0.226086956521739
		LM7	5.51304347826087	-0.6
	</landmarks.scaled>
	<curves.control type=list>
		<axis type=matrix rownames=FALSE colnames=FALSE nrow=9 ncol=2 as.numeric=TRUE >
			424	7
			468	6
			498	25
			496	44
			488	54
			489	70
			478	81
			468	119
			424	120
		</axis>
		<margin type=matrix rownames=FALSE colnames=FALSE nrow=13 ncol=2 as.numeric=TRUE >
			424	129
			493	132
			548	123
			574	120
			594	111
			630	113
			644	90
			641	64
			588	35
			572	29
			539	33
			512	34
			497	26
		</margin>
	</curves.control>
	<curves.pixel type=list>
		<axis type=matrix rownames=FALSE colnames=FALSE nrow=205 ncol=2 as.numeric=TRUE >
			424	7
			425	7
			426	7
			427	7
			428	7
			429	7
			430	7
			431	7
			432	7
			433	7
			434	7
			435	7
			436	7
			437	7
			438	7
			439	7
			440	7
			441	7
			442	8
			443	8
			444	8
			445	8
			446	8
			447	8
			448	8
			449	8
			450	8
			451	8
			452	9
			453	9
			454	9
			455	9
			456	9
			457	9
			458	10
			459	10
			460	10
			461	10
			462	10
			463	11
			464	11
			465	11
			466	11
			467	12
			468	12
			469	12
			470	13
			471	13
			472	13
			473	13
			474	14
			475	14
			476	14
			476	15
			477	15
			478	15
			479	15
			480	16
			481	16
			482	17
			483	17
			484	18
			485	18
			486	19
			487	19
			488	19
			489	20
			490	20
			491	21
			492	21
			493	22
			494	22
			495	23
			496	24
			497	25
			498	25
			498	26
			498	27
			498	28
			497	29
			497	30
			497	31
			497	32
			497	33
			497	34
			496	35
			496	36
			496	37
			496	38
			495	39
			495	40
			495	41
			494	42
			494	43
			494	44
			493	44
			493	45
			493	46
			492	47
			492	48
			491	49
			491	50
			490	51
			490	52
			489	52
			489	53
			488	54
			488	55
			488	56
			488	57
			488	58
			488	59
			488	60
			488	61
			488	62
			488	63
			487	64
			487	65
			487	66
			487	67
			486	68
			486	69
			486	70
			485	70
			485	71
			485	72
			484	73
			484	74
			483	74
			483	75
			482	76
			482	77
			481	77
			481	78
			480	79
			479	80
			478	81
			478	82
			477	83
			477	84
			477	85
			476	86
			476	87
			476	88
			475	89
			475	90
			475	91
			474	92
			474	93
			473	94
			472	95
			472	96
			471	97
			471	98
			470	99
			469	100
			469	101
			468	102
			467	103
			466	104
			465	105
			464	106
			463	107
			462	108
			461	109
			460	109
			459	110
			458	111
			457	112
			456	112
			455	113
			454	113
			453	113
			453	114
			452	114
			451	114
			451	115
			450	115
			449	115
			448	116
			447	116
			446	117
			445	117
			444	117
			443	117
			442	118
			441	118
			440	118
			439	118
			438	119
			437	119
			436	119
			435	119
			434	119
			433	119
			432	119
			432	120
			431	120
			430	120
			429	120
			428	120
			427	120
			426	120
			425	120
			424	120
		</axis>
		<margin type=matrix rownames=FALSE colnames=FALSE nrow=397 ncol=2 as.numeric=TRUE >
			424	129
			425	129
			426	129
			427	129
			428	129
			429	129
			430	129
			431	129
			432	129
			433	129
			434	129
			435	129
			436	129
			437	129
			438	129
			439	130
			440	130
			441	130
			442	130
			443	130
			444	130
			445	130
			446	130
			447	130
			448	130
			449	130
			450	130
			451	130
			452	130
			453	130
			454	130
			455	130
			456	130
			457	130
			458	130
			459	130
			460	130
			461	130
			462	130
			463	130
			464	130
			465	130
			466	130
			467	130
			468	130
			469	130
			470	130
			471	130
			472	130
			473	130
			474	130
			475	130
			476	129
			477	129
			478	129
			479	129
			480	129
			481	129
			482	129
			483	129
			484	129
			485	129
			486	129
			487	129
			488	129
			489	129
			490	129
			491	129
			492	129
			493	129
			494	129
			495	129
			496	129
			497	129
			498	129
			499	128
			500	128
			501	128
			502	128
			503	128
			504	128
			505	128
			506	128
			507	128
			508	128
			509	128
			510	128
			511	128
			512	127
			513	127
			514	127
			515	127
			516	127
			517	127
			518	127
			519	127
			520	127
			521	127
			522	126
			523	126
			524	126
			525	126
			526	126
			527	126
			528	126
			529	126
			530	126
			531	125
			532	125
			533	125
			534	125
			535	125
			536	125
			537	125
			538	124
			539	124
			540	124
			541	124
			542	124
			543	124
			544	124
			545	123
			546	123
			547	123
			548	123
			549	123
			550	123
			551	123
			552	122
			553	122
			554	122
			555	122
			556	122
			557	122
			558	122
			559	121
			560	121
			561	121
			562	121
			563	121
			564	121
			565	120
			566	120
			567	120
			568	119
			569	119
			570	119
			571	119
			572	119
			573	118
			574	118
			575	118
			576	118
			577	117
			578	117
			579	117
			580	116
			581	116
			582	116
			583	115
			584	115
			585	115
			586	114
			587	114
			588	113
			589	113
			590	113
			591	112
			592	112
			593	111
			594	111
			595	111
			596	111
			597	111
			598	111
			599	111
			600	111
			601	111
			602	111
			603	111
			604	111
			605	111
			606	111
			607	111
			608	111
			609	111
			610	111
			611	110
			612	110
			613	110
			614	110
			615	110
			616	109
			617	109
			618	109
			619	109
			620	108
			621	108
			622	108
			623	107
			624	107
			625	107
			625	106
			626	106
			627	106
			628	105
			629	105
			629	104
			630	104
			631	103
			632	103
			632	102
			633	102
			634	101
			635	101
			635	100
			636	100
			637	99
			637	98
			638	98
			638	97
			639	97
			640	96
			640	95
			641	95
			641	94
			642	93
			642	92
			643	92
			643	91
			644	90
			644	89
			644	88
			644	87
			643	86
			643	85
			643	84
			642	83
			642	82
			642	81
			641	81
			641	80
			641	79
			640	79
			640	78
			640	77
			639	77
			639	76
			638	75
			638	74
			637	73
			636	72
			635	71
			635	70
			634	69
			633	69
			633	68
			632	67
			631	66
			631	65
			630	65
			629	64
			628	63
			627	62
			626	61
			625	60
			624	59
			623	58
			622	58
			622	57
			621	56
			620	56
			619	55
			618	54
			617	53
			616	53
			615	52
			614	51
			613	50
			612	50
			611	49
			610	48
			609	48
			608	47
			607	46
			606	46
			605	45
			604	44
			603	44
			602	43
			601	43
			600	42
			599	41
			598	40
			597	40
			596	39
			595	39
			594	38
			593	38
			592	37
			591	37
			590	36
			589	36
			588	35
			587	35
			586	34
			585	34
			584	34
			583	33
			582	33
			581	33
			580	33
			579	33
			578	32
			577	32
			576	32
			575	32
			574	32
			573	32
			572	32
			571	32
			570	32
			569	32
			568	31
			567	31
			566	31
			565	31
			564	31
			563	31
			562	31
			561	31
			560	31
			559	31
			558	31
			557	31
			556	32
			555	32
			554	32
			553	32
			552	32
			551	32
			550	32
			549	32
			548	32
			547	32
			546	32
			545	32
			544	32
			543	33
			542	33
			541	33
			540	33
			539	33
			538	33
			537	33
			536	33
			535	33
			534	33
			533	33
			532	33
			531	33
			530	33
			529	33
			528	33
			527	33
			526	33
			525	33
			524	33
			523	33
			522	33
			521	33
			520	32
			519	32
			518	32
			517	32
			516	32
			515	32
			514	32
			513	31
			512	31
			511	31
			510	31
			509	30
			508	30
			507	30
			506	30
			505	29
			504	29
			503	29
			503	28
			502	28
			501	28
			500	27
			499	27
			498	27
			498	26
			497	26
		</margin>
	</curves.pixel>
	<curves.scaled type=list>
		<axis type=matrix rownames=FALSE colnames=FALSE nrow=205 ncol=2 as.numeric=TRUE >
			3.68695652173913	-0.0608695652173913
			3.69565217391304	-0.0608695652173913
			3.70434782608696	-0.0608695652173913
			3.71304347826087	-0.0608695652173913
			3.72173913043478	-0.0608695652173913
			3.7304347826087	-0.0608695652173913
			3.73913043478261	-0.0608695652173913
			3.74782608695652	-0.0608695652173913
			3.75652173913043	-0.0608695652173913
			3.76521739130435	-0.0608695652173913
			3.77391304347826	-0.0608695652173913
			3.78260869565217	-0.0608695652173913
			3.79130434782609	-0.0608695652173913
			3.8	-0.0608695652173913
			3.80869565217391	-0.0608695652173913
			3.81739130434783	-0.0608695652173913
			3.82608695652174	-0.0608695652173913
			3.83478260869565	-0.0608695652173913
			3.84347826086957	-0.0695652173913043
			3.85217391304348	-0.0695652173913043
			3.86086956521739	-0.0695652173913043
			3.8695652173913	-0.0695652173913043
			3.87826086956522	-0.0695652173913043
			3.88695652173913	-0.0695652173913043
			3.89565217391304	-0.0695652173913043
			3.90434782608696	-0.0695652173913043
			3.91304347826087	-0.0695652173913043
			3.92173913043478	-0.0695652173913043
			3.9304347826087	-0.0782608695652174
			3.93913043478261	-0.0782608695652174
			3.94782608695652	-0.0782608695652174
			3.95652173913044	-0.0782608695652174
			3.96521739130435	-0.0782608695652174
			3.97391304347826	-0.0782608695652174
			3.98260869565217	-0.0869565217391304
			3.99130434782609	-0.0869565217391304
			4	-0.0869565217391304
			4.00869565217391	-0.0869565217391304
			4.01739130434783	-0.0869565217391304
			4.02608695652174	-0.0956521739130435
			4.03478260869565	-0.0956521739130435
			4.04347826086957	-0.0956521739130435
			4.05217391304348	-0.0956521739130435
			4.06086956521739	-0.104347826086957
			4.0695652173913	-0.104347826086957
			4.07826086956522	-0.104347826086957
			4.08695652173913	-0.11304347826087
			4.09565217391304	-0.11304347826087
			4.10434782608696	-0.11304347826087
			4.11304347826087	-0.11304347826087
			4.12173913043478	-0.121739130434783
			4.1304347826087	-0.121739130434783
			4.13913043478261	-0.121739130434783
			4.13913043478261	-0.130434782608696
			4.14782608695652	-0.130434782608696
			4.15652173913043	-0.130434782608696
			4.16521739130435	-0.130434782608696
			4.17391304347826	-0.139130434782609
			4.18260869565217	-0.139130434782609
			4.19130434782609	-0.147826086956522
			4.2	-0.147826086956522
			4.20869565217391	-0.156521739130435
			4.21739130434783	-0.156521739130435
			4.22608695652174	-0.165217391304348
			4.23478260869565	-0.165217391304348
			4.24347826086957	-0.165217391304348
			4.25217391304348	-0.173913043478261
			4.26086956521739	-0.173913043478261
			4.2695652173913	-0.182608695652174
			4.27826086956522	-0.182608695652174
			4.28695652173913	-0.191304347826087
			4.29565217391304	-0.191304347826087
			4.30434782608696	-0.2
			4.31304347826087	-0.208695652173913
			4.32173913043478	-0.217391304347826
			4.3304347826087	-0.217391304347826
			4.3304347826087	-0.226086956521739
			4.3304347826087	-0.234782608695652
			4.3304347826087	-0.243478260869565
			4.32173913043478	-0.252173913043478
			4.32173913043478	-0.260869565217391
			4.32173913043478	-0.269565217391304
			4.32173913043478	-0.278260869565217
			4.32173913043478	-0.28695652173913
			4.32173913043478	-0.295652173913043
			4.31304347826087	-0.304347826086957
			4.31304347826087	-0.31304347826087
			4.31304347826087	-0.321739130434783
			4.31304347826087	-0.330434782608696
			4.30434782608696	-0.339130434782609
			4.30434782608696	-0.347826086956522
			4.30434782608696	-0.356521739130435
			4.29565217391304	-0.365217391304348
			4.29565217391304	-0.373913043478261
			4.29565217391304	-0.382608695652174
			4.28695652173913	-0.382608695652174
			4.28695652173913	-0.391304347826087
			4.28695652173913	-0.4
			4.27826086956522	-0.408695652173913
			4.27826086956522	-0.417391304347826
			4.2695652173913	-0.426086956521739
			4.2695652173913	-0.434782608695652
			4.26086956521739	-0.443478260869565
			4.26086956521739	-0.452173913043478
			4.25217391304348	-0.452173913043478
			4.25217391304348	-0.460869565217391
			4.24347826086957	-0.469565217391304
			4.24347826086957	-0.478260869565217
			4.24347826086957	-0.48695652173913
			4.24347826086957	-0.495652173913044
			4.24347826086957	-0.504347826086956
			4.24347826086957	-0.51304347826087
			4.24347826086957	-0.521739130434783
			4.24347826086957	-0.530434782608696
			4.24347826086957	-0.539130434782609
			4.24347826086957	-0.547826086956522
			4.23478260869565	-0.556521739130435
			4.23478260869565	-0.565217391304348
			4.23478260869565	-0.573913043478261
			4.23478260869565	-0.582608695652174
			4.22608695652174	-0.591304347826087
			4.22608695652174	-0.6
			4.22608695652174	-0.608695652173913
			4.21739130434783	-0.608695652173913
			4.21739130434783	-0.617391304347826
			4.21739130434783	-0.626086956521739
			4.20869565217391	-0.634782608695652
			4.20869565217391	-0.643478260869565
			4.2	-0.643478260869565
			4.2	-0.652173913043478
			4.19130434782609	-0.660869565217391
			4.19130434782609	-0.669565217391304
			4.18260869565217	-0.669565217391304
			4.18260869565217	-0.678260869565217
			4.17391304347826	-0.68695652173913
			4.16521739130435	-0.695652173913043
			4.15652173913043	-0.704347826086957
			4.15652173913043	-0.71304347826087
			4.14782608695652	-0.721739130434783
			4.14782608695652	-0.730434782608696
			4.14782608695652	-0.739130434782609
			4.13913043478261	-0.747826086956522
			4.13913043478261	-0.756521739130435
			4.13913043478261	-0.765217391304348
			4.1304347826087	-0.773913043478261
			4.1304347826087	-0.782608695652174
			4.1304347826087	-0.791304347826087
			4.12173913043478	-0.8
			4.12173913043478	-0.808695652173913
			4.11304347826087	-0.817391304347826
			4.10434782608696	-0.826086956521739
			4.10434782608696	-0.834782608695652
			4.09565217391304	-0.843478260869565
			4.09565217391304	-0.852173913043478
			4.08695652173913	-0.860869565217391
			4.07826086956522	-0.869565217391304
			4.07826086956522	-0.878260869565217
			4.0695652173913	-0.88695652173913
			4.06086956521739	-0.895652173913044
			4.05217391304348	-0.904347826086957
			4.04347826086957	-0.91304347826087
			4.03478260869565	-0.921739130434783
			4.02608695652174	-0.930434782608696
			4.01739130434783	-0.939130434782609
			4.00869565217391	-0.947826086956522
			4	-0.947826086956522
			3.99130434782609	-0.956521739130435
			3.98260869565217	-0.965217391304348
			3.97391304347826	-0.973913043478261
			3.96521739130435	-0.973913043478261
			3.95652173913044	-0.982608695652174
			3.94782608695652	-0.982608695652174
			3.93913043478261	-0.982608695652174
			3.93913043478261	-0.991304347826087
			3.9304347826087	-0.991304347826087
			3.92173913043478	-0.991304347826087
			3.92173913043478	-1
			3.91304347826087	-1
			3.90434782608696	-1
			3.89565217391304	-1.00869565217391
			3.88695652173913	-1.00869565217391
			3.87826086956522	-1.01739130434783
			3.8695652173913	-1.01739130434783
			3.86086956521739	-1.01739130434783
			3.85217391304348	-1.01739130434783
			3.84347826086957	-1.02608695652174
			3.83478260869565	-1.02608695652174
			3.82608695652174	-1.02608695652174
			3.81739130434783	-1.02608695652174
			3.80869565217391	-1.03478260869565
			3.8	-1.03478260869565
			3.79130434782609	-1.03478260869565
			3.78260869565217	-1.03478260869565
			3.77391304347826	-1.03478260869565
			3.76521739130435	-1.03478260869565
			3.75652173913043	-1.03478260869565
			3.75652173913043	-1.04347826086957
			3.74782608695652	-1.04347826086957
			3.73913043478261	-1.04347826086957
			3.7304347826087	-1.04347826086957
			3.72173913043478	-1.04347826086957
			3.71304347826087	-1.04347826086957
			3.70434782608696	-1.04347826086957
			3.69565217391304	-1.04347826086957
			3.68695652173913	-1.04347826086957
		</axis>
		<margin type=matrix rownames=FALSE colnames=FALSE nrow=397 ncol=2 as.numeric=TRUE >
			3.68695652173913	-1.12173913043478
			3.69565217391304	-1.12173913043478
			3.70434782608696	-1.12173913043478
			3.71304347826087	-1.12173913043478
			3.72173913043478	-1.12173913043478
			3.7304347826087	-1.12173913043478
			3.73913043478261	-1.12173913043478
			3.74782608695652	-1.12173913043478
			3.75652173913043	-1.12173913043478
			3.76521739130435	-1.12173913043478
			3.77391304347826	-1.12173913043478
			3.78260869565217	-1.12173913043478
			3.79130434782609	-1.12173913043478
			3.8	-1.12173913043478
			3.80869565217391	-1.12173913043478
			3.81739130434783	-1.1304347826087
			3.82608695652174	-1.1304347826087
			3.83478260869565	-1.1304347826087
			3.84347826086957	-1.1304347826087
			3.85217391304348	-1.1304347826087
			3.86086956521739	-1.1304347826087
			3.8695652173913	-1.1304347826087
			3.87826086956522	-1.1304347826087
			3.88695652173913	-1.1304347826087
			3.89565217391304	-1.1304347826087
			3.90434782608696	-1.1304347826087
			3.91304347826087	-1.1304347826087
			3.92173913043478	-1.1304347826087
			3.9304347826087	-1.1304347826087
			3.93913043478261	-1.1304347826087
			3.94782608695652	-1.1304347826087
			3.95652173913044	-1.1304347826087
			3.96521739130435	-1.1304347826087
			3.97391304347826	-1.1304347826087
			3.98260869565217	-1.1304347826087
			3.99130434782609	-1.1304347826087
			4	-1.1304347826087
			4.00869565217391	-1.1304347826087
			4.01739130434783	-1.1304347826087
			4.02608695652174	-1.1304347826087
			4.03478260869565	-1.1304347826087
			4.04347826086957	-1.1304347826087
			4.05217391304348	-1.1304347826087
			4.06086956521739	-1.1304347826087
			4.0695652173913	-1.1304347826087
			4.07826086956522	-1.1304347826087
			4.08695652173913	-1.1304347826087
			4.09565217391304	-1.1304347826087
			4.10434782608696	-1.1304347826087
			4.11304347826087	-1.1304347826087
			4.12173913043478	-1.1304347826087
			4.1304347826087	-1.1304347826087
			4.13913043478261	-1.12173913043478
			4.14782608695652	-1.12173913043478
			4.15652173913043	-1.12173913043478
			4.16521739130435	-1.12173913043478
			4.17391304347826	-1.12173913043478
			4.18260869565217	-1.12173913043478
			4.19130434782609	-1.12173913043478
			4.2	-1.12173913043478
			4.20869565217391	-1.12173913043478
			4.21739130434783	-1.12173913043478
			4.22608695652174	-1.12173913043478
			4.23478260869565	-1.12173913043478
			4.24347826086957	-1.12173913043478
			4.25217391304348	-1.12173913043478
			4.26086956521739	-1.12173913043478
			4.2695652173913	-1.12173913043478
			4.27826086956522	-1.12173913043478
			4.28695652173913	-1.12173913043478
			4.29565217391304	-1.12173913043478
			4.30434782608696	-1.12173913043478
			4.31304347826087	-1.12173913043478
			4.32173913043478	-1.12173913043478
			4.3304347826087	-1.12173913043478
			4.33913043478261	-1.11304347826087
			4.34782608695652	-1.11304347826087
			4.35652173913043	-1.11304347826087
			4.36521739130435	-1.11304347826087
			4.37391304347826	-1.11304347826087
			4.38260869565217	-1.11304347826087
			4.39130434782609	-1.11304347826087
			4.4	-1.11304347826087
			4.40869565217391	-1.11304347826087
			4.41739130434783	-1.11304347826087
			4.42608695652174	-1.11304347826087
			4.43478260869565	-1.11304347826087
			4.44347826086956	-1.11304347826087
			4.45217391304348	-1.10434782608696
			4.46086956521739	-1.10434782608696
			4.4695652173913	-1.10434782608696
			4.47826086956522	-1.10434782608696
			4.48695652173913	-1.10434782608696
			4.49565217391304	-1.10434782608696
			4.50434782608696	-1.10434782608696
			4.51304347826087	-1.10434782608696
			4.52173913043478	-1.10434782608696
			4.5304347826087	-1.10434782608696
			4.53913043478261	-1.09565217391304
			4.54782608695652	-1.09565217391304
			4.55652173913044	-1.09565217391304
			4.56521739130435	-1.09565217391304
			4.57391304347826	-1.09565217391304
			4.58260869565217	-1.09565217391304
			4.59130434782609	-1.09565217391304
			4.6	-1.09565217391304
			4.60869565217391	-1.09565217391304
			4.61739130434783	-1.08695652173913
			4.62608695652174	-1.08695652173913
			4.63478260869565	-1.08695652173913
			4.64347826086957	-1.08695652173913
			4.65217391304348	-1.08695652173913
			4.66086956521739	-1.08695652173913
			4.6695652173913	-1.08695652173913
			4.67826086956522	-1.07826086956522
			4.68695652173913	-1.07826086956522
			4.69565217391304	-1.07826086956522
			4.70434782608696	-1.07826086956522
			4.71304347826087	-1.07826086956522
			4.72173913043478	-1.07826086956522
			4.7304347826087	-1.07826086956522
			4.73913043478261	-1.0695652173913
			4.74782608695652	-1.0695652173913
			4.75652173913043	-1.0695652173913
			4.76521739130435	-1.0695652173913
			4.77391304347826	-1.0695652173913
			4.78260869565217	-1.0695652173913
			4.79130434782609	-1.0695652173913
			4.8	-1.06086956521739
			4.80869565217391	-1.06086956521739
			4.81739130434783	-1.06086956521739
			4.82608695652174	-1.06086956521739
			4.83478260869565	-1.06086956521739
			4.84347826086957	-1.06086956521739
			4.85217391304348	-1.06086956521739
			4.86086956521739	-1.05217391304348
			4.8695652173913	-1.05217391304348
			4.87826086956522	-1.05217391304348
			4.88695652173913	-1.05217391304348
			4.89565217391304	-1.05217391304348
			4.90434782608696	-1.05217391304348
			4.91304347826087	-1.04347826086957
			4.92173913043478	-1.04347826086957
			4.9304347826087	-1.04347826086957
			4.93913043478261	-1.03478260869565
			4.94782608695652	-1.03478260869565
			4.95652173913043	-1.03478260869565
			4.96521739130435	-1.03478260869565
			4.97391304347826	-1.03478260869565
			4.98260869565217	-1.02608695652174
			4.99130434782609	-1.02608695652174
			5	-1.02608695652174
			5.00869565217391	-1.02608695652174
			5.01739130434783	-1.01739130434783
			5.02608695652174	-1.01739130434783
			5.03478260869565	-1.01739130434783
			5.04347826086957	-1.00869565217391
			5.05217391304348	-1.00869565217391
			5.06086956521739	-1.00869565217391
			5.0695652173913	-1
			5.07826086956522	-1
			5.08695652173913	-1
			5.09565217391304	-0.991304347826087
			5.10434782608696	-0.991304347826087
			5.11304347826087	-0.982608695652174
			5.12173913043478	-0.982608695652174
			5.1304347826087	-0.982608695652174
			5.13913043478261	-0.973913043478261
			5.14782608695652	-0.973913043478261
			5.15652173913043	-0.965217391304348
			5.16521739130435	-0.965217391304348
			5.17391304347826	-0.965217391304348
			5.18260869565217	-0.965217391304348
			5.19130434782609	-0.965217391304348
			5.2	-0.965217391304348
			5.20869565217391	-0.965217391304348
			5.21739130434783	-0.965217391304348
			5.22608695652174	-0.965217391304348
			5.23478260869565	-0.965217391304348
			5.24347826086957	-0.965217391304348
			5.25217391304348	-0.965217391304348
			5.26086956521739	-0.965217391304348
			5.2695652173913	-0.965217391304348
			5.27826086956522	-0.965217391304348
			5.28695652173913	-0.965217391304348
			5.29565217391304	-0.965217391304348
			5.30434782608696	-0.965217391304348
			5.31304347826087	-0.956521739130435
			5.32173913043478	-0.956521739130435
			5.3304347826087	-0.956521739130435
			5.33913043478261	-0.956521739130435
			5.34782608695652	-0.956521739130435
			5.35652173913043	-0.947826086956522
			5.36521739130435	-0.947826086956522
			5.37391304347826	-0.947826086956522
			5.38260869565217	-0.947826086956522
			5.39130434782609	-0.939130434782609
			5.4	-0.939130434782609
			5.40869565217391	-0.939130434782609
			5.41739130434783	-0.930434782608696
			5.42608695652174	-0.930434782608696
			5.43478260869565	-0.930434782608696
			5.43478260869565	-0.921739130434783
			5.44347826086956	-0.921739130434783
			5.45217391304348	-0.921739130434783
			5.46086956521739	-0.91304347826087
			5.4695652173913	-0.91304347826087
			5.4695652173913	-0.904347826086957
			5.47826086956522	-0.904347826086957
			5.48695652173913	-0.895652173913044
			5.49565217391304	-0.895652173913044
			5.49565217391304	-0.88695652173913
			5.50434782608696	-0.88695652173913
			5.51304347826087	-0.878260869565217
			5.52173913043478	-0.878260869565217
			5.52173913043478	-0.869565217391304
			5.5304347826087	-0.869565217391304
			5.53913043478261	-0.860869565217391
			5.53913043478261	-0.852173913043478
			5.54782608695652	-0.852173913043478
			5.54782608695652	-0.843478260869565
			5.55652173913044	-0.843478260869565
			5.56521739130435	-0.834782608695652
			5.56521739130435	-0.826086956521739
			5.57391304347826	-0.826086956521739
			5.57391304347826	-0.817391304347826
			5.58260869565217	-0.808695652173913
			5.58260869565217	-0.8
			5.59130434782609	-0.8
			5.59130434782609	-0.791304347826087
			5.6	-0.782608695652174
			5.6	-0.773913043478261
			5.6	-0.765217391304348
			5.6	-0.756521739130435
			5.59130434782609	-0.747826086956522
			5.59130434782609	-0.739130434782609
			5.59130434782609	-0.730434782608696
			5.58260869565217	-0.721739130434783
			5.58260869565217	-0.71304347826087
			5.58260869565217	-0.704347826086957
			5.57391304347826	-0.704347826086957
			5.57391304347826	-0.695652173913043
			5.57391304347826	-0.68695652173913
			5.56521739130435	-0.68695652173913
			5.56521739130435	-0.678260869565217
			5.56521739130435	-0.669565217391304
			5.55652173913044	-0.669565217391304
			5.55652173913044	-0.660869565217391
			5.54782608695652	-0.652173913043478
			5.54782608695652	-0.643478260869565
			5.53913043478261	-0.634782608695652
			5.5304347826087	-0.626086956521739
			5.52173913043478	-0.617391304347826
			5.52173913043478	-0.608695652173913
			5.51304347826087	-0.6
			5.50434782608696	-0.6
			5.50434782608696	-0.591304347826087
			5.49565217391304	-0.582608695652174
			5.48695652173913	-0.573913043478261
			5.48695652173913	-0.565217391304348
			5.47826086956522	-0.565217391304348
			5.4695652173913	-0.556521739130435
			5.46086956521739	-0.547826086956522
			5.45217391304348	-0.539130434782609
			5.44347826086956	-0.530434782608696
			5.43478260869565	-0.521739130434783
			5.42608695652174	-0.51304347826087
			5.41739130434783	-0.504347826086956
			5.40869565217391	-0.504347826086956
			5.40869565217391	-0.495652173913044
			5.4	-0.48695652173913
			5.39130434782609	-0.48695652173913
			5.38260869565217	-0.478260869565217
			5.37391304347826	-0.469565217391304
			5.36521739130435	-0.460869565217391
			5.35652173913043	-0.460869565217391
			5.34782608695652	-0.452173913043478
			5.33913043478261	-0.443478260869565
			5.3304347826087	-0.434782608695652
			5.32173913043478	-0.434782608695652
			5.31304347826087	-0.426086956521739
			5.30434782608696	-0.417391304347826
			5.29565217391304	-0.417391304347826
			5.28695652173913	-0.408695652173913
			5.27826086956522	-0.4
			5.2695652173913	-0.4
			5.26086956521739	-0.391304347826087
			5.25217391304348	-0.382608695652174
			5.24347826086957	-0.382608695652174
			5.23478260869565	-0.373913043478261
			5.22608695652174	-0.373913043478261
			5.21739130434783	-0.365217391304348
			5.20869565217391	-0.356521739130435
			5.2	-0.347826086956522
			5.19130434782609	-0.347826086956522
			5.18260869565217	-0.339130434782609
			5.17391304347826	-0.339130434782609
			5.16521739130435	-0.330434782608696
			5.15652173913043	-0.330434782608696
			5.14782608695652	-0.321739130434783
			5.13913043478261	-0.321739130434783
			5.1304347826087	-0.31304347826087
			5.12173913043478	-0.31304347826087
			5.11304347826087	-0.304347826086957
			5.10434782608696	-0.304347826086957
			5.09565217391304	-0.295652173913043
			5.08695652173913	-0.295652173913043
			5.07826086956522	-0.295652173913043
			5.0695652173913	-0.28695652173913
			5.06086956521739	-0.28695652173913
			5.05217391304348	-0.28695652173913
			5.04347826086957	-0.28695652173913
			5.03478260869565	-0.28695652173913
			5.02608695652174	-0.278260869565217
			5.01739130434783	-0.278260869565217
			5.00869565217391	-0.278260869565217
			5	-0.278260869565217
			4.99130434782609	-0.278260869565217
			4.98260869565217	-0.278260869565217
			4.97391304347826	-0.278260869565217
			4.96521739130435	-0.278260869565217
			4.95652173913043	-0.278260869565217
			4.94782608695652	-0.278260869565217
			4.93913043478261	-0.269565217391304
			4.9304347826087	-0.269565217391304
			4.92173913043478	-0.269565217391304
			4.91304347826087	-0.269565217391304
			4.90434782608696	-0.269565217391304
			4.89565217391304	-0.269565217391304
			4.88695652173913	-0.269565217391304
			4.87826086956522	-0.269565217391304
			4.8695652173913	-0.269565217391304
			4.86086956521739	-0.269565217391304
			4.85217391304348	-0.269565217391304
			4.84347826086957	-0.269565217391304
			4.83478260869565	-0.278260869565217
			4.82608695652174	-0.278260869565217
			4.81739130434783	-0.278260869565217
			4.80869565217391	-0.278260869565217
			4.8	-0.278260869565217
			4.79130434782609	-0.278260869565217
			4.78260869565217	-0.278260869565217
			4.77391304347826	-0.278260869565217
			4.76521739130435	-0.278260869565217
			4.75652173913043	-0.278260869565217
			4.74782608695652	-0.278260869565217
			4.73913043478261	-0.278260869565217
			4.7304347826087	-0.278260869565217
			4.72173913043478	-0.28695652173913
			4.71304347826087	-0.28695652173913
			4.70434782608696	-0.28695652173913
			4.69565217391304	-0.28695652173913
			4.68695652173913	-0.28695652173913
			4.67826086956522	-0.28695652173913
			4.6695652173913	-0.28695652173913
			4.66086956521739	-0.28695652173913
			4.65217391304348	-0.28695652173913
			4.64347826086957	-0.28695652173913
			4.63478260869565	-0.28695652173913
			4.62608695652174	-0.28695652173913
			4.61739130434783	-0.28695652173913
			4.60869565217391	-0.28695652173913
			4.6	-0.28695652173913
			4.59130434782609	-0.28695652173913
			4.58260869565217	-0.28695652173913
			4.57391304347826	-0.28695652173913
			4.56521739130435	-0.28695652173913
			4.55652173913044	-0.28695652173913
			4.54782608695652	-0.28695652173913
			4.53913043478261	-0.28695652173913
			4.5304347826087	-0.28695652173913
			4.52173913043478	-0.278260869565217
			4.51304347826087	-0.278260869565217
			4.50434782608696	-0.278260869565217
			4.49565217391304	-0.278260869565217
			4.48695652173913	-0.278260869565217
			4.47826086956522	-0.278260869565217
			4.4695652173913	-0.278260869565217
			4.46086956521739	-0.269565217391304
			4.45217391304348	-0.269565217391304
			4.44347826086956	-0.269565217391304
			4.43478260869565	-0.269565217391304
			4.42608695652174	-0.260869565217391
			4.41739130434783	-0.260869565217391
			4.40869565217391	-0.260869565217391
			4.4	-0.260869565217391
			4.39130434782609	-0.252173913043478
			4.38260869565217	-0.252173913043478
			4.37391304347826	-0.252173913043478
			4.37391304347826	-0.243478260869565
			4.36521739130435	-0.243478260869565
			4.35652173913043	-0.243478260869565
			4.34782608695652	-0.234782608695652
			4.33913043478261	-0.234782608695652
			4.3304347826087	-0.234782608695652
			4.3304347826087	-0.226086956521739
			4.32173913043478	-0.226086956521739
		</margin>
	</curves.scaled>
	<ruler.points type=matrix rownames=TRUE colnames=FALSE nrow=2 ncol=2 as.numeric=TRUE >
		Ruler point 1	321	478
		Ruler point 2	551	478
	</ruler.points>
</shapes>

