<shapes type=list>
	<ruler.pixel type=vector names=FALSE length=1 as.numeric=TRUE >142</ruler.pixel>
	<ruler.interval type=vector names=FALSE length=1 as.numeric=TRUE >2</ruler.interval>
	<scaling.units type=vector names=FALSE length=1 as.numeric=FALSE >mm</scaling.units>
	<scaling type=vector names=FALSE length=1 as.numeric=TRUE >0.0140845070422535</scaling>
	<landmarks.pixel type=matrix rownames=TRUE colnames=FALSE nrow=5 ncol=2 as.numeric=TRUE >
		LM1	353	320
		LM2	353	418
		LM4	353	428
		LM5	444	317
		LM7	584	353
	</landmarks.pixel>
	<landmarks.scaled type=matrix rownames=TRUE colnames=FALSE nrow=5 ncol=2 as.numeric=TRUE >
		LM1	4.97183098591549	-4.50704225352113
		LM2	4.97183098591549	-5.88732394366197
		LM4	4.97183098591549	-6.02816901408451
		LM5	6.25352112676056	-4.46478873239437
		LM7	8.22535211267606	-4.97183098591549
	</landmarks.scaled>
	<curves.control type=list>
		<axis type=matrix rownames=FALSE colnames=FALSE nrow=9 ncol=2 as.numeric=TRUE >
			353	320
			410	322
			445	316
			441	344
			430	352
			434	391
			406	401
			389	419
			353	418
		</axis>
		<margin type=matrix rownames=FALSE colnames=FALSE nrow=5 ncol=2 as.numeric=TRUE >
			353	428
			528	407
			584	353
			544	286
			444	317
		</margin>
	</curves.control>
	<curves.pixel type=list>
		<axis type=matrix rownames=FALSE colnames=FALSE nrow=239 ncol=2 as.numeric=TRUE >
			353	320
			354	320
			355	320
			356	320
			357	320
			358	320
			359	320
			360	320
			361	320
			362	320
			363	320
			364	320
			365	320
			366	320
			367	320
			368	320
			369	320
			370	320
			371	320
			372	320
			373	320
			374	320
			375	320
			376	320
			377	320
			378	320
			379	320
			380	320
			381	320
			382	320
			383	320
			384	320
			385	320
			386	320
			387	320
			388	320
			389	320
			390	320
			391	320
			392	320
			393	320
			394	320
			395	320
			396	320
			397	320
			398	320
			399	320
			400	320
			401	320
			402	320
			403	320
			404	320
			405	320
			406	320
			407	320
			408	320
			409	320
			410	320
			411	320
			412	320
			413	320
			414	319
			415	319
			416	319
			417	319
			418	319
			419	319
			420	319
			421	319
			422	319
			423	319
			424	319
			425	319
			426	318
			427	318
			428	318
			429	318
			430	318
			431	318
			432	318
			433	318
			434	318
			435	317
			436	317
			437	317
			438	317
			439	317
			440	317
			441	317
			442	317
			443	316
			444	316
			445	316
			445	317
			445	318
			445	319
			444	320
			444	321
			444	322
			444	323
			444	324
			443	325
			443	326
			443	327
			443	328
			442	329
			442	330
			442	331
			442	332
			441	333
			441	334
			441	335
			440	336
			440	337
			440	338
			439	338
			439	339
			439	340
			438	341
			438	342
			437	343
			437	344
			436	345
			436	346
			435	347
			434	348
			433	349
			432	350
			431	351
			430	352
			430	353
			430	354
			430	355
			430	356
			430	357
			430	358
			430	359
			430	360
			430	361
			430	362
			430	363
			430	364
			430	365
			430	366
			430	367
			430	368
			430	369
			430	370
			430	371
			430	372
			429	373
			429	374
			429	375
			429	376
			429	377
			428	378
			428	379
			428	380
			427	381
			427	382
			426	383
			426	384
			425	385
			425	386
			424	387
			424	388
			423	389
			422	390
			421	391
			420	392
			419	393
			418	394
			417	395
			416	396
			415	396
			414	397
			413	398
			412	398
			411	399
			410	400
			409	400
			408	400
			407	401
			406	401
			405	402
			404	403
			403	404
			402	405
			401	406
			400	406
			399	407
			398	408
			397	408
			396	409
			395	409
			395	410
			394	410
			393	411
			392	411
			391	411
			391	412
			390	412
			389	413
			388	413
			387	413
			386	414
			385	414
			384	414
			383	415
			382	415
			381	415
			380	416
			379	416
			378	416
			377	416
			376	416
			375	417
			374	417
			373	417
			372	417
			371	417
			370	417
			369	417
			368	418
			367	418
			366	418
			365	418
			364	418
			363	418
			362	418
			361	418
			360	418
			359	418
			358	418
			357	418
			356	418
			355	418
			354	418
			353	418
		</axis>
		<margin type=matrix rownames=FALSE colnames=FALSE nrow=390 ncol=2 as.numeric=TRUE >
			353	428
			354	428
			355	428
			356	428
			357	427
			358	427
			359	427
			360	427
			361	427
			362	427
			363	427
			364	427
			365	426
			366	426
			367	426
			368	426
			369	426
			370	426
			371	426
			372	426
			373	425
			374	425
			375	425
			376	425
			377	425
			378	425
			379	425
			380	424
			381	424
			382	424
			383	424
			384	424
			385	424
			386	424
			387	423
			388	423
			389	423
			390	423
			391	423
			392	423
			393	423
			394	422
			395	422
			396	422
			397	422
			398	422
			399	422
			400	421
			401	421
			402	421
			403	421
			404	421
			405	421
			406	420
			407	420
			408	420
			409	420
			410	420
			411	420
			412	419
			413	419
			414	419
			415	419
			416	419
			417	419
			418	418
			419	418
			420	418
			421	418
			422	418
			423	417
			424	417
			425	417
			426	417
			427	417
			428	416
			429	416
			430	416
			431	416
			432	416
			433	415
			434	415
			435	415
			436	415
			437	415
			438	414
			439	414
			440	414
			441	414
			442	414
			443	413
			444	413
			445	413
			446	413
			447	413
			448	412
			449	412
			450	412
			451	412
			452	411
			453	411
			454	411
			455	411
			456	411
			456	410
			457	410
			458	410
			459	410
			460	409
			461	409
			462	409
			463	409
			464	409
			464	408
			465	408
			466	408
			467	408
			468	408
			469	407
			470	407
			471	407
			472	406
			473	406
			474	406
			475	406
			476	405
			477	405
			478	405
			479	404
			480	404
			481	404
			482	404
			483	403
			484	403
			485	403
			486	402
			487	402
			488	402
			489	402
			490	401
			491	401
			492	401
			493	400
			494	400
			495	400
			496	400
			497	399
			498	399
			499	398
			500	398
			501	398
			502	398
			502	397
			503	397
			504	397
			505	396
			506	396
			507	396
			508	396
			509	395
			510	395
			511	394
			512	394
			513	394
			514	393
			515	393
			516	392
			517	392
			518	392
			519	391
			520	391
			521	390
			522	390
			523	390
			524	389
			525	389
			526	388
			527	388
			528	388
			529	387
			530	387
			531	386
			532	386
			533	385
			534	385
			535	385
			536	384
			537	384
			538	383
			539	383
			540	382
			541	382
			542	381
			543	381
			544	380
			545	380
			546	379
			547	379
			548	378
			549	377
			550	377
			551	377
			552	376
			553	375
			554	375
			555	374
			556	374
			557	373
			558	373
			559	372
			560	371
			561	371
			562	370
			563	370
			564	369
			565	368
			566	368
			567	367
			567	366
			568	366
			569	365
			570	365
			571	364
			572	363
			573	363
			573	362
			574	362
			575	361
			576	360
			577	360
			577	359
			578	358
			579	358
			580	357
			580	356
			581	356
			582	355
			583	354
			584	353
			583	352
			583	351
			582	350
			582	349
			581	348
			580	347
			580	346
			579	346
			578	345
			578	344
			577	343
			577	342
			576	341
			575	340
			574	339
			573	338
			572	337
			571	336
			571	335
			570	334
			569	333
			568	332
			567	331
			566	331
			565	330
			564	329
			563	328
			562	327
			561	327
			560	326
			559	325
			558	324
			557	324
			556	323
			555	322
			554	321
			553	321
			552	320
			551	320
			550	319
			549	318
			548	318
			547	317
			546	317
			545	316
			544	316
			543	315
			542	315
			541	315
			540	314
			539	314
			538	313
			537	313
			536	313
			535	312
			534	312
			533	312
			533	311
			532	311
			531	311
			530	311
			529	310
			528	310
			527	310
			526	310
			525	310
			524	309
			523	309
			522	309
			521	309
			520	309
			519	309
			519	308
			518	308
			517	308
			516	308
			515	308
			514	308
			513	308
			512	308
			511	308
			510	308
			510	307
			509	307
			508	307
			507	307
			506	307
			505	307
			504	307
			503	307
			502	307
			501	307
			500	307
			499	307
			498	307
			497	307
			496	307
			495	307
			494	307
			493	307
			492	307
			492	308
			491	308
			490	308
			489	308
			488	308
			487	308
			486	308
			485	308
			484	308
			483	308
			482	308
			481	309
			480	309
			479	309
			478	309
			477	309
			476	309
			475	310
			474	310
			473	310
			472	310
			471	310
			470	310
			469	311
			468	311
			467	311
			466	311
			465	311
			464	312
			463	312
			462	312
			461	312
			460	313
			459	313
			458	313
			457	313
			456	313
			455	314
			454	314
			453	314
			453	315
			452	315
			451	315
			450	315
			449	316
			448	316
			447	316
			446	316
			445	317
			444	317
		</margin>
	</curves.pixel>
	<curves.scaled type=list>
		<axis type=matrix rownames=FALSE colnames=FALSE nrow=239 ncol=2 as.numeric=TRUE >
			4.97183098591549	-4.50704225352113
			4.98591549295775	-4.50704225352113
			5	-4.50704225352113
			5.01408450704225	-4.50704225352113
			5.02816901408451	-4.50704225352113
			5.04225352112676	-4.50704225352113
			5.05633802816901	-4.50704225352113
			5.07042253521127	-4.50704225352113
			5.08450704225352	-4.50704225352113
			5.09859154929577	-4.50704225352113
			5.11267605633803	-4.50704225352113
			5.12676056338028	-4.50704225352113
			5.14084507042254	-4.50704225352113
			5.15492957746479	-4.50704225352113
			5.16901408450704	-4.50704225352113
			5.1830985915493	-4.50704225352113
			5.19718309859155	-4.50704225352113
			5.2112676056338	-4.50704225352113
			5.22535211267606	-4.50704225352113
			5.23943661971831	-4.50704225352113
			5.25352112676056	-4.50704225352113
			5.26760563380282	-4.50704225352113
			5.28169014084507	-4.50704225352113
			5.29577464788732	-4.50704225352113
			5.30985915492958	-4.50704225352113
			5.32394366197183	-4.50704225352113
			5.33802816901408	-4.50704225352113
			5.35211267605634	-4.50704225352113
			5.36619718309859	-4.50704225352113
			5.38028169014085	-4.50704225352113
			5.3943661971831	-4.50704225352113
			5.40845070422535	-4.50704225352113
			5.42253521126761	-4.50704225352113
			5.43661971830986	-4.50704225352113
			5.45070422535211	-4.50704225352113
			5.46478873239437	-4.50704225352113
			5.47887323943662	-4.50704225352113
			5.49295774647887	-4.50704225352113
			5.50704225352113	-4.50704225352113
			5.52112676056338	-4.50704225352113
			5.53521126760563	-4.50704225352113
			5.54929577464789	-4.50704225352113
			5.56338028169014	-4.50704225352113
			5.57746478873239	-4.50704225352113
			5.59154929577465	-4.50704225352113
			5.6056338028169	-4.50704225352113
			5.61971830985915	-4.50704225352113
			5.63380281690141	-4.50704225352113
			5.64788732394366	-4.50704225352113
			5.66197183098592	-4.50704225352113
			5.67605633802817	-4.50704225352113
			5.69014084507042	-4.50704225352113
			5.70422535211268	-4.50704225352113
			5.71830985915493	-4.50704225352113
			5.73239436619718	-4.50704225352113
			5.74647887323944	-4.50704225352113
			5.76056338028169	-4.50704225352113
			5.77464788732394	-4.50704225352113
			5.7887323943662	-4.50704225352113
			5.80281690140845	-4.50704225352113
			5.8169014084507	-4.50704225352113
			5.83098591549296	-4.49295774647887
			5.84507042253521	-4.49295774647887
			5.85915492957746	-4.49295774647887
			5.87323943661972	-4.49295774647887
			5.88732394366197	-4.49295774647887
			5.90140845070423	-4.49295774647887
			5.91549295774648	-4.49295774647887
			5.92957746478873	-4.49295774647887
			5.94366197183099	-4.49295774647887
			5.95774647887324	-4.49295774647887
			5.97183098591549	-4.49295774647887
			5.98591549295775	-4.49295774647887
			6	-4.47887323943662
			6.01408450704225	-4.47887323943662
			6.02816901408451	-4.47887323943662
			6.04225352112676	-4.47887323943662
			6.05633802816901	-4.47887323943662
			6.07042253521127	-4.47887323943662
			6.08450704225352	-4.47887323943662
			6.09859154929577	-4.47887323943662
			6.11267605633803	-4.47887323943662
			6.12676056338028	-4.46478873239437
			6.14084507042254	-4.46478873239437
			6.15492957746479	-4.46478873239437
			6.16901408450704	-4.46478873239437
			6.1830985915493	-4.46478873239437
			6.19718309859155	-4.46478873239437
			6.2112676056338	-4.46478873239437
			6.22535211267606	-4.46478873239437
			6.23943661971831	-4.45070422535211
			6.25352112676056	-4.45070422535211
			6.26760563380282	-4.45070422535211
			6.26760563380282	-4.46478873239437
			6.26760563380282	-4.47887323943662
			6.26760563380282	-4.49295774647887
			6.25352112676056	-4.50704225352113
			6.25352112676056	-4.52112676056338
			6.25352112676056	-4.53521126760563
			6.25352112676056	-4.54929577464789
			6.25352112676056	-4.56338028169014
			6.23943661971831	-4.57746478873239
			6.23943661971831	-4.59154929577465
			6.23943661971831	-4.6056338028169
			6.23943661971831	-4.61971830985915
			6.22535211267606	-4.63380281690141
			6.22535211267606	-4.64788732394366
			6.22535211267606	-4.66197183098592
			6.22535211267606	-4.67605633802817
			6.2112676056338	-4.69014084507042
			6.2112676056338	-4.70422535211268
			6.2112676056338	-4.71830985915493
			6.19718309859155	-4.73239436619718
			6.19718309859155	-4.74647887323944
			6.19718309859155	-4.76056338028169
			6.1830985915493	-4.76056338028169
			6.1830985915493	-4.77464788732394
			6.1830985915493	-4.7887323943662
			6.16901408450704	-4.80281690140845
			6.16901408450704	-4.8169014084507
			6.15492957746479	-4.83098591549296
			6.15492957746479	-4.84507042253521
			6.14084507042254	-4.85915492957746
			6.14084507042254	-4.87323943661972
			6.12676056338028	-4.88732394366197
			6.11267605633803	-4.90140845070423
			6.09859154929577	-4.91549295774648
			6.08450704225352	-4.92957746478873
			6.07042253521127	-4.94366197183099
			6.05633802816901	-4.95774647887324
			6.05633802816901	-4.97183098591549
			6.05633802816901	-4.98591549295775
			6.05633802816901	-5
			6.05633802816901	-5.01408450704225
			6.05633802816901	-5.02816901408451
			6.05633802816901	-5.04225352112676
			6.05633802816901	-5.05633802816901
			6.05633802816901	-5.07042253521127
			6.05633802816901	-5.08450704225352
			6.05633802816901	-5.09859154929577
			6.05633802816901	-5.11267605633803
			6.05633802816901	-5.12676056338028
			6.05633802816901	-5.14084507042254
			6.05633802816901	-5.15492957746479
			6.05633802816901	-5.16901408450704
			6.05633802816901	-5.1830985915493
			6.05633802816901	-5.19718309859155
			6.05633802816901	-5.2112676056338
			6.05633802816901	-5.22535211267606
			6.05633802816901	-5.23943661971831
			6.04225352112676	-5.25352112676056
			6.04225352112676	-5.26760563380282
			6.04225352112676	-5.28169014084507
			6.04225352112676	-5.29577464788732
			6.04225352112676	-5.30985915492958
			6.02816901408451	-5.32394366197183
			6.02816901408451	-5.33802816901408
			6.02816901408451	-5.35211267605634
			6.01408450704225	-5.36619718309859
			6.01408450704225	-5.38028169014085
			6	-5.3943661971831
			6	-5.40845070422535
			5.98591549295775	-5.42253521126761
			5.98591549295775	-5.43661971830986
			5.97183098591549	-5.45070422535211
			5.97183098591549	-5.46478873239437
			5.95774647887324	-5.47887323943662
			5.94366197183099	-5.49295774647887
			5.92957746478873	-5.50704225352113
			5.91549295774648	-5.52112676056338
			5.90140845070423	-5.53521126760563
			5.88732394366197	-5.54929577464789
			5.87323943661972	-5.56338028169014
			5.85915492957746	-5.57746478873239
			5.84507042253521	-5.57746478873239
			5.83098591549296	-5.59154929577465
			5.8169014084507	-5.6056338028169
			5.80281690140845	-5.6056338028169
			5.7887323943662	-5.61971830985915
			5.77464788732394	-5.63380281690141
			5.76056338028169	-5.63380281690141
			5.74647887323944	-5.63380281690141
			5.73239436619718	-5.64788732394366
			5.71830985915493	-5.64788732394366
			5.70422535211268	-5.66197183098592
			5.69014084507042	-5.67605633802817
			5.67605633802817	-5.69014084507042
			5.66197183098592	-5.70422535211268
			5.64788732394366	-5.71830985915493
			5.63380281690141	-5.71830985915493
			5.61971830985915	-5.73239436619718
			5.6056338028169	-5.74647887323944
			5.59154929577465	-5.74647887323944
			5.57746478873239	-5.76056338028169
			5.56338028169014	-5.76056338028169
			5.56338028169014	-5.77464788732394
			5.54929577464789	-5.77464788732394
			5.53521126760563	-5.7887323943662
			5.52112676056338	-5.7887323943662
			5.50704225352113	-5.7887323943662
			5.50704225352113	-5.80281690140845
			5.49295774647887	-5.80281690140845
			5.47887323943662	-5.8169014084507
			5.46478873239437	-5.8169014084507
			5.45070422535211	-5.8169014084507
			5.43661971830986	-5.83098591549296
			5.42253521126761	-5.83098591549296
			5.40845070422535	-5.83098591549296
			5.3943661971831	-5.84507042253521
			5.38028169014085	-5.84507042253521
			5.36619718309859	-5.84507042253521
			5.35211267605634	-5.85915492957746
			5.33802816901408	-5.85915492957746
			5.32394366197183	-5.85915492957746
			5.30985915492958	-5.85915492957746
			5.29577464788732	-5.85915492957746
			5.28169014084507	-5.87323943661972
			5.26760563380282	-5.87323943661972
			5.25352112676056	-5.87323943661972
			5.23943661971831	-5.87323943661972
			5.22535211267606	-5.87323943661972
			5.2112676056338	-5.87323943661972
			5.19718309859155	-5.87323943661972
			5.1830985915493	-5.88732394366197
			5.16901408450704	-5.88732394366197
			5.15492957746479	-5.88732394366197
			5.14084507042254	-5.88732394366197
			5.12676056338028	-5.88732394366197
			5.11267605633803	-5.88732394366197
			5.09859154929577	-5.88732394366197
			5.08450704225352	-5.88732394366197
			5.07042253521127	-5.88732394366197
			5.05633802816901	-5.88732394366197
			5.04225352112676	-5.88732394366197
			5.02816901408451	-5.88732394366197
			5.01408450704225	-5.88732394366197
			5	-5.88732394366197
			4.98591549295775	-5.88732394366197
			4.97183098591549	-5.88732394366197
		</axis>
		<margin type=matrix rownames=FALSE colnames=FALSE nrow=390 ncol=2 as.numeric=TRUE >
			4.97183098591549	-6.02816901408451
			4.98591549295775	-6.02816901408451
			5	-6.02816901408451
			5.01408450704225	-6.02816901408451
			5.02816901408451	-6.01408450704225
			5.04225352112676	-6.01408450704225
			5.05633802816901	-6.01408450704225
			5.07042253521127	-6.01408450704225
			5.08450704225352	-6.01408450704225
			5.09859154929577	-6.01408450704225
			5.11267605633803	-6.01408450704225
			5.12676056338028	-6.01408450704225
			5.14084507042254	-6
			5.15492957746479	-6
			5.16901408450704	-6
			5.1830985915493	-6
			5.19718309859155	-6
			5.2112676056338	-6
			5.22535211267606	-6
			5.23943661971831	-6
			5.25352112676056	-5.98591549295775
			5.26760563380282	-5.98591549295775
			5.28169014084507	-5.98591549295775
			5.29577464788732	-5.98591549295775
			5.30985915492958	-5.98591549295775
			5.32394366197183	-5.98591549295775
			5.33802816901408	-5.98591549295775
			5.35211267605634	-5.97183098591549
			5.36619718309859	-5.97183098591549
			5.38028169014085	-5.97183098591549
			5.3943661971831	-5.97183098591549
			5.40845070422535	-5.97183098591549
			5.42253521126761	-5.97183098591549
			5.43661971830986	-5.97183098591549
			5.45070422535211	-5.95774647887324
			5.46478873239437	-5.95774647887324
			5.47887323943662	-5.95774647887324
			5.49295774647887	-5.95774647887324
			5.50704225352113	-5.95774647887324
			5.52112676056338	-5.95774647887324
			5.53521126760563	-5.95774647887324
			5.54929577464789	-5.94366197183099
			5.56338028169014	-5.94366197183099
			5.57746478873239	-5.94366197183099
			5.59154929577465	-5.94366197183099
			5.6056338028169	-5.94366197183099
			5.61971830985915	-5.94366197183099
			5.63380281690141	-5.92957746478873
			5.64788732394366	-5.92957746478873
			5.66197183098592	-5.92957746478873
			5.67605633802817	-5.92957746478873
			5.69014084507042	-5.92957746478873
			5.70422535211268	-5.92957746478873
			5.71830985915493	-5.91549295774648
			5.73239436619718	-5.91549295774648
			5.74647887323944	-5.91549295774648
			5.76056338028169	-5.91549295774648
			5.77464788732394	-5.91549295774648
			5.7887323943662	-5.91549295774648
			5.80281690140845	-5.90140845070423
			5.8169014084507	-5.90140845070423
			5.83098591549296	-5.90140845070423
			5.84507042253521	-5.90140845070423
			5.85915492957746	-5.90140845070423
			5.87323943661972	-5.90140845070423
			5.88732394366197	-5.88732394366197
			5.90140845070423	-5.88732394366197
			5.91549295774648	-5.88732394366197
			5.92957746478873	-5.88732394366197
			5.94366197183099	-5.88732394366197
			5.95774647887324	-5.87323943661972
			5.97183098591549	-5.87323943661972
			5.98591549295775	-5.87323943661972
			6	-5.87323943661972
			6.01408450704225	-5.87323943661972
			6.02816901408451	-5.85915492957746
			6.04225352112676	-5.85915492957746
			6.05633802816901	-5.85915492957746
			6.07042253521127	-5.85915492957746
			6.08450704225352	-5.85915492957746
			6.09859154929577	-5.84507042253521
			6.11267605633803	-5.84507042253521
			6.12676056338028	-5.84507042253521
			6.14084507042254	-5.84507042253521
			6.15492957746479	-5.84507042253521
			6.16901408450704	-5.83098591549296
			6.1830985915493	-5.83098591549296
			6.19718309859155	-5.83098591549296
			6.2112676056338	-5.83098591549296
			6.22535211267606	-5.83098591549296
			6.23943661971831	-5.8169014084507
			6.25352112676056	-5.8169014084507
			6.26760563380282	-5.8169014084507
			6.28169014084507	-5.8169014084507
			6.29577464788732	-5.8169014084507
			6.30985915492958	-5.80281690140845
			6.32394366197183	-5.80281690140845
			6.33802816901408	-5.80281690140845
			6.35211267605634	-5.80281690140845
			6.36619718309859	-5.7887323943662
			6.38028169014085	-5.7887323943662
			6.3943661971831	-5.7887323943662
			6.40845070422535	-5.7887323943662
			6.42253521126761	-5.7887323943662
			6.42253521126761	-5.77464788732394
			6.43661971830986	-5.77464788732394
			6.45070422535211	-5.77464788732394
			6.46478873239437	-5.77464788732394
			6.47887323943662	-5.76056338028169
			6.49295774647887	-5.76056338028169
			6.50704225352113	-5.76056338028169
			6.52112676056338	-5.76056338028169
			6.53521126760563	-5.76056338028169
			6.53521126760563	-5.74647887323944
			6.54929577464789	-5.74647887323944
			6.56338028169014	-5.74647887323944
			6.57746478873239	-5.74647887323944
			6.59154929577465	-5.74647887323944
			6.6056338028169	-5.73239436619718
			6.61971830985915	-5.73239436619718
			6.63380281690141	-5.73239436619718
			6.64788732394366	-5.71830985915493
			6.66197183098592	-5.71830985915493
			6.67605633802817	-5.71830985915493
			6.69014084507042	-5.71830985915493
			6.70422535211268	-5.70422535211268
			6.71830985915493	-5.70422535211268
			6.73239436619718	-5.70422535211268
			6.74647887323944	-5.69014084507042
			6.76056338028169	-5.69014084507042
			6.77464788732394	-5.69014084507042
			6.7887323943662	-5.69014084507042
			6.80281690140845	-5.67605633802817
			6.8169014084507	-5.67605633802817
			6.83098591549296	-5.67605633802817
			6.84507042253521	-5.66197183098592
			6.85915492957746	-5.66197183098592
			6.87323943661972	-5.66197183098592
			6.88732394366197	-5.66197183098592
			6.90140845070423	-5.64788732394366
			6.91549295774648	-5.64788732394366
			6.92957746478873	-5.64788732394366
			6.94366197183099	-5.63380281690141
			6.95774647887324	-5.63380281690141
			6.97183098591549	-5.63380281690141
			6.98591549295775	-5.63380281690141
			7	-5.61971830985915
			7.01408450704225	-5.61971830985915
			7.02816901408451	-5.6056338028169
			7.04225352112676	-5.6056338028169
			7.05633802816901	-5.6056338028169
			7.07042253521127	-5.6056338028169
			7.07042253521127	-5.59154929577465
			7.08450704225352	-5.59154929577465
			7.09859154929577	-5.59154929577465
			7.11267605633803	-5.57746478873239
			7.12676056338028	-5.57746478873239
			7.14084507042254	-5.57746478873239
			7.15492957746479	-5.57746478873239
			7.16901408450704	-5.56338028169014
			7.1830985915493	-5.56338028169014
			7.19718309859155	-5.54929577464789
			7.2112676056338	-5.54929577464789
			7.22535211267606	-5.54929577464789
			7.23943661971831	-5.53521126760563
			7.25352112676056	-5.53521126760563
			7.26760563380282	-5.52112676056338
			7.28169014084507	-5.52112676056338
			7.29577464788732	-5.52112676056338
			7.30985915492958	-5.50704225352113
			7.32394366197183	-5.50704225352113
			7.33802816901408	-5.49295774647887
			7.35211267605634	-5.49295774647887
			7.36619718309859	-5.49295774647887
			7.38028169014085	-5.47887323943662
			7.3943661971831	-5.47887323943662
			7.40845070422535	-5.46478873239437
			7.42253521126761	-5.46478873239437
			7.43661971830986	-5.46478873239437
			7.45070422535211	-5.45070422535211
			7.46478873239437	-5.45070422535211
			7.47887323943662	-5.43661971830986
			7.49295774647887	-5.43661971830986
			7.50704225352113	-5.42253521126761
			7.52112676056338	-5.42253521126761
			7.53521126760563	-5.42253521126761
			7.54929577464789	-5.40845070422535
			7.56338028169014	-5.40845070422535
			7.57746478873239	-5.3943661971831
			7.59154929577465	-5.3943661971831
			7.6056338028169	-5.38028169014085
			7.61971830985915	-5.38028169014085
			7.63380281690141	-5.36619718309859
			7.64788732394366	-5.36619718309859
			7.66197183098592	-5.35211267605634
			7.67605633802817	-5.35211267605634
			7.69014084507042	-5.33802816901408
			7.70422535211268	-5.33802816901408
			7.71830985915493	-5.32394366197183
			7.73239436619718	-5.30985915492958
			7.74647887323944	-5.30985915492958
			7.76056338028169	-5.30985915492958
			7.77464788732394	-5.29577464788732
			7.7887323943662	-5.28169014084507
			7.80281690140845	-5.28169014084507
			7.8169014084507	-5.26760563380282
			7.83098591549296	-5.26760563380282
			7.84507042253521	-5.25352112676056
			7.85915492957746	-5.25352112676056
			7.87323943661972	-5.23943661971831
			7.88732394366197	-5.22535211267606
			7.90140845070423	-5.22535211267606
			7.91549295774648	-5.2112676056338
			7.92957746478873	-5.2112676056338
			7.94366197183099	-5.19718309859155
			7.95774647887324	-5.1830985915493
			7.97183098591549	-5.1830985915493
			7.98591549295775	-5.16901408450704
			7.98591549295775	-5.15492957746479
			8	-5.15492957746479
			8.01408450704225	-5.14084507042254
			8.02816901408451	-5.14084507042254
			8.04225352112676	-5.12676056338028
			8.05633802816901	-5.11267605633803
			8.07042253521127	-5.11267605633803
			8.07042253521127	-5.09859154929577
			8.08450704225352	-5.09859154929577
			8.09859154929577	-5.08450704225352
			8.11267605633803	-5.07042253521127
			8.12676056338028	-5.07042253521127
			8.12676056338028	-5.05633802816901
			8.14084507042254	-5.04225352112676
			8.15492957746479	-5.04225352112676
			8.16901408450704	-5.02816901408451
			8.16901408450704	-5.01408450704225
			8.1830985915493	-5.01408450704225
			8.19718309859155	-5
			8.2112676056338	-4.98591549295775
			8.22535211267606	-4.97183098591549
			8.2112676056338	-4.95774647887324
			8.2112676056338	-4.94366197183099
			8.19718309859155	-4.92957746478873
			8.19718309859155	-4.91549295774648
			8.1830985915493	-4.90140845070423
			8.16901408450704	-4.88732394366197
			8.16901408450704	-4.87323943661972
			8.15492957746479	-4.87323943661972
			8.14084507042254	-4.85915492957746
			8.14084507042254	-4.84507042253521
			8.12676056338028	-4.83098591549296
			8.12676056338028	-4.8169014084507
			8.11267605633803	-4.80281690140845
			8.09859154929577	-4.7887323943662
			8.08450704225352	-4.77464788732394
			8.07042253521127	-4.76056338028169
			8.05633802816901	-4.74647887323944
			8.04225352112676	-4.73239436619718
			8.04225352112676	-4.71830985915493
			8.02816901408451	-4.70422535211268
			8.01408450704225	-4.69014084507042
			8	-4.67605633802817
			7.98591549295775	-4.66197183098592
			7.97183098591549	-4.66197183098592
			7.95774647887324	-4.64788732394366
			7.94366197183099	-4.63380281690141
			7.92957746478873	-4.61971830985915
			7.91549295774648	-4.6056338028169
			7.90140845070423	-4.6056338028169
			7.88732394366197	-4.59154929577465
			7.87323943661972	-4.57746478873239
			7.85915492957746	-4.56338028169014
			7.84507042253521	-4.56338028169014
			7.83098591549296	-4.54929577464789
			7.8169014084507	-4.53521126760563
			7.80281690140845	-4.52112676056338
			7.7887323943662	-4.52112676056338
			7.77464788732394	-4.50704225352113
			7.76056338028169	-4.50704225352113
			7.74647887323944	-4.49295774647887
			7.73239436619718	-4.47887323943662
			7.71830985915493	-4.47887323943662
			7.70422535211268	-4.46478873239437
			7.69014084507042	-4.46478873239437
			7.67605633802817	-4.45070422535211
			7.66197183098592	-4.45070422535211
			7.64788732394366	-4.43661971830986
			7.63380281690141	-4.43661971830986
			7.61971830985915	-4.43661971830986
			7.6056338028169	-4.42253521126761
			7.59154929577465	-4.42253521126761
			7.57746478873239	-4.40845070422535
			7.56338028169014	-4.40845070422535
			7.54929577464789	-4.40845070422535
			7.53521126760563	-4.3943661971831
			7.52112676056338	-4.3943661971831
			7.50704225352113	-4.3943661971831
			7.50704225352113	-4.38028169014085
			7.49295774647887	-4.38028169014085
			7.47887323943662	-4.38028169014085
			7.46478873239437	-4.38028169014085
			7.45070422535211	-4.36619718309859
			7.43661971830986	-4.36619718309859
			7.42253521126761	-4.36619718309859
			7.40845070422535	-4.36619718309859
			7.3943661971831	-4.36619718309859
			7.38028169014085	-4.35211267605634
			7.36619718309859	-4.35211267605634
			7.35211267605634	-4.35211267605634
			7.33802816901408	-4.35211267605634
			7.32394366197183	-4.35211267605634
			7.30985915492958	-4.35211267605634
			7.30985915492958	-4.33802816901408
			7.29577464788732	-4.33802816901408
			7.28169014084507	-4.33802816901408
			7.26760563380282	-4.33802816901408
			7.25352112676056	-4.33802816901408
			7.23943661971831	-4.33802816901408
			7.22535211267606	-4.33802816901408
			7.2112676056338	-4.33802816901408
			7.19718309859155	-4.33802816901408
			7.1830985915493	-4.33802816901408
			7.1830985915493	-4.32394366197183
			7.16901408450704	-4.32394366197183
			7.15492957746479	-4.32394366197183
			7.14084507042254	-4.32394366197183
			7.12676056338028	-4.32394366197183
			7.11267605633803	-4.32394366197183
			7.09859154929577	-4.32394366197183
			7.08450704225352	-4.32394366197183
			7.07042253521127	-4.32394366197183
			7.05633802816901	-4.32394366197183
			7.04225352112676	-4.32394366197183
			7.02816901408451	-4.32394366197183
			7.01408450704225	-4.32394366197183
			7	-4.32394366197183
			6.98591549295775	-4.32394366197183
			6.97183098591549	-4.32394366197183
			6.95774647887324	-4.32394366197183
			6.94366197183099	-4.32394366197183
			6.92957746478873	-4.32394366197183
			6.92957746478873	-4.33802816901408
			6.91549295774648	-4.33802816901408
			6.90140845070423	-4.33802816901408
			6.88732394366197	-4.33802816901408
			6.87323943661972	-4.33802816901408
			6.85915492957746	-4.33802816901408
			6.84507042253521	-4.33802816901408
			6.83098591549296	-4.33802816901408
			6.8169014084507	-4.33802816901408
			6.80281690140845	-4.33802816901408
			6.7887323943662	-4.33802816901408
			6.77464788732394	-4.35211267605634
			6.76056338028169	-4.35211267605634
			6.74647887323944	-4.35211267605634
			6.73239436619718	-4.35211267605634
			6.71830985915493	-4.35211267605634
			6.70422535211268	-4.35211267605634
			6.69014084507042	-4.36619718309859
			6.67605633802817	-4.36619718309859
			6.66197183098592	-4.36619718309859
			6.64788732394366	-4.36619718309859
			6.63380281690141	-4.36619718309859
			6.61971830985915	-4.36619718309859
			6.6056338028169	-4.38028169014085
			6.59154929577465	-4.38028169014085
			6.57746478873239	-4.38028169014085
			6.56338028169014	-4.38028169014085
			6.54929577464789	-4.38028169014085
			6.53521126760563	-4.3943661971831
			6.52112676056338	-4.3943661971831
			6.50704225352113	-4.3943661971831
			6.49295774647887	-4.3943661971831
			6.47887323943662	-4.40845070422535
			6.46478873239437	-4.40845070422535
			6.45070422535211	-4.40845070422535
			6.43661971830986	-4.40845070422535
			6.42253521126761	-4.40845070422535
			6.40845070422535	-4.42253521126761
			6.3943661971831	-4.42253521126761
			6.38028169014085	-4.42253521126761
			6.38028169014085	-4.43661971830986
			6.36619718309859	-4.43661971830986
			6.35211267605634	-4.43661971830986
			6.33802816901408	-4.43661971830986
			6.32394366197183	-4.45070422535211
			6.30985915492958	-4.45070422535211
			6.29577464788732	-4.45070422535211
			6.28169014084507	-4.45070422535211
			6.26760563380282	-4.46478873239437
			6.25352112676056	-4.46478873239437
		</margin>
	</curves.scaled>
	<ruler.points type=matrix rownames=TRUE colnames=FALSE nrow=2 ncol=2 as.numeric=TRUE >
		Ruler point 1	404	295
		Ruler point 2	262	295
	</ruler.points>
</shapes>

