<shapes type=list>
	<ruler.pixel type=vector names=FALSE length=1 as.numeric=TRUE >187</ruler.pixel>
	<ruler.interval type=vector names=FALSE length=1 as.numeric=TRUE >5</ruler.interval>
	<scaling.units type=vector names=FALSE length=1 as.numeric=FALSE >mm</scaling.units>
	<scaling type=vector names=FALSE length=1 as.numeric=TRUE >0.0267379679144385</scaling>
	<landmarks.pixel type=matrix rownames=TRUE colnames=FALSE nrow=5 ncol=2 as.numeric=TRUE >
		LM1	372	235
		LM2	374	311
		LM4	371	328
		LM5	436	220
		LM7	556	258
	</landmarks.pixel>
	<landmarks.scaled type=matrix rownames=TRUE colnames=FALSE nrow=5 ncol=2 as.numeric=TRUE >
		LM1	9.94652406417112	-6.28342245989305
		LM2	10	-8.31550802139037
		LM4	9.91978609625668	-8.77005347593583
		LM5	11.6577540106952	-5.88235294117647
		LM7	14.8663101604278	-6.89839572192513
	</landmarks.scaled>
	<curves.control type=list>
		<axis type=matrix rownames=FALSE colnames=FALSE nrow=9 ncol=2 as.numeric=TRUE >
			372	235
			392	234
			416	230
			440	222
			435	233
			406	288
			396	298
			392	312
			374	311
		</axis>
		<margin type=matrix rownames=FALSE colnames=FALSE nrow=9 ncol=2 as.numeric=TRUE >
			371	328
			420	329
			489	309
			517	302
			557	271
			559	253
			522	224
			495	216
			436	220
		</margin>
	</curves.control>
	<curves.pixel type=list>
		<axis type=matrix rownames=FALSE colnames=FALSE nrow=167 ncol=2 as.numeric=TRUE >
			372	235
			373	235
			374	235
			375	235
			376	235
			377	235
			378	235
			379	235
			380	235
			380	234
			381	234
			382	234
			383	234
			384	234
			385	234
			386	234
			387	234
			388	234
			389	234
			390	234
			391	233
			392	233
			393	233
			394	233
			395	233
			396	233
			397	233
			398	233
			399	232
			400	232
			401	232
			402	232
			403	232
			404	232
			405	232
			406	232
			407	231
			408	231
			409	231
			410	231
			411	231
			412	231
			413	231
			414	230
			415	230
			416	230
			417	230
			418	229
			419	229
			420	229
			421	228
			422	228
			423	228
			424	228
			425	227
			426	227
			427	227
			428	227
			429	227
			430	227
			431	227
			432	227
			433	227
			434	227
			435	228
			436	228
			436	229
			436	230
			436	231
			435	232
			435	233
			434	234
			434	235
			433	236
			433	237
			432	238
			432	239
			431	240
			431	241
			430	242
			430	243
			429	244
			428	245
			428	246
			427	247
			427	248
			426	249
			426	250
			425	251
			425	252
			424	253
			423	254
			423	255
			422	256
			422	257
			421	258
			421	259
			420	260
			420	261
			419	262
			419	263
			418	264
			418	265
			417	265
			417	266
			416	267
			416	268
			415	269
			415	270
			414	271
			413	272
			413	273
			412	274
			412	275
			411	276
			411	277
			410	277
			410	278
			409	279
			409	280
			408	281
			408	282
			407	283
			406	284
			406	285
			405	286
			405	287
			404	287
			404	288
			403	289
			403	290
			402	290
			402	291
			401	291
			401	292
			400	293
			400	294
			399	295
			398	296
			397	297
			396	298
			396	299
			395	300
			395	301
			395	302
			394	303
			393	304
			392	305
			392	306
			391	307
			390	307
			389	308
			388	309
			387	309
			386	310
			385	310
			384	310
			383	310
			382	311
			381	311
			380	311
			379	311
			378	311
			377	311
			376	311
			375	311
			374	311
		</axis>
		<margin type=matrix rownames=FALSE colnames=FALSE nrow=331 ncol=2 as.numeric=TRUE >
			371	328
			372	328
			373	328
			374	328
			375	328
			376	328
			377	328
			378	328
			379	328
			380	328
			381	328
			382	328
			383	328
			384	328
			385	328
			386	328
			387	328
			388	328
			389	328
			390	328
			391	328
			392	328
			393	327
			394	327
			395	327
			396	327
			397	327
			398	327
			399	327
			400	327
			401	327
			402	327
			403	327
			404	327
			405	326
			406	326
			407	326
			408	326
			409	326
			410	326
			411	326
			412	326
			413	326
			413	325
			414	325
			415	325
			416	325
			417	325
			418	325
			419	325
			420	324
			421	324
			422	324
			423	324
			424	324
			425	324
			426	324
			427	323
			428	323
			429	323
			430	323
			431	323
			432	323
			433	322
			434	322
			435	322
			436	322
			437	322
			438	322
			438	321
			439	321
			440	321
			441	321
			442	321
			443	320
			444	320
			445	320
			446	320
			447	320
			448	319
			449	319
			450	319
			451	319
			452	319
			452	318
			453	318
			454	318
			455	318
			456	318
			457	317
			458	317
			459	317
			460	317
			461	316
			462	316
			463	316
			464	316
			465	315
			466	315
			467	315
			468	315
			469	314
			470	314
			471	314
			472	314
			473	313
			474	313
			475	313
			476	313
			477	312
			478	312
			479	312
			480	312
			481	311
			482	311
			483	311
			484	310
			485	310
			486	310
			487	310
			488	309
			489	309
			490	309
			491	309
			492	308
			493	308
			494	307
			495	307
			496	307
			497	306
			498	306
			499	306
			500	305
			501	305
			502	305
			503	304
			504	304
			505	304
			505	303
			506	303
			507	303
			508	302
			509	302
			509	301
			510	301
			511	301
			512	300
			513	300
			514	299
			515	299
			516	298
			517	297
			518	297
			519	297
			520	296
			521	295
			522	295
			523	294
			524	294
			525	293
			526	292
			527	292
			528	291
			529	291
			530	290
			531	290
			532	289
			533	288
			534	288
			535	287
			536	286
			537	286
			538	285
			539	284
			540	284
			541	283
			542	282
			543	282
			544	281
			545	280
			546	279
			547	279
			548	278
			549	277
			550	276
			551	276
			552	275
			553	274
			554	273
			555	272
			556	272
			557	271
			557	270
			557	269
			557	268
			557	267
			557	266
			557	265
			556	264
			556	263
			556	262
			555	261
			555	260
			554	259
			554	258
			554	257
			553	256
			553	255
			552	255
			552	254
			551	253
			550	252
			550	251
			549	250
			548	249
			548	248
			547	247
			546	246
			545	245
			544	244
			544	243
			543	242
			542	242
			541	241
			540	240
			539	239
			538	238
			537	237
			536	236
			535	235
			534	234
			533	233
			532	232
			531	232
			530	231
			529	230
			528	229
			528	228
			527	228
			526	227
			525	226
			524	225
			523	224
			522	224
			521	224
			520	223
			519	223
			518	223
			517	223
			516	222
			515	222
			514	222
			513	222
			512	222
			511	221
			510	221
			509	221
			508	221
			507	221
			506	221
			505	221
			504	220
			503	220
			502	220
			501	220
			500	220
			499	220
			498	220
			497	220
			496	220
			495	220
			495	219
			494	219
			493	219
			492	219
			491	219
			490	219
			489	219
			488	219
			487	219
			486	219
			485	219
			484	219
			483	219
			482	219
			481	219
			480	219
			479	219
			478	219
			477	219
			476	219
			475	219
			474	219
			473	219
			472	219
			471	219
			470	219
			469	219
			468	219
			467	219
			466	219
			465	219
			464	219
			463	219
			462	219
			461	219
			460	219
			459	219
			458	219
			457	219
			456	219
			455	219
			454	219
			453	219
			452	219
			451	219
			450	219
			449	219
			448	219
			447	219
			446	219
			445	219
			444	220
			443	220
			442	220
			441	220
			440	220
			439	220
			438	220
			437	220
			436	220
		</margin>
	</curves.pixel>
	<curves.scaled type=list>
		<axis type=matrix rownames=FALSE colnames=FALSE nrow=167 ncol=2 as.numeric=TRUE >
			9.94652406417112	-6.28342245989305
			9.97326203208556	-6.28342245989305
			10	-6.28342245989305
			10.0267379679144	-6.28342245989305
			10.0534759358289	-6.28342245989305
			10.0802139037433	-6.28342245989305
			10.1069518716578	-6.28342245989305
			10.1336898395722	-6.28342245989305
			10.1604278074866	-6.28342245989305
			10.1604278074866	-6.25668449197861
			10.1871657754011	-6.25668449197861
			10.2139037433155	-6.25668449197861
			10.2406417112299	-6.25668449197861
			10.2673796791444	-6.25668449197861
			10.2941176470588	-6.25668449197861
			10.3208556149733	-6.25668449197861
			10.3475935828877	-6.25668449197861
			10.3743315508021	-6.25668449197861
			10.4010695187166	-6.25668449197861
			10.427807486631	-6.25668449197861
			10.4545454545455	-6.22994652406417
			10.4812834224599	-6.22994652406417
			10.5080213903743	-6.22994652406417
			10.5347593582888	-6.22994652406417
			10.5614973262032	-6.22994652406417
			10.5882352941176	-6.22994652406417
			10.6149732620321	-6.22994652406417
			10.6417112299465	-6.22994652406417
			10.668449197861	-6.20320855614973
			10.6951871657754	-6.20320855614973
			10.7219251336898	-6.20320855614973
			10.7486631016043	-6.20320855614973
			10.7754010695187	-6.20320855614973
			10.8021390374332	-6.20320855614973
			10.8288770053476	-6.20320855614973
			10.855614973262	-6.20320855614973
			10.8823529411765	-6.17647058823529
			10.9090909090909	-6.17647058823529
			10.9358288770053	-6.17647058823529
			10.9625668449198	-6.17647058823529
			10.9893048128342	-6.17647058823529
			11.0160427807487	-6.17647058823529
			11.0427807486631	-6.17647058823529
			11.0695187165775	-6.14973262032086
			11.096256684492	-6.14973262032086
			11.1229946524064	-6.14973262032086
			11.1497326203209	-6.14973262032086
			11.1764705882353	-6.12299465240642
			11.2032085561497	-6.12299465240642
			11.2299465240642	-6.12299465240642
			11.2566844919786	-6.09625668449198
			11.283422459893	-6.09625668449198
			11.3101604278075	-6.09625668449198
			11.3368983957219	-6.09625668449198
			11.3636363636364	-6.06951871657754
			11.3903743315508	-6.06951871657754
			11.4171122994652	-6.06951871657754
			11.4438502673797	-6.06951871657754
			11.4705882352941	-6.06951871657754
			11.4973262032086	-6.06951871657754
			11.524064171123	-6.06951871657754
			11.5508021390374	-6.06951871657754
			11.5775401069519	-6.06951871657754
			11.6042780748663	-6.06951871657754
			11.6310160427807	-6.09625668449198
			11.6577540106952	-6.09625668449198
			11.6577540106952	-6.12299465240642
			11.6577540106952	-6.14973262032086
			11.6577540106952	-6.17647058823529
			11.6310160427807	-6.20320855614973
			11.6310160427807	-6.22994652406417
			11.6042780748663	-6.25668449197861
			11.6042780748663	-6.28342245989305
			11.5775401069519	-6.31016042780749
			11.5775401069519	-6.33689839572193
			11.5508021390374	-6.36363636363636
			11.5508021390374	-6.3903743315508
			11.524064171123	-6.41711229946524
			11.524064171123	-6.44385026737968
			11.4973262032086	-6.47058823529412
			11.4973262032086	-6.49732620320856
			11.4705882352941	-6.52406417112299
			11.4438502673797	-6.55080213903743
			11.4438502673797	-6.57754010695187
			11.4171122994652	-6.60427807486631
			11.4171122994652	-6.63101604278075
			11.3903743315508	-6.65775401069519
			11.3903743315508	-6.68449197860963
			11.3636363636364	-6.71122994652406
			11.3636363636364	-6.7379679144385
			11.3368983957219	-6.76470588235294
			11.3101604278075	-6.79144385026738
			11.3101604278075	-6.81818181818182
			11.283422459893	-6.84491978609626
			11.283422459893	-6.87165775401069
			11.2566844919786	-6.89839572192513
			11.2566844919786	-6.92513368983957
			11.2299465240642	-6.95187165775401
			11.2299465240642	-6.97860962566845
			11.2032085561497	-7.00534759358289
			11.2032085561497	-7.03208556149733
			11.1764705882353	-7.05882352941176
			11.1764705882353	-7.0855614973262
			11.1497326203209	-7.0855614973262
			11.1497326203209	-7.11229946524064
			11.1229946524064	-7.13903743315508
			11.1229946524064	-7.16577540106952
			11.096256684492	-7.19251336898396
			11.096256684492	-7.2192513368984
			11.0695187165775	-7.24598930481283
			11.0427807486631	-7.27272727272727
			11.0427807486631	-7.29946524064171
			11.0160427807487	-7.32620320855615
			11.0160427807487	-7.35294117647059
			10.9893048128342	-7.37967914438503
			10.9893048128342	-7.40641711229947
			10.9625668449198	-7.40641711229947
			10.9625668449198	-7.4331550802139
			10.9358288770053	-7.45989304812834
			10.9358288770053	-7.48663101604278
			10.9090909090909	-7.51336898395722
			10.9090909090909	-7.54010695187166
			10.8823529411765	-7.5668449197861
			10.855614973262	-7.59358288770053
			10.855614973262	-7.62032085561497
			10.8288770053476	-7.64705882352941
			10.8288770053476	-7.67379679144385
			10.8021390374332	-7.67379679144385
			10.8021390374332	-7.70053475935829
			10.7754010695187	-7.72727272727273
			10.7754010695187	-7.75401069518717
			10.7486631016043	-7.75401069518717
			10.7486631016043	-7.7807486631016
			10.7219251336898	-7.7807486631016
			10.7219251336898	-7.80748663101604
			10.6951871657754	-7.83422459893048
			10.6951871657754	-7.86096256684492
			10.668449197861	-7.88770053475936
			10.6417112299465	-7.9144385026738
			10.6149732620321	-7.94117647058824
			10.5882352941176	-7.96791443850267
			10.5882352941176	-7.99465240641711
			10.5614973262032	-8.02139037433155
			10.5614973262032	-8.04812834224599
			10.5614973262032	-8.07486631016043
			10.5347593582888	-8.10160427807487
			10.5080213903743	-8.12834224598931
			10.4812834224599	-8.15508021390374
			10.4812834224599	-8.18181818181818
			10.4545454545455	-8.20855614973262
			10.427807486631	-8.20855614973262
			10.4010695187166	-8.23529411764706
			10.3743315508021	-8.2620320855615
			10.3475935828877	-8.2620320855615
			10.3208556149733	-8.28877005347594
			10.2941176470588	-8.28877005347594
			10.2673796791444	-8.28877005347594
			10.2406417112299	-8.28877005347594
			10.2139037433155	-8.31550802139037
			10.1871657754011	-8.31550802139037
			10.1604278074866	-8.31550802139037
			10.1336898395722	-8.31550802139037
			10.1069518716578	-8.31550802139037
			10.0802139037433	-8.31550802139037
			10.0534759358289	-8.31550802139037
			10.0267379679144	-8.31550802139037
			10	-8.31550802139037
		</axis>
		<margin type=matrix rownames=FALSE colnames=FALSE nrow=331 ncol=2 as.numeric=TRUE >
			9.91978609625668	-8.77005347593583
			9.94652406417112	-8.77005347593583
			9.97326203208556	-8.77005347593583
			10	-8.77005347593583
			10.0267379679144	-8.77005347593583
			10.0534759358289	-8.77005347593583
			10.0802139037433	-8.77005347593583
			10.1069518716578	-8.77005347593583
			10.1336898395722	-8.77005347593583
			10.1604278074866	-8.77005347593583
			10.1871657754011	-8.77005347593583
			10.2139037433155	-8.77005347593583
			10.2406417112299	-8.77005347593583
			10.2673796791444	-8.77005347593583
			10.2941176470588	-8.77005347593583
			10.3208556149733	-8.77005347593583
			10.3475935828877	-8.77005347593583
			10.3743315508021	-8.77005347593583
			10.4010695187166	-8.77005347593583
			10.427807486631	-8.77005347593583
			10.4545454545455	-8.77005347593583
			10.4812834224599	-8.77005347593583
			10.5080213903743	-8.74331550802139
			10.5347593582888	-8.74331550802139
			10.5614973262032	-8.74331550802139
			10.5882352941176	-8.74331550802139
			10.6149732620321	-8.74331550802139
			10.6417112299465	-8.74331550802139
			10.668449197861	-8.74331550802139
			10.6951871657754	-8.74331550802139
			10.7219251336898	-8.74331550802139
			10.7486631016043	-8.74331550802139
			10.7754010695187	-8.74331550802139
			10.8021390374332	-8.74331550802139
			10.8288770053476	-8.71657754010695
			10.855614973262	-8.71657754010695
			10.8823529411765	-8.71657754010695
			10.9090909090909	-8.71657754010695
			10.9358288770053	-8.71657754010695
			10.9625668449198	-8.71657754010695
			10.9893048128342	-8.71657754010695
			11.0160427807487	-8.71657754010695
			11.0427807486631	-8.71657754010695
			11.0427807486631	-8.68983957219251
			11.0695187165775	-8.68983957219251
			11.096256684492	-8.68983957219251
			11.1229946524064	-8.68983957219251
			11.1497326203209	-8.68983957219251
			11.1764705882353	-8.68983957219251
			11.2032085561497	-8.68983957219251
			11.2299465240642	-8.66310160427807
			11.2566844919786	-8.66310160427807
			11.283422459893	-8.66310160427807
			11.3101604278075	-8.66310160427807
			11.3368983957219	-8.66310160427807
			11.3636363636364	-8.66310160427807
			11.3903743315508	-8.66310160427807
			11.4171122994652	-8.63636363636364
			11.4438502673797	-8.63636363636364
			11.4705882352941	-8.63636363636364
			11.4973262032086	-8.63636363636364
			11.524064171123	-8.63636363636364
			11.5508021390374	-8.63636363636364
			11.5775401069519	-8.6096256684492
			11.6042780748663	-8.6096256684492
			11.6310160427807	-8.6096256684492
			11.6577540106952	-8.6096256684492
			11.6844919786096	-8.6096256684492
			11.7112299465241	-8.6096256684492
			11.7112299465241	-8.58288770053476
			11.7379679144385	-8.58288770053476
			11.7647058823529	-8.58288770053476
			11.7914438502674	-8.58288770053476
			11.8181818181818	-8.58288770053476
			11.8449197860963	-8.55614973262032
			11.8716577540107	-8.55614973262032
			11.8983957219251	-8.55614973262032
			11.9251336898396	-8.55614973262032
			11.951871657754	-8.55614973262032
			11.9786096256684	-8.52941176470588
			12.0053475935829	-8.52941176470588
			12.0320855614973	-8.52941176470588
			12.0588235294118	-8.52941176470588
			12.0855614973262	-8.52941176470588
			12.0855614973262	-8.50267379679144
			12.1122994652406	-8.50267379679144
			12.1390374331551	-8.50267379679144
			12.1657754010695	-8.50267379679144
			12.192513368984	-8.50267379679144
			12.2192513368984	-8.47593582887701
			12.2459893048128	-8.47593582887701
			12.2727272727273	-8.47593582887701
			12.2994652406417	-8.47593582887701
			12.3262032085561	-8.44919786096257
			12.3529411764706	-8.44919786096257
			12.379679144385	-8.44919786096257
			12.4064171122995	-8.44919786096257
			12.4331550802139	-8.42245989304813
			12.4598930481283	-8.42245989304813
			12.4866310160428	-8.42245989304813
			12.5133689839572	-8.42245989304813
			12.5401069518717	-8.39572192513369
			12.5668449197861	-8.39572192513369
			12.5935828877005	-8.39572192513369
			12.620320855615	-8.39572192513369
			12.6470588235294	-8.36898395721925
			12.6737967914439	-8.36898395721925
			12.7005347593583	-8.36898395721925
			12.7272727272727	-8.36898395721925
			12.7540106951872	-8.34224598930481
			12.7807486631016	-8.34224598930481
			12.807486631016	-8.34224598930481
			12.8342245989305	-8.34224598930481
			12.8609625668449	-8.31550802139037
			12.8877005347594	-8.31550802139037
			12.9144385026738	-8.31550802139037
			12.9411764705882	-8.28877005347594
			12.9679144385027	-8.28877005347594
			12.9946524064171	-8.28877005347594
			13.0213903743316	-8.28877005347594
			13.048128342246	-8.2620320855615
			13.0748663101604	-8.2620320855615
			13.1016042780749	-8.2620320855615
			13.1283422459893	-8.2620320855615
			13.1550802139037	-8.23529411764706
			13.1818181818182	-8.23529411764706
			13.2085561497326	-8.20855614973262
			13.2352941176471	-8.20855614973262
			13.2620320855615	-8.20855614973262
			13.2887700534759	-8.18181818181818
			13.3155080213904	-8.18181818181818
			13.3422459893048	-8.18181818181818
			13.3689839572193	-8.15508021390374
			13.3957219251337	-8.15508021390374
			13.4224598930481	-8.15508021390374
			13.4491978609626	-8.12834224598931
			13.475935828877	-8.12834224598931
			13.5026737967914	-8.12834224598931
			13.5026737967914	-8.10160427807487
			13.5294117647059	-8.10160427807487
			13.5561497326203	-8.10160427807487
			13.5828877005348	-8.07486631016043
			13.6096256684492	-8.07486631016043
			13.6096256684492	-8.04812834224599
			13.6363636363636	-8.04812834224599
			13.6631016042781	-8.04812834224599
			13.6898395721925	-8.02139037433155
			13.716577540107	-8.02139037433155
			13.7433155080214	-7.99465240641711
			13.7700534759358	-7.99465240641711
			13.7967914438503	-7.96791443850267
			13.8235294117647	-7.94117647058824
			13.8502673796791	-7.94117647058824
			13.8770053475936	-7.94117647058824
			13.903743315508	-7.9144385026738
			13.9304812834225	-7.88770053475936
			13.9572192513369	-7.88770053475936
			13.9839572192513	-7.86096256684492
			14.0106951871658	-7.86096256684492
			14.0374331550802	-7.83422459893048
			14.0641711229947	-7.80748663101604
			14.0909090909091	-7.80748663101604
			14.1176470588235	-7.7807486631016
			14.144385026738	-7.7807486631016
			14.1711229946524	-7.75401069518717
			14.1978609625668	-7.75401069518717
			14.2245989304813	-7.72727272727273
			14.2513368983957	-7.70053475935829
			14.2780748663102	-7.70053475935829
			14.3048128342246	-7.67379679144385
			14.331550802139	-7.64705882352941
			14.3582887700535	-7.64705882352941
			14.3850267379679	-7.62032085561497
			14.4117647058824	-7.59358288770053
			14.4385026737968	-7.59358288770053
			14.4652406417112	-7.5668449197861
			14.4919786096257	-7.54010695187166
			14.5187165775401	-7.54010695187166
			14.5454545454545	-7.51336898395722
			14.572192513369	-7.48663101604278
			14.5989304812834	-7.45989304812834
			14.6256684491979	-7.45989304812834
			14.6524064171123	-7.4331550802139
			14.6791443850267	-7.40641711229947
			14.7058823529412	-7.37967914438503
			14.7326203208556	-7.37967914438503
			14.7593582887701	-7.35294117647059
			14.7860962566845	-7.32620320855615
			14.8128342245989	-7.29946524064171
			14.8395721925134	-7.27272727272727
			14.8663101604278	-7.27272727272727
			14.8930481283422	-7.24598930481283
			14.8930481283422	-7.2192513368984
			14.8930481283422	-7.19251336898396
			14.8930481283422	-7.16577540106952
			14.8930481283422	-7.13903743315508
			14.8930481283422	-7.11229946524064
			14.8930481283422	-7.0855614973262
			14.8663101604278	-7.05882352941176
			14.8663101604278	-7.03208556149733
			14.8663101604278	-7.00534759358289
			14.8395721925134	-6.97860962566845
			14.8395721925134	-6.95187165775401
			14.8128342245989	-6.92513368983957
			14.8128342245989	-6.89839572192513
			14.8128342245989	-6.87165775401069
			14.7860962566845	-6.84491978609626
			14.7860962566845	-6.81818181818182
			14.7593582887701	-6.81818181818182
			14.7593582887701	-6.79144385026738
			14.7326203208556	-6.76470588235294
			14.7058823529412	-6.7379679144385
			14.7058823529412	-6.71122994652406
			14.6791443850267	-6.68449197860963
			14.6524064171123	-6.65775401069519
			14.6524064171123	-6.63101604278075
			14.6256684491979	-6.60427807486631
			14.5989304812834	-6.57754010695187
			14.572192513369	-6.55080213903743
			14.5454545454545	-6.52406417112299
			14.5454545454545	-6.49732620320856
			14.5187165775401	-6.47058823529412
			14.4919786096257	-6.47058823529412
			14.4652406417112	-6.44385026737968
			14.4385026737968	-6.41711229946524
			14.4117647058824	-6.3903743315508
			14.3850267379679	-6.36363636363636
			14.3582887700535	-6.33689839572193
			14.331550802139	-6.31016042780749
			14.3048128342246	-6.28342245989305
			14.2780748663102	-6.25668449197861
			14.2513368983957	-6.22994652406417
			14.2245989304813	-6.20320855614973
			14.1978609625668	-6.20320855614973
			14.1711229946524	-6.17647058823529
			14.144385026738	-6.14973262032086
			14.1176470588235	-6.12299465240642
			14.1176470588235	-6.09625668449198
			14.0909090909091	-6.09625668449198
			14.0641711229947	-6.06951871657754
			14.0374331550802	-6.0427807486631
			14.0106951871658	-6.01604278074866
			13.9839572192513	-5.98930481283422
			13.9572192513369	-5.98930481283422
			13.9304812834225	-5.98930481283422
			13.903743315508	-5.96256684491979
			13.8770053475936	-5.96256684491979
			13.8502673796791	-5.96256684491979
			13.8235294117647	-5.96256684491979
			13.7967914438503	-5.93582887700535
			13.7700534759358	-5.93582887700535
			13.7433155080214	-5.93582887700535
			13.716577540107	-5.93582887700535
			13.6898395721925	-5.93582887700535
			13.6631016042781	-5.90909090909091
			13.6363636363636	-5.90909090909091
			13.6096256684492	-5.90909090909091
			13.5828877005348	-5.90909090909091
			13.5561497326203	-5.90909090909091
			13.5294117647059	-5.90909090909091
			13.5026737967914	-5.90909090909091
			13.475935828877	-5.88235294117647
			13.4491978609626	-5.88235294117647
			13.4224598930481	-5.88235294117647
			13.3957219251337	-5.88235294117647
			13.3689839572193	-5.88235294117647
			13.3422459893048	-5.88235294117647
			13.3155080213904	-5.88235294117647
			13.2887700534759	-5.88235294117647
			13.2620320855615	-5.88235294117647
			13.2352941176471	-5.88235294117647
			13.2352941176471	-5.85561497326203
			13.2085561497326	-5.85561497326203
			13.1818181818182	-5.85561497326203
			13.1550802139037	-5.85561497326203
			13.1283422459893	-5.85561497326203
			13.1016042780749	-5.85561497326203
			13.0748663101604	-5.85561497326203
			13.048128342246	-5.85561497326203
			13.0213903743316	-5.85561497326203
			12.9946524064171	-5.85561497326203
			12.9679144385027	-5.85561497326203
			12.9411764705882	-5.85561497326203
			12.9144385026738	-5.85561497326203
			12.8877005347594	-5.85561497326203
			12.8609625668449	-5.85561497326203
			12.8342245989305	-5.85561497326203
			12.807486631016	-5.85561497326203
			12.7807486631016	-5.85561497326203
			12.7540106951872	-5.85561497326203
			12.7272727272727	-5.85561497326203
			12.7005347593583	-5.85561497326203
			12.6737967914439	-5.85561497326203
			12.6470588235294	-5.85561497326203
			12.620320855615	-5.85561497326203
			12.5935828877005	-5.85561497326203
			12.5668449197861	-5.85561497326203
			12.5401069518717	-5.85561497326203
			12.5133689839572	-5.85561497326203
			12.4866310160428	-5.85561497326203
			12.4598930481283	-5.85561497326203
			12.4331550802139	-5.85561497326203
			12.4064171122995	-5.85561497326203
			12.379679144385	-5.85561497326203
			12.3529411764706	-5.85561497326203
			12.3262032085561	-5.85561497326203
			12.2994652406417	-5.85561497326203
			12.2727272727273	-5.85561497326203
			12.2459893048128	-5.85561497326203
			12.2192513368984	-5.85561497326203
			12.192513368984	-5.85561497326203
			12.1657754010695	-5.85561497326203
			12.1390374331551	-5.85561497326203
			12.1122994652406	-5.85561497326203
			12.0855614973262	-5.85561497326203
			12.0588235294118	-5.85561497326203
			12.0320855614973	-5.85561497326203
			12.0053475935829	-5.85561497326203
			11.9786096256684	-5.85561497326203
			11.951871657754	-5.85561497326203
			11.9251336898396	-5.85561497326203
			11.8983957219251	-5.85561497326203
			11.8716577540107	-5.88235294117647
			11.8449197860963	-5.88235294117647
			11.8181818181818	-5.88235294117647
			11.7914438502674	-5.88235294117647
			11.7647058823529	-5.88235294117647
			11.7379679144385	-5.88235294117647
			11.7112299465241	-5.88235294117647
			11.6844919786096	-5.88235294117647
			11.6577540106952	-5.88235294117647
		</margin>
	</curves.scaled>
	<ruler.points type=matrix rownames=TRUE colnames=FALSE nrow=2 ncol=2 as.numeric=TRUE >
		Ruler point 1	276	371
		Ruler point 2	463	371
	</ruler.points>
</shapes>

