<shapes type=list>
	<ruler.pixel type=vector names=FALSE length=1 as.numeric=TRUE >102</ruler.pixel>
	<ruler.interval type=vector names=FALSE length=1 as.numeric=TRUE >15.1</ruler.interval>
	<scaling.units type=vector names=FALSE length=1 as.numeric=FALSE >mm</scaling.units>
	<scaling type=vector names=FALSE length=1 as.numeric=TRUE >0.148039215686275</scaling>
	<landmarks.pixel type=matrix rownames=TRUE colnames=FALSE nrow=7 ncol=2 as.numeric=TRUE >
		LM1	107	276
		LM2	107	367
		LM3	107	373
		LM4	107	384
		LM5	129	282
		LM6	201	308
		LM7	207	321
	</landmarks.pixel>
	<landmarks.scaled type=matrix rownames=TRUE colnames=FALSE nrow=7 ncol=2 as.numeric=TRUE >
		LM1	15.8401960784314	-40.8588235294118
		LM2	15.8401960784314	-54.3303921568627
		LM3	15.8401960784314	-55.2186274509804
		LM4	15.8401960784314	-56.8470588235294
		LM5	19.0970588235294	-41.7470588235294
		LM6	29.7558823529412	-45.5960784313725
		LM7	30.6441176470588	-47.5205882352941
	</landmarks.scaled>
	<curves.control type=list>
		<axis type=matrix rownames=FALSE colnames=FALSE nrow=7 ncol=2 as.numeric=TRUE >
			107	276
			121	276
			129	282
			125	305
			122	330
			121	370
			107	367
		</axis>
		<border type=matrix rownames=FALSE colnames=FALSE nrow=7 ncol=2 as.numeric=TRUE >
			107	373
			113	378
			131	376
			147	371
			160	364
			190	342
			201	308
		</border>
		<margin type=matrix rownames=FALSE colnames=FALSE nrow=11 ncol=2 as.numeric=TRUE >
			107	384
			122	387
			153	377
			177	365
			195	349
			205	334
			207	326
			207	317
			200	308
			183	273
			129	282
		</margin>
	</curves.control>
	<curves.pixel type=list>
		<axis type=matrix rownames=FALSE colnames=FALSE nrow=116 ncol=2 as.numeric=TRUE >
			107	276
			108	276
			109	276
			110	276
			111	276
			112	276
			113	276
			114	276
			115	277
			116	277
			117	277
			118	277
			119	277
			120	278
			121	278
			122	278
			123	279
			124	279
			125	279
			126	280
			127	281
			128	281
			129	282
			129	283
			129	284
			128	285
			128	286
			128	287
			128	288
			128	289
			128	290
			127	291
			127	292
			127	293
			127	294
			127	295
			127	296
			127	297
			126	298
			126	299
			126	300
			126	301
			126	302
			126	303
			125	304
			125	305
			125	306
			125	307
			125	308
			125	309
			125	310
			125	311
			124	312
			124	313
			124	314
			124	315
			124	316
			124	317
			124	318
			123	319
			123	320
			123	321
			123	322
			123	323
			123	324
			123	325
			122	326
			122	327
			122	328
			122	329
			122	330
			122	331
			122	332
			122	333
			122	334
			122	335
			122	336
			122	337
			122	338
			122	339
			122	340
			121	341
			121	342
			121	343
			121	344
			121	345
			121	346
			121	347
			121	348
			120	349
			120	350
			120	351
			120	352
			120	353
			119	354
			119	355
			119	356
			119	357
			118	358
			118	359
			118	360
			117	360
			117	361
			117	362
			116	362
			116	363
			115	364
			115	365
			114	365
			113	366
			112	367
			111	367
			110	367
			109	367
			108	367
			107	367
		</axis>
		<border type=matrix rownames=FALSE colnames=FALSE nrow=116 ncol=2 as.numeric=TRUE >
			107	373
			108	373
			108	374
			109	374
			110	375
			111	375
			112	376
			113	376
			114	376
			115	376
			116	376
			117	376
			118	376
			119	377
			120	377
			121	377
			122	377
			123	377
			124	377
			125	376
			126	376
			127	376
			128	376
			129	376
			130	376
			131	376
			132	376
			133	375
			134	375
			135	375
			136	375
			136	374
			137	374
			138	374
			139	373
			140	373
			141	373
			142	372
			143	372
			144	372
			144	371
			145	371
			146	371
			147	370
			148	370
			149	369
			150	369
			151	368
			152	368
			153	367
			154	367
			155	367
			156	366
			157	366
			158	365
			159	365
			160	364
			161	363
			162	362
			163	362
			164	361
			165	360
			166	359
			167	358
			168	358
			169	357
			170	356
			171	355
			172	354
			173	353
			174	352
			175	351
			176	350
			177	349
			178	348
			178	347
			179	346
			180	345
			181	344
			182	344
			183	343
			183	342
			184	341
			185	340
			185	339
			186	338
			187	337
			188	336
			188	335
			189	334
			189	333
			190	332
			191	331
			191	330
			192	329
			192	328
			193	327
			193	326
			194	325
			194	324
			195	323
			195	322
			196	321
			196	320
			197	319
			197	318
			198	317
			198	316
			198	315
			199	314
			199	313
			200	312
			200	311
			200	310
			201	309
			201	308
		</border>
		<margin type=matrix rownames=FALSE colnames=FALSE nrow=216 ncol=2 as.numeric=TRUE >
			107	384
			108	384
			109	384
			110	384
			111	385
			112	385
			113	385
			114	385
			115	385
			116	385
			117	385
			118	385
			119	385
			120	384
			121	384
			122	384
			123	384
			124	384
			125	384
			126	384
			127	384
			128	383
			129	383
			130	383
			131	383
			132	383
			133	382
			134	382
			135	382
			136	382
			137	382
			138	381
			139	381
			140	381
			141	381
			142	380
			143	380
			144	380
			145	379
			146	379
			147	379
			148	379
			149	378
			150	378
			151	378
			152	377
			153	377
			154	377
			154	376
			155	376
			156	376
			156	375
			157	375
			158	375
			158	374
			159	374
			160	374
			160	373
			161	373
			162	372
			163	371
			164	371
			165	371
			166	370
			167	369
			168	369
			169	368
			170	368
			171	367
			172	366
			173	365
			174	365
			175	364
			176	363
			177	363
			178	362
			179	361
			180	361
			181	360
			182	359
			183	359
			184	358
			185	357
			186	357
			187	356
			188	355
			189	354
			190	354
			190	353
			191	352
			192	351
			193	351
			194	350
			195	349
			195	348
			196	348
			196	347
			197	346
			198	345
			198	344
			199	343
			199	342
			200	341
			201	340
			201	339
			202	338
			202	337
			203	336
			203	335
			204	334
			204	333
			205	332
			205	331
			206	330
			206	329
			206	328
			207	327
			207	326
			207	325
			207	324
			207	323
			207	322
			207	321
			206	321
			206	320
			206	319
			206	318
			205	317
			205	316
			204	315
			204	314
			203	313
			203	312
			202	311
			202	310
			201	309
			200	308
			200	307
			199	306
			198	305
			198	304
			197	303
			197	302
			196	302
			196	301
			196	300
			195	300
			195	299
			194	298
			193	297
			192	296
			191	295
			190	294
			189	293
			188	292
			187	291
			186	291
			186	290
			185	290
			184	289
			183	289
			182	288
			181	287
			180	287
			179	286
			178	286
			177	285
			176	285
			175	284
			174	284
			173	284
			172	283
			171	283
			170	283
			169	283
			169	282
			168	282
			167	282
			166	282
			165	282
			164	281
			163	281
			162	281
			161	281
			160	281
			159	281
			158	281
			157	280
			156	280
			155	280
			154	280
			153	280
			152	280
			151	280
			150	280
			149	280
			148	280
			147	280
			146	280
			145	280
			144	280
			143	280
			142	280
			141	280
			140	281
			139	281
			138	281
			137	281
			136	281
			135	281
			134	281
			133	281
			132	282
			131	282
			130	282
			129	282
		</margin>
	</curves.pixel>
	<curves.scaled type=list>
		<axis type=matrix rownames=FALSE colnames=FALSE nrow=116 ncol=2 as.numeric=TRUE >
			15.8401960784314	-40.8588235294118
			15.9882352941176	-40.8588235294118
			16.1362745098039	-40.8588235294118
			16.2843137254902	-40.8588235294118
			16.4323529411765	-40.8588235294118
			16.5803921568627	-40.8588235294118
			16.728431372549	-40.8588235294118
			16.8764705882353	-40.8588235294118
			17.0245098039216	-41.006862745098
			17.1725490196078	-41.006862745098
			17.3205882352941	-41.006862745098
			17.4686274509804	-41.006862745098
			17.6166666666667	-41.006862745098
			17.7647058823529	-41.1549019607843
			17.9127450980392	-41.1549019607843
			18.0607843137255	-41.1549019607843
			18.2088235294118	-41.3029411764706
			18.356862745098	-41.3029411764706
			18.5049019607843	-41.3029411764706
			18.6529411764706	-41.4509803921569
			18.8009803921569	-41.5990196078431
			18.9490196078431	-41.5990196078431
			19.0970588235294	-41.7470588235294
			19.0970588235294	-41.8950980392157
			19.0970588235294	-42.043137254902
			18.9490196078431	-42.1911764705882
			18.9490196078431	-42.3392156862745
			18.9490196078431	-42.4872549019608
			18.9490196078431	-42.6352941176471
			18.9490196078431	-42.7833333333333
			18.9490196078431	-42.9313725490196
			18.8009803921569	-43.0794117647059
			18.8009803921569	-43.2274509803922
			18.8009803921569	-43.3754901960784
			18.8009803921569	-43.5235294117647
			18.8009803921569	-43.671568627451
			18.8009803921569	-43.8196078431373
			18.8009803921569	-43.9676470588235
			18.6529411764706	-44.1156862745098
			18.6529411764706	-44.2637254901961
			18.6529411764706	-44.4117647058824
			18.6529411764706	-44.5598039215686
			18.6529411764706	-44.7078431372549
			18.6529411764706	-44.8558823529412
			18.5049019607843	-45.0039215686275
			18.5049019607843	-45.1519607843137
			18.5049019607843	-45.3
			18.5049019607843	-45.4480392156863
			18.5049019607843	-45.5960784313725
			18.5049019607843	-45.7441176470588
			18.5049019607843	-45.8921568627451
			18.5049019607843	-46.0401960784314
			18.356862745098	-46.1882352941176
			18.356862745098	-46.3362745098039
			18.356862745098	-46.4843137254902
			18.356862745098	-46.6323529411765
			18.356862745098	-46.7803921568627
			18.356862745098	-46.928431372549
			18.356862745098	-47.0764705882353
			18.2088235294118	-47.2245098039216
			18.2088235294118	-47.3725490196078
			18.2088235294118	-47.5205882352941
			18.2088235294118	-47.6686274509804
			18.2088235294118	-47.8166666666667
			18.2088235294118	-47.9647058823529
			18.2088235294118	-48.1127450980392
			18.0607843137255	-48.2607843137255
			18.0607843137255	-48.4088235294118
			18.0607843137255	-48.556862745098
			18.0607843137255	-48.7049019607843
			18.0607843137255	-48.8529411764706
			18.0607843137255	-49.0009803921569
			18.0607843137255	-49.1490196078431
			18.0607843137255	-49.2970588235294
			18.0607843137255	-49.4450980392157
			18.0607843137255	-49.593137254902
			18.0607843137255	-49.7411764705882
			18.0607843137255	-49.8892156862745
			18.0607843137255	-50.0372549019608
			18.0607843137255	-50.1852941176471
			18.0607843137255	-50.3333333333333
			17.9127450980392	-50.4813725490196
			17.9127450980392	-50.6294117647059
			17.9127450980392	-50.7774509803922
			17.9127450980392	-50.9254901960784
			17.9127450980392	-51.0735294117647
			17.9127450980392	-51.221568627451
			17.9127450980392	-51.3696078431373
			17.9127450980392	-51.5176470588235
			17.7647058823529	-51.6656862745098
			17.7647058823529	-51.8137254901961
			17.7647058823529	-51.9617647058824
			17.7647058823529	-52.1098039215686
			17.7647058823529	-52.2578431372549
			17.6166666666667	-52.4058823529412
			17.6166666666667	-52.5539215686275
			17.6166666666667	-52.7019607843137
			17.6166666666667	-52.85
			17.4686274509804	-52.9980392156863
			17.4686274509804	-53.1460784313726
			17.4686274509804	-53.2941176470588
			17.3205882352941	-53.2941176470588
			17.3205882352941	-53.4421568627451
			17.3205882352941	-53.5901960784314
			17.1725490196078	-53.5901960784314
			17.1725490196078	-53.7382352941177
			17.0245098039216	-53.8862745098039
			17.0245098039216	-54.0343137254902
			16.8764705882353	-54.0343137254902
			16.728431372549	-54.1823529411765
			16.5803921568627	-54.3303921568627
			16.4323529411765	-54.3303921568627
			16.2843137254902	-54.3303921568627
			16.1362745098039	-54.3303921568627
			15.9882352941176	-54.3303921568627
			15.8401960784314	-54.3303921568627
		</axis>
		<border type=matrix rownames=FALSE colnames=FALSE nrow=116 ncol=2 as.numeric=TRUE >
			15.8401960784314	-55.2186274509804
			15.9882352941176	-55.2186274509804
			15.9882352941176	-55.3666666666667
			16.1362745098039	-55.3666666666667
			16.2843137254902	-55.5147058823529
			16.4323529411765	-55.5147058823529
			16.5803921568627	-55.6627450980392
			16.728431372549	-55.6627450980392
			16.8764705882353	-55.6627450980392
			17.0245098039216	-55.6627450980392
			17.1725490196078	-55.6627450980392
			17.3205882352941	-55.6627450980392
			17.4686274509804	-55.6627450980392
			17.6166666666667	-55.8107843137255
			17.7647058823529	-55.8107843137255
			17.9127450980392	-55.8107843137255
			18.0607843137255	-55.8107843137255
			18.2088235294118	-55.8107843137255
			18.356862745098	-55.8107843137255
			18.5049019607843	-55.6627450980392
			18.6529411764706	-55.6627450980392
			18.8009803921569	-55.6627450980392
			18.9490196078431	-55.6627450980392
			19.0970588235294	-55.6627450980392
			19.2450980392157	-55.6627450980392
			19.393137254902	-55.6627450980392
			19.5411764705882	-55.6627450980392
			19.6892156862745	-55.5147058823529
			19.8372549019608	-55.5147058823529
			19.9852941176471	-55.5147058823529
			20.1333333333333	-55.5147058823529
			20.1333333333333	-55.3666666666667
			20.2813725490196	-55.3666666666667
			20.4294117647059	-55.3666666666667
			20.5774509803922	-55.2186274509804
			20.7254901960784	-55.2186274509804
			20.8735294117647	-55.2186274509804
			21.021568627451	-55.0705882352941
			21.1696078431373	-55.0705882352941
			21.3176470588235	-55.0705882352941
			21.3176470588235	-54.9225490196078
			21.4656862745098	-54.9225490196078
			21.6137254901961	-54.9225490196078
			21.7617647058824	-54.7745098039216
			21.9098039215686	-54.7745098039216
			22.0578431372549	-54.6264705882353
			22.2058823529412	-54.6264705882353
			22.3539215686275	-54.478431372549
			22.5019607843137	-54.478431372549
			22.65	-54.3303921568627
			22.7980392156863	-54.3303921568627
			22.9460784313725	-54.3303921568627
			23.0941176470588	-54.1823529411765
			23.2421568627451	-54.1823529411765
			23.3901960784314	-54.0343137254902
			23.5382352941176	-54.0343137254902
			23.6862745098039	-53.8862745098039
			23.8343137254902	-53.7382352941177
			23.9823529411765	-53.5901960784314
			24.1303921568627	-53.5901960784314
			24.278431372549	-53.4421568627451
			24.4264705882353	-53.2941176470588
			24.5745098039216	-53.1460784313726
			24.7225490196078	-52.9980392156863
			24.8705882352941	-52.9980392156863
			25.0186274509804	-52.85
			25.1666666666667	-52.7019607843137
			25.3147058823529	-52.5539215686275
			25.4627450980392	-52.4058823529412
			25.6107843137255	-52.2578431372549
			25.7588235294118	-52.1098039215686
			25.906862745098	-51.9617647058824
			26.0549019607843	-51.8137254901961
			26.2029411764706	-51.6656862745098
			26.3509803921569	-51.5176470588235
			26.3509803921569	-51.3696078431373
			26.4990196078431	-51.221568627451
			26.6470588235294	-51.0735294117647
			26.7950980392157	-50.9254901960784
			26.943137254902	-50.9254901960784
			27.0911764705882	-50.7774509803922
			27.0911764705882	-50.6294117647059
			27.2392156862745	-50.4813725490196
			27.3872549019608	-50.3333333333333
			27.3872549019608	-50.1852941176471
			27.5352941176471	-50.0372549019608
			27.6833333333333	-49.8892156862745
			27.8313725490196	-49.7411764705882
			27.8313725490196	-49.593137254902
			27.9794117647059	-49.4450980392157
			27.9794117647059	-49.2970588235294
			28.1274509803922	-49.1490196078431
			28.2754901960784	-49.0009803921569
			28.2754901960784	-48.8529411764706
			28.4235294117647	-48.7049019607843
			28.4235294117647	-48.556862745098
			28.571568627451	-48.4088235294118
			28.571568627451	-48.2607843137255
			28.7196078431373	-48.1127450980392
			28.7196078431373	-47.9647058823529
			28.8676470588235	-47.8166666666667
			28.8676470588235	-47.6686274509804
			29.0156862745098	-47.5205882352941
			29.0156862745098	-47.3725490196078
			29.1637254901961	-47.2245098039216
			29.1637254901961	-47.0764705882353
			29.3117647058824	-46.928431372549
			29.3117647058824	-46.7803921568627
			29.3117647058824	-46.6323529411765
			29.4598039215686	-46.4843137254902
			29.4598039215686	-46.3362745098039
			29.6078431372549	-46.1882352941176
			29.6078431372549	-46.0401960784314
			29.6078431372549	-45.8921568627451
			29.7558823529412	-45.7441176470588
			29.7558823529412	-45.5960784313725
		</border>
		<margin type=matrix rownames=FALSE colnames=FALSE nrow=216 ncol=2 as.numeric=TRUE >
			15.8401960784314	-56.8470588235294
			15.9882352941176	-56.8470588235294
			16.1362745098039	-56.8470588235294
			16.2843137254902	-56.8470588235294
			16.4323529411765	-56.9950980392157
			16.5803921568627	-56.9950980392157
			16.728431372549	-56.9950980392157
			16.8764705882353	-56.9950980392157
			17.0245098039216	-56.9950980392157
			17.1725490196078	-56.9950980392157
			17.3205882352941	-56.9950980392157
			17.4686274509804	-56.9950980392157
			17.6166666666667	-56.9950980392157
			17.7647058823529	-56.8470588235294
			17.9127450980392	-56.8470588235294
			18.0607843137255	-56.8470588235294
			18.2088235294118	-56.8470588235294
			18.356862745098	-56.8470588235294
			18.5049019607843	-56.8470588235294
			18.6529411764706	-56.8470588235294
			18.8009803921569	-56.8470588235294
			18.9490196078431	-56.6990196078431
			19.0970588235294	-56.6990196078431
			19.2450980392157	-56.6990196078431
			19.393137254902	-56.6990196078431
			19.5411764705882	-56.6990196078431
			19.6892156862745	-56.5509803921569
			19.8372549019608	-56.5509803921569
			19.9852941176471	-56.5509803921569
			20.1333333333333	-56.5509803921569
			20.2813725490196	-56.5509803921569
			20.4294117647059	-56.4029411764706
			20.5774509803922	-56.4029411764706
			20.7254901960784	-56.4029411764706
			20.8735294117647	-56.4029411764706
			21.021568627451	-56.2549019607843
			21.1696078431373	-56.2549019607843
			21.3176470588235	-56.2549019607843
			21.4656862745098	-56.106862745098
			21.6137254901961	-56.106862745098
			21.7617647058824	-56.106862745098
			21.9098039215686	-56.106862745098
			22.0578431372549	-55.9588235294118
			22.2058823529412	-55.9588235294118
			22.3539215686275	-55.9588235294118
			22.5019607843137	-55.8107843137255
			22.65	-55.8107843137255
			22.7980392156863	-55.8107843137255
			22.7980392156863	-55.6627450980392
			22.9460784313725	-55.6627450980392
			23.0941176470588	-55.6627450980392
			23.0941176470588	-55.5147058823529
			23.2421568627451	-55.5147058823529
			23.3901960784314	-55.5147058823529
			23.3901960784314	-55.3666666666667
			23.5382352941176	-55.3666666666667
			23.6862745098039	-55.3666666666667
			23.6862745098039	-55.2186274509804
			23.8343137254902	-55.2186274509804
			23.9823529411765	-55.0705882352941
			24.1303921568627	-54.9225490196078
			24.278431372549	-54.9225490196078
			24.4264705882353	-54.9225490196078
			24.5745098039216	-54.7745098039216
			24.7225490196078	-54.6264705882353
			24.8705882352941	-54.6264705882353
			25.0186274509804	-54.478431372549
			25.1666666666667	-54.478431372549
			25.3147058823529	-54.3303921568627
			25.4627450980392	-54.1823529411765
			25.6107843137255	-54.0343137254902
			25.7588235294118	-54.0343137254902
			25.906862745098	-53.8862745098039
			26.0549019607843	-53.7382352941177
			26.2029411764706	-53.7382352941177
			26.3509803921569	-53.5901960784314
			26.4990196078431	-53.4421568627451
			26.6470588235294	-53.4421568627451
			26.7950980392157	-53.2941176470588
			26.943137254902	-53.1460784313726
			27.0911764705882	-53.1460784313726
			27.2392156862745	-52.9980392156863
			27.3872549019608	-52.85
			27.5352941176471	-52.85
			27.6833333333333	-52.7019607843137
			27.8313725490196	-52.5539215686275
			27.9794117647059	-52.4058823529412
			28.1274509803922	-52.4058823529412
			28.1274509803922	-52.2578431372549
			28.2754901960784	-52.1098039215686
			28.4235294117647	-51.9617647058824
			28.571568627451	-51.9617647058824
			28.7196078431373	-51.8137254901961
			28.8676470588235	-51.6656862745098
			28.8676470588235	-51.5176470588235
			29.0156862745098	-51.5176470588235
			29.0156862745098	-51.3696078431373
			29.1637254901961	-51.221568627451
			29.3117647058824	-51.0735294117647
			29.3117647058824	-50.9254901960784
			29.4598039215686	-50.7774509803922
			29.4598039215686	-50.6294117647059
			29.6078431372549	-50.4813725490196
			29.7558823529412	-50.3333333333333
			29.7558823529412	-50.1852941176471
			29.9039215686274	-50.0372549019608
			29.9039215686274	-49.8892156862745
			30.0519607843137	-49.7411764705882
			30.0519607843137	-49.593137254902
			30.2	-49.4450980392157
			30.2	-49.2970588235294
			30.3480392156863	-49.1490196078431
			30.3480392156863	-49.0009803921569
			30.4960784313725	-48.8529411764706
			30.4960784313725	-48.7049019607843
			30.4960784313725	-48.556862745098
			30.6441176470588	-48.4088235294118
			30.6441176470588	-48.2607843137255
			30.6441176470588	-48.1127450980392
			30.6441176470588	-47.9647058823529
			30.6441176470588	-47.8166666666667
			30.6441176470588	-47.6686274509804
			30.6441176470588	-47.5205882352941
			30.4960784313725	-47.5205882352941
			30.4960784313725	-47.3725490196078
			30.4960784313725	-47.2245098039216
			30.4960784313725	-47.0764705882353
			30.3480392156863	-46.928431372549
			30.3480392156863	-46.7803921568627
			30.2	-46.6323529411765
			30.2	-46.4843137254902
			30.0519607843137	-46.3362745098039
			30.0519607843137	-46.1882352941176
			29.9039215686274	-46.0401960784314
			29.9039215686274	-45.8921568627451
			29.7558823529412	-45.7441176470588
			29.6078431372549	-45.5960784313725
			29.6078431372549	-45.4480392156863
			29.4598039215686	-45.3
			29.3117647058824	-45.1519607843137
			29.3117647058824	-45.0039215686275
			29.1637254901961	-44.8558823529412
			29.1637254901961	-44.7078431372549
			29.0156862745098	-44.7078431372549
			29.0156862745098	-44.5598039215686
			29.0156862745098	-44.4117647058824
			28.8676470588235	-44.4117647058824
			28.8676470588235	-44.2637254901961
			28.7196078431373	-44.1156862745098
			28.571568627451	-43.9676470588235
			28.4235294117647	-43.8196078431373
			28.2754901960784	-43.671568627451
			28.1274509803922	-43.5235294117647
			27.9794117647059	-43.3754901960784
			27.8313725490196	-43.2274509803922
			27.6833333333333	-43.0794117647059
			27.5352941176471	-43.0794117647059
			27.5352941176471	-42.9313725490196
			27.3872549019608	-42.9313725490196
			27.2392156862745	-42.7833333333333
			27.0911764705882	-42.7833333333333
			26.943137254902	-42.6352941176471
			26.7950980392157	-42.4872549019608
			26.6470588235294	-42.4872549019608
			26.4990196078431	-42.3392156862745
			26.3509803921569	-42.3392156862745
			26.2029411764706	-42.1911764705882
			26.0549019607843	-42.1911764705882
			25.906862745098	-42.043137254902
			25.7588235294118	-42.043137254902
			25.6107843137255	-42.043137254902
			25.4627450980392	-41.8950980392157
			25.3147058823529	-41.8950980392157
			25.1666666666667	-41.8950980392157
			25.0186274509804	-41.8950980392157
			25.0186274509804	-41.7470588235294
			24.8705882352941	-41.7470588235294
			24.7225490196078	-41.7470588235294
			24.5745098039216	-41.7470588235294
			24.4264705882353	-41.7470588235294
			24.278431372549	-41.5990196078431
			24.1303921568627	-41.5990196078431
			23.9823529411765	-41.5990196078431
			23.8343137254902	-41.5990196078431
			23.6862745098039	-41.5990196078431
			23.5382352941176	-41.5990196078431
			23.3901960784314	-41.5990196078431
			23.2421568627451	-41.4509803921569
			23.0941176470588	-41.4509803921569
			22.9460784313725	-41.4509803921569
			22.7980392156863	-41.4509803921569
			22.65	-41.4509803921569
			22.5019607843137	-41.4509803921569
			22.3539215686275	-41.4509803921569
			22.2058823529412	-41.4509803921569
			22.0578431372549	-41.4509803921569
			21.9098039215686	-41.4509803921569
			21.7617647058824	-41.4509803921569
			21.6137254901961	-41.4509803921569
			21.4656862745098	-41.4509803921569
			21.3176470588235	-41.4509803921569
			21.1696078431373	-41.4509803921569
			21.021568627451	-41.4509803921569
			20.8735294117647	-41.4509803921569
			20.7254901960784	-41.5990196078431
			20.5774509803922	-41.5990196078431
			20.4294117647059	-41.5990196078431
			20.2813725490196	-41.5990196078431
			20.1333333333333	-41.5990196078431
			19.9852941176471	-41.5990196078431
			19.8372549019608	-41.5990196078431
			19.6892156862745	-41.5990196078431
			19.5411764705882	-41.7470588235294
			19.393137254902	-41.7470588235294
			19.2450980392157	-41.7470588235294
			19.0970588235294	-41.7470588235294
		</margin>
	</curves.scaled>
	<ruler.points type=matrix rownames=TRUE colnames=FALSE nrow=2 ncol=2 as.numeric=TRUE >
		Ruler point 1	250	289
		Ruler point 2	250	391
	</ruler.points>
</shapes>

