<shapes type=list>
	<ruler.pixel type=vector names=FALSE length=1 as.numeric=TRUE >137</ruler.pixel>
	<ruler.interval type=vector names=FALSE length=1 as.numeric=TRUE >4.3</ruler.interval>
	<scaling.units type=vector names=FALSE length=1 as.numeric=FALSE >mm</scaling.units>
	<scaling type=vector names=FALSE length=1 as.numeric=TRUE >0.0313868613138686</scaling>
	<landmarks.pixel type=matrix rownames=TRUE colnames=FALSE nrow=7 ncol=2 as.numeric=TRUE >
		LM1	170	22
		LM2	166	159
		LM3	166	169
		LM4	166	183
		LM5	224	32
		LM6	321	88
		LM7	328	102
	</landmarks.pixel>
	<landmarks.scaled type=matrix rownames=TRUE colnames=FALSE nrow=7 ncol=2 as.numeric=TRUE >
		LM1	5.33576642335766	-0.69051094890511
		LM2	5.21021897810219	-4.99051094890511
		LM3	5.21021897810219	-5.3043795620438
		LM4	5.21021897810219	-5.74379562043796
		LM5	7.03065693430657	-1.0043795620438
		LM6	10.0751824817518	-2.76204379562044
		LM7	10.2948905109489	-3.2014598540146
	</landmarks.scaled>
	<curves.control type=list>
		<axis type=matrix rownames=FALSE colnames=FALSE nrow=9 ncol=2 as.numeric=TRUE >
			170	22
			193	19
			225	32
			217	60
			206	93
			204	111
			196	133
			190	149
			166	159
		</axis>
		<border type=matrix rownames=FALSE colnames=FALSE nrow=3 ncol=2 as.numeric=TRUE >
			166	169
			269	162
			321	88
		</border>
		<margin type=matrix rownames=FALSE colnames=FALSE nrow=11 ncol=2 as.numeric=TRUE >
			166	183
			214	191
			272	166
			320	133
			328	101
			322	89
			312	73
			303	58
			288	41
			275	30
			224	32
		</margin>
	</curves.control>
	<curves.pixel type=list>
		<axis type=matrix rownames=FALSE colnames=FALSE nrow=195 ncol=2 as.numeric=TRUE >
			170	22
			171	22
			172	22
			173	22
			174	22
			175	22
			176	22
			177	21
			178	21
			179	21
			180	21
			181	21
			182	21
			183	22
			184	22
			185	22
			186	22
			187	22
			188	22
			189	22
			190	22
			191	22
			192	23
			193	23
			194	23
			195	23
			196	23
			197	23
			198	24
			199	24
			200	24
			201	24
			202	24
			203	25
			204	25
			205	25
			206	26
			207	26
			208	26
			209	26
			210	27
			211	27
			212	27
			213	28
			214	28
			215	28
			216	28
			216	29
			217	29
			218	29
			219	30
			220	30
			221	30
			222	31
			223	31
			224	32
			225	32
			225	33
			224	34
			224	35
			224	36
			223	37
			223	38
			223	39
			223	40
			222	41
			222	42
			222	43
			221	44
			221	45
			221	46
			221	47
			220	48
			220	49
			220	50
			219	51
			219	52
			219	53
			219	54
			218	55
			218	56
			218	57
			217	58
			217	59
			217	60
			216	61
			216	62
			216	63
			215	64
			215	65
			215	66
			214	67
			214	68
			214	69
			213	70
			213	71
			213	72
			212	73
			212	74
			212	75
			211	76
			211	77
			211	78
			211	79
			210	80
			210	81
			210	82
			209	83
			209	84
			209	85
			208	86
			208	87
			208	88
			207	89
			207	90
			207	91
			206	92
			206	93
			206	94
			206	95
			206	96
			205	97
			205	98
			205	99
			205	100
			205	101
			205	102
			204	103
			204	104
			204	105
			204	106
			204	107
			203	108
			203	109
			203	110
			203	111
			203	112
			202	113
			202	114
			202	115
			202	116
			201	117
			201	118
			201	119
			200	120
			200	121
			200	122
			199	123
			199	124
			199	125
			198	126
			198	127
			198	128
			197	129
			197	130
			197	131
			196	132
			196	133
			196	134
			195	135
			195	136
			194	137
			194	138
			193	139
			193	140
			192	141
			191	141
			191	142
			190	143
			189	144
			188	145
			187	146
			186	147
			185	148
			184	149
			183	150
			182	150
			181	151
			180	151
			180	152
			179	152
			178	153
			177	153
			176	154
			175	154
			175	155
			174	155
			173	156
			172	156
			171	157
			170	157
			169	158
			168	158
			167	159
			166	159
		</axis>
		<border type=matrix rownames=FALSE colnames=FALSE nrow=168 ncol=2 as.numeric=TRUE >
			166	169
			167	169
			168	169
			169	169
			170	169
			171	169
			172	169
			173	168
			174	168
			175	168
			176	168
			177	168
			178	168
			179	168
			180	168
			181	168
			182	167
			183	167
			184	167
			185	167
			186	167
			187	167
			188	167
			189	167
			189	166
			190	166
			191	166
			192	166
			193	166
			194	166
			195	166
			196	165
			197	165
			198	165
			199	165
			200	165
			201	164
			202	164
			203	164
			204	164
			205	164
			205	163
			206	163
			207	163
			208	163
			209	163
			210	162
			211	162
			212	162
			213	162
			214	161
			215	161
			216	161
			217	161
			218	160
			219	160
			220	160
			221	159
			222	159
			223	159
			224	158
			225	158
			226	158
			227	157
			228	157
			229	157
			230	157
			231	156
			232	156
			233	155
			234	155
			235	155
			236	155
			236	154
			237	154
			238	154
			239	153
			240	153
			241	152
			242	152
			243	151
			244	151
			245	151
			246	150
			247	150
			248	149
			249	149
			250	148
			251	148
			252	147
			253	147
			254	146
			255	146
			256	145
			257	145
			258	144
			259	144
			260	143
			261	143
			262	142
			263	142
			263	141
			264	141
			265	140
			266	140
			267	139
			268	139
			269	138
			270	137
			271	137
			272	136
			273	135
			274	134
			275	134
			276	133
			277	133
			277	132
			278	132
			279	131
			280	131
			281	130
			282	129
			283	128
			284	127
			285	127
			286	126
			286	125
			287	125
			288	124
			289	123
			290	122
			291	122
			292	121
			292	120
			293	119
			294	119
			295	118
			296	117
			297	116
			298	115
			299	114
			300	113
			301	112
			302	111
			303	110
			304	109
			305	108
			306	107
			306	106
			307	105
			308	104
			309	103
			310	102
			311	101
			312	100
			313	99
			313	98
			314	97
			315	96
			316	95
			317	94
			318	93
			318	92
			319	91
			319	90
			320	90
			320	89
			321	88
		</border>
		<margin type=matrix rownames=FALSE colnames=FALSE nrow=318 ncol=2 as.numeric=TRUE >
			166	183
			167	183
			168	183
			169	183
			170	184
			171	184
			172	184
			173	184
			174	184
			175	184
			176	184
			177	184
			178	185
			179	185
			180	185
			181	185
			182	185
			183	185
			184	185
			185	185
			186	185
			187	185
			188	185
			189	185
			190	185
			191	185
			192	185
			193	185
			194	185
			195	185
			196	185
			197	185
			198	185
			199	185
			200	185
			201	185
			202	184
			203	184
			204	184
			205	184
			206	184
			207	184
			208	184
			209	184
			210	184
			211	183
			212	183
			213	183
			214	183
			215	183
			216	183
			217	183
			218	182
			219	182
			220	182
			221	182
			222	182
			223	182
			224	181
			225	181
			226	181
			227	181
			228	181
			229	180
			230	180
			231	180
			232	180
			233	179
			234	179
			235	179
			236	178
			237	178
			238	178
			239	178
			240	177
			241	177
			242	177
			243	177
			244	176
			245	176
			246	176
			247	175
			248	175
			249	175
			250	174
			251	174
			252	174
			253	173
			254	173
			255	173
			256	172
			257	172
			258	172
			259	171
			260	171
			261	171
			262	170
			263	170
			264	169
			265	169
			266	169
			267	168
			268	168
			269	167
			270	167
			271	167
			272	166
			273	166
			273	165
			274	164
			275	164
			276	163
			277	163
			277	162
			278	162
			279	161
			280	160
			281	160
			281	159
			282	159
			283	158
			284	158
			284	157
			285	157
			286	156
			286	155
			287	155
			288	154
			289	154
			289	153
			290	153
			291	152
			291	151
			292	151
			293	150
			294	149
			295	148
			296	147
			297	147
			298	146
			298	145
			299	145
			300	144
			300	143
			301	143
			302	142
			303	141
			304	140
			305	139
			306	138
			307	137
			307	136
			308	135
			309	134
			310	134
			310	133
			311	132
			312	131
			312	130
			313	130
			314	129
			314	128
			315	127
			315	126
			316	126
			317	125
			317	124
			318	123
			318	122
			319	122
			319	121
			320	120
			320	119
			321	118
			322	117
			322	116
			323	115
			323	114
			324	113
			324	112
			325	111
			325	110
			325	109
			326	108
			326	107
			326	106
			327	105
			327	104
			327	103
			328	102
			328	101
			328	100
			327	100
			327	99
			327	98
			326	97
			325	96
			325	95
			324	94
			324	93
			323	92
			323	91
			322	90
			322	89
			321	88
			321	87
			320	86
			319	85
			319	84
			318	83
			318	82
			317	81
			316	80
			316	79
			315	78
			314	77
			314	76
			313	75
			313	74
			312	74
			312	73
			312	72
			311	72
			311	71
			310	70
			309	69
			309	68
			308	67
			308	66
			307	65
			306	64
			305	63
			305	62
			304	61
			303	60
			303	59
			302	58
			301	57
			300	56
			300	55
			299	54
			298	53
			297	52
			296	51
			296	50
			295	49
			294	48
			293	47
			292	46
			291	45
			290	44
			289	43
			289	42
			288	41
			287	40
			286	39
			285	39
			284	38
			283	38
			282	37
			281	37
			280	37
			279	36
			278	36
			277	36
			276	35
			275	35
			274	35
			273	35
			272	34
			271	34
			270	34
			269	34
			268	34
			267	33
			266	33
			265	33
			264	33
			263	33
			262	33
			261	33
			260	33
			259	32
			258	32
			257	32
			256	32
			255	32
			254	32
			253	32
			252	32
			251	32
			250	32
			249	32
			248	32
			247	32
			246	32
			245	32
			244	32
			243	32
			242	32
			241	32
			240	32
			239	32
			238	32
			237	32
			236	32
			235	32
			234	32
			233	32
			232	32
			231	32
			230	32
			229	32
			228	32
			227	32
			226	32
			225	32
			224	32
		</margin>
	</curves.pixel>
	<curves.scaled type=list>
		<axis type=matrix rownames=FALSE colnames=FALSE nrow=195 ncol=2 as.numeric=TRUE >
			5.33576642335766	-0.69051094890511
			5.36715328467153	-0.69051094890511
			5.3985401459854	-0.69051094890511
			5.42992700729927	-0.69051094890511
			5.46131386861314	-0.69051094890511
			5.49270072992701	-0.69051094890511
			5.52408759124088	-0.69051094890511
			5.55547445255475	-0.659124087591241
			5.58686131386861	-0.659124087591241
			5.61824817518248	-0.659124087591241
			5.64963503649635	-0.659124087591241
			5.68102189781022	-0.659124087591241
			5.71240875912409	-0.659124087591241
			5.74379562043796	-0.69051094890511
			5.77518248175183	-0.69051094890511
			5.80656934306569	-0.69051094890511
			5.83795620437956	-0.69051094890511
			5.86934306569343	-0.69051094890511
			5.9007299270073	-0.69051094890511
			5.93211678832117	-0.69051094890511
			5.96350364963504	-0.69051094890511
			5.99489051094891	-0.69051094890511
			6.02627737226277	-0.721897810218978
			6.05766423357664	-0.721897810218978
			6.08905109489051	-0.721897810218978
			6.12043795620438	-0.721897810218978
			6.15182481751825	-0.721897810218978
			6.18321167883212	-0.721897810218978
			6.21459854014599	-0.753284671532847
			6.24598540145985	-0.753284671532847
			6.27737226277372	-0.753284671532847
			6.30875912408759	-0.753284671532847
			6.34014598540146	-0.753284671532847
			6.37153284671533	-0.784671532846715
			6.4029197080292	-0.784671532846715
			6.43430656934307	-0.784671532846715
			6.46569343065693	-0.816058394160584
			6.4970802919708	-0.816058394160584
			6.52846715328467	-0.816058394160584
			6.55985401459854	-0.816058394160584
			6.59124087591241	-0.847445255474453
			6.62262773722628	-0.847445255474453
			6.65401459854015	-0.847445255474453
			6.68540145985402	-0.878832116788321
			6.71678832116788	-0.878832116788321
			6.74817518248175	-0.878832116788321
			6.77956204379562	-0.878832116788321
			6.77956204379562	-0.91021897810219
			6.81094890510949	-0.91021897810219
			6.84233576642336	-0.91021897810219
			6.87372262773723	-0.941605839416058
			6.9051094890511	-0.941605839416058
			6.93649635036496	-0.941605839416058
			6.96788321167883	-0.972992700729927
			6.9992700729927	-0.972992700729927
			7.03065693430657	-1.0043795620438
			7.06204379562044	-1.0043795620438
			7.06204379562044	-1.03576642335766
			7.03065693430657	-1.06715328467153
			7.03065693430657	-1.0985401459854
			7.03065693430657	-1.12992700729927
			6.9992700729927	-1.16131386861314
			6.9992700729927	-1.19270072992701
			6.9992700729927	-1.22408759124088
			6.9992700729927	-1.25547445255474
			6.96788321167883	-1.28686131386861
			6.96788321167883	-1.31824817518248
			6.96788321167883	-1.34963503649635
			6.93649635036496	-1.38102189781022
			6.93649635036496	-1.41240875912409
			6.93649635036496	-1.44379562043796
			6.93649635036496	-1.47518248175182
			6.9051094890511	-1.50656934306569
			6.9051094890511	-1.53795620437956
			6.9051094890511	-1.56934306569343
			6.87372262773723	-1.6007299270073
			6.87372262773723	-1.63211678832117
			6.87372262773723	-1.66350364963504
			6.87372262773723	-1.69489051094891
			6.84233576642336	-1.72627737226277
			6.84233576642336	-1.75766423357664
			6.84233576642336	-1.78905109489051
			6.81094890510949	-1.82043795620438
			6.81094890510949	-1.85182481751825
			6.81094890510949	-1.88321167883212
			6.77956204379562	-1.91459854014599
			6.77956204379562	-1.94598540145985
			6.77956204379562	-1.97737226277372
			6.74817518248175	-2.00875912408759
			6.74817518248175	-2.04014598540146
			6.74817518248175	-2.07153284671533
			6.71678832116788	-2.1029197080292
			6.71678832116788	-2.13430656934307
			6.71678832116788	-2.16569343065693
			6.68540145985402	-2.1970802919708
			6.68540145985402	-2.22846715328467
			6.68540145985402	-2.25985401459854
			6.65401459854015	-2.29124087591241
			6.65401459854015	-2.32262773722628
			6.65401459854015	-2.35401459854015
			6.62262773722628	-2.38540145985401
			6.62262773722628	-2.41678832116788
			6.62262773722628	-2.44817518248175
			6.62262773722628	-2.47956204379562
			6.59124087591241	-2.51094890510949
			6.59124087591241	-2.54233576642336
			6.59124087591241	-2.57372262773723
			6.55985401459854	-2.60510948905109
			6.55985401459854	-2.63649635036496
			6.55985401459854	-2.66788321167883
			6.52846715328467	-2.6992700729927
			6.52846715328467	-2.73065693430657
			6.52846715328467	-2.76204379562044
			6.4970802919708	-2.79343065693431
			6.4970802919708	-2.82481751824818
			6.4970802919708	-2.85620437956204
			6.46569343065693	-2.88759124087591
			6.46569343065693	-2.91897810218978
			6.46569343065693	-2.95036496350365
			6.46569343065693	-2.98175182481752
			6.46569343065693	-3.01313868613139
			6.43430656934307	-3.04452554744526
			6.43430656934307	-3.07591240875912
			6.43430656934307	-3.10729927007299
			6.43430656934307	-3.13868613138686
			6.43430656934307	-3.17007299270073
			6.43430656934307	-3.2014598540146
			6.4029197080292	-3.23284671532847
			6.4029197080292	-3.26423357664234
			6.4029197080292	-3.2956204379562
			6.4029197080292	-3.32700729927007
			6.4029197080292	-3.35839416058394
			6.37153284671533	-3.38978102189781
			6.37153284671533	-3.42116788321168
			6.37153284671533	-3.45255474452555
			6.37153284671533	-3.48394160583942
			6.37153284671533	-3.51532846715328
			6.34014598540146	-3.54671532846715
			6.34014598540146	-3.57810218978102
			6.34014598540146	-3.60948905109489
			6.34014598540146	-3.64087591240876
			6.30875912408759	-3.67226277372263
			6.30875912408759	-3.7036496350365
			6.30875912408759	-3.73503649635036
			6.27737226277372	-3.76642335766423
			6.27737226277372	-3.7978102189781
			6.27737226277372	-3.82919708029197
			6.24598540145985	-3.86058394160584
			6.24598540145985	-3.89197080291971
			6.24598540145985	-3.92335766423358
			6.21459854014599	-3.95474452554745
			6.21459854014599	-3.98613138686131
			6.21459854014599	-4.01751824817518
			6.18321167883212	-4.04890510948905
			6.18321167883212	-4.08029197080292
			6.18321167883212	-4.11167883211679
			6.15182481751825	-4.14306569343066
			6.15182481751825	-4.17445255474453
			6.15182481751825	-4.20583941605839
			6.12043795620438	-4.23722627737226
			6.12043795620438	-4.26861313868613
			6.08905109489051	-4.3
			6.08905109489051	-4.33138686131387
			6.05766423357664	-4.36277372262774
			6.05766423357664	-4.39416058394161
			6.02627737226277	-4.42554744525547
			5.99489051094891	-4.42554744525547
			5.99489051094891	-4.45693430656934
			5.96350364963504	-4.48832116788321
			5.93211678832117	-4.51970802919708
			5.9007299270073	-4.55109489051095
			5.86934306569343	-4.58248175182482
			5.83795620437956	-4.61386861313869
			5.80656934306569	-4.64525547445256
			5.77518248175183	-4.67664233576642
			5.74379562043796	-4.70802919708029
			5.71240875912409	-4.70802919708029
			5.68102189781022	-4.73941605839416
			5.64963503649635	-4.73941605839416
			5.64963503649635	-4.77080291970803
			5.61824817518248	-4.77080291970803
			5.58686131386861	-4.8021897810219
			5.55547445255475	-4.8021897810219
			5.52408759124088	-4.83357664233577
			5.49270072992701	-4.83357664233577
			5.49270072992701	-4.86496350364964
			5.46131386861314	-4.86496350364964
			5.42992700729927	-4.8963503649635
			5.3985401459854	-4.8963503649635
			5.36715328467153	-4.92773722627737
			5.33576642335766	-4.92773722627737
			5.3043795620438	-4.95912408759124
			5.27299270072993	-4.95912408759124
			5.24160583941606	-4.99051094890511
			5.21021897810219	-4.99051094890511
		</axis>
		<border type=matrix rownames=FALSE colnames=FALSE nrow=168 ncol=2 as.numeric=TRUE >
			5.21021897810219	-5.3043795620438
			5.24160583941606	-5.3043795620438
			5.27299270072993	-5.3043795620438
			5.3043795620438	-5.3043795620438
			5.33576642335766	-5.3043795620438
			5.36715328467153	-5.3043795620438
			5.3985401459854	-5.3043795620438
			5.42992700729927	-5.27299270072993
			5.46131386861314	-5.27299270072993
			5.49270072992701	-5.27299270072993
			5.52408759124088	-5.27299270072993
			5.55547445255475	-5.27299270072993
			5.58686131386861	-5.27299270072993
			5.61824817518248	-5.27299270072993
			5.64963503649635	-5.27299270072993
			5.68102189781022	-5.27299270072993
			5.71240875912409	-5.24160583941606
			5.74379562043796	-5.24160583941606
			5.77518248175183	-5.24160583941606
			5.80656934306569	-5.24160583941606
			5.83795620437956	-5.24160583941606
			5.86934306569343	-5.24160583941606
			5.9007299270073	-5.24160583941606
			5.93211678832117	-5.24160583941606
			5.93211678832117	-5.21021897810219
			5.96350364963504	-5.21021897810219
			5.99489051094891	-5.21021897810219
			6.02627737226277	-5.21021897810219
			6.05766423357664	-5.21021897810219
			6.08905109489051	-5.21021897810219
			6.12043795620438	-5.21021897810219
			6.15182481751825	-5.17883211678832
			6.18321167883212	-5.17883211678832
			6.21459854014599	-5.17883211678832
			6.24598540145985	-5.17883211678832
			6.27737226277372	-5.17883211678832
			6.30875912408759	-5.14744525547445
			6.34014598540146	-5.14744525547445
			6.37153284671533	-5.14744525547445
			6.4029197080292	-5.14744525547445
			6.43430656934307	-5.14744525547445
			6.43430656934307	-5.11605839416058
			6.46569343065693	-5.11605839416058
			6.4970802919708	-5.11605839416058
			6.52846715328467	-5.11605839416058
			6.55985401459854	-5.11605839416058
			6.59124087591241	-5.08467153284672
			6.62262773722628	-5.08467153284672
			6.65401459854015	-5.08467153284672
			6.68540145985402	-5.08467153284672
			6.71678832116788	-5.05328467153285
			6.74817518248175	-5.05328467153285
			6.77956204379562	-5.05328467153285
			6.81094890510949	-5.05328467153285
			6.84233576642336	-5.02189781021898
			6.87372262773723	-5.02189781021898
			6.9051094890511	-5.02189781021898
			6.93649635036496	-4.99051094890511
			6.96788321167883	-4.99051094890511
			6.9992700729927	-4.99051094890511
			7.03065693430657	-4.95912408759124
			7.06204379562044	-4.95912408759124
			7.09343065693431	-4.95912408759124
			7.12481751824818	-4.92773722627737
			7.15620437956204	-4.92773722627737
			7.18759124087591	-4.92773722627737
			7.21897810218978	-4.92773722627737
			7.25036496350365	-4.8963503649635
			7.28175182481752	-4.8963503649635
			7.31313868613139	-4.86496350364964
			7.34452554744526	-4.86496350364964
			7.37591240875912	-4.86496350364964
			7.40729927007299	-4.86496350364964
			7.40729927007299	-4.83357664233577
			7.43868613138686	-4.83357664233577
			7.47007299270073	-4.83357664233577
			7.5014598540146	-4.8021897810219
			7.53284671532847	-4.8021897810219
			7.56423357664234	-4.77080291970803
			7.5956204379562	-4.77080291970803
			7.62700729927007	-4.73941605839416
			7.65839416058394	-4.73941605839416
			7.68978102189781	-4.73941605839416
			7.72116788321168	-4.70802919708029
			7.75255474452555	-4.70802919708029
			7.78394160583942	-4.67664233576642
			7.81532846715328	-4.67664233576642
			7.84671532846715	-4.64525547445256
			7.87810218978102	-4.64525547445256
			7.90948905109489	-4.61386861313869
			7.94087591240876	-4.61386861313869
			7.97226277372263	-4.58248175182482
			8.0036496350365	-4.58248175182482
			8.03503649635037	-4.55109489051095
			8.06642335766423	-4.55109489051095
			8.0978102189781	-4.51970802919708
			8.12919708029197	-4.51970802919708
			8.16058394160584	-4.48832116788321
			8.19197080291971	-4.48832116788321
			8.22335766423358	-4.45693430656934
			8.25474452554745	-4.45693430656934
			8.25474452554745	-4.42554744525547
			8.28613138686131	-4.42554744525547
			8.31751824817518	-4.39416058394161
			8.34890510948905	-4.39416058394161
			8.38029197080292	-4.36277372262774
			8.41167883211679	-4.36277372262774
			8.44306569343066	-4.33138686131387
			8.47445255474453	-4.3
			8.50583941605839	-4.3
			8.53722627737226	-4.26861313868613
			8.56861313868613	-4.23722627737226
			8.6	-4.20583941605839
			8.63138686131387	-4.20583941605839
			8.66277372262774	-4.17445255474453
			8.69416058394161	-4.17445255474453
			8.69416058394161	-4.14306569343066
			8.72554744525547	-4.14306569343066
			8.75693430656934	-4.11167883211679
			8.78832116788321	-4.11167883211679
			8.81970802919708	-4.08029197080292
			8.85109489051095	-4.04890510948905
			8.88248175182482	-4.01751824817518
			8.91386861313869	-3.98613138686131
			8.94525547445255	-3.98613138686131
			8.97664233576642	-3.95474452554745
			8.97664233576642	-3.92335766423358
			9.00802919708029	-3.92335766423358
			9.03941605839416	-3.89197080291971
			9.07080291970803	-3.86058394160584
			9.1021897810219	-3.82919708029197
			9.13357664233577	-3.82919708029197
			9.16496350364964	-3.7978102189781
			9.16496350364964	-3.76642335766423
			9.1963503649635	-3.73503649635036
			9.22773722627737	-3.73503649635036
			9.25912408759124	-3.7036496350365
			9.29051094890511	-3.67226277372263
			9.32189781021898	-3.64087591240876
			9.35328467153285	-3.60948905109489
			9.38467153284672	-3.57810218978102
			9.41605839416058	-3.54671532846715
			9.44744525547445	-3.51532846715328
			9.47883211678832	-3.48394160583942
			9.51021897810219	-3.45255474452555
			9.54160583941606	-3.42116788321168
			9.57299270072993	-3.38978102189781
			9.6043795620438	-3.35839416058394
			9.6043795620438	-3.32700729927007
			9.63576642335766	-3.2956204379562
			9.66715328467153	-3.26423357664234
			9.6985401459854	-3.23284671532847
			9.72992700729927	-3.2014598540146
			9.76131386861314	-3.17007299270073
			9.79270072992701	-3.13868613138686
			9.82408759124088	-3.10729927007299
			9.82408759124088	-3.07591240875912
			9.85547445255474	-3.04452554744526
			9.88686131386861	-3.01313868613139
			9.91824817518248	-2.98175182481752
			9.94963503649635	-2.95036496350365
			9.98102189781022	-2.91897810218978
			9.98102189781022	-2.88759124087591
			10.0124087591241	-2.85620437956204
			10.0124087591241	-2.82481751824818
			10.043795620438	-2.82481751824818
			10.043795620438	-2.79343065693431
			10.0751824817518	-2.76204379562044
		</border>
		<margin type=matrix rownames=FALSE colnames=FALSE nrow=318 ncol=2 as.numeric=TRUE >
			5.21021897810219	-5.74379562043796
			5.24160583941606	-5.74379562043796
			5.27299270072993	-5.74379562043796
			5.3043795620438	-5.74379562043796
			5.33576642335766	-5.77518248175183
			5.36715328467153	-5.77518248175183
			5.3985401459854	-5.77518248175183
			5.42992700729927	-5.77518248175183
			5.46131386861314	-5.77518248175183
			5.49270072992701	-5.77518248175183
			5.52408759124088	-5.77518248175183
			5.55547445255475	-5.77518248175183
			5.58686131386861	-5.80656934306569
			5.61824817518248	-5.80656934306569
			5.64963503649635	-5.80656934306569
			5.68102189781022	-5.80656934306569
			5.71240875912409	-5.80656934306569
			5.74379562043796	-5.80656934306569
			5.77518248175183	-5.80656934306569
			5.80656934306569	-5.80656934306569
			5.83795620437956	-5.80656934306569
			5.86934306569343	-5.80656934306569
			5.9007299270073	-5.80656934306569
			5.93211678832117	-5.80656934306569
			5.96350364963504	-5.80656934306569
			5.99489051094891	-5.80656934306569
			6.02627737226277	-5.80656934306569
			6.05766423357664	-5.80656934306569
			6.08905109489051	-5.80656934306569
			6.12043795620438	-5.80656934306569
			6.15182481751825	-5.80656934306569
			6.18321167883212	-5.80656934306569
			6.21459854014599	-5.80656934306569
			6.24598540145985	-5.80656934306569
			6.27737226277372	-5.80656934306569
			6.30875912408759	-5.80656934306569
			6.34014598540146	-5.77518248175183
			6.37153284671533	-5.77518248175183
			6.4029197080292	-5.77518248175183
			6.43430656934307	-5.77518248175183
			6.46569343065693	-5.77518248175183
			6.4970802919708	-5.77518248175183
			6.52846715328467	-5.77518248175183
			6.55985401459854	-5.77518248175183
			6.59124087591241	-5.77518248175183
			6.62262773722628	-5.74379562043796
			6.65401459854015	-5.74379562043796
			6.68540145985402	-5.74379562043796
			6.71678832116788	-5.74379562043796
			6.74817518248175	-5.74379562043796
			6.77956204379562	-5.74379562043796
			6.81094890510949	-5.74379562043796
			6.84233576642336	-5.71240875912409
			6.87372262773723	-5.71240875912409
			6.9051094890511	-5.71240875912409
			6.93649635036496	-5.71240875912409
			6.96788321167883	-5.71240875912409
			6.9992700729927	-5.71240875912409
			7.03065693430657	-5.68102189781022
			7.06204379562044	-5.68102189781022
			7.09343065693431	-5.68102189781022
			7.12481751824818	-5.68102189781022
			7.15620437956204	-5.68102189781022
			7.18759124087591	-5.64963503649635
			7.21897810218978	-5.64963503649635
			7.25036496350365	-5.64963503649635
			7.28175182481752	-5.64963503649635
			7.31313868613139	-5.61824817518248
			7.34452554744526	-5.61824817518248
			7.37591240875912	-5.61824817518248
			7.40729927007299	-5.58686131386861
			7.43868613138686	-5.58686131386861
			7.47007299270073	-5.58686131386861
			7.5014598540146	-5.58686131386861
			7.53284671532847	-5.55547445255475
			7.56423357664234	-5.55547445255475
			7.5956204379562	-5.55547445255475
			7.62700729927007	-5.55547445255475
			7.65839416058394	-5.52408759124088
			7.68978102189781	-5.52408759124088
			7.72116788321168	-5.52408759124088
			7.75255474452555	-5.49270072992701
			7.78394160583942	-5.49270072992701
			7.81532846715328	-5.49270072992701
			7.84671532846715	-5.46131386861314
			7.87810218978102	-5.46131386861314
			7.90948905109489	-5.46131386861314
			7.94087591240876	-5.42992700729927
			7.97226277372263	-5.42992700729927
			8.0036496350365	-5.42992700729927
			8.03503649635037	-5.3985401459854
			8.06642335766423	-5.3985401459854
			8.0978102189781	-5.3985401459854
			8.12919708029197	-5.36715328467153
			8.16058394160584	-5.36715328467153
			8.19197080291971	-5.36715328467153
			8.22335766423358	-5.33576642335766
			8.25474452554745	-5.33576642335766
			8.28613138686131	-5.3043795620438
			8.31751824817518	-5.3043795620438
			8.34890510948905	-5.3043795620438
			8.38029197080292	-5.27299270072993
			8.41167883211679	-5.27299270072993
			8.44306569343066	-5.24160583941606
			8.47445255474453	-5.24160583941606
			8.50583941605839	-5.24160583941606
			8.53722627737226	-5.21021897810219
			8.56861313868613	-5.21021897810219
			8.56861313868613	-5.17883211678832
			8.6	-5.14744525547445
			8.63138686131387	-5.14744525547445
			8.66277372262774	-5.11605839416058
			8.69416058394161	-5.11605839416058
			8.69416058394161	-5.08467153284672
			8.72554744525547	-5.08467153284672
			8.75693430656934	-5.05328467153285
			8.78832116788321	-5.02189781021898
			8.81970802919708	-5.02189781021898
			8.81970802919708	-4.99051094890511
			8.85109489051095	-4.99051094890511
			8.88248175182482	-4.95912408759124
			8.91386861313869	-4.95912408759124
			8.91386861313869	-4.92773722627737
			8.94525547445255	-4.92773722627737
			8.97664233576642	-4.8963503649635
			8.97664233576642	-4.86496350364964
			9.00802919708029	-4.86496350364964
			9.03941605839416	-4.83357664233577
			9.07080291970803	-4.83357664233577
			9.07080291970803	-4.8021897810219
			9.1021897810219	-4.8021897810219
			9.13357664233577	-4.77080291970803
			9.13357664233577	-4.73941605839416
			9.16496350364964	-4.73941605839416
			9.1963503649635	-4.70802919708029
			9.22773722627737	-4.67664233576642
			9.25912408759124	-4.64525547445256
			9.29051094890511	-4.61386861313869
			9.32189781021898	-4.61386861313869
			9.35328467153285	-4.58248175182482
			9.35328467153285	-4.55109489051095
			9.38467153284672	-4.55109489051095
			9.41605839416058	-4.51970802919708
			9.41605839416058	-4.48832116788321
			9.44744525547445	-4.48832116788321
			9.47883211678832	-4.45693430656934
			9.51021897810219	-4.42554744525547
			9.54160583941606	-4.39416058394161
			9.57299270072993	-4.36277372262774
			9.6043795620438	-4.33138686131387
			9.63576642335766	-4.3
			9.63576642335766	-4.26861313868613
			9.66715328467153	-4.23722627737226
			9.6985401459854	-4.20583941605839
			9.72992700729927	-4.20583941605839
			9.72992700729927	-4.17445255474453
			9.76131386861314	-4.14306569343066
			9.79270072992701	-4.11167883211679
			9.79270072992701	-4.08029197080292
			9.82408759124088	-4.08029197080292
			9.85547445255474	-4.04890510948905
			9.85547445255474	-4.01751824817518
			9.88686131386861	-3.98613138686131
			9.88686131386861	-3.95474452554745
			9.91824817518248	-3.95474452554745
			9.94963503649635	-3.92335766423358
			9.94963503649635	-3.89197080291971
			9.98102189781022	-3.86058394160584
			9.98102189781022	-3.82919708029197
			10.0124087591241	-3.82919708029197
			10.0124087591241	-3.7978102189781
			10.043795620438	-3.76642335766423
			10.043795620438	-3.73503649635036
			10.0751824817518	-3.7036496350365
			10.1065693430657	-3.67226277372263
			10.1065693430657	-3.64087591240876
			10.1379562043796	-3.60948905109489
			10.1379562043796	-3.57810218978102
			10.1693430656934	-3.54671532846715
			10.1693430656934	-3.51532846715328
			10.2007299270073	-3.48394160583942
			10.2007299270073	-3.45255474452555
			10.2007299270073	-3.42116788321168
			10.2321167883212	-3.38978102189781
			10.2321167883212	-3.35839416058394
			10.2321167883212	-3.32700729927007
			10.263503649635	-3.2956204379562
			10.263503649635	-3.26423357664234
			10.263503649635	-3.23284671532847
			10.2948905109489	-3.2014598540146
			10.2948905109489	-3.17007299270073
			10.2948905109489	-3.13868613138686
			10.263503649635	-3.13868613138686
			10.263503649635	-3.10729927007299
			10.263503649635	-3.07591240875912
			10.2321167883212	-3.04452554744526
			10.2007299270073	-3.01313868613139
			10.2007299270073	-2.98175182481752
			10.1693430656934	-2.95036496350365
			10.1693430656934	-2.91897810218978
			10.1379562043796	-2.88759124087591
			10.1379562043796	-2.85620437956204
			10.1065693430657	-2.82481751824818
			10.1065693430657	-2.79343065693431
			10.0751824817518	-2.76204379562044
			10.0751824817518	-2.73065693430657
			10.043795620438	-2.6992700729927
			10.0124087591241	-2.66788321167883
			10.0124087591241	-2.63649635036496
			9.98102189781022	-2.60510948905109
			9.98102189781022	-2.57372262773723
			9.94963503649635	-2.54233576642336
			9.91824817518248	-2.51094890510949
			9.91824817518248	-2.47956204379562
			9.88686131386861	-2.44817518248175
			9.85547445255474	-2.41678832116788
			9.85547445255474	-2.38540145985401
			9.82408759124088	-2.35401459854015
			9.82408759124088	-2.32262773722628
			9.79270072992701	-2.32262773722628
			9.79270072992701	-2.29124087591241
			9.79270072992701	-2.25985401459854
			9.76131386861314	-2.25985401459854
			9.76131386861314	-2.22846715328467
			9.72992700729927	-2.1970802919708
			9.6985401459854	-2.16569343065693
			9.6985401459854	-2.13430656934307
			9.66715328467153	-2.1029197080292
			9.66715328467153	-2.07153284671533
			9.63576642335766	-2.04014598540146
			9.6043795620438	-2.00875912408759
			9.57299270072993	-1.97737226277372
			9.57299270072993	-1.94598540145985
			9.54160583941606	-1.91459854014599
			9.51021897810219	-1.88321167883212
			9.51021897810219	-1.85182481751825
			9.47883211678832	-1.82043795620438
			9.44744525547445	-1.78905109489051
			9.41605839416058	-1.75766423357664
			9.41605839416058	-1.72627737226277
			9.38467153284672	-1.69489051094891
			9.35328467153285	-1.66350364963504
			9.32189781021898	-1.63211678832117
			9.29051094890511	-1.6007299270073
			9.29051094890511	-1.56934306569343
			9.25912408759124	-1.53795620437956
			9.22773722627737	-1.50656934306569
			9.1963503649635	-1.47518248175182
			9.16496350364964	-1.44379562043796
			9.13357664233577	-1.41240875912409
			9.1021897810219	-1.38102189781022
			9.07080291970803	-1.34963503649635
			9.07080291970803	-1.31824817518248
			9.03941605839416	-1.28686131386861
			9.00802919708029	-1.25547445255474
			8.97664233576642	-1.22408759124088
			8.94525547445255	-1.22408759124088
			8.91386861313869	-1.19270072992701
			8.88248175182482	-1.19270072992701
			8.85109489051095	-1.16131386861314
			8.81970802919708	-1.16131386861314
			8.78832116788321	-1.16131386861314
			8.75693430656934	-1.12992700729927
			8.72554744525547	-1.12992700729927
			8.69416058394161	-1.12992700729927
			8.66277372262774	-1.0985401459854
			8.63138686131387	-1.0985401459854
			8.6	-1.0985401459854
			8.56861313868613	-1.0985401459854
			8.53722627737226	-1.06715328467153
			8.50583941605839	-1.06715328467153
			8.47445255474453	-1.06715328467153
			8.44306569343066	-1.06715328467153
			8.41167883211679	-1.06715328467153
			8.38029197080292	-1.03576642335766
			8.34890510948905	-1.03576642335766
			8.31751824817518	-1.03576642335766
			8.28613138686131	-1.03576642335766
			8.25474452554745	-1.03576642335766
			8.22335766423358	-1.03576642335766
			8.19197080291971	-1.03576642335766
			8.16058394160584	-1.03576642335766
			8.12919708029197	-1.0043795620438
			8.0978102189781	-1.0043795620438
			8.06642335766423	-1.0043795620438
			8.03503649635037	-1.0043795620438
			8.0036496350365	-1.0043795620438
			7.97226277372263	-1.0043795620438
			7.94087591240876	-1.0043795620438
			7.90948905109489	-1.0043795620438
			7.87810218978102	-1.0043795620438
			7.84671532846715	-1.0043795620438
			7.81532846715328	-1.0043795620438
			7.78394160583942	-1.0043795620438
			7.75255474452555	-1.0043795620438
			7.72116788321168	-1.0043795620438
			7.68978102189781	-1.0043795620438
			7.65839416058394	-1.0043795620438
			7.62700729927007	-1.0043795620438
			7.5956204379562	-1.0043795620438
			7.56423357664234	-1.0043795620438
			7.53284671532847	-1.0043795620438
			7.5014598540146	-1.0043795620438
			7.47007299270073	-1.0043795620438
			7.43868613138686	-1.0043795620438
			7.40729927007299	-1.0043795620438
			7.37591240875912	-1.0043795620438
			7.34452554744526	-1.0043795620438
			7.31313868613139	-1.0043795620438
			7.28175182481752	-1.0043795620438
			7.25036496350365	-1.0043795620438
			7.21897810218978	-1.0043795620438
			7.18759124087591	-1.0043795620438
			7.15620437956204	-1.0043795620438
			7.12481751824818	-1.0043795620438
			7.09343065693431	-1.0043795620438
			7.06204379562044	-1.0043795620438
			7.03065693430657	-1.0043795620438
		</margin>
	</curves.scaled>
	<ruler.points type=matrix rownames=TRUE colnames=FALSE nrow=2 ncol=2 as.numeric=TRUE >
		Ruler point 1	13	204
		Ruler point 2	150	204
	</ruler.points>
</shapes>

