<shapes type=list>
	<ruler.pixel type=vector names=FALSE length=1 as.numeric=TRUE >180.002777756345</ruler.pixel>
	<ruler.interval type=vector names=FALSE length=1 as.numeric=TRUE >1</ruler.interval>
	<scaling.units type=vector names=FALSE length=1 as.numeric=FALSE >mm</scaling.units>
	<scaling type=vector names=FALSE length=1 as.numeric=TRUE >0.00555546982365805</scaling>
	<landmarks.pixel type=matrix rownames=TRUE colnames=FALSE nrow=7 ncol=2 as.numeric=TRUE >
		LM1	671	1252
		LM2	671	1479
		LM3	671	1509
		LM4	671	1561
		LM5	766	1268
		LM6	1023	1304
		LM7	1060	1342
	</landmarks.pixel>
	<landmarks.scaled type=matrix rownames=TRUE colnames=FALSE nrow=7 ncol=2 as.numeric=TRUE >
		LM1	3.72772025167455	-6.95544821921988
		LM2	3.72772025167455	-8.21653986919026
		LM3	3.72772025167455	-8.3832039639
		LM4	3.72772025167455	-8.67208839473022
		LM5	4.25548988492207	-7.04433573639841
		LM6	5.68324562960219	-7.2443326500501
		LM7	5.88879801307754	-7.45544050334911
	</landmarks.scaled>
	<curves.control type=list>
		<axis type=matrix rownames=FALSE colnames=FALSE nrow=5 ncol=2 as.numeric=TRUE >
			671	1252
			715	1252
			765	1270
			729	1494
			671	1479
		</axis>
		<border type=matrix rownames=FALSE colnames=FALSE nrow=3 ncol=2 as.numeric=TRUE >
			671	1509
			887	1485
			1023	1304
		</border>
		<margin type=matrix rownames=FALSE colnames=FALSE nrow=9 ncol=2 as.numeric=TRUE >
			671	1561
			747	1569
			874	1518
			998	1442
			1043	1390
			1059	1366
			1060	1343
			1012	1246
			766	1268
		</margin>
	</curves.control>
	<curves.pixel type=list>
		<axis type=matrix rownames=FALSE colnames=FALSE nrow=334 ncol=2 as.numeric=TRUE >
			671	1252
			672	1252
			673	1252
			674	1252
			675	1252
			676	1252
			677	1252
			678	1252
			679	1252
			680	1252
			681	1252
			682	1252
			683	1252
			684	1252
			685	1252
			686	1253
			687	1253
			688	1253
			689	1253
			690	1253
			691	1253
			692	1253
			693	1253
			694	1253
			695	1253
			696	1253
			697	1253
			698	1254
			699	1254
			700	1254
			701	1254
			702	1254
			703	1254
			704	1254
			705	1255
			706	1255
			707	1255
			708	1255
			709	1255
			710	1255
			711	1256
			712	1256
			713	1256
			714	1256
			715	1256
			716	1256
			717	1257
			718	1257
			719	1257
			720	1257
			721	1257
			722	1258
			723	1258
			724	1258
			725	1258
			726	1259
			727	1259
			728	1259
			729	1259
			730	1259
			731	1260
			732	1260
			733	1260
			734	1260
			735	1261
			736	1261
			737	1261
			738	1262
			739	1262
			740	1262
			741	1262
			742	1263
			743	1263
			744	1263
			745	1264
			746	1264
			747	1264
			748	1264
			749	1265
			750	1265
			751	1265
			752	1266
			753	1266
			754	1266
			755	1267
			756	1267
			757	1267
			758	1268
			759	1268
			760	1268
			761	1268
			761	1269
			762	1269
			763	1269
			764	1270
			765	1270
			765	1271
			765	1272
			765	1273
			764	1274
			764	1275
			764	1276
			764	1277
			764	1278
			763	1279
			763	1280
			763	1281
			763	1282
			763	1283
			763	1284
			762	1285
			762	1286
			762	1287
			762	1288
			762	1289
			762	1290
			761	1291
			761	1292
			761	1293
			761	1294
			761	1295
			761	1296
			760	1297
			760	1298
			760	1299
			760	1300
			760	1301
			759	1302
			759	1303
			759	1304
			759	1305
			759	1306
			759	1307
			758	1308
			758	1309
			758	1310
			758	1311
			758	1312
			758	1313
			757	1314
			757	1315
			757	1316
			757	1317
			756	1318
			756	1319
			756	1320
			756	1321
			756	1322
			755	1323
			755	1324
			755	1325
			755	1326
			755	1327
			754	1328
			754	1329
			754	1330
			754	1331
			754	1332
			754	1333
			753	1334
			753	1335
			753	1336
			753	1337
			752	1338
			752	1339
			752	1340
			752	1341
			752	1342
			751	1343
			751	1344
			751	1345
			751	1346
			750	1347
			750	1348
			750	1349
			750	1350
			749	1351
			749	1352
			749	1353
			749	1354
			749	1355
			748	1355
			748	1356
			748	1357
			748	1358
			748	1359
			747	1360
			747	1361
			747	1362
			747	1363
			746	1364
			746	1365
			746	1366
			746	1367
			745	1368
			745	1369
			745	1370
			745	1371
			744	1372
			744	1373
			744	1374
			743	1375
			743	1376
			743	1377
			743	1378
			742	1379
			742	1380
			742	1381
			742	1382
			741	1383
			741	1384
			741	1385
			741	1386
			740	1387
			740	1388
			740	1389
			739	1390
			739	1391
			739	1392
			738	1393
			738	1394
			738	1395
			738	1396
			737	1396
			737	1397
			737	1398
			737	1399
			736	1400
			736	1401
			736	1402
			735	1403
			735	1404
			735	1405
			734	1406
			734	1407
			734	1408
			734	1409
			733	1409
			733	1410
			733	1411
			732	1412
			732	1413
			732	1414
			731	1414
			731	1415
			731	1416
			731	1417
			730	1418
			730	1419
			729	1420
			729	1421
			729	1422
			728	1423
			728	1424
			728	1425
			727	1426
			727	1427
			726	1427
			726	1428
			726	1429
			725	1430
			725	1431
			725	1432
			724	1433
			724	1434
			723	1435
			723	1436
			722	1437
			722	1438
			721	1439
			721	1440
			720	1441
			720	1442
			720	1443
			719	1443
			719	1444
			718	1445
			718	1446
			717	1447
			717	1448
			716	1449
			715	1450
			715	1451
			714	1452
			714	1453
			713	1454
			713	1455
			712	1456
			711	1457
			710	1458
			710	1459
			709	1460
			708	1461
			708	1462
			707	1463
			706	1464
			706	1465
			705	1465
			704	1466
			703	1467
			703	1468
			702	1468
			701	1469
			701	1470
			700	1470
			699	1471
			698	1472
			697	1473
			696	1474
			695	1475
			694	1475
			693	1476
			692	1476
			691	1477
			690	1477
			689	1478
			688	1478
			687	1478
			686	1479
			685	1479
			684	1479
			683	1480
			682	1480
			681	1480
			680	1480
			679	1480
			678	1480
			677	1480
			676	1480
			675	1480
			674	1480
			673	1479
			672	1479
			671	1479
		</axis>
		<border type=matrix rownames=FALSE colnames=FALSE nrow=391 ncol=2 as.numeric=TRUE >
			671	1509
			672	1509
			673	1509
			674	1509
			675	1509
			676	1508
			677	1508
			678	1508
			679	1508
			680	1508
			681	1508
			682	1508
			683	1507
			684	1507
			685	1507
			686	1507
			687	1507
			688	1507
			689	1507
			690	1507
			691	1506
			692	1506
			693	1506
			694	1506
			695	1506
			696	1506
			697	1505
			698	1505
			699	1505
			700	1505
			701	1505
			702	1505
			703	1504
			704	1504
			705	1504
			706	1504
			707	1504
			708	1504
			709	1503
			710	1503
			711	1503
			712	1503
			713	1503
			714	1502
			715	1502
			716	1502
			717	1502
			718	1502
			719	1501
			720	1501
			721	1501
			722	1501
			723	1501
			724	1500
			725	1500
			726	1500
			727	1500
			728	1500
			729	1499
			730	1499
			731	1499
			732	1499
			733	1498
			734	1498
			735	1498
			736	1498
			737	1498
			738	1497
			739	1497
			740	1497
			741	1497
			742	1496
			743	1496
			744	1496
			745	1496
			746	1495
			747	1495
			748	1495
			749	1495
			749	1494
			750	1494
			751	1494
			752	1494
			753	1493
			754	1493
			755	1493
			756	1493
			757	1492
			758	1492
			759	1492
			760	1491
			761	1491
			762	1491
			763	1491
			764	1490
			765	1490
			766	1490
			767	1490
			768	1489
			769	1489
			770	1488
			771	1488
			772	1488
			773	1487
			774	1487
			775	1487
			776	1487
			777	1486
			778	1486
			779	1485
			780	1485
			781	1485
			782	1484
			783	1484
			784	1484
			785	1483
			786	1483
			787	1483
			788	1482
			789	1482
			790	1482
			791	1481
			792	1481
			793	1481
			794	1480
			795	1480
			796	1479
			797	1479
			798	1479
			799	1478
			800	1478
			801	1478
			802	1477
			803	1477
			804	1476
			805	1476
			806	1476
			807	1475
			808	1475
			809	1474
			810	1474
			811	1474
			812	1473
			813	1473
			814	1472
			815	1472
			816	1472
			817	1471
			818	1471
			819	1470
			820	1470
			821	1469
			822	1469
			823	1468
			824	1468
			825	1468
			825	1467
			826	1467
			827	1467
			828	1466
			829	1466
			830	1465
			831	1465
			832	1464
			833	1464
			833	1463
			834	1463
			835	1463
			836	1462
			837	1462
			838	1462
			838	1461
			839	1461
			840	1460
			841	1460
			842	1460
			842	1459
			843	1459
			844	1458
			845	1458
			846	1457
			847	1457
			848	1456
			849	1456
			850	1455
			851	1455
			852	1454
			853	1454
			854	1453
			855	1453
			856	1452
			857	1452
			858	1451
			859	1451
			860	1450
			860	1449
			861	1449
			862	1448
			863	1448
			864	1447
			865	1447
			866	1446
			867	1446
			868	1445
			869	1445
			870	1444
			871	1444
			872	1443
			873	1442
			874	1442
			875	1441
			876	1440
			877	1439
			878	1439
			879	1439
			879	1438
			880	1438
			881	1437
			882	1437
			883	1436
			884	1435
			885	1435
			886	1434
			887	1434
			887	1433
			888	1433
			889	1432
			890	1432
			890	1431
			891	1431
			892	1430
			893	1430
			894	1429
			895	1428
			896	1427
			897	1427
			898	1426
			899	1425
			900	1425
			901	1424
			902	1423
			903	1423
			904	1422
			905	1421
			906	1420
			907	1420
			908	1419
			909	1418
			910	1417
			911	1417
			912	1416
			913	1415
			914	1415
			914	1414
			915	1414
			916	1413
			917	1412
			918	1412
			918	1411
			919	1411
			920	1410
			921	1409
			922	1408
			923	1407
			924	1407
			925	1406
			926	1405
			927	1405
			928	1404
			929	1403
			930	1402
			931	1401
			932	1400
			933	1400
			933	1399
			934	1399
			935	1398
			935	1397
			936	1397
			937	1396
			938	1395
			939	1394
			940	1393
			941	1393
			942	1392
			942	1391
			943	1391
			944	1390
			945	1389
			946	1389
			946	1388
			947	1387
			948	1387
			949	1386
			949	1385
			950	1385
			951	1384
			952	1383
			952	1382
			953	1382
			954	1381
			955	1380
			956	1380
			956	1379
			957	1378
			958	1377
			959	1377
			959	1376
			960	1375
			961	1375
			962	1374
			962	1373
			963	1372
			964	1372
			965	1371
			965	1370
			966	1369
			967	1369
			968	1368
			968	1367
			969	1366
			970	1366
			971	1365
			971	1364
			972	1363
			973	1363
			974	1362
			974	1361
			975	1360
			976	1360
			976	1359
			977	1358
			978	1357
			979	1357
			979	1356
			980	1355
			981	1354
			982	1353
			983	1352
			984	1351
			985	1350
			986	1349
			987	1348
			987	1347
			988	1346
			989	1345
			990	1344
			991	1343
			992	1342
			993	1341
			993	1340
			994	1339
			995	1338
			996	1337
			997	1337
			998	1336
			999	1335
			999	1334
			1000	1333
			1001	1332
			1002	1331
			1003	1330
			1004	1329
			1004	1328
			1005	1327
			1006	1326
			1007	1325
			1007	1324
			1008	1324
			1008	1323
			1009	1322
			1010	1321
			1011	1320
			1012	1319
			1013	1318
			1013	1317
			1014	1316
			1014	1315
			1015	1315
			1016	1314
			1016	1313
			1017	1312
			1017	1311
			1018	1311
			1018	1310
			1019	1309
			1020	1308
			1021	1307
			1021	1306
			1022	1305
			1023	1304
		</border>
		<margin type=matrix rownames=FALSE colnames=FALSE nrow=757 ncol=2 as.numeric=TRUE >
			671	1561
			672	1561
			673	1561
			674	1561
			675	1561
			676	1561
			677	1562
			678	1562
			679	1562
			680	1562
			681	1562
			682	1562
			683	1562
			684	1562
			685	1562
			686	1562
			687	1562
			688	1562
			689	1562
			690	1562
			691	1562
			692	1562
			693	1562
			694	1562
			695	1562
			696	1562
			697	1562
			698	1562
			699	1562
			700	1562
			701	1562
			702	1562
			703	1562
			704	1562
			705	1562
			706	1562
			707	1562
			708	1562
			709	1562
			710	1561
			711	1561
			712	1561
			713	1561
			714	1561
			715	1561
			716	1561
			717	1561
			718	1561
			719	1561
			720	1561
			721	1561
			722	1560
			723	1560
			724	1560
			725	1560
			726	1560
			727	1560
			728	1560
			729	1560
			730	1559
			731	1559
			732	1559
			733	1559
			734	1559
			735	1559
			736	1559
			737	1558
			738	1558
			739	1558
			740	1558
			741	1558
			742	1558
			743	1557
			744	1557
			745	1557
			746	1557
			747	1557
			748	1557
			749	1556
			750	1556
			751	1556
			752	1556
			753	1556
			754	1555
			755	1555
			756	1555
			757	1555
			758	1555
			759	1554
			760	1554
			761	1554
			762	1554
			763	1554
			763	1553
			764	1553
			765	1553
			766	1553
			767	1553
			768	1552
			769	1552
			770	1552
			771	1552
			772	1551
			773	1551
			774	1551
			775	1551
			776	1550
			777	1550
			778	1550
			779	1550
			780	1549
			781	1549
			782	1549
			783	1549
			784	1548
			785	1548
			786	1548
			787	1548
			788	1547
			789	1547
			790	1547
			791	1547
			792	1546
			793	1546
			794	1546
			795	1545
			796	1545
			797	1545
			798	1544
			799	1544
			800	1544
			801	1544
			802	1543
			803	1543
			804	1543
			805	1543
			806	1542
			807	1542
			808	1542
			809	1541
			810	1541
			811	1541
			812	1540
			813	1540
			814	1540
			815	1539
			816	1539
			817	1539
			818	1538
			819	1538
			820	1538
			821	1537
			822	1537
			823	1537
			824	1536
			825	1536
			826	1536
			827	1535
			828	1535
			829	1535
			830	1534
			831	1534
			832	1534
			833	1533
			834	1533
			835	1533
			836	1532
			837	1532
			838	1532
			839	1531
			840	1531
			841	1531
			842	1530
			843	1530
			844	1529
			845	1529
			846	1529
			847	1528
			848	1528
			849	1528
			850	1527
			851	1527
			852	1526
			853	1526
			854	1526
			855	1525
			856	1525
			857	1525
			858	1524
			859	1524
			860	1523
			861	1523
			862	1523
			863	1522
			864	1522
			865	1522
			866	1521
			867	1521
			868	1520
			869	1520
			870	1520
			871	1519
			872	1519
			873	1518
			874	1518
			875	1517
			876	1517
			877	1516
			878	1515
			879	1515
			880	1514
			881	1514
			881	1513
			882	1513
			883	1512
			884	1512
			885	1511
			886	1511
			887	1510
			888	1509
			889	1509
			890	1508
			891	1508
			891	1507
			892	1507
			893	1506
			894	1505
			895	1505
			896	1504
			897	1504
			898	1503
			899	1503
			899	1502
			900	1502
			901	1501
			902	1500
			903	1500
			904	1499
			905	1499
			905	1498
			906	1498
			907	1497
			908	1497
			909	1496
			910	1496
			911	1495
			911	1494
			912	1494
			913	1493
			914	1493
			915	1492
			916	1492
			916	1491
			917	1491
			918	1490
			919	1490
			920	1489
			921	1488
			922	1487
			923	1487
			924	1486
			925	1485
			926	1485
			927	1484
			928	1484
			929	1483
			930	1482
			931	1482
			932	1481
			933	1480
			934	1480
			935	1479
			936	1478
			937	1477
			938	1476
			939	1476
			940	1476
			940	1475
			941	1475
			942	1474
			943	1473
			944	1472
			945	1472
			946	1471
			947	1471
			947	1470
			948	1470
			949	1469
			950	1469
			950	1468
			951	1468
			952	1467
			953	1467
			953	1466
			954	1466
			955	1465
			956	1465
			956	1464
			957	1463
			958	1463
			959	1462
			960	1461
			961	1460
			962	1460
			963	1459
			964	1459
			965	1458
			966	1457
			967	1457
			967	1456
			968	1455
			969	1455
			970	1454
			971	1454
			972	1453
			972	1452
			973	1452
			974	1451
			975	1451
			976	1450
			976	1449
			977	1449
			978	1448
			979	1448
			980	1447
			980	1446
			981	1446
			982	1445
			983	1445
			983	1444
			984	1443
			985	1443
			986	1442
			987	1442
			987	1441
			988	1440
			989	1440
			990	1439
			991	1438
			992	1437
			993	1436
			994	1436
			995	1435
			996	1434
			997	1434
			998	1433
			998	1432
			999	1431
			1000	1431
			1001	1430
			1002	1429
			1003	1429
			1003	1428
			1004	1427
			1005	1427
			1006	1426
			1007	1425
			1008	1424
			1009	1423
			1010	1422
			1011	1422
			1012	1421
			1013	1420
			1014	1419
			1014	1418
			1015	1418
			1016	1417
			1017	1416
			1018	1415
			1019	1415
			1020	1414
			1020	1413
			1021	1412
			1022	1412
			1023	1411
			1024	1410
			1025	1409
			1025	1408
			1026	1408
			1027	1407
			1028	1406
			1028	1405
			1029	1405
			1030	1404
			1031	1403
			1031	1402
			1032	1402
			1033	1401
			1034	1400
			1035	1399
			1036	1398
			1037	1397
			1037	1396
			1038	1395
			1039	1395
			1040	1394
			1041	1393
			1041	1392
			1042	1391
			1043	1390
			1043	1389
			1044	1389
			1044	1388
			1045	1387
			1045	1386
			1046	1385
			1047	1384
			1047	1383
			1048	1382
			1048	1381
			1049	1380
			1049	1379
			1050	1378
			1050	1377
			1051	1377
			1051	1376
			1052	1375
			1052	1374
			1053	1373
			1053	1372
			1053	1371
			1054	1370
			1054	1369
			1054	1368
			1055	1367
			1055	1366
			1056	1366
			1056	1365
			1056	1364
			1056	1363
			1057	1362
			1057	1361
			1057	1360
			1057	1359
			1058	1358
			1058	1357
			1058	1356
			1059	1355
			1059	1354
			1059	1353
			1059	1352
			1059	1351
			1059	1350
			1059	1349
			1060	1348
			1060	1347
			1060	1346
			1060	1345
			1060	1344
			1060	1343
			1059	1342
			1059	1341
			1058	1340
			1058	1339
			1058	1338
			1057	1338
			1057	1337
			1056	1336
			1056	1335
			1055	1334
			1054	1333
			1054	1332
			1053	1331
			1052	1330
			1052	1329
			1051	1328
			1050	1327
			1050	1326
			1049	1325
			1048	1325
			1047	1324
			1047	1323
			1046	1322
			1045	1321
			1045	1320
			1044	1319
			1043	1318
			1042	1318
			1041	1317
			1041	1316
			1040	1315
			1039	1314
			1038	1314
			1037	1313
			1036	1312
			1035	1311
			1035	1310
			1034	1310
			1033	1309
			1032	1308
			1031	1307
			1030	1307
			1029	1306
			1028	1305
			1027	1304
			1026	1304
			1025	1303
			1024	1302
			1023	1302
			1022	1301
			1021	1300
			1020	1299
			1019	1299
			1018	1298
			1017	1297
			1016	1297
			1015	1296
			1014	1296
			1013	1295
			1012	1295
			1011	1294
			1010	1294
			1009	1293
			1008	1292
			1007	1292
			1006	1291
			1005	1291
			1004	1290
			1003	1290
			1002	1290
			1001	1289
			1000	1289
			999	1288
			998	1288
			997	1287
			996	1287
			995	1286
			994	1286
			993	1286
			992	1285
			991	1285
			990	1284
			989	1284
			988	1284
			987	1283
			986	1283
			985	1283
			984	1282
			983	1282
			982	1281
			981	1281
			980	1281
			979	1280
			978	1280
			977	1280
			976	1280
			976	1279
			975	1279
			974	1279
			973	1279
			972	1278
			971	1278
			970	1278
			969	1278
			968	1277
			967	1277
			966	1277
			965	1276
			964	1276
			963	1276
			962	1276
			961	1275
			960	1275
			959	1275
			958	1275
			957	1274
			956	1274
			955	1274
			954	1274
			953	1273
			952	1273
			951	1273
			950	1273
			949	1273
			948	1272
			947	1272
			946	1272
			945	1272
			944	1272
			943	1271
			942	1271
			941	1271
			940	1271
			939	1271
			938	1271
			937	1270
			936	1270
			935	1270
			934	1270
			933	1270
			932	1270
			931	1269
			930	1269
			929	1269
			928	1269
			927	1269
			926	1269
			925	1269
			924	1268
			923	1268
			922	1268
			921	1268
			920	1268
			919	1268
			918	1268
			917	1268
			916	1267
			915	1267
			914	1267
			913	1267
			912	1267
			911	1267
			910	1267
			909	1267
			908	1267
			907	1266
			906	1266
			905	1266
			904	1266
			903	1266
			902	1266
			901	1266
			900	1266
			899	1266
			898	1266
			897	1266
			896	1266
			895	1265
			894	1265
			893	1265
			892	1265
			891	1265
			890	1265
			889	1265
			888	1265
			887	1265
			886	1265
			885	1265
			884	1265
			883	1265
			882	1265
			881	1265
			880	1265
			879	1265
			878	1265
			877	1264
			876	1264
			875	1264
			874	1264
			873	1264
			872	1264
			871	1264
			870	1264
			869	1264
			868	1264
			867	1264
			866	1264
			865	1264
			864	1264
			863	1264
			862	1264
			861	1264
			860	1264
			859	1264
			858	1264
			857	1264
			856	1264
			855	1264
			854	1264
			853	1264
			852	1264
			851	1264
			850	1264
			849	1264
			848	1264
			847	1264
			846	1264
			845	1264
			844	1264
			843	1264
			842	1264
			841	1264
			840	1264
			839	1264
			838	1264
			837	1264
			836	1264
			835	1264
			834	1264
			833	1264
			832	1264
			831	1264
			830	1264
			829	1264
			828	1264
			827	1264
			826	1264
			825	1264
			824	1264
			823	1264
			822	1264
			821	1264
			820	1265
			819	1265
			818	1265
			817	1265
			816	1265
			815	1265
			814	1265
			813	1265
			812	1265
			811	1265
			810	1265
			809	1265
			808	1265
			807	1265
			806	1265
			805	1265
			804	1265
			803	1265
			802	1265
			801	1265
			800	1265
			799	1266
			798	1266
			797	1266
			796	1266
			795	1266
			794	1266
			793	1266
			792	1266
			791	1266
			790	1266
			789	1266
			788	1266
			787	1266
			786	1266
			785	1266
			784	1267
			783	1267
			782	1267
			781	1267
			780	1267
			779	1267
			778	1267
			777	1267
			776	1267
			775	1267
			774	1267
			773	1267
			772	1267
			771	1268
			770	1268
			769	1268
			768	1268
			767	1268
			766	1268
		</margin>
	</curves.pixel>
	<curves.scaled type=list>
		<axis type=matrix rownames=FALSE colnames=FALSE nrow=334 ncol=2 as.numeric=TRUE >
			3.72772025167455	-6.95544821921988
			3.73327572149821	-6.95544821921988
			3.73883119132187	-6.95544821921988
			3.74438666114553	-6.95544821921988
			3.74994213096919	-6.95544821921988
			3.75549760079284	-6.95544821921988
			3.7610530706165	-6.95544821921988
			3.76660854044016	-6.95544821921988
			3.77216401026382	-6.95544821921988
			3.77771948008748	-6.95544821921988
			3.78327494991114	-6.95544821921988
			3.78883041973479	-6.95544821921988
			3.79438588955845	-6.95544821921988
			3.79994135938211	-6.95544821921988
			3.80549682920577	-6.95544821921988
			3.81105229902943	-6.96100368904354
			3.81660776885308	-6.96100368904354
			3.82216323867674	-6.96100368904354
			3.8277187085004	-6.96100368904354
			3.83327417832406	-6.96100368904354
			3.83882964814772	-6.96100368904354
			3.84438511797137	-6.96100368904354
			3.84994058779503	-6.96100368904354
			3.85549605761869	-6.96100368904354
			3.86105152744235	-6.96100368904354
			3.86660699726601	-6.96100368904354
			3.87216246708966	-6.96100368904354
			3.87771793691332	-6.9665591588672
			3.88327340673698	-6.9665591588672
			3.88882887656064	-6.9665591588672
			3.8943843463843	-6.9665591588672
			3.89993981620795	-6.9665591588672
			3.90549528603161	-6.9665591588672
			3.91105075585527	-6.9665591588672
			3.91660622567893	-6.97211462869086
			3.92216169550259	-6.97211462869086
			3.92771716532624	-6.97211462869086
			3.9332726351499	-6.97211462869086
			3.93882810497356	-6.97211462869086
			3.94438357479722	-6.97211462869086
			3.94993904462088	-6.97767009851452
			3.95549451444453	-6.97767009851452
			3.96104998426819	-6.97767009851452
			3.96660545409185	-6.97767009851452
			3.97216092391551	-6.97767009851452
			3.97771639373917	-6.97767009851452
			3.98327186356283	-6.98322556833817
			3.98882733338648	-6.98322556833817
			3.99438280321014	-6.98322556833817
			3.9999382730338	-6.98322556833817
			4.00549374285746	-6.98322556833817
			4.01104921268112	-6.98878103816183
			4.01660468250477	-6.98878103816183
			4.02216015232843	-6.98878103816183
			4.02771562215209	-6.98878103816183
			4.03327109197575	-6.99433650798549
			4.03882656179941	-6.99433650798549
			4.04438203162306	-6.99433650798549
			4.04993750144672	-6.99433650798549
			4.05549297127038	-6.99433650798549
			4.06104844109404	-6.99989197780915
			4.0666039109177	-6.99989197780915
			4.07215938074135	-6.99989197780915
			4.07771485056501	-6.99989197780915
			4.08327032038867	-7.00544744763281
			4.08882579021233	-7.00544744763281
			4.09438126003599	-7.00544744763281
			4.09993672985964	-7.01100291745646
			4.1054921996833	-7.01100291745646
			4.11104766950696	-7.01100291745646
			4.11660313933062	-7.01100291745646
			4.12215860915428	-7.01655838728012
			4.12771407897793	-7.01655838728012
			4.13326954880159	-7.01655838728012
			4.13882501862525	-7.02211385710378
			4.14438048844891	-7.02211385710378
			4.14993595827257	-7.02211385710378
			4.15549142809622	-7.02211385710378
			4.16104689791988	-7.02766932692744
			4.16660236774354	-7.02766932692744
			4.1721578375672	-7.02766932692744
			4.17771330739086	-7.0332247967511
			4.18326877721451	-7.0332247967511
			4.18882424703817	-7.0332247967511
			4.19437971686183	-7.03878026657476
			4.19993518668549	-7.03878026657476
			4.20549065650915	-7.03878026657476
			4.21104612633281	-7.04433573639841
			4.21660159615646	-7.04433573639841
			4.22215706598012	-7.04433573639841
			4.22771253580378	-7.04433573639841
			4.22771253580378	-7.04989120622207
			4.23326800562744	-7.04989120622207
			4.2388234754511	-7.04989120622207
			4.24437894527475	-7.05544667604573
			4.24993441509841	-7.05544667604573
			4.24993441509841	-7.06100214586939
			4.24993441509841	-7.06655761569305
			4.24993441509841	-7.0721130855167
			4.24437894527475	-7.07766855534036
			4.24437894527475	-7.08322402516402
			4.24437894527475	-7.08877949498768
			4.24437894527475	-7.09433496481134
			4.24437894527475	-7.09989043463499
			4.2388234754511	-7.10544590445865
			4.2388234754511	-7.11100137428231
			4.2388234754511	-7.11655684410597
			4.2388234754511	-7.12211231392963
			4.2388234754511	-7.12766778375328
			4.2388234754511	-7.13322325357694
			4.23326800562744	-7.1387787234006
			4.23326800562744	-7.14433419322426
			4.23326800562744	-7.14988966304792
			4.23326800562744	-7.15544513287157
			4.23326800562744	-7.16100060269523
			4.23326800562744	-7.16655607251889
			4.22771253580378	-7.17211154234255
			4.22771253580378	-7.17766701216621
			4.22771253580378	-7.18322248198986
			4.22771253580378	-7.18877795181352
			4.22771253580378	-7.19433342163718
			4.22771253580378	-7.19988889146084
			4.22215706598012	-7.2054443612845
			4.22215706598012	-7.21099983110815
			4.22215706598012	-7.21655530093181
			4.22215706598012	-7.22211077075547
			4.22215706598012	-7.22766624057913
			4.21660159615646	-7.23322171040279
			4.21660159615646	-7.23877718022645
			4.21660159615646	-7.2443326500501
			4.21660159615646	-7.24988811987376
			4.21660159615646	-7.25544358969742
			4.21660159615646	-7.26099905952108
			4.21104612633281	-7.26655452934474
			4.21104612633281	-7.27210999916839
			4.21104612633281	-7.27766546899205
			4.21104612633281	-7.28322093881571
			4.21104612633281	-7.28877640863937
			4.21104612633281	-7.29433187846303
			4.20549065650915	-7.29988734828668
			4.20549065650915	-7.30544281811034
			4.20549065650915	-7.310998287934
			4.20549065650915	-7.31655375775766
			4.19993518668549	-7.32210922758132
			4.19993518668549	-7.32766469740497
			4.19993518668549	-7.33322016722863
			4.19993518668549	-7.33877563705229
			4.19993518668549	-7.34433110687595
			4.19437971686183	-7.34988657669961
			4.19437971686183	-7.35544204652326
			4.19437971686183	-7.36099751634692
			4.19437971686183	-7.36655298617058
			4.19437971686183	-7.37210845599424
			4.18882424703817	-7.3776639258179
			4.18882424703817	-7.38321939564155
			4.18882424703817	-7.38877486546521
			4.18882424703817	-7.39433033528887
			4.18882424703817	-7.39988580511253
			4.18882424703817	-7.40544127493619
			4.18326877721451	-7.41099674475984
			4.18326877721451	-7.4165522145835
			4.18326877721451	-7.42210768440716
			4.18326877721451	-7.42766315423082
			4.17771330739086	-7.43321862405448
			4.17771330739086	-7.43877409387814
			4.17771330739086	-7.44432956370179
			4.17771330739086	-7.44988503352545
			4.17771330739086	-7.45544050334911
			4.1721578375672	-7.46099597317277
			4.1721578375672	-7.46655144299643
			4.1721578375672	-7.47210691282008
			4.1721578375672	-7.47766238264374
			4.16660236774354	-7.4832178524674
			4.16660236774354	-7.48877332229106
			4.16660236774354	-7.49432879211472
			4.16660236774354	-7.49988426193837
			4.16104689791988	-7.50543973176203
			4.16104689791988	-7.51099520158569
			4.16104689791988	-7.51655067140935
			4.16104689791988	-7.52210614123301
			4.16104689791988	-7.52766161105666
			4.15549142809622	-7.52766161105666
			4.15549142809622	-7.53321708088032
			4.15549142809622	-7.53877255070398
			4.15549142809622	-7.54432802052764
			4.15549142809622	-7.5498834903513
			4.14993595827257	-7.55543896017495
			4.14993595827257	-7.56099442999861
			4.14993595827257	-7.56654989982227
			4.14993595827257	-7.57210536964593
			4.14438048844891	-7.57766083946959
			4.14438048844891	-7.58321630929324
			4.14438048844891	-7.5887717791169
			4.14438048844891	-7.59432724894056
			4.13882501862525	-7.59988271876422
			4.13882501862525	-7.60543818858788
			4.13882501862525	-7.61099365841153
			4.13882501862525	-7.61654912823519
			4.13326954880159	-7.62210459805885
			4.13326954880159	-7.62766006788251
			4.13326954880159	-7.63321553770617
			4.12771407897793	-7.63877100752982
			4.12771407897793	-7.64432647735348
			4.12771407897793	-7.64988194717714
			4.12771407897793	-7.6554374170008
			4.12215860915428	-7.66099288682446
			4.12215860915428	-7.66654835664812
			4.12215860915428	-7.67210382647177
			4.12215860915428	-7.67765929629543
			4.11660313933062	-7.68321476611909
			4.11660313933062	-7.68877023594275
			4.11660313933062	-7.69432570576641
			4.11660313933062	-7.69988117559006
			4.11104766950696	-7.70543664541372
			4.11104766950696	-7.71099211523738
			4.11104766950696	-7.71654758506104
			4.1054921996833	-7.7221030548847
			4.1054921996833	-7.72765852470835
			4.1054921996833	-7.73321399453201
			4.09993672985964	-7.73876946435567
			4.09993672985964	-7.74432493417933
			4.09993672985964	-7.74988040400299
			4.09993672985964	-7.75543587382664
			4.09438126003599	-7.75543587382664
			4.09438126003599	-7.7609913436503
			4.09438126003599	-7.76654681347396
			4.09438126003599	-7.77210228329762
			4.08882579021233	-7.77765775312128
			4.08882579021233	-7.78321322294493
			4.08882579021233	-7.78876869276859
			4.08327032038867	-7.79432416259225
			4.08327032038867	-7.79987963241591
			4.08327032038867	-7.80543510223957
			4.07771485056501	-7.81099057206322
			4.07771485056501	-7.81654604188688
			4.07771485056501	-7.82210151171054
			4.07771485056501	-7.8276569815342
			4.07215938074135	-7.8276569815342
			4.07215938074135	-7.83321245135786
			4.07215938074135	-7.83876792118151
			4.0666039109177	-7.84432339100517
			4.0666039109177	-7.84987886082883
			4.0666039109177	-7.85543433065249
			4.06104844109404	-7.85543433065249
			4.06104844109404	-7.86098980047615
			4.06104844109404	-7.86654527029981
			4.06104844109404	-7.87210074012346
			4.05549297127038	-7.87765620994712
			4.05549297127038	-7.88321167977078
			4.04993750144672	-7.88876714959444
			4.04993750144672	-7.8943226194181
			4.04993750144672	-7.89987808924175
			4.04438203162306	-7.90543355906541
			4.04438203162306	-7.91098902888907
			4.04438203162306	-7.91654449871273
			4.03882656179941	-7.92209996853639
			4.03882656179941	-7.92765543836004
			4.03327109197575	-7.92765543836004
			4.03327109197575	-7.9332109081837
			4.03327109197575	-7.93876637800736
			4.02771562215209	-7.94432184783102
			4.02771562215209	-7.94987731765468
			4.02771562215209	-7.95543278747833
			4.02216015232843	-7.96098825730199
			4.02216015232843	-7.96654372712565
			4.01660468250477	-7.97209919694931
			4.01660468250477	-7.97765466677297
			4.01104921268112	-7.98321013659662
			4.01104921268112	-7.98876560642028
			4.00549374285746	-7.99432107624394
			4.00549374285746	-7.9998765460676
			3.9999382730338	-8.00543201589126
			3.9999382730338	-8.01098748571491
			3.9999382730338	-8.01654295553857
			3.99438280321014	-8.01654295553857
			3.99438280321014	-8.02209842536223
			3.98882733338648	-8.02765389518589
			3.98882733338648	-8.03320936500955
			3.98327186356283	-8.03876483483321
			3.98327186356283	-8.04432030465686
			3.97771639373917	-8.04987577448052
			3.97216092391551	-8.05543124430418
			3.97216092391551	-8.06098671412784
			3.96660545409185	-8.0665421839515
			3.96660545409185	-8.07209765377515
			3.96104998426819	-8.07765312359881
			3.96104998426819	-8.08320859342247
			3.95549451444453	-8.08876406324613
			3.94993904462088	-8.09431953306979
			3.94438357479722	-8.09987500289344
			3.94438357479722	-8.1054304727171
			3.93882810497356	-8.11098594254076
			3.9332726351499	-8.11654141236442
			3.9332726351499	-8.12209688218808
			3.92771716532624	-8.12765235201173
			3.92216169550259	-8.13320782183539
			3.92216169550259	-8.13876329165905
			3.91660622567893	-8.13876329165905
			3.91105075585527	-8.14431876148271
			3.90549528603161	-8.14987423130637
			3.90549528603161	-8.15542970113002
			3.89993981620795	-8.15542970113002
			3.8943843463843	-8.16098517095368
			3.8943843463843	-8.16654064077734
			3.88882887656064	-8.16654064077734
			3.88327340673698	-8.172096110601
			3.87771793691332	-8.17765158042466
			3.87216246708966	-8.18320705024831
			3.86660699726601	-8.18876252007197
			3.86105152744235	-8.19431798989563
			3.85549605761869	-8.19431798989563
			3.84994058779503	-8.19987345971929
			3.84438511797137	-8.19987345971929
			3.83882964814772	-8.20542892954295
			3.83327417832406	-8.20542892954295
			3.8277187085004	-8.2109843993666
			3.82216323867674	-8.2109843993666
			3.81660776885308	-8.2109843993666
			3.81105229902943	-8.21653986919026
			3.80549682920577	-8.21653986919026
			3.79994135938211	-8.21653986919026
			3.79438588955845	-8.22209533901392
			3.78883041973479	-8.22209533901392
			3.78327494991114	-8.22209533901392
			3.77771948008748	-8.22209533901392
			3.77216401026382	-8.22209533901392
			3.76660854044016	-8.22209533901392
			3.7610530706165	-8.22209533901392
			3.75549760079284	-8.22209533901392
			3.74994213096919	-8.22209533901392
			3.74438666114553	-8.22209533901392
			3.73883119132187	-8.21653986919026
			3.73327572149821	-8.21653986919026
			3.72772025167455	-8.21653986919026
		</axis>
		<border type=matrix rownames=FALSE colnames=FALSE nrow=391 ncol=2 as.numeric=TRUE >
			3.72772025167455	-8.3832039639
			3.73327572149821	-8.3832039639
			3.73883119132187	-8.3832039639
			3.74438666114553	-8.3832039639
			3.74994213096919	-8.3832039639
			3.75549760079284	-8.37764849407635
			3.7610530706165	-8.37764849407635
			3.76660854044016	-8.37764849407635
			3.77216401026382	-8.37764849407635
			3.77771948008748	-8.37764849407635
			3.78327494991114	-8.37764849407635
			3.78883041973479	-8.37764849407635
			3.79438588955845	-8.37209302425269
			3.79994135938211	-8.37209302425269
			3.80549682920577	-8.37209302425269
			3.81105229902943	-8.37209302425269
			3.81660776885308	-8.37209302425269
			3.82216323867674	-8.37209302425269
			3.8277187085004	-8.37209302425269
			3.83327417832406	-8.37209302425269
			3.83882964814772	-8.36653755442903
			3.84438511797137	-8.36653755442903
			3.84994058779503	-8.36653755442903
			3.85549605761869	-8.36653755442903
			3.86105152744235	-8.36653755442903
			3.86660699726601	-8.36653755442903
			3.87216246708966	-8.36098208460537
			3.87771793691332	-8.36098208460537
			3.88327340673698	-8.36098208460537
			3.88882887656064	-8.36098208460537
			3.8943843463843	-8.36098208460537
			3.89993981620795	-8.36098208460537
			3.90549528603161	-8.35542661478171
			3.91105075585527	-8.35542661478171
			3.91660622567893	-8.35542661478171
			3.92216169550259	-8.35542661478171
			3.92771716532624	-8.35542661478171
			3.9332726351499	-8.35542661478171
			3.93882810497356	-8.34987114495806
			3.94438357479722	-8.34987114495806
			3.94993904462088	-8.34987114495806
			3.95549451444453	-8.34987114495806
			3.96104998426819	-8.34987114495806
			3.96660545409185	-8.3443156751344
			3.97216092391551	-8.3443156751344
			3.97771639373917	-8.3443156751344
			3.98327186356283	-8.3443156751344
			3.98882733338648	-8.3443156751344
			3.99438280321014	-8.33876020531074
			3.9999382730338	-8.33876020531074
			4.00549374285746	-8.33876020531074
			4.01104921268112	-8.33876020531074
			4.01660468250477	-8.33876020531074
			4.02216015232843	-8.33320473548708
			4.02771562215209	-8.33320473548708
			4.03327109197575	-8.33320473548708
			4.03882656179941	-8.33320473548708
			4.04438203162306	-8.33320473548708
			4.04993750144672	-8.32764926566342
			4.05549297127038	-8.32764926566342
			4.06104844109404	-8.32764926566342
			4.0666039109177	-8.32764926566342
			4.07215938074135	-8.32209379583977
			4.07771485056501	-8.32209379583977
			4.08327032038867	-8.32209379583977
			4.08882579021233	-8.32209379583977
			4.09438126003599	-8.32209379583977
			4.09993672985964	-8.31653832601611
			4.1054921996833	-8.31653832601611
			4.11104766950696	-8.31653832601611
			4.11660313933062	-8.31653832601611
			4.12215860915428	-8.31098285619245
			4.12771407897793	-8.31098285619245
			4.13326954880159	-8.31098285619245
			4.13882501862525	-8.31098285619245
			4.14438048844891	-8.30542738636879
			4.14993595827257	-8.30542738636879
			4.15549142809622	-8.30542738636879
			4.16104689791988	-8.30542738636879
			4.16104689791988	-8.29987191654513
			4.16660236774354	-8.29987191654513
			4.1721578375672	-8.29987191654513
			4.17771330739086	-8.29987191654513
			4.18326877721451	-8.29431644672148
			4.18882424703817	-8.29431644672148
			4.19437971686183	-8.29431644672148
			4.19993518668549	-8.29431644672148
			4.20549065650915	-8.28876097689782
			4.21104612633281	-8.28876097689782
			4.21660159615646	-8.28876097689782
			4.22215706598012	-8.28320550707416
			4.22771253580378	-8.28320550707416
			4.23326800562744	-8.28320550707416
			4.2388234754511	-8.28320550707416
			4.24437894527475	-8.2776500372505
			4.24993441509841	-8.2776500372505
			4.25548988492207	-8.2776500372505
			4.26104535474573	-8.2776500372505
			4.26660082456939	-8.27209456742684
			4.27215629439304	-8.27209456742684
			4.2777117642167	-8.26653909760319
			4.28326723404036	-8.26653909760319
			4.28882270386402	-8.26653909760319
			4.29437817368768	-8.26098362777953
			4.29993364351133	-8.26098362777953
			4.30548911333499	-8.26098362777953
			4.31104458315865	-8.26098362777953
			4.31660005298231	-8.25542815795587
			4.32215552280597	-8.25542815795587
			4.32771099262962	-8.24987268813221
			4.33326646245328	-8.24987268813221
			4.33882193227694	-8.24987268813221
			4.3443774021006	-8.24431721830855
			4.34993287192426	-8.24431721830855
			4.35548834174791	-8.24431721830855
			4.36104381157157	-8.2387617484849
			4.36659928139523	-8.2387617484849
			4.37215475121889	-8.2387617484849
			4.37771022104255	-8.23320627866124
			4.3832656908662	-8.23320627866124
			4.38882116068986	-8.23320627866124
			4.39437663051352	-8.22765080883758
			4.39993210033718	-8.22765080883758
			4.40548757016084	-8.22765080883758
			4.4110430399845	-8.22209533901392
			4.41659850980815	-8.22209533901392
			4.42215397963181	-8.21653986919026
			4.42770944945547	-8.21653986919026
			4.43326491927913	-8.21653986919026
			4.43882038910279	-8.2109843993666
			4.44437585892644	-8.2109843993666
			4.4499313287501	-8.2109843993666
			4.45548679857376	-8.20542892954295
			4.46104226839742	-8.20542892954295
			4.46659773822108	-8.19987345971929
			4.47215320804473	-8.19987345971929
			4.47770867786839	-8.19987345971929
			4.48326414769205	-8.19431798989563
			4.48881961751571	-8.19431798989563
			4.49437508733937	-8.18876252007197
			4.49993055716302	-8.18876252007197
			4.50548602698668	-8.18876252007197
			4.51104149681034	-8.18320705024831
			4.516596966634	-8.18320705024831
			4.52215243645766	-8.17765158042466
			4.52770790628131	-8.17765158042466
			4.53326337610497	-8.17765158042466
			4.53881884592863	-8.172096110601
			4.54437431575229	-8.172096110601
			4.54992978557595	-8.16654064077734
			4.5554852553996	-8.16654064077734
			4.56104072522326	-8.16098517095368
			4.56659619504692	-8.16098517095368
			4.57215166487058	-8.15542970113002
			4.57770713469424	-8.15542970113002
			4.58326260451789	-8.15542970113002
			4.58326260451789	-8.14987423130637
			4.58881807434155	-8.14987423130637
			4.59437354416521	-8.14987423130637
			4.59992901398887	-8.14431876148271
			4.60548448381253	-8.14431876148271
			4.61103995363619	-8.13876329165905
			4.61659542345984	-8.13876329165905
			4.6221508932835	-8.13320782183539
			4.62770636310716	-8.13320782183539
			4.62770636310716	-8.12765235201173
			4.63326183293082	-8.12765235201173
			4.63881730275448	-8.12765235201173
			4.64437277257813	-8.12209688218808
			4.64992824240179	-8.12209688218808
			4.65548371222545	-8.12209688218808
			4.65548371222545	-8.11654141236442
			4.66103918204911	-8.11654141236442
			4.66659465187277	-8.11098594254076
			4.67215012169642	-8.11098594254076
			4.67770559152008	-8.11098594254076
			4.67770559152008	-8.1054304727171
			4.68326106134374	-8.1054304727171
			4.6888165311674	-8.09987500289344
			4.69437200099106	-8.09987500289344
			4.69992747081471	-8.09431953306979
			4.70548294063837	-8.09431953306979
			4.71103841046203	-8.08876406324613
			4.71659388028569	-8.08876406324613
			4.72214935010935	-8.08320859342247
			4.727704819933	-8.08320859342247
			4.73326028975666	-8.07765312359881
			4.73881575958032	-8.07765312359881
			4.74437122940398	-8.07209765377515
			4.74992669922764	-8.07209765377515
			4.75548216905129	-8.0665421839515
			4.76103763887495	-8.0665421839515
			4.76659310869861	-8.06098671412784
			4.77214857852227	-8.06098671412784
			4.77770404834593	-8.05543124430418
			4.77770404834593	-8.04987577448052
			4.78325951816958	-8.04987577448052
			4.78881498799324	-8.04432030465686
			4.7943704578169	-8.04432030465686
			4.79992592764056	-8.03876483483321
			4.80548139746422	-8.03876483483321
			4.81103686728787	-8.03320936500955
			4.81659233711153	-8.03320936500955
			4.82214780693519	-8.02765389518589
			4.82770327675885	-8.02765389518589
			4.83325874658251	-8.02209842536223
			4.83881421640617	-8.02209842536223
			4.84436968622982	-8.01654295553857
			4.84992515605348	-8.01098748571491
			4.85548062587714	-8.01098748571491
			4.8610360957008	-8.00543201589126
			4.86659156552446	-7.9998765460676
			4.87214703534811	-7.99432107624394
			4.87770250517177	-7.99432107624394
			4.88325797499543	-7.99432107624394
			4.88325797499543	-7.98876560642028
			4.88881344481909	-7.98876560642028
			4.89436891464275	-7.98321013659662
			4.8999243844664	-7.98321013659662
			4.90547985429006	-7.97765466677297
			4.91103532411372	-7.97209919694931
			4.91659079393738	-7.97209919694931
			4.92214626376104	-7.96654372712565
			4.92770173358469	-7.96654372712565
			4.92770173358469	-7.96098825730199
			4.93325720340835	-7.96098825730199
			4.93881267323201	-7.95543278747833
			4.94436814305567	-7.95543278747833
			4.94436814305567	-7.94987731765468
			4.94992361287933	-7.94987731765468
			4.95547908270298	-7.94432184783102
			4.96103455252664	-7.94432184783102
			4.9665900223503	-7.93876637800736
			4.97214549217396	-7.9332109081837
			4.97770096199762	-7.92765543836004
			4.98325643182127	-7.92765543836004
			4.98881190164493	-7.92209996853639
			4.99436737146859	-7.91654449871273
			4.99992284129225	-7.91654449871273
			5.00547831111591	-7.91098902888907
			5.01103378093956	-7.90543355906541
			5.01658925076322	-7.90543355906541
			5.02214472058688	-7.89987808924175
			5.02770019041054	-7.8943226194181
			5.0332556602342	-7.88876714959444
			5.03881113005786	-7.88876714959444
			5.04436659988151	-7.88321167977078
			5.04992206970517	-7.87765620994712
			5.05547753952883	-7.87210074012346
			5.06103300935249	-7.87210074012346
			5.06658847917615	-7.86654527029981
			5.0721439489998	-7.86098980047615
			5.07769941882346	-7.86098980047615
			5.07769941882346	-7.85543433065249
			5.08325488864712	-7.85543433065249
			5.08881035847078	-7.84987886082883
			5.09436582829444	-7.84432339100517
			5.09992129811809	-7.84432339100517
			5.09992129811809	-7.83876792118151
			5.10547676794175	-7.83876792118151
			5.11103223776541	-7.83321245135786
			5.11658770758907	-7.8276569815342
			5.12214317741273	-7.82210151171054
			5.12769864723638	-7.81654604188688
			5.13325411706004	-7.81654604188688
			5.1388095868837	-7.81099057206322
			5.14436505670736	-7.80543510223957
			5.14992052653102	-7.80543510223957
			5.15547599635467	-7.79987963241591
			5.16103146617833	-7.79432416259225
			5.16658693600199	-7.78876869276859
			5.17214240582565	-7.78321322294493
			5.17769787564931	-7.77765775312128
			5.18325334547296	-7.77765775312128
			5.18325334547296	-7.77210228329762
			5.18880881529662	-7.77210228329762
			5.19436428512028	-7.76654681347396
			5.19436428512028	-7.7609913436503
			5.19991975494394	-7.7609913436503
			5.2054752247676	-7.75543587382664
			5.21103069459125	-7.74988040400299
			5.21658616441491	-7.74432493417933
			5.22214163423857	-7.73876946435567
			5.22769710406223	-7.73876946435567
			5.23325257388589	-7.73321399453201
			5.23325257388589	-7.72765852470835
			5.23880804370955	-7.72765852470835
			5.2443635135332	-7.7221030548847
			5.24991898335686	-7.71654758506104
			5.25547445318052	-7.71654758506104
			5.25547445318052	-7.71099211523738
			5.26102992300418	-7.70543664541372
			5.26658539282784	-7.70543664541372
			5.27214086265149	-7.69988117559006
			5.27214086265149	-7.69432570576641
			5.27769633247515	-7.69432570576641
			5.28325180229881	-7.68877023594275
			5.28880727212247	-7.68321476611909
			5.28880727212247	-7.67765929629543
			5.29436274194613	-7.67765929629543
			5.29991821176978	-7.67210382647177
			5.30547368159344	-7.66654835664812
			5.3110291514171	-7.66654835664812
			5.3110291514171	-7.66099288682446
			5.31658462124076	-7.6554374170008
			5.32214009106442	-7.64988194717714
			5.32769556088807	-7.64988194717714
			5.32769556088807	-7.64432647735348
			5.33325103071173	-7.63877100752982
			5.33880650053539	-7.63877100752982
			5.34436197035905	-7.63321553770617
			5.34436197035905	-7.62766006788251
			5.34991744018271	-7.62210459805885
			5.35547291000636	-7.62210459805885
			5.36102837983002	-7.61654912823519
			5.36102837983002	-7.61099365841153
			5.36658384965368	-7.60543818858788
			5.37213931947734	-7.60543818858788
			5.377694789301	-7.59988271876422
			5.377694789301	-7.59432724894056
			5.38325025912465	-7.5887717791169
			5.38880572894831	-7.5887717791169
			5.39436119877197	-7.58321630929324
			5.39436119877197	-7.57766083946959
			5.39991666859563	-7.57210536964593
			5.40547213841929	-7.57210536964593
			5.41102760824294	-7.56654989982227
			5.41102760824294	-7.56099442999861
			5.4165830780666	-7.55543896017495
			5.42213854789026	-7.55543896017495
			5.42213854789026	-7.5498834903513
			5.42769401771392	-7.54432802052764
			5.43324948753758	-7.53877255070398
			5.43880495736123	-7.53877255070398
			5.43880495736123	-7.53321708088032
			5.44436042718489	-7.52766161105666
			5.44991589700855	-7.52210614123301
			5.45547136683221	-7.51655067140935
			5.46102683665587	-7.51099520158569
			5.46658230647953	-7.50543973176203
			5.47213777630318	-7.49988426193837
			5.47769324612684	-7.49432879211472
			5.4832487159505	-7.48877332229106
			5.4832487159505	-7.4832178524674
			5.48880418577416	-7.47766238264374
			5.49435965559782	-7.47210691282008
			5.49991512542147	-7.46655144299643
			5.50547059524513	-7.46099597317277
			5.51102606506879	-7.45544050334911
			5.51658153489245	-7.44988503352545
			5.51658153489245	-7.44432956370179
			5.52213700471611	-7.43877409387814
			5.52769247453976	-7.43321862405448
			5.53324794436342	-7.42766315423082
			5.53880341418708	-7.42766315423082
			5.54435888401074	-7.42210768440716
			5.5499143538344	-7.4165522145835
			5.5499143538344	-7.41099674475984
			5.55546982365805	-7.40544127493619
			5.56102529348171	-7.39988580511253
			5.56658076330537	-7.39433033528887
			5.57213623312903	-7.38877486546521
			5.57769170295269	-7.38321939564155
			5.57769170295269	-7.3776639258179
			5.58324717277634	-7.37210845599424
			5.5888026426	-7.36655298617058
			5.59435811242366	-7.36099751634692
			5.59435811242366	-7.35544204652326
			5.59991358224732	-7.35544204652326
			5.59991358224732	-7.34988657669961
			5.60546905207098	-7.34433110687595
			5.61102452189463	-7.33877563705229
			5.61657999171829	-7.33322016722863
			5.62213546154195	-7.32766469740497
			5.62769093136561	-7.32210922758132
			5.62769093136561	-7.31655375775766
			5.63324640118927	-7.310998287934
			5.63324640118927	-7.30544281811034
			5.63880187101292	-7.30544281811034
			5.64435734083658	-7.29988734828668
			5.64435734083658	-7.29433187846303
			5.64991281066024	-7.28877640863937
			5.64991281066024	-7.28322093881571
			5.6554682804839	-7.28322093881571
			5.6554682804839	-7.27766546899205
			5.66102375030756	-7.27210999916839
			5.66657922013122	-7.26655452934474
			5.67213468995487	-7.26099905952108
			5.67213468995487	-7.25544358969742
			5.67769015977853	-7.24988811987376
			5.68324562960219	-7.2443326500501
		</border>
		<margin type=matrix rownames=FALSE colnames=FALSE nrow=757 ncol=2 as.numeric=TRUE >
			3.72772025167455	-8.67208839473022
			3.73327572149821	-8.67208839473022
			3.73883119132187	-8.67208839473022
			3.74438666114553	-8.67208839473022
			3.74994213096919	-8.67208839473022
			3.75549760079284	-8.67208839473022
			3.7610530706165	-8.67764386455388
			3.76660854044016	-8.67764386455388
			3.77216401026382	-8.67764386455388
			3.77771948008748	-8.67764386455388
			3.78327494991114	-8.67764386455388
			3.78883041973479	-8.67764386455388
			3.79438588955845	-8.67764386455388
			3.79994135938211	-8.67764386455388
			3.80549682920577	-8.67764386455388
			3.81105229902943	-8.67764386455388
			3.81660776885308	-8.67764386455388
			3.82216323867674	-8.67764386455388
			3.8277187085004	-8.67764386455388
			3.83327417832406	-8.67764386455388
			3.83882964814772	-8.67764386455388
			3.84438511797137	-8.67764386455388
			3.84994058779503	-8.67764386455388
			3.85549605761869	-8.67764386455388
			3.86105152744235	-8.67764386455388
			3.86660699726601	-8.67764386455388
			3.87216246708966	-8.67764386455388
			3.87771793691332	-8.67764386455388
			3.88327340673698	-8.67764386455388
			3.88882887656064	-8.67764386455388
			3.8943843463843	-8.67764386455388
			3.89993981620795	-8.67764386455388
			3.90549528603161	-8.67764386455388
			3.91105075585527	-8.67764386455388
			3.91660622567893	-8.67764386455388
			3.92216169550259	-8.67764386455388
			3.92771716532624	-8.67764386455388
			3.9332726351499	-8.67764386455388
			3.93882810497356	-8.67764386455388
			3.94438357479722	-8.67208839473022
			3.94993904462088	-8.67208839473022
			3.95549451444453	-8.67208839473022
			3.96104998426819	-8.67208839473022
			3.96660545409185	-8.67208839473022
			3.97216092391551	-8.67208839473022
			3.97771639373917	-8.67208839473022
			3.98327186356283	-8.67208839473022
			3.98882733338648	-8.67208839473022
			3.99438280321014	-8.67208839473022
			3.9999382730338	-8.67208839473022
			4.00549374285746	-8.67208839473022
			4.01104921268112	-8.66653292490657
			4.01660468250477	-8.66653292490657
			4.02216015232843	-8.66653292490657
			4.02771562215209	-8.66653292490657
			4.03327109197575	-8.66653292490657
			4.03882656179941	-8.66653292490657
			4.04438203162306	-8.66653292490657
			4.04993750144672	-8.66653292490657
			4.05549297127038	-8.66097745508291
			4.06104844109404	-8.66097745508291
			4.0666039109177	-8.66097745508291
			4.07215938074135	-8.66097745508291
			4.07771485056501	-8.66097745508291
			4.08327032038867	-8.66097745508291
			4.08882579021233	-8.66097745508291
			4.09438126003599	-8.65542198525925
			4.09993672985964	-8.65542198525925
			4.1054921996833	-8.65542198525925
			4.11104766950696	-8.65542198525925
			4.11660313933062	-8.65542198525925
			4.12215860915428	-8.65542198525925
			4.12771407897793	-8.64986651543559
			4.13326954880159	-8.64986651543559
			4.13882501862525	-8.64986651543559
			4.14438048844891	-8.64986651543559
			4.14993595827257	-8.64986651543559
			4.15549142809622	-8.64986651543559
			4.16104689791988	-8.64431104561193
			4.16660236774354	-8.64431104561193
			4.1721578375672	-8.64431104561193
			4.17771330739086	-8.64431104561193
			4.18326877721451	-8.64431104561193
			4.18882424703817	-8.63875557578828
			4.19437971686183	-8.63875557578828
			4.19993518668549	-8.63875557578828
			4.20549065650915	-8.63875557578828
			4.21104612633281	-8.63875557578828
			4.21660159615646	-8.63320010596462
			4.22215706598012	-8.63320010596462
			4.22771253580378	-8.63320010596462
			4.23326800562744	-8.63320010596462
			4.2388234754511	-8.63320010596462
			4.2388234754511	-8.62764463614096
			4.24437894527475	-8.62764463614096
			4.24993441509841	-8.62764463614096
			4.25548988492207	-8.62764463614096
			4.26104535474573	-8.62764463614096
			4.26660082456939	-8.6220891663173
			4.27215629439304	-8.6220891663173
			4.2777117642167	-8.6220891663173
			4.28326723404036	-8.6220891663173
			4.28882270386402	-8.61653369649364
			4.29437817368768	-8.61653369649364
			4.29993364351133	-8.61653369649364
			4.30548911333499	-8.61653369649364
			4.31104458315865	-8.61097822666999
			4.31660005298231	-8.61097822666999
			4.32215552280597	-8.61097822666999
			4.32771099262962	-8.61097822666999
			4.33326646245328	-8.60542275684633
			4.33882193227694	-8.60542275684633
			4.3443774021006	-8.60542275684633
			4.34993287192426	-8.60542275684633
			4.35548834174791	-8.59986728702267
			4.36104381157157	-8.59986728702267
			4.36659928139523	-8.59986728702267
			4.37215475121889	-8.59986728702267
			4.37771022104255	-8.59431181719901
			4.3832656908662	-8.59431181719901
			4.38882116068986	-8.59431181719901
			4.39437663051352	-8.59431181719901
			4.39993210033718	-8.58875634737535
			4.40548757016084	-8.58875634737535
			4.4110430399845	-8.58875634737535
			4.41659850980815	-8.5832008775517
			4.42215397963181	-8.5832008775517
			4.42770944945547	-8.5832008775517
			4.43326491927913	-8.57764540772804
			4.43882038910279	-8.57764540772804
			4.44437585892644	-8.57764540772804
			4.4499313287501	-8.57764540772804
			4.45548679857376	-8.57208993790438
			4.46104226839742	-8.57208993790438
			4.46659773822108	-8.57208993790438
			4.47215320804473	-8.57208993790438
			4.47770867786839	-8.56653446808072
			4.48326414769205	-8.56653446808072
			4.48881961751571	-8.56653446808072
			4.49437508733937	-8.56097899825706
			4.49993055716302	-8.56097899825706
			4.50548602698668	-8.56097899825706
			4.51104149681034	-8.5554235284334
			4.516596966634	-8.5554235284334
			4.52215243645766	-8.5554235284334
			4.52770790628131	-8.54986805860975
			4.53326337610497	-8.54986805860975
			4.53881884592863	-8.54986805860975
			4.54437431575229	-8.54431258878609
			4.54992978557595	-8.54431258878609
			4.5554852553996	-8.54431258878609
			4.56104072522326	-8.53875711896243
			4.56659619504692	-8.53875711896243
			4.57215166487058	-8.53875711896243
			4.57770713469424	-8.53320164913877
			4.58326260451789	-8.53320164913877
			4.58881807434155	-8.53320164913877
			4.59437354416521	-8.52764617931511
			4.59992901398887	-8.52764617931511
			4.60548448381253	-8.52764617931511
			4.61103995363619	-8.52209070949146
			4.61659542345984	-8.52209070949146
			4.6221508932835	-8.52209070949146
			4.62770636310716	-8.5165352396678
			4.63326183293082	-8.5165352396678
			4.63881730275448	-8.5165352396678
			4.64437277257813	-8.51097976984414
			4.64992824240179	-8.51097976984414
			4.65548371222545	-8.51097976984414
			4.66103918204911	-8.50542430002048
			4.66659465187277	-8.50542430002048
			4.67215012169642	-8.50542430002048
			4.67770559152008	-8.49986883019682
			4.68326106134374	-8.49986883019682
			4.6888165311674	-8.49431336037317
			4.69437200099106	-8.49431336037317
			4.69992747081471	-8.49431336037317
			4.70548294063837	-8.48875789054951
			4.71103841046203	-8.48875789054951
			4.71659388028569	-8.48875789054951
			4.72214935010935	-8.48320242072585
			4.727704819933	-8.48320242072585
			4.73326028975666	-8.47764695090219
			4.73881575958032	-8.47764695090219
			4.74437122940398	-8.47764695090219
			4.74992669922764	-8.47209148107853
			4.75548216905129	-8.47209148107853
			4.76103763887495	-8.47209148107853
			4.76659310869861	-8.46653601125488
			4.77214857852227	-8.46653601125488
			4.77770404834593	-8.46098054143122
			4.78325951816958	-8.46098054143122
			4.78881498799324	-8.46098054143122
			4.7943704578169	-8.45542507160756
			4.79992592764056	-8.45542507160756
			4.80548139746422	-8.45542507160756
			4.81103686728787	-8.4498696017839
			4.81659233711153	-8.4498696017839
			4.82214780693519	-8.44431413196024
			4.82770327675885	-8.44431413196024
			4.83325874658251	-8.44431413196024
			4.83881421640617	-8.43875866213659
			4.84436968622982	-8.43875866213659
			4.84992515605348	-8.43320319231293
			4.85548062587714	-8.43320319231293
			4.8610360957008	-8.42764772248927
			4.86659156552446	-8.42764772248927
			4.87214703534811	-8.42209225266561
			4.87770250517177	-8.41653678284195
			4.88325797499543	-8.41653678284195
			4.88881344481909	-8.4109813130183
			4.89436891464275	-8.4109813130183
			4.89436891464275	-8.40542584319464
			4.8999243844664	-8.40542584319464
			4.90547985429006	-8.39987037337098
			4.91103532411372	-8.39987037337098
			4.91659079393738	-8.39431490354732
			4.92214626376104	-8.39431490354732
			4.92770173358469	-8.38875943372366
			4.93325720340835	-8.3832039639
			4.93881267323201	-8.3832039639
			4.94436814305567	-8.37764849407635
			4.94992361287933	-8.37764849407635
			4.94992361287933	-8.37209302425269
			4.95547908270298	-8.37209302425269
			4.96103455252664	-8.36653755442903
			4.9665900223503	-8.36098208460537
			4.97214549217396	-8.36098208460537
			4.97770096199762	-8.35542661478171
			4.98325643182127	-8.35542661478171
			4.98881190164493	-8.34987114495806
			4.99436737146859	-8.34987114495806
			4.99436737146859	-8.3443156751344
			4.99992284129225	-8.3443156751344
			5.00547831111591	-8.33876020531074
			5.01103378093956	-8.33320473548708
			5.01658925076322	-8.33320473548708
			5.02214472058688	-8.32764926566342
			5.02770019041054	-8.32764926566342
			5.02770019041054	-8.32209379583977
			5.0332556602342	-8.32209379583977
			5.03881113005786	-8.31653832601611
			5.04436659988151	-8.31653832601611
			5.04992206970517	-8.31098285619245
			5.05547753952883	-8.31098285619245
			5.06103300935249	-8.30542738636879
			5.06103300935249	-8.29987191654513
			5.06658847917615	-8.29987191654513
			5.0721439489998	-8.29431644672148
			5.07769941882346	-8.29431644672148
			5.08325488864712	-8.28876097689782
			5.08881035847078	-8.28876097689782
			5.08881035847078	-8.28320550707416
			5.09436582829444	-8.28320550707416
			5.09992129811809	-8.2776500372505
			5.10547676794175	-8.2776500372505
			5.11103223776541	-8.27209456742684
			5.11658770758907	-8.26653909760319
			5.12214317741273	-8.26098362777953
			5.12769864723638	-8.26098362777953
			5.13325411706004	-8.25542815795587
			5.1388095868837	-8.24987268813221
			5.14436505670736	-8.24987268813221
			5.14992052653102	-8.24431721830855
			5.15547599635467	-8.24431721830855
			5.16103146617833	-8.2387617484849
			5.16658693600199	-8.23320627866124
			5.17214240582565	-8.23320627866124
			5.17769787564931	-8.22765080883758
			5.18325334547296	-8.22209533901392
			5.18880881529662	-8.22209533901392
			5.19436428512028	-8.21653986919026
			5.19991975494394	-8.2109843993666
			5.2054752247676	-8.20542892954295
			5.21103069459125	-8.19987345971929
			5.21658616441491	-8.19987345971929
			5.22214163423857	-8.19987345971929
			5.22214163423857	-8.19431798989563
			5.22769710406223	-8.19431798989563
			5.23325257388589	-8.18876252007197
			5.23880804370955	-8.18320705024831
			5.2443635135332	-8.17765158042466
			5.24991898335686	-8.17765158042466
			5.25547445318052	-8.172096110601
			5.26102992300418	-8.172096110601
			5.26102992300418	-8.16654064077734
			5.26658539282784	-8.16654064077734
			5.27214086265149	-8.16098517095368
			5.27769633247515	-8.16098517095368
			5.27769633247515	-8.15542970113002
			5.28325180229881	-8.15542970113002
			5.28880727212247	-8.14987423130637
			5.29436274194613	-8.14987423130637
			5.29436274194613	-8.14431876148271
			5.29991821176978	-8.14431876148271
			5.30547368159344	-8.13876329165905
			5.3110291514171	-8.13876329165905
			5.3110291514171	-8.13320782183539
			5.31658462124076	-8.12765235201173
			5.32214009106442	-8.12765235201173
			5.32769556088807	-8.12209688218808
			5.33325103071173	-8.11654141236442
			5.33880650053539	-8.11098594254076
			5.34436197035905	-8.11098594254076
			5.34991744018271	-8.1054304727171
			5.35547291000636	-8.1054304727171
			5.36102837983002	-8.09987500289344
			5.36658384965368	-8.09431953306979
			5.37213931947734	-8.09431953306979
			5.37213931947734	-8.08876406324613
			5.377694789301	-8.08320859342247
			5.38325025912465	-8.08320859342247
			5.38880572894831	-8.07765312359881
			5.39436119877197	-8.07765312359881
			5.39991666859563	-8.07209765377515
			5.39991666859563	-8.0665421839515
			5.40547213841929	-8.0665421839515
			5.41102760824294	-8.06098671412784
			5.4165830780666	-8.06098671412784
			5.42213854789026	-8.05543124430418
			5.42213854789026	-8.04987577448052
			5.42769401771392	-8.04987577448052
			5.43324948753758	-8.04432030465686
			5.43880495736123	-8.04432030465686
			5.44436042718489	-8.03876483483321
			5.44436042718489	-8.03320936500955
			5.44991589700855	-8.03320936500955
			5.45547136683221	-8.02765389518589
			5.46102683665587	-8.02765389518589
			5.46102683665587	-8.02209842536223
			5.46658230647953	-8.01654295553857
			5.47213777630318	-8.01654295553857
			5.47769324612684	-8.01098748571491
			5.4832487159505	-8.01098748571491
			5.4832487159505	-8.00543201589126
			5.48880418577416	-7.9998765460676
			5.49435965559782	-7.9998765460676
			5.49991512542147	-7.99432107624394
			5.50547059524513	-7.98876560642028
			5.51102606506879	-7.98321013659662
			5.51658153489245	-7.97765466677297
			5.52213700471611	-7.97765466677297
			5.52769247453976	-7.97209919694931
			5.53324794436342	-7.96654372712565
			5.53880341418708	-7.96654372712565
			5.54435888401074	-7.96098825730199
			5.54435888401074	-7.95543278747833
			5.5499143538344	-7.94987731765468
			5.55546982365805	-7.94987731765468
			5.56102529348171	-7.94432184783102
			5.56658076330537	-7.93876637800736
			5.57213623312903	-7.93876637800736
			5.57213623312903	-7.9332109081837
			5.57769170295269	-7.92765543836004
			5.58324717277634	-7.92765543836004
			5.5888026426	-7.92209996853639
			5.59435811242366	-7.91654449871273
			5.59991358224732	-7.91098902888907
			5.60546905207098	-7.90543355906541
			5.61102452189463	-7.89987808924175
			5.61657999171829	-7.89987808924175
			5.62213546154195	-7.8943226194181
			5.62769093136561	-7.88876714959444
			5.63324640118927	-7.88321167977078
			5.63324640118927	-7.87765620994712
			5.63880187101292	-7.87765620994712
			5.64435734083658	-7.87210074012346
			5.64991281066024	-7.86654527029981
			5.6554682804839	-7.86098980047615
			5.66102375030756	-7.86098980047615
			5.66657922013122	-7.85543433065249
			5.66657922013122	-7.84987886082883
			5.67213468995487	-7.84432339100517
			5.67769015977853	-7.84432339100517
			5.68324562960219	-7.83876792118151
			5.68880109942585	-7.83321245135786
			5.69435656924951	-7.8276569815342
			5.69435656924951	-7.82210151171054
			5.69991203907316	-7.82210151171054
			5.70546750889682	-7.81654604188688
			5.71102297872048	-7.81099057206322
			5.71102297872048	-7.80543510223957
			5.71657844854414	-7.80543510223957
			5.7221339183678	-7.79987963241591
			5.72768938819145	-7.79432416259225
			5.72768938819145	-7.78876869276859
			5.73324485801511	-7.78876869276859
			5.73880032783877	-7.78321322294493
			5.74435579766243	-7.77765775312128
			5.74991126748609	-7.77210228329762
			5.75546673730974	-7.76654681347396
			5.7610222071334	-7.7609913436503
			5.7610222071334	-7.75543587382664
			5.76657767695706	-7.74988040400299
			5.77213314678072	-7.74988040400299
			5.77768861660438	-7.74432493417933
			5.78324408642803	-7.73876946435567
			5.78324408642803	-7.73321399453201
			5.78879955625169	-7.72765852470835
			5.79435502607535	-7.7221030548847
			5.79435502607535	-7.71654758506104
			5.79991049589901	-7.71654758506104
			5.79991049589901	-7.71099211523738
			5.80546596572267	-7.70543664541372
			5.80546596572267	-7.69988117559006
			5.81102143554632	-7.69432570576641
			5.81657690536998	-7.68877023594275
			5.81657690536998	-7.68321476611909
			5.82213237519364	-7.67765929629543
			5.82213237519364	-7.67210382647177
			5.8276878450173	-7.66654835664812
			5.8276878450173	-7.66099288682446
			5.83324331484096	-7.6554374170008
			5.83324331484096	-7.64988194717714
			5.83879878466462	-7.64988194717714
			5.83879878466462	-7.64432647735348
			5.84435425448827	-7.63877100752982
			5.84435425448827	-7.63321553770617
			5.84990972431193	-7.62766006788251
			5.84990972431193	-7.62210459805885
			5.84990972431193	-7.61654912823519
			5.85546519413559	-7.61099365841153
			5.85546519413559	-7.60543818858788
			5.85546519413559	-7.59988271876422
			5.86102066395925	-7.59432724894056
			5.86102066395925	-7.5887717791169
			5.86657613378291	-7.5887717791169
			5.86657613378291	-7.58321630929324
			5.86657613378291	-7.57766083946959
			5.86657613378291	-7.57210536964593
			5.87213160360656	-7.56654989982227
			5.87213160360656	-7.56099442999861
			5.87213160360656	-7.55543896017495
			5.87213160360656	-7.5498834903513
			5.87768707343022	-7.54432802052764
			5.87768707343022	-7.53877255070398
			5.87768707343022	-7.53321708088032
			5.88324254325388	-7.52766161105666
			5.88324254325388	-7.52210614123301
			5.88324254325388	-7.51655067140935
			5.88324254325388	-7.51099520158569
			5.88324254325388	-7.50543973176203
			5.88324254325388	-7.49988426193837
			5.88324254325388	-7.49432879211472
			5.88879801307754	-7.48877332229106
			5.88879801307754	-7.4832178524674
			5.88879801307754	-7.47766238264374
			5.88879801307754	-7.47210691282008
			5.88879801307754	-7.46655144299643
			5.88879801307754	-7.46099597317277
			5.88324254325388	-7.45544050334911
			5.88324254325388	-7.44988503352545
			5.87768707343022	-7.44432956370179
			5.87768707343022	-7.43877409387814
			5.87768707343022	-7.43321862405448
			5.87213160360656	-7.43321862405448
			5.87213160360656	-7.42766315423082
			5.86657613378291	-7.42210768440716
			5.86657613378291	-7.4165522145835
			5.86102066395925	-7.41099674475984
			5.85546519413559	-7.40544127493619
			5.85546519413559	-7.39988580511253
			5.84990972431193	-7.39433033528887
			5.84435425448827	-7.38877486546521
			5.84435425448827	-7.38321939564155
			5.83879878466462	-7.3776639258179
			5.83324331484096	-7.37210845599424
			5.83324331484096	-7.36655298617058
			5.8276878450173	-7.36099751634692
			5.82213237519364	-7.36099751634692
			5.81657690536998	-7.35544204652326
			5.81657690536998	-7.34988657669961
			5.81102143554632	-7.34433110687595
			5.80546596572267	-7.33877563705229
			5.80546596572267	-7.33322016722863
			5.79991049589901	-7.32766469740497
			5.79435502607535	-7.32210922758132
			5.78879955625169	-7.32210922758132
			5.78324408642803	-7.31655375775766
			5.78324408642803	-7.310998287934
			5.77768861660438	-7.30544281811034
			5.77213314678072	-7.29988734828668
			5.76657767695706	-7.29988734828668
			5.7610222071334	-7.29433187846303
			5.75546673730974	-7.28877640863937
			5.74991126748609	-7.28322093881571
			5.74991126748609	-7.27766546899205
			5.74435579766243	-7.27766546899205
			5.73880032783877	-7.27210999916839
			5.73324485801511	-7.26655452934474
			5.72768938819145	-7.26099905952108
			5.7221339183678	-7.26099905952108
			5.71657844854414	-7.25544358969742
			5.71102297872048	-7.24988811987376
			5.70546750889682	-7.2443326500501
			5.69991203907316	-7.2443326500501
			5.69435656924951	-7.23877718022645
			5.68880109942585	-7.23322171040279
			5.68324562960219	-7.23322171040279
			5.67769015977853	-7.22766624057913
			5.67213468995487	-7.22211077075547
			5.66657922013122	-7.21655530093181
			5.66102375030756	-7.21655530093181
			5.6554682804839	-7.21099983110815
			5.64991281066024	-7.2054443612845
			5.64435734083658	-7.2054443612845
			5.63880187101292	-7.19988889146084
			5.63324640118927	-7.19988889146084
			5.62769093136561	-7.19433342163718
			5.62213546154195	-7.19433342163718
			5.61657999171829	-7.18877795181352
			5.61102452189463	-7.18877795181352
			5.60546905207098	-7.18322248198986
			5.59991358224732	-7.17766701216621
			5.59435811242366	-7.17766701216621
			5.5888026426	-7.17211154234255
			5.58324717277634	-7.17211154234255
			5.57769170295269	-7.16655607251889
			5.57213623312903	-7.16655607251889
			5.56658076330537	-7.16655607251889
			5.56102529348171	-7.16100060269523
			5.55546982365805	-7.16100060269523
			5.5499143538344	-7.15544513287157
			5.54435888401074	-7.15544513287157
			5.53880341418708	-7.14988966304792
			5.53324794436342	-7.14988966304792
			5.52769247453976	-7.14433419322426
			5.52213700471611	-7.14433419322426
			5.51658153489245	-7.14433419322426
			5.51102606506879	-7.1387787234006
			5.50547059524513	-7.1387787234006
			5.49991512542147	-7.13322325357694
			5.49435965559782	-7.13322325357694
			5.48880418577416	-7.13322325357694
			5.4832487159505	-7.12766778375328
			5.47769324612684	-7.12766778375328
			5.47213777630318	-7.12766778375328
			5.46658230647953	-7.12211231392963
			5.46102683665587	-7.12211231392963
			5.45547136683221	-7.11655684410597
			5.44991589700855	-7.11655684410597
			5.44436042718489	-7.11655684410597
			5.43880495736123	-7.11100137428231
			5.43324948753758	-7.11100137428231
			5.42769401771392	-7.11100137428231
			5.42213854789026	-7.11100137428231
			5.42213854789026	-7.10544590445865
			5.4165830780666	-7.10544590445865
			5.41102760824294	-7.10544590445865
			5.40547213841929	-7.10544590445865
			5.39991666859563	-7.09989043463499
			5.39436119877197	-7.09989043463499
			5.38880572894831	-7.09989043463499
			5.38325025912465	-7.09989043463499
			5.377694789301	-7.09433496481134
			5.37213931947734	-7.09433496481134
			5.36658384965368	-7.09433496481134
			5.36102837983002	-7.08877949498768
			5.35547291000636	-7.08877949498768
			5.34991744018271	-7.08877949498768
			5.34436197035905	-7.08877949498768
			5.33880650053539	-7.08322402516402
			5.33325103071173	-7.08322402516402
			5.32769556088807	-7.08322402516402
			5.32214009106442	-7.08322402516402
			5.31658462124076	-7.07766855534036
			5.3110291514171	-7.07766855534036
			5.30547368159344	-7.07766855534036
			5.29991821176978	-7.07766855534036
			5.29436274194613	-7.0721130855167
			5.28880727212247	-7.0721130855167
			5.28325180229881	-7.0721130855167
			5.27769633247515	-7.0721130855167
			5.27214086265149	-7.0721130855167
			5.26658539282784	-7.06655761569305
			5.26102992300418	-7.06655761569305
			5.25547445318052	-7.06655761569305
			5.24991898335686	-7.06655761569305
			5.2443635135332	-7.06655761569305
			5.23880804370955	-7.06100214586939
			5.23325257388589	-7.06100214586939
			5.22769710406223	-7.06100214586939
			5.22214163423857	-7.06100214586939
			5.21658616441491	-7.06100214586939
			5.21103069459125	-7.06100214586939
			5.2054752247676	-7.05544667604573
			5.19991975494394	-7.05544667604573
			5.19436428512028	-7.05544667604573
			5.18880881529662	-7.05544667604573
			5.18325334547296	-7.05544667604573
			5.17769787564931	-7.05544667604573
			5.17214240582565	-7.04989120622207
			5.16658693600199	-7.04989120622207
			5.16103146617833	-7.04989120622207
			5.15547599635467	-7.04989120622207
			5.14992052653102	-7.04989120622207
			5.14436505670736	-7.04989120622207
			5.1388095868837	-7.04989120622207
			5.13325411706004	-7.04433573639841
			5.12769864723638	-7.04433573639841
			5.12214317741273	-7.04433573639841
			5.11658770758907	-7.04433573639841
			5.11103223776541	-7.04433573639841
			5.10547676794175	-7.04433573639841
			5.09992129811809	-7.04433573639841
			5.09436582829444	-7.04433573639841
			5.08881035847078	-7.03878026657476
			5.08325488864712	-7.03878026657476
			5.07769941882346	-7.03878026657476
			5.0721439489998	-7.03878026657476
			5.06658847917615	-7.03878026657476
			5.06103300935249	-7.03878026657476
			5.05547753952883	-7.03878026657476
			5.04992206970517	-7.03878026657476
			5.04436659988151	-7.03878026657476
			5.03881113005786	-7.0332247967511
			5.0332556602342	-7.0332247967511
			5.02770019041054	-7.0332247967511
			5.02214472058688	-7.0332247967511
			5.01658925076322	-7.0332247967511
			5.01103378093956	-7.0332247967511
			5.00547831111591	-7.0332247967511
			4.99992284129225	-7.0332247967511
			4.99436737146859	-7.0332247967511
			4.98881190164493	-7.0332247967511
			4.98325643182127	-7.0332247967511
			4.97770096199762	-7.0332247967511
			4.97214549217396	-7.02766932692744
			4.9665900223503	-7.02766932692744
			4.96103455252664	-7.02766932692744
			4.95547908270298	-7.02766932692744
			4.94992361287933	-7.02766932692744
			4.94436814305567	-7.02766932692744
			4.93881267323201	-7.02766932692744
			4.93325720340835	-7.02766932692744
			4.92770173358469	-7.02766932692744
			4.92214626376104	-7.02766932692744
			4.91659079393738	-7.02766932692744
			4.91103532411372	-7.02766932692744
			4.90547985429006	-7.02766932692744
			4.8999243844664	-7.02766932692744
			4.89436891464275	-7.02766932692744
			4.88881344481909	-7.02766932692744
			4.88325797499543	-7.02766932692744
			4.87770250517177	-7.02766932692744
			4.87214703534811	-7.02211385710378
			4.86659156552446	-7.02211385710378
			4.8610360957008	-7.02211385710378
			4.85548062587714	-7.02211385710378
			4.84992515605348	-7.02211385710378
			4.84436968622982	-7.02211385710378
			4.83881421640617	-7.02211385710378
			4.83325874658251	-7.02211385710378
			4.82770327675885	-7.02211385710378
			4.82214780693519	-7.02211385710378
			4.81659233711153	-7.02211385710378
			4.81103686728787	-7.02211385710378
			4.80548139746422	-7.02211385710378
			4.79992592764056	-7.02211385710378
			4.7943704578169	-7.02211385710378
			4.78881498799324	-7.02211385710378
			4.78325951816958	-7.02211385710378
			4.77770404834593	-7.02211385710378
			4.77214857852227	-7.02211385710378
			4.76659310869861	-7.02211385710378
			4.76103763887495	-7.02211385710378
			4.75548216905129	-7.02211385710378
			4.74992669922764	-7.02211385710378
			4.74437122940398	-7.02211385710378
			4.73881575958032	-7.02211385710378
			4.73326028975666	-7.02211385710378
			4.727704819933	-7.02211385710378
			4.72214935010935	-7.02211385710378
			4.71659388028569	-7.02211385710378
			4.71103841046203	-7.02211385710378
			4.70548294063837	-7.02211385710378
			4.69992747081471	-7.02211385710378
			4.69437200099106	-7.02211385710378
			4.6888165311674	-7.02211385710378
			4.68326106134374	-7.02211385710378
			4.67770559152008	-7.02211385710378
			4.67215012169642	-7.02211385710378
			4.66659465187277	-7.02211385710378
			4.66103918204911	-7.02211385710378
			4.65548371222545	-7.02211385710378
			4.64992824240179	-7.02211385710378
			4.64437277257813	-7.02211385710378
			4.63881730275448	-7.02211385710378
			4.63326183293082	-7.02211385710378
			4.62770636310716	-7.02211385710378
			4.6221508932835	-7.02211385710378
			4.61659542345984	-7.02211385710378
			4.61103995363619	-7.02211385710378
			4.60548448381253	-7.02211385710378
			4.59992901398887	-7.02211385710378
			4.59437354416521	-7.02211385710378
			4.58881807434155	-7.02211385710378
			4.58326260451789	-7.02211385710378
			4.57770713469424	-7.02211385710378
			4.57215166487058	-7.02211385710378
			4.56659619504692	-7.02211385710378
			4.56104072522326	-7.02211385710378
			4.5554852553996	-7.02766932692744
			4.54992978557595	-7.02766932692744
			4.54437431575229	-7.02766932692744
			4.53881884592863	-7.02766932692744
			4.53326337610497	-7.02766932692744
			4.52770790628131	-7.02766932692744
			4.52215243645766	-7.02766932692744
			4.516596966634	-7.02766932692744
			4.51104149681034	-7.02766932692744
			4.50548602698668	-7.02766932692744
			4.49993055716302	-7.02766932692744
			4.49437508733937	-7.02766932692744
			4.48881961751571	-7.02766932692744
			4.48326414769205	-7.02766932692744
			4.47770867786839	-7.02766932692744
			4.47215320804473	-7.02766932692744
			4.46659773822108	-7.02766932692744
			4.46104226839742	-7.02766932692744
			4.45548679857376	-7.02766932692744
			4.4499313287501	-7.02766932692744
			4.44437585892644	-7.02766932692744
			4.43882038910279	-7.0332247967511
			4.43326491927913	-7.0332247967511
			4.42770944945547	-7.0332247967511
			4.42215397963181	-7.0332247967511
			4.41659850980815	-7.0332247967511
			4.4110430399845	-7.0332247967511
			4.40548757016084	-7.0332247967511
			4.39993210033718	-7.0332247967511
			4.39437663051352	-7.0332247967511
			4.38882116068986	-7.0332247967511
			4.3832656908662	-7.0332247967511
			4.37771022104255	-7.0332247967511
			4.37215475121889	-7.0332247967511
			4.36659928139523	-7.0332247967511
			4.36104381157157	-7.0332247967511
			4.35548834174791	-7.03878026657476
			4.34993287192426	-7.03878026657476
			4.3443774021006	-7.03878026657476
			4.33882193227694	-7.03878026657476
			4.33326646245328	-7.03878026657476
			4.32771099262962	-7.03878026657476
			4.32215552280597	-7.03878026657476
			4.31660005298231	-7.03878026657476
			4.31104458315865	-7.03878026657476
			4.30548911333499	-7.03878026657476
			4.29993364351133	-7.03878026657476
			4.29437817368768	-7.03878026657476
			4.28882270386402	-7.03878026657476
			4.28326723404036	-7.04433573639841
			4.2777117642167	-7.04433573639841
			4.27215629439304	-7.04433573639841
			4.26660082456939	-7.04433573639841
			4.26104535474573	-7.04433573639841
			4.25548988492207	-7.04433573639841
		</margin>
	</curves.scaled>
	<ruler.points type=matrix rownames=TRUE colnames=FALSE nrow=2 ncol=2 as.numeric=TRUE >
		Ruler point 1	607	1788
		Ruler point 2	787	1789
	</ruler.points>
</shapes>

