<shapes type=list>
	<ruler.pixel type=vector names=FALSE length=1 as.numeric=TRUE >267</ruler.pixel>
	<ruler.interval type=vector names=FALSE length=1 as.numeric=TRUE >2</ruler.interval>
	<scaling.units type=vector names=FALSE length=1 as.numeric=FALSE >cm</scaling.units>
	<scaling type=vector names=FALSE length=1 as.numeric=TRUE >0.00749063670411985</scaling>
	<landmarks.pixel type=matrix rownames=TRUE colnames=FALSE nrow=5 ncol=2 as.numeric=TRUE >
		LM1	186	452
		LM2	193	541
		LM4	193	553
		LM5	225	457
		LM7	282	491
	</landmarks.pixel>
	<landmarks.scaled type=matrix rownames=TRUE colnames=FALSE nrow=5 ncol=2 as.numeric=TRUE >
		LM1	1.39325842696629	-3.38576779026217
		LM2	1.44569288389513	-4.05243445692884
		LM4	1.44569288389513	-4.14232209737828
		LM5	1.68539325842697	-3.42322097378277
		LM7	2.1123595505618	-3.67790262172285
	</landmarks.scaled>
	<curves.control type=list>
		<axis type=matrix rownames=FALSE colnames=FALSE nrow=11 ncol=2 as.numeric=TRUE >
			186	452
			196	450
			213	454
			227	453
			223	461
			220	484
			216	507
			215	513
			215	525
			210	542
			193	541
		</axis>
		<margin type=matrix rownames=FALSE colnames=FALSE nrow=11 ncol=2 as.numeric=TRUE >
			193	553
			218	552
			242	537
			262	522
			274	515
			280	508
			280	497
			281	491
			267	478
			254	464
			225	457
		</margin>
	</curves.control>
	<curves.pixel type=list>
		<axis type=matrix rownames=FALSE colnames=FALSE nrow=139 ncol=2 as.numeric=TRUE >
			186	452
			187	452
			188	452
			189	452
			190	451
			191	451
			192	451
			193	451
			194	451
			195	451
			196	451
			197	451
			198	451
			198	452
			199	452
			200	452
			201	452
			202	452
			203	452
			204	452
			205	452
			206	453
			207	453
			208	453
			209	453
			210	453
			211	454
			212	454
			213	454
			214	454
			215	454
			216	454
			217	454
			218	454
			219	454
			220	454
			221	455
			222	455
			223	456
			224	457
			224	458
			224	459
			223	460
			223	461
			223	462
			223	463
			223	464
			222	465
			222	466
			222	467
			222	468
			222	469
			222	470
			222	471
			221	472
			221	473
			221	474
			221	475
			221	476
			221	477
			221	478
			220	479
			220	480
			220	481
			220	482
			220	483
			220	484
			220	485
			219	486
			219	487
			219	488
			219	489
			219	490
			219	491
			219	492
			218	492
			218	493
			218	494
			218	495
			218	496
			218	497
			218	498
			217	499
			217	500
			217	501
			217	502
			217	503
			216	504
			216	505
			216	506
			216	507
			216	508
			216	509
			216	510
			215	511
			215	512
			215	513
			215	514
			215	515
			215	516
			215	517
			215	518
			215	519
			215	520
			215	521
			215	522
			215	523
			215	524
			215	525
			215	526
			214	527
			214	528
			214	529
			213	529
			213	530
			212	531
			212	532
			212	533
			211	533
			210	534
			210	535
			209	535
			209	536
			208	537
			207	538
			206	538
			205	539
			204	539
			203	540
			202	540
			201	540
			200	541
			199	541
			198	541
			197	541
			196	541
			195	541
			194	541
			193	541
		</axis>
		<margin type=matrix rownames=FALSE colnames=FALSE nrow=168 ncol=2 as.numeric=TRUE >
			193	553
			194	553
			195	553
			196	553
			197	553
			198	553
			199	553
			200	552
			201	552
			202	552
			203	552
			204	552
			205	552
			206	551
			207	551
			208	551
			209	551
			210	551
			211	550
			212	550
			213	550
			214	550
			215	549
			216	549
			217	549
			218	548
			219	548
			220	548
			221	547
			222	547
			223	547
			224	546
			225	546
			226	546
			227	545
			228	545
			229	544
			230	544
			230	543
			231	543
			232	542
			233	542
			234	541
			235	541
			236	540
			237	540
			238	539
			239	539
			240	538
			241	538
			242	537
			243	536
			244	536
			244	535
			245	535
			246	534
			247	534
			247	533
			248	532
			249	532
			250	531
			251	530
			252	529
			253	529
			254	528
			255	528
			256	527
			257	526
			258	525
			259	525
			260	524
			261	523
			262	523
			263	522
			264	522
			264	521
			265	520
			266	520
			267	519
			268	519
			268	518
			269	518
			270	517
			271	517
			272	516
			273	516
			274	515
			275	514
			275	513
			276	512
			277	511
			277	510
			278	510
			278	509
			278	508
			279	507
			279	506
			279	505
			279	504
			280	503
			280	502
			280	501
			280	500
			280	499
			280	498
			280	497
			280	496
			280	495
			280	494
			279	493
			279	492
			278	491
			278	490
			277	489
			276	488
			276	487
			275	486
			274	485
			273	484
			272	483
			271	482
			270	481
			269	480
			268	479
			267	478
			267	477
			266	477
			265	476
			264	475
			263	474
			262	474
			261	473
			260	472
			259	471
			258	471
			257	470
			256	469
			255	469
			254	468
			253	467
			252	467
			251	466
			250	466
			249	465
			248	465
			247	464
			246	464
			245	463
			244	463
			243	463
			242	462
			241	462
			240	461
			239	461
			238	461
			237	460
			236	460
			235	460
			234	459
			233	459
			232	459
			231	459
			230	458
			229	458
			228	458
			227	458
			226	457
			225	457
		</margin>
	</curves.pixel>
	<curves.scaled type=list>
		<axis type=matrix rownames=FALSE colnames=FALSE nrow=139 ncol=2 as.numeric=TRUE >
			1.39325842696629	-3.38576779026217
			1.40074906367041	-3.38576779026217
			1.40823970037453	-3.38576779026217
			1.41573033707865	-3.38576779026217
			1.42322097378277	-3.37827715355805
			1.43071161048689	-3.37827715355805
			1.43820224719101	-3.37827715355805
			1.44569288389513	-3.37827715355805
			1.45318352059925	-3.37827715355805
			1.46067415730337	-3.37827715355805
			1.46816479400749	-3.37827715355805
			1.47565543071161	-3.37827715355805
			1.48314606741573	-3.37827715355805
			1.48314606741573	-3.38576779026217
			1.49063670411985	-3.38576779026217
			1.49812734082397	-3.38576779026217
			1.50561797752809	-3.38576779026217
			1.51310861423221	-3.38576779026217
			1.52059925093633	-3.38576779026217
			1.52808988764045	-3.38576779026217
			1.53558052434457	-3.38576779026217
			1.54307116104869	-3.39325842696629
			1.55056179775281	-3.39325842696629
			1.55805243445693	-3.39325842696629
			1.56554307116105	-3.39325842696629
			1.57303370786517	-3.39325842696629
			1.58052434456929	-3.40074906367041
			1.58801498127341	-3.40074906367041
			1.59550561797753	-3.40074906367041
			1.60299625468165	-3.40074906367041
			1.61048689138577	-3.40074906367041
			1.61797752808989	-3.40074906367041
			1.62546816479401	-3.40074906367041
			1.63295880149813	-3.40074906367041
			1.64044943820225	-3.40074906367041
			1.64794007490637	-3.40074906367041
			1.65543071161049	-3.40823970037453
			1.66292134831461	-3.40823970037453
			1.67041198501873	-3.41573033707865
			1.67790262172285	-3.42322097378277
			1.67790262172285	-3.43071161048689
			1.67790262172285	-3.43820224719101
			1.67041198501873	-3.44569288389513
			1.67041198501873	-3.45318352059925
			1.67041198501873	-3.46067415730337
			1.67041198501873	-3.46816479400749
			1.67041198501873	-3.47565543071161
			1.66292134831461	-3.48314606741573
			1.66292134831461	-3.49063670411985
			1.66292134831461	-3.49812734082397
			1.66292134831461	-3.50561797752809
			1.66292134831461	-3.51310861423221
			1.66292134831461	-3.52059925093633
			1.66292134831461	-3.52808988764045
			1.65543071161049	-3.53558052434457
			1.65543071161049	-3.54307116104869
			1.65543071161049	-3.55056179775281
			1.65543071161049	-3.55805243445693
			1.65543071161049	-3.56554307116105
			1.65543071161049	-3.57303370786517
			1.65543071161049	-3.58052434456929
			1.64794007490637	-3.58801498127341
			1.64794007490637	-3.59550561797753
			1.64794007490637	-3.60299625468165
			1.64794007490637	-3.61048689138577
			1.64794007490637	-3.61797752808989
			1.64794007490637	-3.62546816479401
			1.64794007490637	-3.63295880149813
			1.64044943820225	-3.64044943820225
			1.64044943820225	-3.64794007490637
			1.64044943820225	-3.65543071161049
			1.64044943820225	-3.66292134831461
			1.64044943820225	-3.67041198501873
			1.64044943820225	-3.67790262172285
			1.64044943820225	-3.68539325842697
			1.63295880149813	-3.68539325842697
			1.63295880149813	-3.69288389513109
			1.63295880149813	-3.70037453183521
			1.63295880149813	-3.70786516853933
			1.63295880149813	-3.71535580524345
			1.63295880149813	-3.72284644194757
			1.63295880149813	-3.73033707865169
			1.62546816479401	-3.73782771535581
			1.62546816479401	-3.74531835205992
			1.62546816479401	-3.75280898876404
			1.62546816479401	-3.76029962546816
			1.62546816479401	-3.76779026217228
			1.61797752808989	-3.7752808988764
			1.61797752808989	-3.78277153558052
			1.61797752808989	-3.79026217228464
			1.61797752808989	-3.79775280898876
			1.61797752808989	-3.80524344569288
			1.61797752808989	-3.812734082397
			1.61797752808989	-3.82022471910112
			1.61048689138577	-3.82771535580524
			1.61048689138577	-3.83520599250936
			1.61048689138577	-3.84269662921348
			1.61048689138577	-3.8501872659176
			1.61048689138577	-3.85767790262172
			1.61048689138577	-3.86516853932584
			1.61048689138577	-3.87265917602996
			1.61048689138577	-3.88014981273408
			1.61048689138577	-3.8876404494382
			1.61048689138577	-3.89513108614232
			1.61048689138577	-3.90262172284644
			1.61048689138577	-3.91011235955056
			1.61048689138577	-3.91760299625468
			1.61048689138577	-3.9250936329588
			1.61048689138577	-3.93258426966292
			1.61048689138577	-3.94007490636704
			1.60299625468165	-3.94756554307116
			1.60299625468165	-3.95505617977528
			1.60299625468165	-3.9625468164794
			1.59550561797753	-3.9625468164794
			1.59550561797753	-3.97003745318352
			1.58801498127341	-3.97752808988764
			1.58801498127341	-3.98501872659176
			1.58801498127341	-3.99250936329588
			1.58052434456929	-3.99250936329588
			1.57303370786517	-4
			1.57303370786517	-4.00749063670412
			1.56554307116105	-4.00749063670412
			1.56554307116105	-4.01498127340824
			1.55805243445693	-4.02247191011236
			1.55056179775281	-4.02996254681648
			1.54307116104869	-4.02996254681648
			1.53558052434457	-4.0374531835206
			1.52808988764045	-4.0374531835206
			1.52059925093633	-4.04494382022472
			1.51310861423221	-4.04494382022472
			1.50561797752809	-4.04494382022472
			1.49812734082397	-4.05243445692884
			1.49063670411985	-4.05243445692884
			1.48314606741573	-4.05243445692884
			1.47565543071161	-4.05243445692884
			1.46816479400749	-4.05243445692884
			1.46067415730337	-4.05243445692884
			1.45318352059925	-4.05243445692884
			1.44569288389513	-4.05243445692884
		</axis>
		<margin type=matrix rownames=FALSE colnames=FALSE nrow=168 ncol=2 as.numeric=TRUE >
			1.44569288389513	-4.14232209737828
			1.45318352059925	-4.14232209737828
			1.46067415730337	-4.14232209737828
			1.46816479400749	-4.14232209737828
			1.47565543071161	-4.14232209737828
			1.48314606741573	-4.14232209737828
			1.49063670411985	-4.14232209737828
			1.49812734082397	-4.13483146067416
			1.50561797752809	-4.13483146067416
			1.51310861423221	-4.13483146067416
			1.52059925093633	-4.13483146067416
			1.52808988764045	-4.13483146067416
			1.53558052434457	-4.13483146067416
			1.54307116104869	-4.12734082397004
			1.55056179775281	-4.12734082397004
			1.55805243445693	-4.12734082397004
			1.56554307116105	-4.12734082397004
			1.57303370786517	-4.12734082397004
			1.58052434456929	-4.11985018726592
			1.58801498127341	-4.11985018726592
			1.59550561797753	-4.11985018726592
			1.60299625468165	-4.11985018726592
			1.61048689138577	-4.1123595505618
			1.61797752808989	-4.1123595505618
			1.62546816479401	-4.1123595505618
			1.63295880149813	-4.10486891385768
			1.64044943820225	-4.10486891385768
			1.64794007490637	-4.10486891385768
			1.65543071161049	-4.09737827715356
			1.66292134831461	-4.09737827715356
			1.67041198501873	-4.09737827715356
			1.67790262172285	-4.08988764044944
			1.68539325842697	-4.08988764044944
			1.69288389513109	-4.08988764044944
			1.70037453183521	-4.08239700374532
			1.70786516853933	-4.08239700374532
			1.71535580524345	-4.0749063670412
			1.72284644194757	-4.0749063670412
			1.72284644194757	-4.06741573033708
			1.73033707865169	-4.06741573033708
			1.73782771535581	-4.05992509363296
			1.74531835205993	-4.05992509363296
			1.75280898876405	-4.05243445692884
			1.76029962546816	-4.05243445692884
			1.76779026217228	-4.04494382022472
			1.7752808988764	-4.04494382022472
			1.78277153558052	-4.0374531835206
			1.79026217228464	-4.0374531835206
			1.79775280898876	-4.02996254681648
			1.80524344569288	-4.02996254681648
			1.812734082397	-4.02247191011236
			1.82022471910112	-4.01498127340824
			1.82771535580524	-4.01498127340824
			1.82771535580524	-4.00749063670412
			1.83520599250936	-4.00749063670412
			1.84269662921348	-4
			1.8501872659176	-4
			1.8501872659176	-3.99250936329588
			1.85767790262172	-3.98501872659176
			1.86516853932584	-3.98501872659176
			1.87265917602996	-3.97752808988764
			1.88014981273408	-3.97003745318352
			1.8876404494382	-3.9625468164794
			1.89513108614232	-3.9625468164794
			1.90262172284644	-3.95505617977528
			1.91011235955056	-3.95505617977528
			1.91760299625468	-3.94756554307116
			1.9250936329588	-3.94007490636704
			1.93258426966292	-3.93258426966292
			1.94007490636704	-3.93258426966292
			1.94756554307116	-3.9250936329588
			1.95505617977528	-3.91760299625468
			1.9625468164794	-3.91760299625468
			1.97003745318352	-3.91011235955056
			1.97752808988764	-3.91011235955056
			1.97752808988764	-3.90262172284644
			1.98501872659176	-3.89513108614232
			1.99250936329588	-3.89513108614232
			2	-3.8876404494382
			2.00749063670412	-3.8876404494382
			2.00749063670412	-3.88014981273408
			2.01498127340824	-3.88014981273408
			2.02247191011236	-3.87265917602996
			2.02996254681648	-3.87265917602996
			2.0374531835206	-3.86516853932584
			2.04494382022472	-3.86516853932584
			2.05243445692884	-3.85767790262172
			2.05992509363296	-3.8501872659176
			2.05992509363296	-3.84269662921348
			2.06741573033708	-3.83520599250936
			2.0749063670412	-3.82771535580524
			2.0749063670412	-3.82022471910112
			2.08239700374532	-3.82022471910112
			2.08239700374532	-3.812734082397
			2.08239700374532	-3.80524344569288
			2.08988764044944	-3.79775280898876
			2.08988764044944	-3.79026217228464
			2.08988764044944	-3.78277153558052
			2.08988764044944	-3.7752808988764
			2.09737827715356	-3.76779026217228
			2.09737827715356	-3.76029962546816
			2.09737827715356	-3.75280898876404
			2.09737827715356	-3.74531835205992
			2.09737827715356	-3.73782771535581
			2.09737827715356	-3.73033707865169
			2.09737827715356	-3.72284644194757
			2.09737827715356	-3.71535580524345
			2.09737827715356	-3.70786516853933
			2.09737827715356	-3.70037453183521
			2.08988764044944	-3.69288389513109
			2.08988764044944	-3.68539325842697
			2.08239700374532	-3.67790262172285
			2.08239700374532	-3.67041198501873
			2.0749063670412	-3.66292134831461
			2.06741573033708	-3.65543071161049
			2.06741573033708	-3.64794007490637
			2.05992509363296	-3.64044943820225
			2.05243445692884	-3.63295880149813
			2.04494382022472	-3.62546816479401
			2.0374531835206	-3.61797752808989
			2.02996254681648	-3.61048689138577
			2.02247191011236	-3.60299625468165
			2.01498127340824	-3.59550561797753
			2.00749063670412	-3.58801498127341
			2	-3.58052434456929
			2	-3.57303370786517
			1.99250936329588	-3.57303370786517
			1.98501872659176	-3.56554307116105
			1.97752808988764	-3.55805243445693
			1.97003745318352	-3.55056179775281
			1.9625468164794	-3.55056179775281
			1.95505617977528	-3.54307116104869
			1.94756554307116	-3.53558052434457
			1.94007490636704	-3.52808988764045
			1.93258426966292	-3.52808988764045
			1.9250936329588	-3.52059925093633
			1.91760299625468	-3.51310861423221
			1.91011235955056	-3.51310861423221
			1.90262172284644	-3.50561797752809
			1.89513108614232	-3.49812734082397
			1.8876404494382	-3.49812734082397
			1.88014981273408	-3.49063670411985
			1.87265917602996	-3.49063670411985
			1.86516853932584	-3.48314606741573
			1.85767790262172	-3.48314606741573
			1.8501872659176	-3.47565543071161
			1.84269662921348	-3.47565543071161
			1.83520599250936	-3.46816479400749
			1.82771535580524	-3.46816479400749
			1.82022471910112	-3.46816479400749
			1.812734082397	-3.46067415730337
			1.80524344569288	-3.46067415730337
			1.79775280898876	-3.45318352059925
			1.79026217228464	-3.45318352059925
			1.78277153558052	-3.45318352059925
			1.7752808988764	-3.44569288389513
			1.76779026217228	-3.44569288389513
			1.76029962546816	-3.44569288389513
			1.75280898876405	-3.43820224719101
			1.74531835205993	-3.43820224719101
			1.73782771535581	-3.43820224719101
			1.73033707865169	-3.43820224719101
			1.72284644194757	-3.43071161048689
			1.71535580524345	-3.43071161048689
			1.70786516853933	-3.43071161048689
			1.70037453183521	-3.43071161048689
			1.69288389513109	-3.42322097378277
			1.68539325842697	-3.42322097378277
		</margin>
	</curves.scaled>
	<ruler.points type=matrix rownames=TRUE colnames=FALSE nrow=2 ncol=2 as.numeric=TRUE >
		Ruler point 1	0	563
		Ruler point 2	267	563
	</ruler.points>
</shapes>

