<shapes type=list>
	<ruler.pixel type=vector names=FALSE length=1 as.numeric=TRUE >77</ruler.pixel>
	<ruler.interval type=vector names=FALSE length=1 as.numeric=TRUE >2</ruler.interval>
	<scaling.units type=vector names=FALSE length=1 as.numeric=FALSE >mm</scaling.units>
	<scaling type=vector names=FALSE length=1 as.numeric=TRUE >0.025974025974026</scaling>
	<landmarks.pixel type=matrix rownames=TRUE colnames=FALSE nrow=7 ncol=2 as.numeric=TRUE >
		LM1	185	9
		LM2	182	142
		LM3	182	148
		LM4	183	186
		LM5	226	14
		LM6	322	27
		LM7	333	32
	</landmarks.pixel>
	<landmarks.scaled type=matrix rownames=TRUE colnames=FALSE nrow=7 ncol=2 as.numeric=TRUE >
		LM1	4.80519480519481	-0.233766233766234
		LM2	4.72727272727273	-3.68831168831169
		LM3	4.72727272727273	-3.84415584415584
		LM4	4.75324675324675	-4.83116883116883
		LM5	5.87012987012987	-0.363636363636364
		LM6	8.36363636363636	-0.701298701298701
		LM7	8.64935064935065	-0.831168831168831
	</landmarks.scaled>
	<curves.control type=list>
		<axis type=matrix rownames=FALSE colnames=FALSE nrow=11 ncol=2 as.numeric=TRUE >
			185	9
			205	7
			218	12
			231	13
			225	25
			218	68
			213	96
			207	122
			204	134
			195	141
			182	142
		</axis>
		<border type=matrix rownames=FALSE colnames=FALSE nrow=7 ncol=2 as.numeric=TRUE >
			182	148
			192	148
			200	144
			210	136
			215	131
			275	97
			322	27
		</border>
		<margin type=matrix rownames=FALSE colnames=FALSE nrow=13 ncol=2 as.numeric=TRUE >
			183	186
			217	187
			240	173
			272	159
			299	130
			325	95
			335	60
			339	38
			331	29
			306	22
			271	13
			231	9
			226	14
		</margin>
	</curves.control>
	<curves.pixel type=list>
		<axis type=matrix rownames=FALSE colnames=FALSE nrow=187 ncol=2 as.numeric=TRUE >
			185	9
			186	9
			187	9
			188	9
			189	9
			190	9
			191	9
			192	8
			193	8
			194	8
			195	8
			196	8
			197	8
			198	8
			199	8
			200	9
			201	9
			202	9
			203	9
			204	9
			205	9
			206	9
			207	9
			208	9
			209	10
			210	10
			211	10
			212	10
			213	10
			214	11
			215	11
			216	11
			217	12
			218	12
			219	12
			220	12
			221	12
			222	13
			223	13
			224	14
			225	14
			226	15
			227	16
			227	17
			227	18
			227	19
			227	20
			226	21
			226	22
			226	23
			226	24
			225	25
			225	26
			225	27
			224	28
			224	29
			224	30
			224	31
			224	32
			224	33
			223	34
			223	35
			223	36
			223	37
			223	38
			223	39
			223	40
			222	41
			222	42
			222	43
			222	44
			222	45
			222	46
			221	47
			221	48
			221	49
			221	50
			221	51
			220	52
			220	53
			220	54
			220	55
			220	56
			220	57
			220	58
			219	59
			219	60
			219	61
			219	62
			219	63
			219	64
			218	65
			218	66
			218	67
			218	68
			218	69
			217	70
			217	71
			217	72
			217	73
			217	74
			217	75
			216	76
			216	77
			216	78
			216	79
			216	80
			216	81
			215	82
			215	83
			215	84
			215	85
			215	86
			215	87
			214	88
			214	89
			214	90
			214	91
			214	92
			213	93
			213	94
			213	95
			213	96
			213	97
			212	98
			212	99
			212	100
			212	101
			212	102
			211	103
			211	104
			211	105
			211	106
			210	107
			210	108
			210	109
			210	110
			210	111
			209	112
			209	113
			209	114
			209	115
			208	115
			208	116
			208	117
			208	118
			208	119
			207	120
			207	121
			207	122
			207	123
			206	124
			206	125
			206	126
			206	127
			205	128
			205	129
			205	130
			205	131
			205	132
			204	132
			204	133
			204	134
			203	134
			203	135
			202	135
			202	136
			201	136
			200	137
			199	137
			198	138
			197	138
			196	139
			195	139
			194	140
			193	140
			192	140
			191	140
			190	141
			189	141
			188	141
			187	141
			186	142
			185	142
			184	142
			183	142
			182	142
		</axis>
		<border type=matrix rownames=FALSE colnames=FALSE nrow=158 ncol=2 as.numeric=TRUE >
			182	148
			183	148
			184	148
			185	148
			186	148
			187	148
			188	148
			189	148
			189	147
			190	147
			191	147
			192	147
			193	147
			194	146
			195	146
			196	146
			197	145
			198	145
			199	144
			200	144
			201	143
			202	142
			203	142
			204	141
			205	140
			206	139
			207	138
			208	138
			209	137
			209	136
			210	135
			211	135
			212	134
			213	133
			214	132
			215	131
			216	130
			217	130
			218	129
			219	129
			220	128
			221	127
			222	127
			223	126
			224	126
			225	125
			226	124
			227	124
			228	123
			229	122
			230	122
			231	121
			232	120
			233	120
			234	119
			235	118
			236	118
			237	117
			238	116
			239	116
			240	115
			241	114
			242	113
			243	113
			244	112
			245	111
			246	110
			247	110
			248	109
			249	108
			250	107
			251	107
			252	106
			253	105
			253	104
			254	104
			255	103
			256	102
			257	101
			258	100
			259	100
			260	99
			261	98
			262	97
			263	96
			264	95
			265	95
			266	94
			267	93
			268	92
			268	91
			269	90
			270	89
			271	89
			272	88
			273	87
			274	86
			275	85
			276	84
			277	83
			278	82
			278	81
			279	80
			280	79
			281	78
			282	78
			283	77
			284	76
			285	75
			286	74
			286	73
			287	72
			288	71
			289	70
			290	69
			291	68
			292	67
			293	66
			293	65
			294	64
			295	63
			296	62
			297	61
			298	60
			299	59
			299	58
			300	57
			301	56
			301	55
			302	55
			302	54
			303	53
			304	52
			305	51
			305	50
			306	49
			307	48
			308	47
			309	46
			309	45
			310	44
			311	43
			311	42
			312	41
			313	40
			314	39
			314	38
			315	37
			316	36
			316	35
			317	34
			318	33
			319	32
			319	31
			320	30
			321	29
			321	28
			322	27
		</border>
		<margin type=matrix rownames=FALSE colnames=FALSE nrow=332 ncol=2 as.numeric=TRUE >
			183	186
			184	186
			185	186
			186	186
			187	186
			188	186
			189	186
			190	186
			191	186
			192	186
			193	186
			194	186
			195	186
			196	186
			197	186
			198	186
			199	186
			200	186
			201	185
			202	185
			203	185
			204	185
			205	185
			206	185
			207	185
			208	184
			209	184
			210	184
			211	184
			212	184
			213	183
			214	183
			215	183
			216	183
			217	183
			218	182
			219	182
			220	182
			221	181
			222	181
			223	181
			224	180
			225	180
			226	180
			227	179
			228	179
			229	179
			230	178
			231	178
			232	177
			233	177
			234	177
			234	176
			235	176
			236	175
			237	175
			238	174
			239	174
			240	173
			241	173
			242	172
			243	172
			244	171
			245	171
			246	170
			247	170
			247	169
			248	169
			249	169
			250	168
			251	168
			252	167
			253	167
			254	166
			255	166
			256	165
			257	164
			258	164
			259	163
			260	162
			261	162
			262	161
			263	161
			264	160
			265	159
			266	159
			267	158
			268	157
			269	157
			270	156
			270	155
			271	155
			272	154
			273	153
			274	153
			275	152
			276	151
			277	151
			278	150
			279	149
			280	148
			281	148
			282	147
			282	146
			283	145
			284	144
			285	144
			286	143
			287	142
			288	141
			289	140
			290	140
			290	139
			291	138
			292	137
			293	136
			294	135
			295	134
			296	133
			297	133
			297	132
			298	131
			299	130
			300	129
			301	128
			302	127
			302	126
			303	125
			303	124
			304	123
			305	122
			305	121
			306	120
			307	119
			308	118
			308	117
			309	116
			310	115
			310	114
			311	113
			311	112
			312	111
			313	110
			313	109
			314	108
			314	107
			315	106
			315	105
			316	104
			316	103
			317	102
			318	101
			318	100
			319	100
			319	99
			320	98
			320	97
			321	96
			321	95
			322	94
			322	93
			323	92
			323	91
			324	90
			324	89
			324	88
			325	87
			325	86
			326	85
			326	84
			327	83
			327	82
			327	81
			328	80
			328	79
			329	78
			329	77
			330	76
			330	75
			330	74
			331	73
			331	72
			332	71
			332	70
			332	69
			332	68
			333	68
			333	67
			333	66
			333	65
			334	64
			334	63
			334	62
			335	61
			335	60
			335	59
			335	58
			336	57
			336	56
			336	55
			336	54
			336	53
			336	52
			336	51
			336	50
			336	49
			336	48
			336	47
			336	46
			336	45
			336	44
			336	43
			336	42
			336	41
			336	40
			336	39
			335	38
			335	37
			335	36
			334	35
			334	34
			334	33
			333	32
			332	31
			332	30
			331	29
			330	29
			329	28
			328	28
			327	28
			326	28
			325	27
			324	27
			323	27
			322	26
			321	26
			320	26
			319	26
			318	25
			317	25
			316	25
			315	25
			314	24
			313	24
			312	24
			311	23
			310	23
			309	23
			308	23
			307	23
			307	22
			306	22
			305	22
			304	22
			303	21
			302	21
			301	21
			300	21
			299	20
			298	20
			297	20
			296	19
			295	19
			294	19
			293	19
			292	18
			291	18
			290	18
			289	18
			288	17
			287	17
			286	17
			285	17
			284	16
			283	16
			282	16
			281	15
			280	15
			279	15
			278	15
			277	14
			276	14
			275	14
			274	14
			273	13
			272	13
			271	13
			270	13
			269	13
			268	13
			267	13
			266	12
			265	12
			264	12
			263	12
			262	12
			261	12
			260	12
			259	12
			258	12
			257	12
			256	12
			255	12
			254	12
			253	12
			252	11
			251	11
			250	11
			249	11
			248	11
			247	11
			246	11
			245	11
			244	11
			243	11
			242	11
			241	11
			240	11
			239	11
			238	11
			237	11
			236	11
			235	12
			234	12
			233	12
			232	12
			231	12
			230	12
			229	12
			228	13
			227	13
			226	14
		</margin>
	</curves.pixel>
	<curves.scaled type=list>
		<axis type=matrix rownames=FALSE colnames=FALSE nrow=187 ncol=2 as.numeric=TRUE >
			4.80519480519481	-0.233766233766234
			4.83116883116883	-0.233766233766234
			4.85714285714286	-0.233766233766234
			4.88311688311688	-0.233766233766234
			4.90909090909091	-0.233766233766234
			4.93506493506494	-0.233766233766234
			4.96103896103896	-0.233766233766234
			4.98701298701299	-0.207792207792208
			5.01298701298701	-0.207792207792208
			5.03896103896104	-0.207792207792208
			5.06493506493507	-0.207792207792208
			5.09090909090909	-0.207792207792208
			5.11688311688312	-0.207792207792208
			5.14285714285714	-0.207792207792208
			5.16883116883117	-0.207792207792208
			5.19480519480519	-0.233766233766234
			5.22077922077922	-0.233766233766234
			5.24675324675325	-0.233766233766234
			5.27272727272727	-0.233766233766234
			5.2987012987013	-0.233766233766234
			5.32467532467532	-0.233766233766234
			5.35064935064935	-0.233766233766234
			5.37662337662338	-0.233766233766234
			5.4025974025974	-0.233766233766234
			5.42857142857143	-0.25974025974026
			5.45454545454546	-0.25974025974026
			5.48051948051948	-0.25974025974026
			5.50649350649351	-0.25974025974026
			5.53246753246753	-0.25974025974026
			5.55844155844156	-0.285714285714286
			5.58441558441559	-0.285714285714286
			5.61038961038961	-0.285714285714286
			5.63636363636364	-0.311688311688312
			5.66233766233766	-0.311688311688312
			5.68831168831169	-0.311688311688312
			5.71428571428571	-0.311688311688312
			5.74025974025974	-0.311688311688312
			5.76623376623377	-0.337662337662338
			5.79220779220779	-0.337662337662338
			5.81818181818182	-0.363636363636364
			5.84415584415584	-0.363636363636364
			5.87012987012987	-0.38961038961039
			5.8961038961039	-0.415584415584416
			5.8961038961039	-0.441558441558442
			5.8961038961039	-0.467532467532468
			5.8961038961039	-0.493506493506494
			5.8961038961039	-0.51948051948052
			5.87012987012987	-0.545454545454546
			5.87012987012987	-0.571428571428572
			5.87012987012987	-0.597402597402597
			5.87012987012987	-0.623376623376623
			5.84415584415584	-0.649350649350649
			5.84415584415584	-0.675324675324675
			5.84415584415584	-0.701298701298701
			5.81818181818182	-0.727272727272727
			5.81818181818182	-0.753246753246753
			5.81818181818182	-0.779220779220779
			5.81818181818182	-0.805194805194805
			5.81818181818182	-0.831168831168831
			5.81818181818182	-0.857142857142857
			5.79220779220779	-0.883116883116883
			5.79220779220779	-0.909090909090909
			5.79220779220779	-0.935064935064935
			5.79220779220779	-0.961038961038961
			5.79220779220779	-0.987012987012987
			5.79220779220779	-1.01298701298701
			5.79220779220779	-1.03896103896104
			5.76623376623377	-1.06493506493507
			5.76623376623377	-1.09090909090909
			5.76623376623377	-1.11688311688312
			5.76623376623377	-1.14285714285714
			5.76623376623377	-1.16883116883117
			5.76623376623377	-1.19480519480519
			5.74025974025974	-1.22077922077922
			5.74025974025974	-1.24675324675325
			5.74025974025974	-1.27272727272727
			5.74025974025974	-1.2987012987013
			5.74025974025974	-1.32467532467532
			5.71428571428571	-1.35064935064935
			5.71428571428571	-1.37662337662338
			5.71428571428571	-1.4025974025974
			5.71428571428571	-1.42857142857143
			5.71428571428571	-1.45454545454545
			5.71428571428571	-1.48051948051948
			5.71428571428571	-1.50649350649351
			5.68831168831169	-1.53246753246753
			5.68831168831169	-1.55844155844156
			5.68831168831169	-1.58441558441558
			5.68831168831169	-1.61038961038961
			5.68831168831169	-1.63636363636364
			5.68831168831169	-1.66233766233766
			5.66233766233766	-1.68831168831169
			5.66233766233766	-1.71428571428571
			5.66233766233766	-1.74025974025974
			5.66233766233766	-1.76623376623377
			5.66233766233766	-1.79220779220779
			5.63636363636364	-1.81818181818182
			5.63636363636364	-1.84415584415584
			5.63636363636364	-1.87012987012987
			5.63636363636364	-1.8961038961039
			5.63636363636364	-1.92207792207792
			5.63636363636364	-1.94805194805195
			5.61038961038961	-1.97402597402597
			5.61038961038961	-2
			5.61038961038961	-2.02597402597403
			5.61038961038961	-2.05194805194805
			5.61038961038961	-2.07792207792208
			5.61038961038961	-2.1038961038961
			5.58441558441559	-2.12987012987013
			5.58441558441559	-2.15584415584416
			5.58441558441559	-2.18181818181818
			5.58441558441559	-2.20779220779221
			5.58441558441559	-2.23376623376623
			5.58441558441559	-2.25974025974026
			5.55844155844156	-2.28571428571429
			5.55844155844156	-2.31168831168831
			5.55844155844156	-2.33766233766234
			5.55844155844156	-2.36363636363636
			5.55844155844156	-2.38961038961039
			5.53246753246753	-2.41558441558442
			5.53246753246753	-2.44155844155844
			5.53246753246753	-2.46753246753247
			5.53246753246753	-2.49350649350649
			5.53246753246753	-2.51948051948052
			5.50649350649351	-2.54545454545455
			5.50649350649351	-2.57142857142857
			5.50649350649351	-2.5974025974026
			5.50649350649351	-2.62337662337662
			5.50649350649351	-2.64935064935065
			5.48051948051948	-2.67532467532468
			5.48051948051948	-2.7012987012987
			5.48051948051948	-2.72727272727273
			5.48051948051948	-2.75324675324675
			5.45454545454546	-2.77922077922078
			5.45454545454546	-2.80519480519481
			5.45454545454546	-2.83116883116883
			5.45454545454546	-2.85714285714286
			5.45454545454546	-2.88311688311688
			5.42857142857143	-2.90909090909091
			5.42857142857143	-2.93506493506494
			5.42857142857143	-2.96103896103896
			5.42857142857143	-2.98701298701299
			5.4025974025974	-2.98701298701299
			5.4025974025974	-3.01298701298701
			5.4025974025974	-3.03896103896104
			5.4025974025974	-3.06493506493507
			5.4025974025974	-3.09090909090909
			5.37662337662338	-3.11688311688312
			5.37662337662338	-3.14285714285714
			5.37662337662338	-3.16883116883117
			5.37662337662338	-3.1948051948052
			5.35064935064935	-3.22077922077922
			5.35064935064935	-3.24675324675325
			5.35064935064935	-3.27272727272727
			5.35064935064935	-3.2987012987013
			5.32467532467532	-3.32467532467532
			5.32467532467532	-3.35064935064935
			5.32467532467532	-3.37662337662338
			5.32467532467532	-3.4025974025974
			5.32467532467532	-3.42857142857143
			5.2987012987013	-3.42857142857143
			5.2987012987013	-3.45454545454545
			5.2987012987013	-3.48051948051948
			5.27272727272727	-3.48051948051948
			5.27272727272727	-3.50649350649351
			5.24675324675325	-3.50649350649351
			5.24675324675325	-3.53246753246753
			5.22077922077922	-3.53246753246753
			5.19480519480519	-3.55844155844156
			5.16883116883117	-3.55844155844156
			5.14285714285714	-3.58441558441558
			5.11688311688312	-3.58441558441558
			5.09090909090909	-3.61038961038961
			5.06493506493507	-3.61038961038961
			5.03896103896104	-3.63636363636364
			5.01298701298701	-3.63636363636364
			4.98701298701299	-3.63636363636364
			4.96103896103896	-3.63636363636364
			4.93506493506494	-3.66233766233766
			4.90909090909091	-3.66233766233766
			4.88311688311688	-3.66233766233766
			4.85714285714286	-3.66233766233766
			4.83116883116883	-3.68831168831169
			4.80519480519481	-3.68831168831169
			4.77922077922078	-3.68831168831169
			4.75324675324675	-3.68831168831169
			4.72727272727273	-3.68831168831169
		</axis>
		<border type=matrix rownames=FALSE colnames=FALSE nrow=158 ncol=2 as.numeric=TRUE >
			4.72727272727273	-3.84415584415584
			4.75324675324675	-3.84415584415584
			4.77922077922078	-3.84415584415584
			4.80519480519481	-3.84415584415584
			4.83116883116883	-3.84415584415584
			4.85714285714286	-3.84415584415584
			4.88311688311688	-3.84415584415584
			4.90909090909091	-3.84415584415584
			4.90909090909091	-3.81818181818182
			4.93506493506494	-3.81818181818182
			4.96103896103896	-3.81818181818182
			4.98701298701299	-3.81818181818182
			5.01298701298701	-3.81818181818182
			5.03896103896104	-3.79220779220779
			5.06493506493507	-3.79220779220779
			5.09090909090909	-3.79220779220779
			5.11688311688312	-3.76623376623377
			5.14285714285714	-3.76623376623377
			5.16883116883117	-3.74025974025974
			5.19480519480519	-3.74025974025974
			5.22077922077922	-3.71428571428571
			5.24675324675325	-3.68831168831169
			5.27272727272727	-3.68831168831169
			5.2987012987013	-3.66233766233766
			5.32467532467532	-3.63636363636364
			5.35064935064935	-3.61038961038961
			5.37662337662338	-3.58441558441558
			5.4025974025974	-3.58441558441558
			5.42857142857143	-3.55844155844156
			5.42857142857143	-3.53246753246753
			5.45454545454546	-3.50649350649351
			5.48051948051948	-3.50649350649351
			5.50649350649351	-3.48051948051948
			5.53246753246753	-3.45454545454545
			5.55844155844156	-3.42857142857143
			5.58441558441559	-3.4025974025974
			5.61038961038961	-3.37662337662338
			5.63636363636364	-3.37662337662338
			5.66233766233766	-3.35064935064935
			5.68831168831169	-3.35064935064935
			5.71428571428571	-3.32467532467532
			5.74025974025974	-3.2987012987013
			5.76623376623377	-3.2987012987013
			5.79220779220779	-3.27272727272727
			5.81818181818182	-3.27272727272727
			5.84415584415584	-3.24675324675325
			5.87012987012987	-3.22077922077922
			5.8961038961039	-3.22077922077922
			5.92207792207792	-3.1948051948052
			5.94805194805195	-3.16883116883117
			5.97402597402597	-3.16883116883117
			6	-3.14285714285714
			6.02597402597403	-3.11688311688312
			6.05194805194805	-3.11688311688312
			6.07792207792208	-3.09090909090909
			6.1038961038961	-3.06493506493507
			6.12987012987013	-3.06493506493507
			6.15584415584416	-3.03896103896104
			6.18181818181818	-3.01298701298701
			6.20779220779221	-3.01298701298701
			6.23376623376623	-2.98701298701299
			6.25974025974026	-2.96103896103896
			6.28571428571429	-2.93506493506494
			6.31168831168831	-2.93506493506494
			6.33766233766234	-2.90909090909091
			6.36363636363636	-2.88311688311688
			6.38961038961039	-2.85714285714286
			6.41558441558442	-2.85714285714286
			6.44155844155844	-2.83116883116883
			6.46753246753247	-2.80519480519481
			6.49350649350649	-2.77922077922078
			6.51948051948052	-2.77922077922078
			6.54545454545455	-2.75324675324675
			6.57142857142857	-2.72727272727273
			6.57142857142857	-2.7012987012987
			6.5974025974026	-2.7012987012987
			6.62337662337662	-2.67532467532468
			6.64935064935065	-2.64935064935065
			6.67532467532468	-2.62337662337662
			6.7012987012987	-2.5974025974026
			6.72727272727273	-2.5974025974026
			6.75324675324675	-2.57142857142857
			6.77922077922078	-2.54545454545455
			6.80519480519481	-2.51948051948052
			6.83116883116883	-2.49350649350649
			6.85714285714286	-2.46753246753247
			6.88311688311688	-2.46753246753247
			6.90909090909091	-2.44155844155844
			6.93506493506494	-2.41558441558442
			6.96103896103896	-2.38961038961039
			6.96103896103896	-2.36363636363636
			6.98701298701299	-2.33766233766234
			7.01298701298701	-2.31168831168831
			7.03896103896104	-2.31168831168831
			7.06493506493507	-2.28571428571429
			7.09090909090909	-2.25974025974026
			7.11688311688312	-2.23376623376623
			7.14285714285714	-2.20779220779221
			7.16883116883117	-2.18181818181818
			7.1948051948052	-2.15584415584416
			7.22077922077922	-2.12987012987013
			7.22077922077922	-2.1038961038961
			7.24675324675325	-2.07792207792208
			7.27272727272727	-2.05194805194805
			7.2987012987013	-2.02597402597403
			7.32467532467532	-2.02597402597403
			7.35064935064935	-2
			7.37662337662338	-1.97402597402597
			7.4025974025974	-1.94805194805195
			7.42857142857143	-1.92207792207792
			7.42857142857143	-1.8961038961039
			7.45454545454546	-1.87012987012987
			7.48051948051948	-1.84415584415584
			7.50649350649351	-1.81818181818182
			7.53246753246753	-1.79220779220779
			7.55844155844156	-1.76623376623377
			7.58441558441559	-1.74025974025974
			7.61038961038961	-1.71428571428571
			7.61038961038961	-1.68831168831169
			7.63636363636364	-1.66233766233766
			7.66233766233766	-1.63636363636364
			7.68831168831169	-1.61038961038961
			7.71428571428571	-1.58441558441558
			7.74025974025974	-1.55844155844156
			7.76623376623377	-1.53246753246753
			7.76623376623377	-1.50649350649351
			7.79220779220779	-1.48051948051948
			7.81818181818182	-1.45454545454545
			7.81818181818182	-1.42857142857143
			7.84415584415584	-1.42857142857143
			7.84415584415584	-1.4025974025974
			7.87012987012987	-1.37662337662338
			7.8961038961039	-1.35064935064935
			7.92207792207792	-1.32467532467532
			7.92207792207792	-1.2987012987013
			7.94805194805195	-1.27272727272727
			7.97402597402597	-1.24675324675325
			8	-1.22077922077922
			8.02597402597403	-1.19480519480519
			8.02597402597403	-1.16883116883117
			8.05194805194805	-1.14285714285714
			8.07792207792208	-1.11688311688312
			8.07792207792208	-1.09090909090909
			8.1038961038961	-1.06493506493507
			8.12987012987013	-1.03896103896104
			8.15584415584416	-1.01298701298701
			8.15584415584416	-0.987012987012987
			8.18181818181818	-0.961038961038961
			8.20779220779221	-0.935064935064935
			8.20779220779221	-0.909090909090909
			8.23376623376623	-0.883116883116883
			8.25974025974026	-0.857142857142857
			8.28571428571429	-0.831168831168831
			8.28571428571429	-0.805194805194805
			8.31168831168831	-0.779220779220779
			8.33766233766234	-0.753246753246753
			8.33766233766234	-0.727272727272727
			8.36363636363636	-0.701298701298701
		</border>
		<margin type=matrix rownames=FALSE colnames=FALSE nrow=332 ncol=2 as.numeric=TRUE >
			4.75324675324675	-4.83116883116883
			4.77922077922078	-4.83116883116883
			4.80519480519481	-4.83116883116883
			4.83116883116883	-4.83116883116883
			4.85714285714286	-4.83116883116883
			4.88311688311688	-4.83116883116883
			4.90909090909091	-4.83116883116883
			4.93506493506494	-4.83116883116883
			4.96103896103896	-4.83116883116883
			4.98701298701299	-4.83116883116883
			5.01298701298701	-4.83116883116883
			5.03896103896104	-4.83116883116883
			5.06493506493507	-4.83116883116883
			5.09090909090909	-4.83116883116883
			5.11688311688312	-4.83116883116883
			5.14285714285714	-4.83116883116883
			5.16883116883117	-4.83116883116883
			5.19480519480519	-4.83116883116883
			5.22077922077922	-4.80519480519481
			5.24675324675325	-4.80519480519481
			5.27272727272727	-4.80519480519481
			5.2987012987013	-4.80519480519481
			5.32467532467532	-4.80519480519481
			5.35064935064935	-4.80519480519481
			5.37662337662338	-4.80519480519481
			5.4025974025974	-4.77922077922078
			5.42857142857143	-4.77922077922078
			5.45454545454546	-4.77922077922078
			5.48051948051948	-4.77922077922078
			5.50649350649351	-4.77922077922078
			5.53246753246753	-4.75324675324675
			5.55844155844156	-4.75324675324675
			5.58441558441559	-4.75324675324675
			5.61038961038961	-4.75324675324675
			5.63636363636364	-4.75324675324675
			5.66233766233766	-4.72727272727273
			5.68831168831169	-4.72727272727273
			5.71428571428571	-4.72727272727273
			5.74025974025974	-4.7012987012987
			5.76623376623377	-4.7012987012987
			5.79220779220779	-4.7012987012987
			5.81818181818182	-4.67532467532468
			5.84415584415584	-4.67532467532468
			5.87012987012987	-4.67532467532468
			5.8961038961039	-4.64935064935065
			5.92207792207792	-4.64935064935065
			5.94805194805195	-4.64935064935065
			5.97402597402597	-4.62337662337662
			6	-4.62337662337662
			6.02597402597403	-4.5974025974026
			6.05194805194805	-4.5974025974026
			6.07792207792208	-4.5974025974026
			6.07792207792208	-4.57142857142857
			6.1038961038961	-4.57142857142857
			6.12987012987013	-4.54545454545455
			6.15584415584416	-4.54545454545455
			6.18181818181818	-4.51948051948052
			6.20779220779221	-4.51948051948052
			6.23376623376623	-4.49350649350649
			6.25974025974026	-4.49350649350649
			6.28571428571429	-4.46753246753247
			6.31168831168831	-4.46753246753247
			6.33766233766234	-4.44155844155844
			6.36363636363636	-4.44155844155844
			6.38961038961039	-4.41558441558442
			6.41558441558442	-4.41558441558442
			6.41558441558442	-4.38961038961039
			6.44155844155844	-4.38961038961039
			6.46753246753247	-4.38961038961039
			6.49350649350649	-4.36363636363636
			6.51948051948052	-4.36363636363636
			6.54545454545455	-4.33766233766234
			6.57142857142857	-4.33766233766234
			6.5974025974026	-4.31168831168831
			6.62337662337662	-4.31168831168831
			6.64935064935065	-4.28571428571429
			6.67532467532468	-4.25974025974026
			6.7012987012987	-4.25974025974026
			6.72727272727273	-4.23376623376623
			6.75324675324675	-4.20779220779221
			6.77922077922078	-4.20779220779221
			6.80519480519481	-4.18181818181818
			6.83116883116883	-4.18181818181818
			6.85714285714286	-4.15584415584416
			6.88311688311688	-4.12987012987013
			6.90909090909091	-4.12987012987013
			6.93506493506494	-4.1038961038961
			6.96103896103896	-4.07792207792208
			6.98701298701299	-4.07792207792208
			7.01298701298701	-4.05194805194805
			7.01298701298701	-4.02597402597403
			7.03896103896104	-4.02597402597403
			7.06493506493507	-4
			7.09090909090909	-3.97402597402597
			7.11688311688312	-3.97402597402597
			7.14285714285714	-3.94805194805195
			7.16883116883117	-3.92207792207792
			7.1948051948052	-3.92207792207792
			7.22077922077922	-3.8961038961039
			7.24675324675325	-3.87012987012987
			7.27272727272727	-3.84415584415584
			7.2987012987013	-3.84415584415584
			7.32467532467532	-3.81818181818182
			7.32467532467532	-3.79220779220779
			7.35064935064935	-3.76623376623377
			7.37662337662338	-3.74025974025974
			7.4025974025974	-3.74025974025974
			7.42857142857143	-3.71428571428571
			7.45454545454546	-3.68831168831169
			7.48051948051948	-3.66233766233766
			7.50649350649351	-3.63636363636364
			7.53246753246753	-3.63636363636364
			7.53246753246753	-3.61038961038961
			7.55844155844156	-3.58441558441558
			7.58441558441559	-3.55844155844156
			7.61038961038961	-3.53246753246753
			7.63636363636364	-3.50649350649351
			7.66233766233766	-3.48051948051948
			7.68831168831169	-3.45454545454545
			7.71428571428571	-3.45454545454545
			7.71428571428571	-3.42857142857143
			7.74025974025974	-3.4025974025974
			7.76623376623377	-3.37662337662338
			7.79220779220779	-3.35064935064935
			7.81818181818182	-3.32467532467532
			7.84415584415584	-3.2987012987013
			7.84415584415584	-3.27272727272727
			7.87012987012987	-3.24675324675325
			7.87012987012987	-3.22077922077922
			7.8961038961039	-3.1948051948052
			7.92207792207792	-3.16883116883117
			7.92207792207792	-3.14285714285714
			7.94805194805195	-3.11688311688312
			7.97402597402597	-3.09090909090909
			8	-3.06493506493507
			8	-3.03896103896104
			8.02597402597403	-3.01298701298701
			8.05194805194805	-2.98701298701299
			8.05194805194805	-2.96103896103896
			8.07792207792208	-2.93506493506494
			8.07792207792208	-2.90909090909091
			8.1038961038961	-2.88311688311688
			8.12987012987013	-2.85714285714286
			8.12987012987013	-2.83116883116883
			8.15584415584416	-2.80519480519481
			8.15584415584416	-2.77922077922078
			8.18181818181818	-2.75324675324675
			8.18181818181818	-2.72727272727273
			8.20779220779221	-2.7012987012987
			8.20779220779221	-2.67532467532468
			8.23376623376623	-2.64935064935065
			8.25974025974026	-2.62337662337662
			8.25974025974026	-2.5974025974026
			8.28571428571429	-2.5974025974026
			8.28571428571429	-2.57142857142857
			8.31168831168831	-2.54545454545455
			8.31168831168831	-2.51948051948052
			8.33766233766234	-2.49350649350649
			8.33766233766234	-2.46753246753247
			8.36363636363636	-2.44155844155844
			8.36363636363636	-2.41558441558442
			8.38961038961039	-2.38961038961039
			8.38961038961039	-2.36363636363636
			8.41558441558442	-2.33766233766234
			8.41558441558442	-2.31168831168831
			8.41558441558442	-2.28571428571429
			8.44155844155844	-2.25974025974026
			8.44155844155844	-2.23376623376623
			8.46753246753247	-2.20779220779221
			8.46753246753247	-2.18181818181818
			8.49350649350649	-2.15584415584416
			8.49350649350649	-2.12987012987013
			8.49350649350649	-2.1038961038961
			8.51948051948052	-2.07792207792208
			8.51948051948052	-2.05194805194805
			8.54545454545455	-2.02597402597403
			8.54545454545455	-2
			8.57142857142857	-1.97402597402597
			8.57142857142857	-1.94805194805195
			8.57142857142857	-1.92207792207792
			8.5974025974026	-1.8961038961039
			8.5974025974026	-1.87012987012987
			8.62337662337662	-1.84415584415584
			8.62337662337662	-1.81818181818182
			8.62337662337662	-1.79220779220779
			8.62337662337662	-1.76623376623377
			8.64935064935065	-1.76623376623377
			8.64935064935065	-1.74025974025974
			8.64935064935065	-1.71428571428571
			8.64935064935065	-1.68831168831169
			8.67532467532468	-1.66233766233766
			8.67532467532468	-1.63636363636364
			8.67532467532468	-1.61038961038961
			8.7012987012987	-1.58441558441558
			8.7012987012987	-1.55844155844156
			8.7012987012987	-1.53246753246753
			8.7012987012987	-1.50649350649351
			8.72727272727273	-1.48051948051948
			8.72727272727273	-1.45454545454545
			8.72727272727273	-1.42857142857143
			8.72727272727273	-1.4025974025974
			8.72727272727273	-1.37662337662338
			8.72727272727273	-1.35064935064935
			8.72727272727273	-1.32467532467532
			8.72727272727273	-1.2987012987013
			8.72727272727273	-1.27272727272727
			8.72727272727273	-1.24675324675325
			8.72727272727273	-1.22077922077922
			8.72727272727273	-1.19480519480519
			8.72727272727273	-1.16883116883117
			8.72727272727273	-1.14285714285714
			8.72727272727273	-1.11688311688312
			8.72727272727273	-1.09090909090909
			8.72727272727273	-1.06493506493507
			8.72727272727273	-1.03896103896104
			8.72727272727273	-1.01298701298701
			8.7012987012987	-0.987012987012987
			8.7012987012987	-0.961038961038961
			8.7012987012987	-0.935064935064935
			8.67532467532468	-0.909090909090909
			8.67532467532468	-0.883116883116883
			8.67532467532468	-0.857142857142857
			8.64935064935065	-0.831168831168831
			8.62337662337662	-0.805194805194805
			8.62337662337662	-0.779220779220779
			8.5974025974026	-0.753246753246753
			8.57142857142857	-0.753246753246753
			8.54545454545455	-0.727272727272727
			8.51948051948052	-0.727272727272727
			8.49350649350649	-0.727272727272727
			8.46753246753247	-0.727272727272727
			8.44155844155844	-0.701298701298701
			8.41558441558442	-0.701298701298701
			8.38961038961039	-0.701298701298701
			8.36363636363636	-0.675324675324675
			8.33766233766234	-0.675324675324675
			8.31168831168831	-0.675324675324675
			8.28571428571429	-0.675324675324675
			8.25974025974026	-0.649350649350649
			8.23376623376623	-0.649350649350649
			8.20779220779221	-0.649350649350649
			8.18181818181818	-0.649350649350649
			8.15584415584416	-0.623376623376623
			8.12987012987013	-0.623376623376623
			8.1038961038961	-0.623376623376623
			8.07792207792208	-0.597402597402597
			8.05194805194805	-0.597402597402597
			8.02597402597403	-0.597402597402597
			8	-0.597402597402597
			7.97402597402597	-0.597402597402597
			7.97402597402597	-0.571428571428572
			7.94805194805195	-0.571428571428572
			7.92207792207792	-0.571428571428572
			7.8961038961039	-0.571428571428572
			7.87012987012987	-0.545454545454546
			7.84415584415584	-0.545454545454546
			7.81818181818182	-0.545454545454546
			7.79220779220779	-0.545454545454546
			7.76623376623377	-0.51948051948052
			7.74025974025974	-0.51948051948052
			7.71428571428571	-0.51948051948052
			7.68831168831169	-0.493506493506494
			7.66233766233766	-0.493506493506494
			7.63636363636364	-0.493506493506494
			7.61038961038961	-0.493506493506494
			7.58441558441559	-0.467532467532468
			7.55844155844156	-0.467532467532468
			7.53246753246753	-0.467532467532468
			7.50649350649351	-0.467532467532468
			7.48051948051948	-0.441558441558442
			7.45454545454546	-0.441558441558442
			7.42857142857143	-0.441558441558442
			7.4025974025974	-0.441558441558442
			7.37662337662338	-0.415584415584416
			7.35064935064935	-0.415584415584416
			7.32467532467532	-0.415584415584416
			7.2987012987013	-0.38961038961039
			7.27272727272727	-0.38961038961039
			7.24675324675325	-0.38961038961039
			7.22077922077922	-0.38961038961039
			7.1948051948052	-0.363636363636364
			7.16883116883117	-0.363636363636364
			7.14285714285714	-0.363636363636364
			7.11688311688312	-0.363636363636364
			7.09090909090909	-0.337662337662338
			7.06493506493507	-0.337662337662338
			7.03896103896104	-0.337662337662338
			7.01298701298701	-0.337662337662338
			6.98701298701299	-0.337662337662338
			6.96103896103896	-0.337662337662338
			6.93506493506494	-0.337662337662338
			6.90909090909091	-0.311688311688312
			6.88311688311688	-0.311688311688312
			6.85714285714286	-0.311688311688312
			6.83116883116883	-0.311688311688312
			6.80519480519481	-0.311688311688312
			6.77922077922078	-0.311688311688312
			6.75324675324675	-0.311688311688312
			6.72727272727273	-0.311688311688312
			6.7012987012987	-0.311688311688312
			6.67532467532468	-0.311688311688312
			6.64935064935065	-0.311688311688312
			6.62337662337662	-0.311688311688312
			6.5974025974026	-0.311688311688312
			6.57142857142857	-0.311688311688312
			6.54545454545455	-0.285714285714286
			6.51948051948052	-0.285714285714286
			6.49350649350649	-0.285714285714286
			6.46753246753247	-0.285714285714286
			6.44155844155844	-0.285714285714286
			6.41558441558442	-0.285714285714286
			6.38961038961039	-0.285714285714286
			6.36363636363636	-0.285714285714286
			6.33766233766234	-0.285714285714286
			6.31168831168831	-0.285714285714286
			6.28571428571429	-0.285714285714286
			6.25974025974026	-0.285714285714286
			6.23376623376623	-0.285714285714286
			6.20779220779221	-0.285714285714286
			6.18181818181818	-0.285714285714286
			6.15584415584416	-0.285714285714286
			6.12987012987013	-0.285714285714286
			6.1038961038961	-0.311688311688312
			6.07792207792208	-0.311688311688312
			6.05194805194805	-0.311688311688312
			6.02597402597403	-0.311688311688312
			6	-0.311688311688312
			5.97402597402597	-0.311688311688312
			5.94805194805195	-0.311688311688312
			5.92207792207792	-0.337662337662338
			5.8961038961039	-0.337662337662338
			5.87012987012987	-0.363636363636364
		</margin>
	</curves.scaled>
	<ruler.points type=matrix rownames=TRUE colnames=FALSE nrow=2 ncol=2 as.numeric=TRUE >
		Ruler point 1	281	178
		Ruler point 2	358	178
	</ruler.points>
</shapes>

