<shapes type=list>
	<ruler.pixel type=vector names=FALSE length=1 as.numeric=TRUE >154</ruler.pixel>
	<ruler.interval type=vector names=FALSE length=1 as.numeric=TRUE >1</ruler.interval>
	<scaling.units type=vector names=FALSE length=1 as.numeric=FALSE >mm</scaling.units>
	<scaling type=vector names=FALSE length=1 as.numeric=TRUE >0.00649350649350649</scaling>
	<landmarks.pixel type=matrix rownames=TRUE colnames=FALSE nrow=7 ncol=2 as.numeric=TRUE >
		LM1	188	22
		LM2	188	216
		LM3	188	243
		LM4	188	256
		LM5	259	45
		LM6	355	104
		LM7	356	111
	</landmarks.pixel>
	<landmarks.scaled type=matrix rownames=TRUE colnames=FALSE nrow=7 ncol=2 as.numeric=TRUE >
		LM1	1.22077922077922	-0.142857142857143
		LM2	1.22077922077922	-1.4025974025974
		LM3	1.22077922077922	-1.57792207792208
		LM4	1.22077922077922	-1.66233766233766
		LM5	1.68181818181818	-0.292207792207792
		LM6	2.30519480519481	-0.675324675324675
		LM7	2.31168831168831	-0.720779220779221
	</landmarks.scaled>
	<curves.control type=list>
		<axis type=matrix rownames=FALSE colnames=FALSE nrow=5 ncol=2 as.numeric=TRUE >
			188	22
			227	18
			259	45
			224	210
			188	216
		</axis>
		<border type=matrix rownames=FALSE colnames=FALSE nrow=3 ncol=2 as.numeric=TRUE >
			188	243
			290	219
			355	104
		</border>
		<margin type=matrix rownames=FALSE colnames=FALSE nrow=9 ncol=2 as.numeric=TRUE >
			188	256
			210	255
			260	236
			307	209
			335	162
			355	131
			357	110
			340	51
			259	45
		</margin>
	</curves.control>
	<curves.pixel type=list>
		<axis type=matrix rownames=FALSE colnames=FALSE nrow=259 ncol=2 as.numeric=TRUE >
			188	22
			189	22
			190	22
			191	22
			192	22
			193	22
			194	22
			195	22
			196	22
			196	21
			197	21
			198	21
			199	21
			200	22
			201	22
			202	22
			203	22
			204	22
			205	22
			206	22
			207	22
			208	22
			209	22
			210	22
			211	22
			212	23
			213	23
			214	23
			215	23
			216	23
			217	23
			218	24
			219	24
			220	24
			221	25
			222	25
			223	25
			224	25
			225	26
			226	26
			227	26
			228	27
			229	27
			230	27
			231	28
			232	28
			233	29
			234	29
			235	29
			236	30
			237	30
			238	31
			239	32
			240	32
			241	33
			242	33
			243	34
			244	35
			245	35
			246	35
			247	36
			248	37
			249	38
			250	38
			251	39
			252	39
			253	40
			254	41
			255	42
			256	42
			256	43
			257	44
			258	44
			259	45
			259	46
			259	47
			258	48
			258	49
			258	50
			258	51
			257	52
			257	53
			257	54
			257	55
			257	56
			256	57
			256	58
			256	59
			256	60
			256	61
			255	62
			255	63
			255	64
			255	65
			254	66
			254	67
			254	68
			254	69
			253	70
			253	71
			253	72
			253	73
			253	74
			252	74
			252	75
			252	76
			252	77
			252	78
			251	79
			251	80
			251	81
			251	82
			250	83
			250	84
			250	85
			250	86
			249	87
			249	88
			249	89
			249	90
			249	91
			248	91
			248	92
			248	93
			248	94
			247	95
			247	96
			247	97
			247	98
			247	99
			246	99
			246	100
			246	101
			246	102
			245	103
			245	104
			245	105
			245	106
			244	107
			244	108
			244	109
			244	110
			243	110
			243	111
			243	112
			243	113
			243	114
			242	115
			242	116
			242	117
			241	118
			241	119
			241	120
			240	121
			240	122
			240	123
			240	124
			239	125
			239	126
			239	127
			239	128
			238	128
			238	129
			238	130
			237	131
			237	132
			237	133
			237	134
			236	135
			236	136
			236	137
			235	138
			235	139
			235	140
			234	141
			234	142
			234	143
			233	144
			233	145
			233	146
			232	147
			232	148
			232	149
			231	150
			231	151
			231	152
			230	153
			230	154
			230	155
			229	156
			229	157
			229	158
			228	158
			228	159
			228	160
			227	161
			227	162
			227	163
			226	164
			226	165
			225	166
			225	167
			225	168
			224	169
			224	170
			223	171
			223	172
			223	173
			222	174
			222	175
			221	176
			221	177
			220	178
			220	179
			219	180
			219	181
			218	182
			218	183
			217	184
			217	185
			216	186
			216	187
			215	188
			215	189
			215	190
			214	191
			213	192
			213	193
			212	194
			211	195
			211	196
			210	197
			210	198
			209	199
			208	200
			207	201
			207	202
			206	203
			205	204
			205	205
			204	206
			203	206
			203	207
			202	208
			201	208
			200	209
			200	210
			199	210
			198	211
			197	212
			196	213
			195	213
			194	214
			193	214
			192	215
			191	215
			190	216
			189	216
			188	216
		</axis>
		<border type=matrix rownames=FALSE colnames=FALSE nrow=202 ncol=2 as.numeric=TRUE >
			188	243
			189	243
			190	243
			191	242
			192	242
			193	242
			194	241
			195	241
			196	241
			197	241
			198	240
			199	240
			200	240
			201	240
			202	239
			203	239
			204	239
			205	238
			206	238
			207	238
			208	237
			209	237
			210	237
			210	236
			211	236
			212	236
			213	235
			214	235
			215	235
			216	234
			217	234
			218	234
			219	233
			220	233
			221	232
			222	232
			223	232
			224	231
			225	231
			226	230
			227	230
			228	230
			229	229
			230	229
			231	228
			232	228
			233	227
			234	227
			235	226
			236	226
			237	225
			238	224
			239	224
			240	224
			240	223
			241	223
			242	223
			242	222
			243	222
			244	222
			244	221
			245	221
			246	220
			247	220
			248	219
			249	219
			250	218
			251	217
			252	217
			253	216
			254	216
			255	215
			256	214
			257	213
			258	213
			259	212
			260	212
			260	211
			261	211
			262	211
			262	210
			263	210
			264	209
			265	208
			266	208
			267	207
			268	206
			269	206
			269	205
			270	205
			271	204
			272	203
			273	202
			274	202
			275	201
			276	200
			277	200
			278	199
			278	198
			279	197
			280	197
			281	196
			282	195
			283	195
			284	194
			284	193
			285	192
			286	192
			287	191
			288	190
			289	189
			290	189
			290	188
			291	187
			292	186
			293	185
			294	185
			295	184
			295	183
			296	182
			297	182
			298	181
			299	180
			299	179
			300	178
			301	177
			302	177
			303	176
			304	175
			304	174
			305	173
			306	172
			307	171
			308	171
			308	170
			309	169
			310	168
			311	167
			312	166
			312	165
			313	164
			314	163
			315	162
			316	161
			317	160
			318	159
			318	158
			319	157
			320	156
			321	155
			322	154
			322	153
			323	152
			324	151
			325	150
			326	149
			327	148
			327	147
			328	146
			329	145
			330	144
			330	143
			331	142
			331	141
			332	140
			333	139
			333	138
			334	137
			335	137
			335	136
			336	135
			336	134
			337	133
			338	132
			338	131
			339	130
			340	129
			340	128
			341	127
			342	126
			342	125
			343	124
			344	123
			344	122
			345	121
			345	120
			346	119
			347	118
			347	117
			348	116
			349	115
			349	114
			350	113
			350	112
			351	111
			352	110
			352	109
			353	108
			353	107
			354	106
			355	105
			355	104
		</border>
		<margin type=matrix rownames=FALSE colnames=FALSE nrow=336 ncol=2 as.numeric=TRUE >
			188	256
			189	256
			190	256
			191	256
			192	256
			193	256
			194	255
			195	255
			196	255
			197	255
			198	255
			199	255
			200	255
			201	254
			202	254
			203	254
			204	254
			205	254
			206	253
			207	253
			208	253
			209	253
			210	252
			211	252
			212	252
			213	252
			214	251
			215	251
			216	251
			217	250
			218	250
			219	250
			220	250
			221	249
			222	249
			223	249
			224	248
			225	248
			226	248
			227	248
			228	247
			229	247
			230	247
			231	246
			232	246
			233	245
			234	245
			235	245
			236	245
			237	244
			238	244
			239	244
			240	243
			241	243
			242	243
			243	242
			244	242
			245	241
			246	241
			247	241
			248	241
			248	240
			249	240
			250	240
			251	239
			252	239
			253	239
			254	238
			255	238
			256	238
			257	237
			258	237
			259	236
			260	236
			261	235
			262	235
			263	234
			264	234
			265	233
			266	232
			267	232
			268	231
			269	231
			270	230
			271	230
			271	229
			272	228
			273	228
			274	227
			275	227
			276	226
			277	225
			278	225
			279	224
			279	223
			280	223
			281	222
			282	221
			283	221
			284	220
			285	219
			286	218
			287	217
			288	217
			289	216
			290	215
			291	214
			292	213
			293	212
			294	212
			295	211
			296	210
			297	209
			298	208
			299	207
			300	206
			301	205
			302	204
			303	204
			304	203
			304	202
			305	201
			306	200
			307	199
			308	198
			309	197
			310	196
			311	195
			312	194
			312	193
			313	192
			314	191
			315	190
			316	189
			317	188
			317	187
			318	186
			319	185
			320	184
			321	183
			321	182
			322	181
			323	180
			324	179
			325	178
			325	177
			326	176
			327	175
			328	174
			328	173
			329	172
			329	171
			330	171
			330	170
			330	169
			331	169
			331	168
			332	167
			333	166
			333	165
			334	164
			334	163
			335	162
			336	161
			336	160
			337	159
			338	158
			338	157
			339	156
			340	155
			340	154
			341	153
			341	152
			342	151
			342	150
			343	149
			343	148
			344	147
			344	146
			345	146
			345	145
			345	144
			346	144
			346	143
			346	142
			347	141
			348	140
			348	139
			349	138
			349	137
			349	136
			350	135
			350	134
			351	133
			351	132
			352	131
			352	130
			352	129
			353	128
			353	127
			353	126
			354	126
			354	125
			354	124
			354	123
			355	122
			355	121
			355	120
			355	119
			356	119
			356	118
			356	117
			356	116
			356	115
			357	114
			357	113
			357	112
			357	111
			357	110
			357	109
			356	108
			356	107
			356	106
			356	105
			355	104
			355	103
			354	102
			354	101
			353	100
			353	99
			352	98
			352	97
			351	96
			351	95
			351	94
			350	93
			349	92
			349	91
			348	90
			348	89
			347	88
			347	87
			346	86
			346	85
			345	84
			344	84
			344	83
			343	82
			342	81
			342	80
			341	79
			340	79
			340	78
			339	77
			338	76
			337	75
			336	74
			335	73
			334	72
			333	71
			332	70
			331	70
			330	69
			329	68
			328	67
			327	66
			326	66
			325	65
			324	64
			323	63
			322	63
			321	62
			320	62
			319	61
			318	61
			317	60
			316	60
			315	59
			314	58
			313	58
			312	57
			311	57
			310	57
			309	56
			308	56
			307	55
			306	55
			305	55
			304	54
			303	54
			302	54
			302	53
			301	53
			300	53
			299	52
			298	52
			297	52
			296	52
			295	51
			294	51
			293	51
			293	50
			292	50
			291	50
			290	50
			289	49
			288	49
			287	49
			286	49
			285	49
			284	48
			283	48
			282	48
			281	48
			280	48
			279	47
			278	47
			277	47
			276	47
			275	47
			274	47
			273	46
			272	46
			271	46
			270	46
			269	46
			268	46
			267	46
			266	46
			265	46
			264	45
			263	45
			262	45
			261	45
			260	45
			259	45
		</margin>
	</curves.pixel>
	<curves.scaled type=list>
		<axis type=matrix rownames=FALSE colnames=FALSE nrow=259 ncol=2 as.numeric=TRUE >
			1.22077922077922	-0.142857142857143
			1.22727272727273	-0.142857142857143
			1.23376623376623	-0.142857142857143
			1.24025974025974	-0.142857142857143
			1.24675324675325	-0.142857142857143
			1.25324675324675	-0.142857142857143
			1.25974025974026	-0.142857142857143
			1.26623376623377	-0.142857142857143
			1.27272727272727	-0.142857142857143
			1.27272727272727	-0.136363636363636
			1.27922077922078	-0.136363636363636
			1.28571428571429	-0.136363636363636
			1.29220779220779	-0.136363636363636
			1.2987012987013	-0.142857142857143
			1.30519480519481	-0.142857142857143
			1.31168831168831	-0.142857142857143
			1.31818181818182	-0.142857142857143
			1.32467532467532	-0.142857142857143
			1.33116883116883	-0.142857142857143
			1.33766233766234	-0.142857142857143
			1.34415584415584	-0.142857142857143
			1.35064935064935	-0.142857142857143
			1.35714285714286	-0.142857142857143
			1.36363636363636	-0.142857142857143
			1.37012987012987	-0.142857142857143
			1.37662337662338	-0.149350649350649
			1.38311688311688	-0.149350649350649
			1.38961038961039	-0.149350649350649
			1.3961038961039	-0.149350649350649
			1.4025974025974	-0.149350649350649
			1.40909090909091	-0.149350649350649
			1.41558441558442	-0.155844155844156
			1.42207792207792	-0.155844155844156
			1.42857142857143	-0.155844155844156
			1.43506493506494	-0.162337662337662
			1.44155844155844	-0.162337662337662
			1.44805194805195	-0.162337662337662
			1.45454545454545	-0.162337662337662
			1.46103896103896	-0.168831168831169
			1.46753246753247	-0.168831168831169
			1.47402597402597	-0.168831168831169
			1.48051948051948	-0.175324675324675
			1.48701298701299	-0.175324675324675
			1.49350649350649	-0.175324675324675
			1.5	-0.181818181818182
			1.50649350649351	-0.181818181818182
			1.51298701298701	-0.188311688311688
			1.51948051948052	-0.188311688311688
			1.52597402597403	-0.188311688311688
			1.53246753246753	-0.194805194805195
			1.53896103896104	-0.194805194805195
			1.54545454545455	-0.201298701298701
			1.55194805194805	-0.207792207792208
			1.55844155844156	-0.207792207792208
			1.56493506493507	-0.214285714285714
			1.57142857142857	-0.214285714285714
			1.57792207792208	-0.220779220779221
			1.58441558441558	-0.227272727272727
			1.59090909090909	-0.227272727272727
			1.5974025974026	-0.227272727272727
			1.6038961038961	-0.233766233766234
			1.61038961038961	-0.24025974025974
			1.61688311688312	-0.246753246753247
			1.62337662337662	-0.246753246753247
			1.62987012987013	-0.253246753246753
			1.63636363636364	-0.253246753246753
			1.64285714285714	-0.25974025974026
			1.64935064935065	-0.266233766233766
			1.65584415584416	-0.272727272727273
			1.66233766233766	-0.272727272727273
			1.66233766233766	-0.279220779220779
			1.66883116883117	-0.285714285714286
			1.67532467532468	-0.285714285714286
			1.68181818181818	-0.292207792207792
			1.68181818181818	-0.298701298701299
			1.68181818181818	-0.305194805194805
			1.67532467532468	-0.311688311688312
			1.67532467532468	-0.318181818181818
			1.67532467532468	-0.324675324675325
			1.67532467532468	-0.331168831168831
			1.66883116883117	-0.337662337662338
			1.66883116883117	-0.344155844155844
			1.66883116883117	-0.350649350649351
			1.66883116883117	-0.357142857142857
			1.66883116883117	-0.363636363636364
			1.66233766233766	-0.37012987012987
			1.66233766233766	-0.376623376623377
			1.66233766233766	-0.383116883116883
			1.66233766233766	-0.38961038961039
			1.66233766233766	-0.396103896103896
			1.65584415584416	-0.402597402597403
			1.65584415584416	-0.409090909090909
			1.65584415584416	-0.415584415584416
			1.65584415584416	-0.422077922077922
			1.64935064935065	-0.428571428571429
			1.64935064935065	-0.435064935064935
			1.64935064935065	-0.441558441558442
			1.64935064935065	-0.448051948051948
			1.64285714285714	-0.454545454545455
			1.64285714285714	-0.461038961038961
			1.64285714285714	-0.467532467532468
			1.64285714285714	-0.474025974025974
			1.64285714285714	-0.480519480519481
			1.63636363636364	-0.480519480519481
			1.63636363636364	-0.487012987012987
			1.63636363636364	-0.493506493506494
			1.63636363636364	-0.5
			1.63636363636364	-0.506493506493507
			1.62987012987013	-0.512987012987013
			1.62987012987013	-0.51948051948052
			1.62987012987013	-0.525974025974026
			1.62987012987013	-0.532467532467533
			1.62337662337662	-0.538961038961039
			1.62337662337662	-0.545454545454546
			1.62337662337662	-0.551948051948052
			1.62337662337662	-0.558441558441559
			1.61688311688312	-0.564935064935065
			1.61688311688312	-0.571428571428572
			1.61688311688312	-0.577922077922078
			1.61688311688312	-0.584415584415584
			1.61688311688312	-0.590909090909091
			1.61038961038961	-0.590909090909091
			1.61038961038961	-0.597402597402597
			1.61038961038961	-0.603896103896104
			1.61038961038961	-0.61038961038961
			1.6038961038961	-0.616883116883117
			1.6038961038961	-0.623376623376623
			1.6038961038961	-0.62987012987013
			1.6038961038961	-0.636363636363636
			1.6038961038961	-0.642857142857143
			1.5974025974026	-0.642857142857143
			1.5974025974026	-0.649350649350649
			1.5974025974026	-0.655844155844156
			1.5974025974026	-0.662337662337662
			1.59090909090909	-0.668831168831169
			1.59090909090909	-0.675324675324675
			1.59090909090909	-0.681818181818182
			1.59090909090909	-0.688311688311688
			1.58441558441558	-0.694805194805195
			1.58441558441558	-0.701298701298701
			1.58441558441558	-0.707792207792208
			1.58441558441558	-0.714285714285714
			1.57792207792208	-0.714285714285714
			1.57792207792208	-0.720779220779221
			1.57792207792208	-0.727272727272727
			1.57792207792208	-0.733766233766234
			1.57792207792208	-0.74025974025974
			1.57142857142857	-0.746753246753247
			1.57142857142857	-0.753246753246753
			1.57142857142857	-0.75974025974026
			1.56493506493507	-0.766233766233766
			1.56493506493507	-0.772727272727273
			1.56493506493507	-0.779220779220779
			1.55844155844156	-0.785714285714286
			1.55844155844156	-0.792207792207792
			1.55844155844156	-0.798701298701299
			1.55844155844156	-0.805194805194805
			1.55194805194805	-0.811688311688312
			1.55194805194805	-0.818181818181818
			1.55194805194805	-0.824675324675325
			1.55194805194805	-0.831168831168831
			1.54545454545455	-0.831168831168831
			1.54545454545455	-0.837662337662338
			1.54545454545455	-0.844155844155844
			1.53896103896104	-0.850649350649351
			1.53896103896104	-0.857142857142857
			1.53896103896104	-0.863636363636364
			1.53896103896104	-0.87012987012987
			1.53246753246753	-0.876623376623377
			1.53246753246753	-0.883116883116883
			1.53246753246753	-0.88961038961039
			1.52597402597403	-0.896103896103896
			1.52597402597403	-0.902597402597403
			1.52597402597403	-0.909090909090909
			1.51948051948052	-0.915584415584416
			1.51948051948052	-0.922077922077922
			1.51948051948052	-0.928571428571429
			1.51298701298701	-0.935064935064935
			1.51298701298701	-0.941558441558442
			1.51298701298701	-0.948051948051948
			1.50649350649351	-0.954545454545455
			1.50649350649351	-0.961038961038961
			1.50649350649351	-0.967532467532468
			1.5	-0.974025974025974
			1.5	-0.980519480519481
			1.5	-0.987012987012987
			1.49350649350649	-0.993506493506494
			1.49350649350649	-1
			1.49350649350649	-1.00649350649351
			1.48701298701299	-1.01298701298701
			1.48701298701299	-1.01948051948052
			1.48701298701299	-1.02597402597403
			1.48051948051948	-1.02597402597403
			1.48051948051948	-1.03246753246753
			1.48051948051948	-1.03896103896104
			1.47402597402597	-1.04545454545455
			1.47402597402597	-1.05194805194805
			1.47402597402597	-1.05844155844156
			1.46753246753247	-1.06493506493507
			1.46753246753247	-1.07142857142857
			1.46103896103896	-1.07792207792208
			1.46103896103896	-1.08441558441558
			1.46103896103896	-1.09090909090909
			1.45454545454545	-1.0974025974026
			1.45454545454545	-1.1038961038961
			1.44805194805195	-1.11038961038961
			1.44805194805195	-1.11688311688312
			1.44805194805195	-1.12337662337662
			1.44155844155844	-1.12987012987013
			1.44155844155844	-1.13636363636364
			1.43506493506494	-1.14285714285714
			1.43506493506494	-1.14935064935065
			1.42857142857143	-1.15584415584416
			1.42857142857143	-1.16233766233766
			1.42207792207792	-1.16883116883117
			1.42207792207792	-1.17532467532468
			1.41558441558442	-1.18181818181818
			1.41558441558442	-1.18831168831169
			1.40909090909091	-1.19480519480519
			1.40909090909091	-1.2012987012987
			1.4025974025974	-1.20779220779221
			1.4025974025974	-1.21428571428571
			1.3961038961039	-1.22077922077922
			1.3961038961039	-1.22727272727273
			1.3961038961039	-1.23376623376623
			1.38961038961039	-1.24025974025974
			1.38311688311688	-1.24675324675325
			1.38311688311688	-1.25324675324675
			1.37662337662338	-1.25974025974026
			1.37012987012987	-1.26623376623377
			1.37012987012987	-1.27272727272727
			1.36363636363636	-1.27922077922078
			1.36363636363636	-1.28571428571429
			1.35714285714286	-1.29220779220779
			1.35064935064935	-1.2987012987013
			1.34415584415584	-1.30519480519481
			1.34415584415584	-1.31168831168831
			1.33766233766234	-1.31818181818182
			1.33116883116883	-1.32467532467532
			1.33116883116883	-1.33116883116883
			1.32467532467532	-1.33766233766234
			1.31818181818182	-1.33766233766234
			1.31818181818182	-1.34415584415584
			1.31168831168831	-1.35064935064935
			1.30519480519481	-1.35064935064935
			1.2987012987013	-1.35714285714286
			1.2987012987013	-1.36363636363636
			1.29220779220779	-1.36363636363636
			1.28571428571429	-1.37012987012987
			1.27922077922078	-1.37662337662338
			1.27272727272727	-1.38311688311688
			1.26623376623377	-1.38311688311688
			1.25974025974026	-1.38961038961039
			1.25324675324675	-1.38961038961039
			1.24675324675325	-1.3961038961039
			1.24025974025974	-1.3961038961039
			1.23376623376623	-1.4025974025974
			1.22727272727273	-1.4025974025974
			1.22077922077922	-1.4025974025974
		</axis>
		<border type=matrix rownames=FALSE colnames=FALSE nrow=202 ncol=2 as.numeric=TRUE >
			1.22077922077922	-1.57792207792208
			1.22727272727273	-1.57792207792208
			1.23376623376623	-1.57792207792208
			1.24025974025974	-1.57142857142857
			1.24675324675325	-1.57142857142857
			1.25324675324675	-1.57142857142857
			1.25974025974026	-1.56493506493507
			1.26623376623377	-1.56493506493507
			1.27272727272727	-1.56493506493507
			1.27922077922078	-1.56493506493507
			1.28571428571429	-1.55844155844156
			1.29220779220779	-1.55844155844156
			1.2987012987013	-1.55844155844156
			1.30519480519481	-1.55844155844156
			1.31168831168831	-1.55194805194805
			1.31818181818182	-1.55194805194805
			1.32467532467532	-1.55194805194805
			1.33116883116883	-1.54545454545455
			1.33766233766234	-1.54545454545455
			1.34415584415584	-1.54545454545455
			1.35064935064935	-1.53896103896104
			1.35714285714286	-1.53896103896104
			1.36363636363636	-1.53896103896104
			1.36363636363636	-1.53246753246753
			1.37012987012987	-1.53246753246753
			1.37662337662338	-1.53246753246753
			1.38311688311688	-1.52597402597403
			1.38961038961039	-1.52597402597403
			1.3961038961039	-1.52597402597403
			1.4025974025974	-1.51948051948052
			1.40909090909091	-1.51948051948052
			1.41558441558442	-1.51948051948052
			1.42207792207792	-1.51298701298701
			1.42857142857143	-1.51298701298701
			1.43506493506494	-1.50649350649351
			1.44155844155844	-1.50649350649351
			1.44805194805195	-1.50649350649351
			1.45454545454545	-1.5
			1.46103896103896	-1.5
			1.46753246753247	-1.49350649350649
			1.47402597402597	-1.49350649350649
			1.48051948051948	-1.49350649350649
			1.48701298701299	-1.48701298701299
			1.49350649350649	-1.48701298701299
			1.5	-1.48051948051948
			1.50649350649351	-1.48051948051948
			1.51298701298701	-1.47402597402597
			1.51948051948052	-1.47402597402597
			1.52597402597403	-1.46753246753247
			1.53246753246753	-1.46753246753247
			1.53896103896104	-1.46103896103896
			1.54545454545455	-1.45454545454545
			1.55194805194805	-1.45454545454545
			1.55844155844156	-1.45454545454545
			1.55844155844156	-1.44805194805195
			1.56493506493507	-1.44805194805195
			1.57142857142857	-1.44805194805195
			1.57142857142857	-1.44155844155844
			1.57792207792208	-1.44155844155844
			1.58441558441558	-1.44155844155844
			1.58441558441558	-1.43506493506494
			1.59090909090909	-1.43506493506494
			1.5974025974026	-1.42857142857143
			1.6038961038961	-1.42857142857143
			1.61038961038961	-1.42207792207792
			1.61688311688312	-1.42207792207792
			1.62337662337662	-1.41558441558442
			1.62987012987013	-1.40909090909091
			1.63636363636364	-1.40909090909091
			1.64285714285714	-1.4025974025974
			1.64935064935065	-1.4025974025974
			1.65584415584416	-1.3961038961039
			1.66233766233766	-1.38961038961039
			1.66883116883117	-1.38311688311688
			1.67532467532468	-1.38311688311688
			1.68181818181818	-1.37662337662338
			1.68831168831169	-1.37662337662338
			1.68831168831169	-1.37012987012987
			1.69480519480519	-1.37012987012987
			1.7012987012987	-1.37012987012987
			1.7012987012987	-1.36363636363636
			1.70779220779221	-1.36363636363636
			1.71428571428571	-1.35714285714286
			1.72077922077922	-1.35064935064935
			1.72727272727273	-1.35064935064935
			1.73376623376623	-1.34415584415584
			1.74025974025974	-1.33766233766234
			1.74675324675325	-1.33766233766234
			1.74675324675325	-1.33116883116883
			1.75324675324675	-1.33116883116883
			1.75974025974026	-1.32467532467532
			1.76623376623377	-1.31818181818182
			1.77272727272727	-1.31168831168831
			1.77922077922078	-1.31168831168831
			1.78571428571429	-1.30519480519481
			1.79220779220779	-1.2987012987013
			1.7987012987013	-1.2987012987013
			1.80519480519481	-1.29220779220779
			1.80519480519481	-1.28571428571429
			1.81168831168831	-1.27922077922078
			1.81818181818182	-1.27922077922078
			1.82467532467532	-1.27272727272727
			1.83116883116883	-1.26623376623377
			1.83766233766234	-1.26623376623377
			1.84415584415584	-1.25974025974026
			1.84415584415584	-1.25324675324675
			1.85064935064935	-1.24675324675325
			1.85714285714286	-1.24675324675325
			1.86363636363636	-1.24025974025974
			1.87012987012987	-1.23376623376623
			1.87662337662338	-1.22727272727273
			1.88311688311688	-1.22727272727273
			1.88311688311688	-1.22077922077922
			1.88961038961039	-1.21428571428571
			1.8961038961039	-1.20779220779221
			1.9025974025974	-1.2012987012987
			1.90909090909091	-1.2012987012987
			1.91558441558442	-1.19480519480519
			1.91558441558442	-1.18831168831169
			1.92207792207792	-1.18181818181818
			1.92857142857143	-1.18181818181818
			1.93506493506494	-1.17532467532468
			1.94155844155844	-1.16883116883117
			1.94155844155844	-1.16233766233766
			1.94805194805195	-1.15584415584416
			1.95454545454545	-1.14935064935065
			1.96103896103896	-1.14935064935065
			1.96753246753247	-1.14285714285714
			1.97402597402597	-1.13636363636364
			1.97402597402597	-1.12987012987013
			1.98051948051948	-1.12337662337662
			1.98701298701299	-1.11688311688312
			1.99350649350649	-1.11038961038961
			2	-1.11038961038961
			2	-1.1038961038961
			2.00649350649351	-1.0974025974026
			2.01298701298701	-1.09090909090909
			2.01948051948052	-1.08441558441558
			2.02597402597403	-1.07792207792208
			2.02597402597403	-1.07142857142857
			2.03246753246753	-1.06493506493507
			2.03896103896104	-1.05844155844156
			2.04545454545455	-1.05194805194805
			2.05194805194805	-1.04545454545455
			2.05844155844156	-1.03896103896104
			2.06493506493507	-1.03246753246753
			2.06493506493507	-1.02597402597403
			2.07142857142857	-1.01948051948052
			2.07792207792208	-1.01298701298701
			2.08441558441558	-1.00649350649351
			2.09090909090909	-1
			2.09090909090909	-0.993506493506494
			2.0974025974026	-0.987012987012987
			2.1038961038961	-0.980519480519481
			2.11038961038961	-0.974025974025974
			2.11688311688312	-0.967532467532468
			2.12337662337662	-0.961038961038961
			2.12337662337662	-0.954545454545455
			2.12987012987013	-0.948051948051948
			2.13636363636364	-0.941558441558442
			2.14285714285714	-0.935064935064935
			2.14285714285714	-0.928571428571429
			2.14935064935065	-0.922077922077922
			2.14935064935065	-0.915584415584416
			2.15584415584416	-0.909090909090909
			2.16233766233766	-0.902597402597403
			2.16233766233766	-0.896103896103896
			2.16883116883117	-0.88961038961039
			2.17532467532468	-0.88961038961039
			2.17532467532468	-0.883116883116883
			2.18181818181818	-0.876623376623377
			2.18181818181818	-0.87012987012987
			2.18831168831169	-0.863636363636364
			2.19480519480519	-0.857142857142857
			2.19480519480519	-0.850649350649351
			2.2012987012987	-0.844155844155844
			2.20779220779221	-0.837662337662338
			2.20779220779221	-0.831168831168831
			2.21428571428571	-0.824675324675325
			2.22077922077922	-0.818181818181818
			2.22077922077922	-0.811688311688312
			2.22727272727273	-0.805194805194805
			2.23376623376623	-0.798701298701299
			2.23376623376623	-0.792207792207792
			2.24025974025974	-0.785714285714286
			2.24025974025974	-0.779220779220779
			2.24675324675325	-0.772727272727273
			2.25324675324675	-0.766233766233766
			2.25324675324675	-0.75974025974026
			2.25974025974026	-0.753246753246753
			2.26623376623377	-0.746753246753247
			2.26623376623377	-0.74025974025974
			2.27272727272727	-0.733766233766234
			2.27272727272727	-0.727272727272727
			2.27922077922078	-0.720779220779221
			2.28571428571429	-0.714285714285714
			2.28571428571429	-0.707792207792208
			2.29220779220779	-0.701298701298701
			2.29220779220779	-0.694805194805195
			2.2987012987013	-0.688311688311688
			2.30519480519481	-0.681818181818182
			2.30519480519481	-0.675324675324675
		</border>
		<margin type=matrix rownames=FALSE colnames=FALSE nrow=336 ncol=2 as.numeric=TRUE >
			1.22077922077922	-1.66233766233766
			1.22727272727273	-1.66233766233766
			1.23376623376623	-1.66233766233766
			1.24025974025974	-1.66233766233766
			1.24675324675325	-1.66233766233766
			1.25324675324675	-1.66233766233766
			1.25974025974026	-1.65584415584416
			1.26623376623377	-1.65584415584416
			1.27272727272727	-1.65584415584416
			1.27922077922078	-1.65584415584416
			1.28571428571429	-1.65584415584416
			1.29220779220779	-1.65584415584416
			1.2987012987013	-1.65584415584416
			1.30519480519481	-1.64935064935065
			1.31168831168831	-1.64935064935065
			1.31818181818182	-1.64935064935065
			1.32467532467532	-1.64935064935065
			1.33116883116883	-1.64935064935065
			1.33766233766234	-1.64285714285714
			1.34415584415584	-1.64285714285714
			1.35064935064935	-1.64285714285714
			1.35714285714286	-1.64285714285714
			1.36363636363636	-1.63636363636364
			1.37012987012987	-1.63636363636364
			1.37662337662338	-1.63636363636364
			1.38311688311688	-1.63636363636364
			1.38961038961039	-1.62987012987013
			1.3961038961039	-1.62987012987013
			1.4025974025974	-1.62987012987013
			1.40909090909091	-1.62337662337662
			1.41558441558442	-1.62337662337662
			1.42207792207792	-1.62337662337662
			1.42857142857143	-1.62337662337662
			1.43506493506494	-1.61688311688312
			1.44155844155844	-1.61688311688312
			1.44805194805195	-1.61688311688312
			1.45454545454545	-1.61038961038961
			1.46103896103896	-1.61038961038961
			1.46753246753247	-1.61038961038961
			1.47402597402597	-1.61038961038961
			1.48051948051948	-1.6038961038961
			1.48701298701299	-1.6038961038961
			1.49350649350649	-1.6038961038961
			1.5	-1.5974025974026
			1.50649350649351	-1.5974025974026
			1.51298701298701	-1.59090909090909
			1.51948051948052	-1.59090909090909
			1.52597402597403	-1.59090909090909
			1.53246753246753	-1.59090909090909
			1.53896103896104	-1.58441558441558
			1.54545454545455	-1.58441558441558
			1.55194805194805	-1.58441558441558
			1.55844155844156	-1.57792207792208
			1.56493506493507	-1.57792207792208
			1.57142857142857	-1.57792207792208
			1.57792207792208	-1.57142857142857
			1.58441558441558	-1.57142857142857
			1.59090909090909	-1.56493506493507
			1.5974025974026	-1.56493506493507
			1.6038961038961	-1.56493506493507
			1.61038961038961	-1.56493506493507
			1.61038961038961	-1.55844155844156
			1.61688311688312	-1.55844155844156
			1.62337662337662	-1.55844155844156
			1.62987012987013	-1.55194805194805
			1.63636363636364	-1.55194805194805
			1.64285714285714	-1.55194805194805
			1.64935064935065	-1.54545454545455
			1.65584415584416	-1.54545454545455
			1.66233766233766	-1.54545454545455
			1.66883116883117	-1.53896103896104
			1.67532467532468	-1.53896103896104
			1.68181818181818	-1.53246753246753
			1.68831168831169	-1.53246753246753
			1.69480519480519	-1.52597402597403
			1.7012987012987	-1.52597402597403
			1.70779220779221	-1.51948051948052
			1.71428571428571	-1.51948051948052
			1.72077922077922	-1.51298701298701
			1.72727272727273	-1.50649350649351
			1.73376623376623	-1.50649350649351
			1.74025974025974	-1.5
			1.74675324675325	-1.5
			1.75324675324675	-1.49350649350649
			1.75974025974026	-1.49350649350649
			1.75974025974026	-1.48701298701299
			1.76623376623377	-1.48051948051948
			1.77272727272727	-1.48051948051948
			1.77922077922078	-1.47402597402597
			1.78571428571429	-1.47402597402597
			1.79220779220779	-1.46753246753247
			1.7987012987013	-1.46103896103896
			1.80519480519481	-1.46103896103896
			1.81168831168831	-1.45454545454545
			1.81168831168831	-1.44805194805195
			1.81818181818182	-1.44805194805195
			1.82467532467532	-1.44155844155844
			1.83116883116883	-1.43506493506494
			1.83766233766234	-1.43506493506494
			1.84415584415584	-1.42857142857143
			1.85064935064935	-1.42207792207792
			1.85714285714286	-1.41558441558442
			1.86363636363636	-1.40909090909091
			1.87012987012987	-1.40909090909091
			1.87662337662338	-1.4025974025974
			1.88311688311688	-1.3961038961039
			1.88961038961039	-1.38961038961039
			1.8961038961039	-1.38311688311688
			1.9025974025974	-1.37662337662338
			1.90909090909091	-1.37662337662338
			1.91558441558442	-1.37012987012987
			1.92207792207792	-1.36363636363636
			1.92857142857143	-1.35714285714286
			1.93506493506494	-1.35064935064935
			1.94155844155844	-1.34415584415584
			1.94805194805195	-1.33766233766234
			1.95454545454545	-1.33116883116883
			1.96103896103896	-1.32467532467532
			1.96753246753247	-1.32467532467532
			1.97402597402597	-1.31818181818182
			1.97402597402597	-1.31168831168831
			1.98051948051948	-1.30519480519481
			1.98701298701299	-1.2987012987013
			1.99350649350649	-1.29220779220779
			2	-1.28571428571429
			2.00649350649351	-1.27922077922078
			2.01298701298701	-1.27272727272727
			2.01948051948052	-1.26623376623377
			2.02597402597403	-1.25974025974026
			2.02597402597403	-1.25324675324675
			2.03246753246753	-1.24675324675325
			2.03896103896104	-1.24025974025974
			2.04545454545455	-1.23376623376623
			2.05194805194805	-1.22727272727273
			2.05844155844156	-1.22077922077922
			2.05844155844156	-1.21428571428571
			2.06493506493507	-1.20779220779221
			2.07142857142857	-1.2012987012987
			2.07792207792208	-1.19480519480519
			2.08441558441558	-1.18831168831169
			2.08441558441558	-1.18181818181818
			2.09090909090909	-1.17532467532468
			2.0974025974026	-1.16883116883117
			2.1038961038961	-1.16233766233766
			2.11038961038961	-1.15584415584416
			2.11038961038961	-1.14935064935065
			2.11688311688312	-1.14285714285714
			2.12337662337662	-1.13636363636364
			2.12987012987013	-1.12987012987013
			2.12987012987013	-1.12337662337662
			2.13636363636364	-1.11688311688312
			2.13636363636364	-1.11038961038961
			2.14285714285714	-1.11038961038961
			2.14285714285714	-1.1038961038961
			2.14285714285714	-1.0974025974026
			2.14935064935065	-1.0974025974026
			2.14935064935065	-1.09090909090909
			2.15584415584416	-1.08441558441558
			2.16233766233766	-1.07792207792208
			2.16233766233766	-1.07142857142857
			2.16883116883117	-1.06493506493507
			2.16883116883117	-1.05844155844156
			2.17532467532468	-1.05194805194805
			2.18181818181818	-1.04545454545455
			2.18181818181818	-1.03896103896104
			2.18831168831169	-1.03246753246753
			2.19480519480519	-1.02597402597403
			2.19480519480519	-1.01948051948052
			2.2012987012987	-1.01298701298701
			2.20779220779221	-1.00649350649351
			2.20779220779221	-1
			2.21428571428571	-0.993506493506494
			2.21428571428571	-0.987012987012987
			2.22077922077922	-0.980519480519481
			2.22077922077922	-0.974025974025974
			2.22727272727273	-0.967532467532468
			2.22727272727273	-0.961038961038961
			2.23376623376623	-0.954545454545455
			2.23376623376623	-0.948051948051948
			2.24025974025974	-0.948051948051948
			2.24025974025974	-0.941558441558442
			2.24025974025974	-0.935064935064935
			2.24675324675325	-0.935064935064935
			2.24675324675325	-0.928571428571429
			2.24675324675325	-0.922077922077922
			2.25324675324675	-0.915584415584416
			2.25974025974026	-0.909090909090909
			2.25974025974026	-0.902597402597403
			2.26623376623377	-0.896103896103896
			2.26623376623377	-0.88961038961039
			2.26623376623377	-0.883116883116883
			2.27272727272727	-0.876623376623377
			2.27272727272727	-0.87012987012987
			2.27922077922078	-0.863636363636364
			2.27922077922078	-0.857142857142857
			2.28571428571429	-0.850649350649351
			2.28571428571429	-0.844155844155844
			2.28571428571429	-0.837662337662338
			2.29220779220779	-0.831168831168831
			2.29220779220779	-0.824675324675325
			2.29220779220779	-0.818181818181818
			2.2987012987013	-0.818181818181818
			2.2987012987013	-0.811688311688312
			2.2987012987013	-0.805194805194805
			2.2987012987013	-0.798701298701299
			2.30519480519481	-0.792207792207792
			2.30519480519481	-0.785714285714286
			2.30519480519481	-0.779220779220779
			2.30519480519481	-0.772727272727273
			2.31168831168831	-0.772727272727273
			2.31168831168831	-0.766233766233766
			2.31168831168831	-0.75974025974026
			2.31168831168831	-0.753246753246753
			2.31168831168831	-0.746753246753247
			2.31818181818182	-0.74025974025974
			2.31818181818182	-0.733766233766234
			2.31818181818182	-0.727272727272727
			2.31818181818182	-0.720779220779221
			2.31818181818182	-0.714285714285714
			2.31818181818182	-0.707792207792208
			2.31168831168831	-0.701298701298701
			2.31168831168831	-0.694805194805195
			2.31168831168831	-0.688311688311688
			2.31168831168831	-0.681818181818182
			2.30519480519481	-0.675324675324675
			2.30519480519481	-0.668831168831169
			2.2987012987013	-0.662337662337662
			2.2987012987013	-0.655844155844156
			2.29220779220779	-0.649350649350649
			2.29220779220779	-0.642857142857143
			2.28571428571429	-0.636363636363636
			2.28571428571429	-0.62987012987013
			2.27922077922078	-0.623376623376623
			2.27922077922078	-0.616883116883117
			2.27922077922078	-0.61038961038961
			2.27272727272727	-0.603896103896104
			2.26623376623377	-0.597402597402597
			2.26623376623377	-0.590909090909091
			2.25974025974026	-0.584415584415584
			2.25974025974026	-0.577922077922078
			2.25324675324675	-0.571428571428572
			2.25324675324675	-0.564935064935065
			2.24675324675325	-0.558441558441559
			2.24675324675325	-0.551948051948052
			2.24025974025974	-0.545454545454546
			2.23376623376623	-0.545454545454546
			2.23376623376623	-0.538961038961039
			2.22727272727273	-0.532467532467533
			2.22077922077922	-0.525974025974026
			2.22077922077922	-0.51948051948052
			2.21428571428571	-0.512987012987013
			2.20779220779221	-0.512987012987013
			2.20779220779221	-0.506493506493507
			2.2012987012987	-0.5
			2.19480519480519	-0.493506493506494
			2.18831168831169	-0.487012987012987
			2.18181818181818	-0.480519480519481
			2.17532467532468	-0.474025974025974
			2.16883116883117	-0.467532467532468
			2.16233766233766	-0.461038961038961
			2.15584415584416	-0.454545454545455
			2.14935064935065	-0.454545454545455
			2.14285714285714	-0.448051948051948
			2.13636363636364	-0.441558441558442
			2.12987012987013	-0.435064935064935
			2.12337662337662	-0.428571428571429
			2.11688311688312	-0.428571428571429
			2.11038961038961	-0.422077922077922
			2.1038961038961	-0.415584415584416
			2.0974025974026	-0.409090909090909
			2.09090909090909	-0.409090909090909
			2.08441558441558	-0.402597402597403
			2.07792207792208	-0.402597402597403
			2.07142857142857	-0.396103896103896
			2.06493506493507	-0.396103896103896
			2.05844155844156	-0.38961038961039
			2.05194805194805	-0.38961038961039
			2.04545454545455	-0.383116883116883
			2.03896103896104	-0.376623376623377
			2.03246753246753	-0.376623376623377
			2.02597402597403	-0.37012987012987
			2.01948051948052	-0.37012987012987
			2.01298701298701	-0.37012987012987
			2.00649350649351	-0.363636363636364
			2	-0.363636363636364
			1.99350649350649	-0.357142857142857
			1.98701298701299	-0.357142857142857
			1.98051948051948	-0.357142857142857
			1.97402597402597	-0.350649350649351
			1.96753246753247	-0.350649350649351
			1.96103896103896	-0.350649350649351
			1.96103896103896	-0.344155844155844
			1.95454545454545	-0.344155844155844
			1.94805194805195	-0.344155844155844
			1.94155844155844	-0.337662337662338
			1.93506493506494	-0.337662337662338
			1.92857142857143	-0.337662337662338
			1.92207792207792	-0.337662337662338
			1.91558441558442	-0.331168831168831
			1.90909090909091	-0.331168831168831
			1.9025974025974	-0.331168831168831
			1.9025974025974	-0.324675324675325
			1.8961038961039	-0.324675324675325
			1.88961038961039	-0.324675324675325
			1.88311688311688	-0.324675324675325
			1.87662337662338	-0.318181818181818
			1.87012987012987	-0.318181818181818
			1.86363636363636	-0.318181818181818
			1.85714285714286	-0.318181818181818
			1.85064935064935	-0.318181818181818
			1.84415584415584	-0.311688311688312
			1.83766233766234	-0.311688311688312
			1.83116883116883	-0.311688311688312
			1.82467532467532	-0.311688311688312
			1.81818181818182	-0.311688311688312
			1.81168831168831	-0.305194805194805
			1.80519480519481	-0.305194805194805
			1.7987012987013	-0.305194805194805
			1.79220779220779	-0.305194805194805
			1.78571428571429	-0.305194805194805
			1.77922077922078	-0.305194805194805
			1.77272727272727	-0.298701298701299
			1.76623376623377	-0.298701298701299
			1.75974025974026	-0.298701298701299
			1.75324675324675	-0.298701298701299
			1.74675324675325	-0.298701298701299
			1.74025974025974	-0.298701298701299
			1.73376623376623	-0.298701298701299
			1.72727272727273	-0.298701298701299
			1.72077922077922	-0.298701298701299
			1.71428571428571	-0.292207792207792
			1.70779220779221	-0.292207792207792
			1.7012987012987	-0.292207792207792
			1.69480519480519	-0.292207792207792
			1.68831168831169	-0.292207792207792
			1.68181818181818	-0.292207792207792
		</margin>
	</curves.scaled>
	<ruler.points type=matrix rownames=TRUE colnames=FALSE nrow=2 ncol=2 as.numeric=TRUE >
		Ruler point 1	357	7
		Ruler point 2	357	161
	</ruler.points>
</shapes>

