<shapes type=list>
	<ruler.pixel type=vector names=FALSE length=1 as.numeric=TRUE >85</ruler.pixel>
	<ruler.interval type=vector names=FALSE length=1 as.numeric=TRUE >1</ruler.interval>
	<scaling.units type=vector names=FALSE length=1 as.numeric=FALSE >cm</scaling.units>
	<scaling type=vector names=FALSE length=1 as.numeric=TRUE >0.0117647058823529</scaling>
	<landmarks.pixel type=matrix rownames=TRUE colnames=FALSE nrow=5 ncol=2 as.numeric=TRUE >
		LM1	116	6
		LM2	114	45
		LM4	114	50
		LM5	140	7
		LM7	170	10
	</landmarks.pixel>
	<landmarks.scaled type=matrix rownames=TRUE colnames=FALSE nrow=5 ncol=2 as.numeric=TRUE >
		LM1	1.36470588235294	-0.0705882352941176
		LM2	1.34117647058824	-0.529411764705882
		LM4	1.34117647058824	-0.588235294117647
		LM5	1.64705882352941	-0.0823529411764706
		LM7	2	-0.117647058823529
	</landmarks.scaled>
	<curves.control type=list>
		<axis type=matrix rownames=FALSE colnames=FALSE nrow=7 ncol=2 as.numeric=TRUE >
			116	6
			130	8
			140	7
			138	31
			134	41
			126	45
			114	45
		</axis>
		<margin type=matrix rownames=FALSE colnames=FALSE nrow=73 ncol=2 as.numeric=TRUE >
			114	50
			120	49
			121	94
			125	136
			127	99
			125	80
			124	51
			125	48
			130	48
			133	53
			139	86
			141	109
			143	125
			150	118
			143	73
			139	56
			138	46
			141	40
			145	45
			153	73
			157	91
			161	107
			163	129
			167	124
			165	100
			163	84
			149	38
			151	36
			154	38
			165	57
			179	89
			188	118
			185	92
			169	45
			162	40
			159	34
			161	33
			166	33
			175	48
			190	68
			182	51
			173	34
			166	29
			166	25
			171	27
			177	32
			197	49
			203	56
			207	57
			209	52
			200	44
			188	34
			175	25
			170	21
			169	20
			171	19
			177	21
			185	24
			194	29
			203	34
			209	37
			206	24
			175	16
			171	13
			182	13
			195	14
			205	19
			217	25
			222	27
			204	8
			179	10
			167	9
			140	7
		</margin>
	</curves.control>
	<curves.pixel type=list>
		<axis type=matrix rownames=FALSE colnames=FALSE nrow=79 ncol=2 as.numeric=TRUE >
			116	6
			117	6
			118	6
			119	6
			120	7
			121	7
			122	7
			123	7
			124	7
			125	7
			126	7
			127	7
			128	7
			129	7
			130	7
			131	7
			132	7
			133	7
			134	7
			135	7
			136	7
			137	7
			138	7
			139	7
			140	7
			140	8
			140	9
			140	10
			140	11
			140	12
			139	13
			139	14
			139	15
			139	16
			139	17
			139	18
			139	19
			139	20
			138	21
			138	22
			138	23
			138	24
			138	25
			138	26
			138	27
			137	28
			137	29
			137	30
			137	31
			137	32
			136	33
			136	34
			136	35
			136	36
			135	37
			135	38
			135	39
			134	40
			134	41
			133	42
			132	42
			131	42
			130	43
			129	43
			128	43
			127	43
			126	44
			125	44
			124	44
			123	44
			122	44
			121	45
			120	45
			119	45
			118	45
			117	45
			116	45
			115	45
			114	45
		</axis>
		<margin type=matrix rownames=FALSE colnames=FALSE nrow=1017 ncol=2 as.numeric=TRUE >
			114	50
			115	50
			116	51
			116	52
			117	53
			117	54
			118	55
			118	56
			118	57
			118	58
			119	59
			119	60
			119	61
			119	62
			119	63
			119	64
			119	65
			119	66
			120	67
			120	68
			120	69
			120	70
			120	71
			120	72
			120	73
			120	74
			120	75
			120	76
			120	77
			120	78
			120	79
			121	80
			121	81
			121	82
			121	83
			121	84
			121	85
			121	86
			121	87
			121	88
			121	89
			121	90
			121	91
			121	92
			121	93
			121	94
			121	95
			121	96
			121	97
			121	98
			122	99
			122	100
			122	101
			122	102
			122	103
			122	104
			122	105
			122	106
			122	107
			123	108
			123	109
			123	110
			123	111
			123	112
			123	113
			124	114
			124	115
			124	116
			125	116
			125	115
			126	114
			126	113
			126	112
			126	111
			126	110
			126	109
			126	108
			126	107
			127	106
			127	105
			127	104
			127	103
			127	102
			127	101
			127	100
			127	99
			127	98
			127	97
			127	96
			127	95
			126	94
			126	93
			126	92
			126	91
			126	90
			126	89
			126	88
			126	87
			126	86
			126	85
			126	84
			126	83
			126	82
			125	81
			125	80
			125	79
			125	78
			125	77
			125	76
			125	75
			125	74
			125	73
			125	72
			125	71
			125	70
			125	69
			125	68
			125	67
			125	66
			125	65
			125	64
			124	63
			124	62
			124	61
			124	60
			124	59
			124	58
			124	57
			124	56
			124	55
			124	54
			124	53
			124	52
			124	51
			124	50
			125	50
			126	49
			127	48
			128	48
			129	48
			130	48
			130	49
			131	50
			131	51
			132	52
			132	53
			132	54
			132	55
			133	56
			133	57
			133	58
			133	59
			134	60
			134	61
			134	62
			135	63
			135	64
			135	65
			135	66
			135	67
			136	68
			136	69
			136	70
			136	71
			136	72
			136	73
			137	74
			137	75
			137	76
			137	77
			138	78
			138	79
			138	80
			138	81
			138	82
			138	83
			139	83
			139	84
			139	85
			139	86
			139	87
			139	88
			139	89
			139	90
			139	91
			140	92
			140	93
			140	94
			140	95
			140	96
			140	97
			140	98
			140	99
			140	100
			140	101
			140	102
			141	103
			141	104
			141	105
			141	106
			141	107
			141	108
			141	109
			141	110
			141	111
			141	112
			142	112
			142	113
			142	114
			142	115
			142	116
			142	117
			142	118
			142	119
			142	120
			143	121
			143	122
			143	123
			143	124
			143	125
			144	124
			144	123
			145	122
			145	121
			146	120
			146	119
			146	118
			146	117
			146	116
			146	115
			146	114
			146	113
			146	112
			146	111
			146	110
			146	109
			146	108
			146	107
			146	106
			146	105
			146	104
			146	103
			146	102
			146	101
			146	100
			146	99
			146	98
			146	97
			146	96
			146	95
			146	94
			146	93
			146	92
			145	91
			145	90
			145	89
			145	88
			145	87
			145	86
			145	85
			145	84
			144	83
			144	82
			144	81
			144	80
			144	79
			144	78
			144	77
			143	76
			143	75
			143	74
			143	73
			143	72
			143	71
			142	70
			142	69
			142	68
			142	67
			142	66
			141	66
			141	65
			141	64
			141	63
			141	62
			140	61
			140	60
			140	59
			140	58
			140	57
			139	56
			139	55
			139	54
			139	53
			139	52
			139	51
			139	50
			138	50
			138	49
			138	48
			138	47
			138	46
			138	45
			139	45
			139	44
			140	44
			140	43
			141	43
			142	43
			143	43
			144	44
			145	45
			145	46
			146	47
			146	48
			146	49
			147	50
			147	51
			147	52
			147	53
			147	54
			148	54
			148	55
			148	56
			148	57
			149	58
			149	59
			149	60
			150	61
			150	62
			150	63
			150	64
			151	65
			151	66
			151	67
			151	68
			152	69
			152	70
			152	71
			152	72
			153	73
			153	74
			153	75
			153	76
			154	77
			154	78
			154	79
			154	80
			155	81
			155	82
			155	83
			155	84
			156	85
			156	86
			156	87
			156	88
			156	89
			157	90
			157	91
			157	92
			158	93
			158	94
			158	95
			158	96
			158	97
			159	98
			159	99
			159	100
			159	101
			159	102
			160	103
			160	104
			160	105
			160	106
			160	107
			160	108
			161	109
			161	110
			161	111
			161	112
			161	113
			161	114
			162	115
			162	116
			162	117
			162	118
			162	119
			162	120
			162	121
			162	122
			162	123
			163	124
			163	125
			163	126
			163	127
			163	128
			163	129
			163	128
			164	128
			164	127
			165	126
			165	125
			165	124
			165	123
			165	122
			165	121
			165	120
			166	119
			166	118
			166	117
			166	116
			166	115
			166	114
			166	113
			166	112
			166	111
			166	110
			166	109
			166	108
			165	107
			165	106
			165	105
			165	104
			165	103
			165	102
			165	101
			165	100
			165	99
			165	98
			165	97
			164	96
			164	95
			164	94
			164	93
			164	92
			164	91
			163	90
			163	89
			163	88
			163	87
			162	86
			162	85
			162	84
			162	83
			161	82
			161	81
			161	80
			161	79
			160	78
			160	77
			160	76
			160	75
			159	74
			159	73
			159	72
			159	71
			158	70
			158	69
			158	68
			157	67
			157	66
			157	65
			157	64
			156	63
			156	62
			156	61
			155	60
			155	59
			155	58
			155	57
			154	56
			154	55
			154	54
			154	53
			153	52
			153	51
			153	50
			152	49
			152	48
			152	47
			151	46
			151	45
			151	44
			150	43
			150	42
			150	41
			150	40
			149	39
			149	38
			150	37
			151	37
			152	37
			153	38
			154	38
			155	39
			155	40
			156	41
			156	42
			157	43
			158	44
			158	45
			159	46
			159	47
			160	48
			160	49
			161	50
			161	51
			162	52
			162	53
			163	54
			163	55
			164	56
			164	57
			165	58
			165	59
			166	60
			166	61
			167	62
			167	63
			167	64
			168	64
			168	65
			168	66
			169	66
			169	67
			169	68
			170	69
			170	70
			171	71
			171	72
			172	73
			172	74
			173	75
			173	76
			173	77
			174	78
			175	79
			175	80
			176	81
			176	82
			176	83
			177	84
			177	85
			178	86
			178	87
			179	88
			179	89
			179	90
			180	91
			180	92
			180	93
			181	94
			181	95
			181	96
			182	97
			182	98
			183	99
			183	100
			183	101
			184	102
			184	103
			184	104
			185	104
			186	104
			186	103
			186	102
			186	101
			186	100
			186	99
			186	98
			186	97
			185	97
			185	96
			185	95
			185	94
			185	93
			185	92
			185	91
			184	90
			184	89
			184	88
			183	87
			183	86
			183	85
			182	85
			182	84
			182	83
			182	82
			181	81
			181	80
			181	79
			180	79
			180	78
			180	77
			179	76
			179	75
			179	74
			178	73
			178	72
			178	71
			177	70
			177	69
			177	68
			176	68
			176	67
			176	66
			175	65
			175	64
			174	63
			174	62
			174	61
			173	60
			173	59
			173	58
			172	58
			172	57
			171	56
			171	55
			171	54
			170	54
			170	53
			170	52
			169	52
			169	51
			169	50
			168	49
			168	48
			167	47
			167	46
			166	45
			165	44
			165	43
			164	43
			164	42
			163	41
			163	40
			162	40
			162	39
			161	38
			161	37
			160	36
			160	35
			160	34
			161	33
			162	33
			163	34
			164	34
			165	35
			166	36
			167	37
			168	38
			169	39
			170	40
			170	41
			171	42
			172	43
			172	44
			173	45
			174	46
			175	47
			175	48
			176	49
			176	50
			177	50
			177	51
			178	52
			179	53
			180	54
			180	55
			181	56
			182	57
			183	57
			183	58
			184	58
			184	59
			185	59
			185	58
			185	57
			184	56
			184	55
			183	54
			183	53
			183	52
			182	51
			182	50
			181	49
			180	48
			180	47
			179	46
			179	45
			178	44
			178	43
			177	43
			177	42
			176	41
			176	40
			175	39
			174	38
			173	37
			173	36
			172	35
			171	34
			170	33
			169	32
			169	31
			168	31
			167	30
			167	29
			166	29
			166	28
			166	27
			167	27
			168	26
			169	26
			170	27
			171	27
			172	28
			173	29
			174	30
			175	30
			176	31
			177	32
			178	33
			179	34
			180	35
			181	35
			182	36
			182	37
			183	37
			184	38
			185	39
			186	39
			187	40
			188	41
			188	42
			189	43
			190	43
			191	44
			192	45
			193	46
			194	47
			195	47
			195	48
			196	48
			197	49
			198	50
			199	51
			199	52
			200	52
			201	53
			201	54
			202	54
			203	55
			204	55
			204	56
			205	56
			206	57
			207	57
			207	56
			207	55
			207	54
			207	53
			207	52
			206	51
			206	50
			205	49
			204	48
			203	47
			202	46
			201	45
			201	44
			200	44
			199	43
			198	42
			197	42
			197	41
			196	41
			195	40
			194	39
			193	38
			192	38
			191	37
			190	36
			189	36
			189	35
			188	34
			187	34
			186	33
			185	32
			184	32
			183	31
			182	30
			181	29
			180	28
			179	28
			178	27
			177	26
			176	25
			175	25
			174	24
			173	24
			173	23
			172	22
			171	22
			171	21
			170	21
			169	20
			170	20
			171	20
			172	20
			173	20
			174	20
			175	20
			176	21
			177	21
			178	21
			179	22
			180	22
			181	22
			182	23
			183	24
			184	24
			185	25
			186	25
			187	25
			188	26
			189	26
			190	27
			191	27
			192	28
			193	28
			194	29
			195	30
			196	30
			197	31
			198	31
			199	32
			200	32
			201	33
			202	33
			202	34
			203	34
			204	34
			205	35
			206	36
			207	36
			208	36
			209	37
			209	36
			208	35
			208	34
			207	33
			207	32
			206	31
			205	30
			204	29
			203	28
			202	28
			201	27
			200	26
			199	25
			198	25
			197	24
			196	24
			195	23
			194	23
			193	22
			192	22
			191	21
			190	21
			189	20
			188	20
			187	20
			186	19
			185	19
			184	19
			183	18
			182	18
			181	18
			180	17
			179	17
			178	17
			177	16
			176	16
			175	16
			174	15
			174	14
			175	14
			176	13
			177	13
			178	13
			179	13
			180	13
			181	13
			182	13
			183	13
			184	13
			185	13
			186	13
			187	14
			188	14
			189	14
			190	14
			191	14
			192	15
			193	15
			194	15
			195	15
			196	16
			197	16
			198	16
			199	16
			200	17
			201	17
			202	18
			203	18
			204	19
			205	19
			206	20
			207	20
			208	20
			208	21
			209	21
			210	22
			211	22
			212	22
			213	23
			214	23
			215	24
			216	24
			217	25
			218	25
			219	26
			220	26
			221	27
			221	26
			220	25
			219	24
			218	23
			217	22
			216	22
			216	21
			215	21
			214	20
			213	19
			212	18
			211	18
			210	17
			209	17
			208	16
			207	16
			206	15
			205	14
			204	14
			203	14
			202	13
			201	13
			200	12
			199	12
			198	12
			197	12
			196	11
			195	11
			194	11
			193	11
			192	10
			191	10
			190	10
			189	10
			188	10
			187	10
			186	10
			185	10
			184	10
			183	10
			182	10
			181	10
			180	10
			179	10
			178	10
			177	10
			176	10
			175	10
			174	10
			173	9
			172	9
			171	9
			170	9
			169	9
			168	9
			167	9
			166	9
			165	9
			164	9
			163	9
			162	9
			161	9
			160	9
			159	8
			158	8
			157	8
			156	8
			155	8
			154	8
			153	8
			152	8
			151	8
			150	8
			149	8
			148	8
			147	7
			146	7
			145	7
			144	7
			143	7
			142	7
			141	7
			140	7
		</margin>
	</curves.pixel>
	<curves.scaled type=list>
		<axis type=matrix rownames=FALSE colnames=FALSE nrow=79 ncol=2 as.numeric=TRUE >
			1.36470588235294	-0.0705882352941176
			1.37647058823529	-0.0705882352941176
			1.38823529411765	-0.0705882352941176
			1.4	-0.0705882352941176
			1.41176470588235	-0.0823529411764706
			1.42352941176471	-0.0823529411764706
			1.43529411764706	-0.0823529411764706
			1.44705882352941	-0.0823529411764706
			1.45882352941176	-0.0823529411764706
			1.47058823529412	-0.0823529411764706
			1.48235294117647	-0.0823529411764706
			1.49411764705882	-0.0823529411764706
			1.50588235294118	-0.0823529411764706
			1.51764705882353	-0.0823529411764706
			1.52941176470588	-0.0823529411764706
			1.54117647058824	-0.0823529411764706
			1.55294117647059	-0.0823529411764706
			1.56470588235294	-0.0823529411764706
			1.57647058823529	-0.0823529411764706
			1.58823529411765	-0.0823529411764706
			1.6	-0.0823529411764706
			1.61176470588235	-0.0823529411764706
			1.62352941176471	-0.0823529411764706
			1.63529411764706	-0.0823529411764706
			1.64705882352941	-0.0823529411764706
			1.64705882352941	-0.0941176470588235
			1.64705882352941	-0.105882352941176
			1.64705882352941	-0.117647058823529
			1.64705882352941	-0.129411764705882
			1.64705882352941	-0.141176470588235
			1.63529411764706	-0.152941176470588
			1.63529411764706	-0.164705882352941
			1.63529411764706	-0.176470588235294
			1.63529411764706	-0.188235294117647
			1.63529411764706	-0.2
			1.63529411764706	-0.211764705882353
			1.63529411764706	-0.223529411764706
			1.63529411764706	-0.235294117647059
			1.62352941176471	-0.247058823529412
			1.62352941176471	-0.258823529411765
			1.62352941176471	-0.270588235294118
			1.62352941176471	-0.282352941176471
			1.62352941176471	-0.294117647058824
			1.62352941176471	-0.305882352941176
			1.62352941176471	-0.317647058823529
			1.61176470588235	-0.329411764705882
			1.61176470588235	-0.341176470588235
			1.61176470588235	-0.352941176470588
			1.61176470588235	-0.364705882352941
			1.61176470588235	-0.376470588235294
			1.6	-0.388235294117647
			1.6	-0.4
			1.6	-0.411764705882353
			1.6	-0.423529411764706
			1.58823529411765	-0.435294117647059
			1.58823529411765	-0.447058823529412
			1.58823529411765	-0.458823529411765
			1.57647058823529	-0.470588235294118
			1.57647058823529	-0.482352941176471
			1.56470588235294	-0.494117647058824
			1.55294117647059	-0.494117647058824
			1.54117647058824	-0.494117647058824
			1.52941176470588	-0.505882352941176
			1.51764705882353	-0.505882352941176
			1.50588235294118	-0.505882352941176
			1.49411764705882	-0.505882352941176
			1.48235294117647	-0.517647058823529
			1.47058823529412	-0.517647058823529
			1.45882352941176	-0.517647058823529
			1.44705882352941	-0.517647058823529
			1.43529411764706	-0.517647058823529
			1.42352941176471	-0.529411764705882
			1.41176470588235	-0.529411764705882
			1.4	-0.529411764705882
			1.38823529411765	-0.529411764705882
			1.37647058823529	-0.529411764705882
			1.36470588235294	-0.529411764705882
			1.35294117647059	-0.529411764705882
			1.34117647058824	-0.529411764705882
		</axis>
		<margin type=matrix rownames=FALSE colnames=FALSE nrow=1017 ncol=2 as.numeric=TRUE >
			1.34117647058824	-0.588235294117647
			1.35294117647059	-0.588235294117647
			1.36470588235294	-0.6
			1.36470588235294	-0.611764705882353
			1.37647058823529	-0.623529411764706
			1.37647058823529	-0.635294117647059
			1.38823529411765	-0.647058823529412
			1.38823529411765	-0.658823529411765
			1.38823529411765	-0.670588235294118
			1.38823529411765	-0.682352941176471
			1.4	-0.694117647058824
			1.4	-0.705882352941176
			1.4	-0.717647058823529
			1.4	-0.729411764705882
			1.4	-0.741176470588235
			1.4	-0.752941176470588
			1.4	-0.764705882352941
			1.4	-0.776470588235294
			1.41176470588235	-0.788235294117647
			1.41176470588235	-0.8
			1.41176470588235	-0.811764705882353
			1.41176470588235	-0.823529411764706
			1.41176470588235	-0.835294117647059
			1.41176470588235	-0.847058823529412
			1.41176470588235	-0.858823529411765
			1.41176470588235	-0.870588235294118
			1.41176470588235	-0.882352941176471
			1.41176470588235	-0.894117647058823
			1.41176470588235	-0.905882352941176
			1.41176470588235	-0.917647058823529
			1.41176470588235	-0.929411764705882
			1.42352941176471	-0.941176470588235
			1.42352941176471	-0.952941176470588
			1.42352941176471	-0.964705882352941
			1.42352941176471	-0.976470588235294
			1.42352941176471	-0.988235294117647
			1.42352941176471	-1
			1.42352941176471	-1.01176470588235
			1.42352941176471	-1.02352941176471
			1.42352941176471	-1.03529411764706
			1.42352941176471	-1.04705882352941
			1.42352941176471	-1.05882352941176
			1.42352941176471	-1.07058823529412
			1.42352941176471	-1.08235294117647
			1.42352941176471	-1.09411764705882
			1.42352941176471	-1.10588235294118
			1.42352941176471	-1.11764705882353
			1.42352941176471	-1.12941176470588
			1.42352941176471	-1.14117647058824
			1.42352941176471	-1.15294117647059
			1.43529411764706	-1.16470588235294
			1.43529411764706	-1.17647058823529
			1.43529411764706	-1.18823529411765
			1.43529411764706	-1.2
			1.43529411764706	-1.21176470588235
			1.43529411764706	-1.22352941176471
			1.43529411764706	-1.23529411764706
			1.43529411764706	-1.24705882352941
			1.43529411764706	-1.25882352941176
			1.44705882352941	-1.27058823529412
			1.44705882352941	-1.28235294117647
			1.44705882352941	-1.29411764705882
			1.44705882352941	-1.30588235294118
			1.44705882352941	-1.31764705882353
			1.44705882352941	-1.32941176470588
			1.45882352941176	-1.34117647058824
			1.45882352941176	-1.35294117647059
			1.45882352941176	-1.36470588235294
			1.47058823529412	-1.36470588235294
			1.47058823529412	-1.35294117647059
			1.48235294117647	-1.34117647058824
			1.48235294117647	-1.32941176470588
			1.48235294117647	-1.31764705882353
			1.48235294117647	-1.30588235294118
			1.48235294117647	-1.29411764705882
			1.48235294117647	-1.28235294117647
			1.48235294117647	-1.27058823529412
			1.48235294117647	-1.25882352941176
			1.49411764705882	-1.24705882352941
			1.49411764705882	-1.23529411764706
			1.49411764705882	-1.22352941176471
			1.49411764705882	-1.21176470588235
			1.49411764705882	-1.2
			1.49411764705882	-1.18823529411765
			1.49411764705882	-1.17647058823529
			1.49411764705882	-1.16470588235294
			1.49411764705882	-1.15294117647059
			1.49411764705882	-1.14117647058824
			1.49411764705882	-1.12941176470588
			1.49411764705882	-1.11764705882353
			1.48235294117647	-1.10588235294118
			1.48235294117647	-1.09411764705882
			1.48235294117647	-1.08235294117647
			1.48235294117647	-1.07058823529412
			1.48235294117647	-1.05882352941176
			1.48235294117647	-1.04705882352941
			1.48235294117647	-1.03529411764706
			1.48235294117647	-1.02352941176471
			1.48235294117647	-1.01176470588235
			1.48235294117647	-1
			1.48235294117647	-0.988235294117647
			1.48235294117647	-0.976470588235294
			1.48235294117647	-0.964705882352941
			1.47058823529412	-0.952941176470588
			1.47058823529412	-0.941176470588235
			1.47058823529412	-0.929411764705882
			1.47058823529412	-0.917647058823529
			1.47058823529412	-0.905882352941176
			1.47058823529412	-0.894117647058823
			1.47058823529412	-0.882352941176471
			1.47058823529412	-0.870588235294118
			1.47058823529412	-0.858823529411765
			1.47058823529412	-0.847058823529412
			1.47058823529412	-0.835294117647059
			1.47058823529412	-0.823529411764706
			1.47058823529412	-0.811764705882353
			1.47058823529412	-0.8
			1.47058823529412	-0.788235294117647
			1.47058823529412	-0.776470588235294
			1.47058823529412	-0.764705882352941
			1.47058823529412	-0.752941176470588
			1.45882352941176	-0.741176470588235
			1.45882352941176	-0.729411764705882
			1.45882352941176	-0.717647058823529
			1.45882352941176	-0.705882352941176
			1.45882352941176	-0.694117647058824
			1.45882352941176	-0.682352941176471
			1.45882352941176	-0.670588235294118
			1.45882352941176	-0.658823529411765
			1.45882352941176	-0.647058823529412
			1.45882352941176	-0.635294117647059
			1.45882352941176	-0.623529411764706
			1.45882352941176	-0.611764705882353
			1.45882352941176	-0.6
			1.45882352941176	-0.588235294117647
			1.47058823529412	-0.588235294117647
			1.48235294117647	-0.576470588235294
			1.49411764705882	-0.564705882352941
			1.50588235294118	-0.564705882352941
			1.51764705882353	-0.564705882352941
			1.52941176470588	-0.564705882352941
			1.52941176470588	-0.576470588235294
			1.54117647058824	-0.588235294117647
			1.54117647058824	-0.6
			1.55294117647059	-0.611764705882353
			1.55294117647059	-0.623529411764706
			1.55294117647059	-0.635294117647059
			1.55294117647059	-0.647058823529412
			1.56470588235294	-0.658823529411765
			1.56470588235294	-0.670588235294118
			1.56470588235294	-0.682352941176471
			1.56470588235294	-0.694117647058824
			1.57647058823529	-0.705882352941176
			1.57647058823529	-0.717647058823529
			1.57647058823529	-0.729411764705882
			1.58823529411765	-0.741176470588235
			1.58823529411765	-0.752941176470588
			1.58823529411765	-0.764705882352941
			1.58823529411765	-0.776470588235294
			1.58823529411765	-0.788235294117647
			1.6	-0.8
			1.6	-0.811764705882353
			1.6	-0.823529411764706
			1.6	-0.835294117647059
			1.6	-0.847058823529412
			1.6	-0.858823529411765
			1.61176470588235	-0.870588235294118
			1.61176470588235	-0.882352941176471
			1.61176470588235	-0.894117647058823
			1.61176470588235	-0.905882352941176
			1.62352941176471	-0.917647058823529
			1.62352941176471	-0.929411764705882
			1.62352941176471	-0.941176470588235
			1.62352941176471	-0.952941176470588
			1.62352941176471	-0.964705882352941
			1.62352941176471	-0.976470588235294
			1.63529411764706	-0.976470588235294
			1.63529411764706	-0.988235294117647
			1.63529411764706	-1
			1.63529411764706	-1.01176470588235
			1.63529411764706	-1.02352941176471
			1.63529411764706	-1.03529411764706
			1.63529411764706	-1.04705882352941
			1.63529411764706	-1.05882352941176
			1.63529411764706	-1.07058823529412
			1.64705882352941	-1.08235294117647
			1.64705882352941	-1.09411764705882
			1.64705882352941	-1.10588235294118
			1.64705882352941	-1.11764705882353
			1.64705882352941	-1.12941176470588
			1.64705882352941	-1.14117647058824
			1.64705882352941	-1.15294117647059
			1.64705882352941	-1.16470588235294
			1.64705882352941	-1.17647058823529
			1.64705882352941	-1.18823529411765
			1.64705882352941	-1.2
			1.65882352941176	-1.21176470588235
			1.65882352941176	-1.22352941176471
			1.65882352941176	-1.23529411764706
			1.65882352941176	-1.24705882352941
			1.65882352941176	-1.25882352941176
			1.65882352941176	-1.27058823529412
			1.65882352941176	-1.28235294117647
			1.65882352941176	-1.29411764705882
			1.65882352941176	-1.30588235294118
			1.65882352941176	-1.31764705882353
			1.67058823529412	-1.31764705882353
			1.67058823529412	-1.32941176470588
			1.67058823529412	-1.34117647058824
			1.67058823529412	-1.35294117647059
			1.67058823529412	-1.36470588235294
			1.67058823529412	-1.37647058823529
			1.67058823529412	-1.38823529411765
			1.67058823529412	-1.4
			1.67058823529412	-1.41176470588235
			1.68235294117647	-1.42352941176471
			1.68235294117647	-1.43529411764706
			1.68235294117647	-1.44705882352941
			1.68235294117647	-1.45882352941176
			1.68235294117647	-1.47058823529412
			1.69411764705882	-1.45882352941176
			1.69411764705882	-1.44705882352941
			1.70588235294118	-1.43529411764706
			1.70588235294118	-1.42352941176471
			1.71764705882353	-1.41176470588235
			1.71764705882353	-1.4
			1.71764705882353	-1.38823529411765
			1.71764705882353	-1.37647058823529
			1.71764705882353	-1.36470588235294
			1.71764705882353	-1.35294117647059
			1.71764705882353	-1.34117647058824
			1.71764705882353	-1.32941176470588
			1.71764705882353	-1.31764705882353
			1.71764705882353	-1.30588235294118
			1.71764705882353	-1.29411764705882
			1.71764705882353	-1.28235294117647
			1.71764705882353	-1.27058823529412
			1.71764705882353	-1.25882352941176
			1.71764705882353	-1.24705882352941
			1.71764705882353	-1.23529411764706
			1.71764705882353	-1.22352941176471
			1.71764705882353	-1.21176470588235
			1.71764705882353	-1.2
			1.71764705882353	-1.18823529411765
			1.71764705882353	-1.17647058823529
			1.71764705882353	-1.16470588235294
			1.71764705882353	-1.15294117647059
			1.71764705882353	-1.14117647058824
			1.71764705882353	-1.12941176470588
			1.71764705882353	-1.11764705882353
			1.71764705882353	-1.10588235294118
			1.71764705882353	-1.09411764705882
			1.71764705882353	-1.08235294117647
			1.70588235294118	-1.07058823529412
			1.70588235294118	-1.05882352941176
			1.70588235294118	-1.04705882352941
			1.70588235294118	-1.03529411764706
			1.70588235294118	-1.02352941176471
			1.70588235294118	-1.01176470588235
			1.70588235294118	-1
			1.70588235294118	-0.988235294117647
			1.69411764705882	-0.976470588235294
			1.69411764705882	-0.964705882352941
			1.69411764705882	-0.952941176470588
			1.69411764705882	-0.941176470588235
			1.69411764705882	-0.929411764705882
			1.69411764705882	-0.917647058823529
			1.69411764705882	-0.905882352941176
			1.68235294117647	-0.894117647058823
			1.68235294117647	-0.882352941176471
			1.68235294117647	-0.870588235294118
			1.68235294117647	-0.858823529411765
			1.68235294117647	-0.847058823529412
			1.68235294117647	-0.835294117647059
			1.67058823529412	-0.823529411764706
			1.67058823529412	-0.811764705882353
			1.67058823529412	-0.8
			1.67058823529412	-0.788235294117647
			1.67058823529412	-0.776470588235294
			1.65882352941176	-0.776470588235294
			1.65882352941176	-0.764705882352941
			1.65882352941176	-0.752941176470588
			1.65882352941176	-0.741176470588235
			1.65882352941176	-0.729411764705882
			1.64705882352941	-0.717647058823529
			1.64705882352941	-0.705882352941176
			1.64705882352941	-0.694117647058824
			1.64705882352941	-0.682352941176471
			1.64705882352941	-0.670588235294118
			1.63529411764706	-0.658823529411765
			1.63529411764706	-0.647058823529412
			1.63529411764706	-0.635294117647059
			1.63529411764706	-0.623529411764706
			1.63529411764706	-0.611764705882353
			1.63529411764706	-0.6
			1.63529411764706	-0.588235294117647
			1.62352941176471	-0.588235294117647
			1.62352941176471	-0.576470588235294
			1.62352941176471	-0.564705882352941
			1.62352941176471	-0.552941176470588
			1.62352941176471	-0.541176470588235
			1.62352941176471	-0.529411764705882
			1.63529411764706	-0.529411764705882
			1.63529411764706	-0.517647058823529
			1.64705882352941	-0.517647058823529
			1.64705882352941	-0.505882352941176
			1.65882352941176	-0.505882352941176
			1.67058823529412	-0.505882352941176
			1.68235294117647	-0.505882352941176
			1.69411764705882	-0.517647058823529
			1.70588235294118	-0.529411764705882
			1.70588235294118	-0.541176470588235
			1.71764705882353	-0.552941176470588
			1.71764705882353	-0.564705882352941
			1.71764705882353	-0.576470588235294
			1.72941176470588	-0.588235294117647
			1.72941176470588	-0.6
			1.72941176470588	-0.611764705882353
			1.72941176470588	-0.623529411764706
			1.72941176470588	-0.635294117647059
			1.74117647058824	-0.635294117647059
			1.74117647058824	-0.647058823529412
			1.74117647058824	-0.658823529411765
			1.74117647058824	-0.670588235294118
			1.75294117647059	-0.682352941176471
			1.75294117647059	-0.694117647058824
			1.75294117647059	-0.705882352941176
			1.76470588235294	-0.717647058823529
			1.76470588235294	-0.729411764705882
			1.76470588235294	-0.741176470588235
			1.76470588235294	-0.752941176470588
			1.77647058823529	-0.764705882352941
			1.77647058823529	-0.776470588235294
			1.77647058823529	-0.788235294117647
			1.77647058823529	-0.8
			1.78823529411765	-0.811764705882353
			1.78823529411765	-0.823529411764706
			1.78823529411765	-0.835294117647059
			1.78823529411765	-0.847058823529412
			1.8	-0.858823529411765
			1.8	-0.870588235294118
			1.8	-0.882352941176471
			1.8	-0.894117647058823
			1.81176470588235	-0.905882352941176
			1.81176470588235	-0.917647058823529
			1.81176470588235	-0.929411764705882
			1.81176470588235	-0.941176470588235
			1.82352941176471	-0.952941176470588
			1.82352941176471	-0.964705882352941
			1.82352941176471	-0.976470588235294
			1.82352941176471	-0.988235294117647
			1.83529411764706	-1
			1.83529411764706	-1.01176470588235
			1.83529411764706	-1.02352941176471
			1.83529411764706	-1.03529411764706
			1.83529411764706	-1.04705882352941
			1.84705882352941	-1.05882352941176
			1.84705882352941	-1.07058823529412
			1.84705882352941	-1.08235294117647
			1.85882352941176	-1.09411764705882
			1.85882352941176	-1.10588235294118
			1.85882352941176	-1.11764705882353
			1.85882352941176	-1.12941176470588
			1.85882352941176	-1.14117647058824
			1.87058823529412	-1.15294117647059
			1.87058823529412	-1.16470588235294
			1.87058823529412	-1.17647058823529
			1.87058823529412	-1.18823529411765
			1.87058823529412	-1.2
			1.88235294117647	-1.21176470588235
			1.88235294117647	-1.22352941176471
			1.88235294117647	-1.23529411764706
			1.88235294117647	-1.24705882352941
			1.88235294117647	-1.25882352941176
			1.88235294117647	-1.27058823529412
			1.89411764705882	-1.28235294117647
			1.89411764705882	-1.29411764705882
			1.89411764705882	-1.30588235294118
			1.89411764705882	-1.31764705882353
			1.89411764705882	-1.32941176470588
			1.89411764705882	-1.34117647058824
			1.90588235294118	-1.35294117647059
			1.90588235294118	-1.36470588235294
			1.90588235294118	-1.37647058823529
			1.90588235294118	-1.38823529411765
			1.90588235294118	-1.4
			1.90588235294118	-1.41176470588235
			1.90588235294118	-1.42352941176471
			1.90588235294118	-1.43529411764706
			1.90588235294118	-1.44705882352941
			1.91764705882353	-1.45882352941176
			1.91764705882353	-1.47058823529412
			1.91764705882353	-1.48235294117647
			1.91764705882353	-1.49411764705882
			1.91764705882353	-1.50588235294118
			1.91764705882353	-1.51764705882353
			1.91764705882353	-1.50588235294118
			1.92941176470588	-1.50588235294118
			1.92941176470588	-1.49411764705882
			1.94117647058824	-1.48235294117647
			1.94117647058824	-1.47058823529412
			1.94117647058824	-1.45882352941176
			1.94117647058824	-1.44705882352941
			1.94117647058824	-1.43529411764706
			1.94117647058824	-1.42352941176471
			1.94117647058824	-1.41176470588235
			1.95294117647059	-1.4
			1.95294117647059	-1.38823529411765
			1.95294117647059	-1.37647058823529
			1.95294117647059	-1.36470588235294
			1.95294117647059	-1.35294117647059
			1.95294117647059	-1.34117647058824
			1.95294117647059	-1.32941176470588
			1.95294117647059	-1.31764705882353
			1.95294117647059	-1.30588235294118
			1.95294117647059	-1.29411764705882
			1.95294117647059	-1.28235294117647
			1.95294117647059	-1.27058823529412
			1.94117647058824	-1.25882352941176
			1.94117647058824	-1.24705882352941
			1.94117647058824	-1.23529411764706
			1.94117647058824	-1.22352941176471
			1.94117647058824	-1.21176470588235
			1.94117647058824	-1.2
			1.94117647058824	-1.18823529411765
			1.94117647058824	-1.17647058823529
			1.94117647058824	-1.16470588235294
			1.94117647058824	-1.15294117647059
			1.94117647058824	-1.14117647058824
			1.92941176470588	-1.12941176470588
			1.92941176470588	-1.11764705882353
			1.92941176470588	-1.10588235294118
			1.92941176470588	-1.09411764705882
			1.92941176470588	-1.08235294117647
			1.92941176470588	-1.07058823529412
			1.91764705882353	-1.05882352941176
			1.91764705882353	-1.04705882352941
			1.91764705882353	-1.03529411764706
			1.91764705882353	-1.02352941176471
			1.90588235294118	-1.01176470588235
			1.90588235294118	-1
			1.90588235294118	-0.988235294117647
			1.90588235294118	-0.976470588235294
			1.89411764705882	-0.964705882352941
			1.89411764705882	-0.952941176470588
			1.89411764705882	-0.941176470588235
			1.89411764705882	-0.929411764705882
			1.88235294117647	-0.917647058823529
			1.88235294117647	-0.905882352941176
			1.88235294117647	-0.894117647058823
			1.88235294117647	-0.882352941176471
			1.87058823529412	-0.870588235294118
			1.87058823529412	-0.858823529411765
			1.87058823529412	-0.847058823529412
			1.87058823529412	-0.835294117647059
			1.85882352941176	-0.823529411764706
			1.85882352941176	-0.811764705882353
			1.85882352941176	-0.8
			1.84705882352941	-0.788235294117647
			1.84705882352941	-0.776470588235294
			1.84705882352941	-0.764705882352941
			1.84705882352941	-0.752941176470588
			1.83529411764706	-0.741176470588235
			1.83529411764706	-0.729411764705882
			1.83529411764706	-0.717647058823529
			1.82352941176471	-0.705882352941176
			1.82352941176471	-0.694117647058824
			1.82352941176471	-0.682352941176471
			1.82352941176471	-0.670588235294118
			1.81176470588235	-0.658823529411765
			1.81176470588235	-0.647058823529412
			1.81176470588235	-0.635294117647059
			1.81176470588235	-0.623529411764706
			1.8	-0.611764705882353
			1.8	-0.6
			1.8	-0.588235294117647
			1.78823529411765	-0.576470588235294
			1.78823529411765	-0.564705882352941
			1.78823529411765	-0.552941176470588
			1.77647058823529	-0.541176470588235
			1.77647058823529	-0.529411764705882
			1.77647058823529	-0.517647058823529
			1.76470588235294	-0.505882352941176
			1.76470588235294	-0.494117647058824
			1.76470588235294	-0.482352941176471
			1.76470588235294	-0.470588235294118
			1.75294117647059	-0.458823529411765
			1.75294117647059	-0.447058823529412
			1.76470588235294	-0.435294117647059
			1.77647058823529	-0.435294117647059
			1.78823529411765	-0.435294117647059
			1.8	-0.447058823529412
			1.81176470588235	-0.447058823529412
			1.82352941176471	-0.458823529411765
			1.82352941176471	-0.470588235294118
			1.83529411764706	-0.482352941176471
			1.83529411764706	-0.494117647058824
			1.84705882352941	-0.505882352941176
			1.85882352941176	-0.517647058823529
			1.85882352941176	-0.529411764705882
			1.87058823529412	-0.541176470588235
			1.87058823529412	-0.552941176470588
			1.88235294117647	-0.564705882352941
			1.88235294117647	-0.576470588235294
			1.89411764705882	-0.588235294117647
			1.89411764705882	-0.6
			1.90588235294118	-0.611764705882353
			1.90588235294118	-0.623529411764706
			1.91764705882353	-0.635294117647059
			1.91764705882353	-0.647058823529412
			1.92941176470588	-0.658823529411765
			1.92941176470588	-0.670588235294118
			1.94117647058824	-0.682352941176471
			1.94117647058824	-0.694117647058824
			1.95294117647059	-0.705882352941176
			1.95294117647059	-0.717647058823529
			1.96470588235294	-0.729411764705882
			1.96470588235294	-0.741176470588235
			1.96470588235294	-0.752941176470588
			1.97647058823529	-0.752941176470588
			1.97647058823529	-0.764705882352941
			1.97647058823529	-0.776470588235294
			1.98823529411765	-0.776470588235294
			1.98823529411765	-0.788235294117647
			1.98823529411765	-0.8
			2	-0.811764705882353
			2	-0.823529411764706
			2.01176470588235	-0.835294117647059
			2.01176470588235	-0.847058823529412
			2.02352941176471	-0.858823529411765
			2.02352941176471	-0.870588235294118
			2.03529411764706	-0.882352941176471
			2.03529411764706	-0.894117647058823
			2.03529411764706	-0.905882352941176
			2.04705882352941	-0.917647058823529
			2.05882352941176	-0.929411764705882
			2.05882352941176	-0.941176470588235
			2.07058823529412	-0.952941176470588
			2.07058823529412	-0.964705882352941
			2.07058823529412	-0.976470588235294
			2.08235294117647	-0.988235294117647
			2.08235294117647	-1
			2.09411764705882	-1.01176470588235
			2.09411764705882	-1.02352941176471
			2.10588235294118	-1.03529411764706
			2.10588235294118	-1.04705882352941
			2.10588235294118	-1.05882352941176
			2.11764705882353	-1.07058823529412
			2.11764705882353	-1.08235294117647
			2.11764705882353	-1.09411764705882
			2.12941176470588	-1.10588235294118
			2.12941176470588	-1.11764705882353
			2.12941176470588	-1.12941176470588
			2.14117647058824	-1.14117647058824
			2.14117647058824	-1.15294117647059
			2.15294117647059	-1.16470588235294
			2.15294117647059	-1.17647058823529
			2.15294117647059	-1.18823529411765
			2.16470588235294	-1.2
			2.16470588235294	-1.21176470588235
			2.16470588235294	-1.22352941176471
			2.17647058823529	-1.22352941176471
			2.18823529411765	-1.22352941176471
			2.18823529411765	-1.21176470588235
			2.18823529411765	-1.2
			2.18823529411765	-1.18823529411765
			2.18823529411765	-1.17647058823529
			2.18823529411765	-1.16470588235294
			2.18823529411765	-1.15294117647059
			2.18823529411765	-1.14117647058824
			2.17647058823529	-1.14117647058824
			2.17647058823529	-1.12941176470588
			2.17647058823529	-1.11764705882353
			2.17647058823529	-1.10588235294118
			2.17647058823529	-1.09411764705882
			2.17647058823529	-1.08235294117647
			2.17647058823529	-1.07058823529412
			2.16470588235294	-1.05882352941176
			2.16470588235294	-1.04705882352941
			2.16470588235294	-1.03529411764706
			2.15294117647059	-1.02352941176471
			2.15294117647059	-1.01176470588235
			2.15294117647059	-1
			2.14117647058824	-1
			2.14117647058824	-0.988235294117647
			2.14117647058824	-0.976470588235294
			2.14117647058824	-0.964705882352941
			2.12941176470588	-0.952941176470588
			2.12941176470588	-0.941176470588235
			2.12941176470588	-0.929411764705882
			2.11764705882353	-0.929411764705882
			2.11764705882353	-0.917647058823529
			2.11764705882353	-0.905882352941176
			2.10588235294118	-0.894117647058823
			2.10588235294118	-0.882352941176471
			2.10588235294118	-0.870588235294118
			2.09411764705882	-0.858823529411765
			2.09411764705882	-0.847058823529412
			2.09411764705882	-0.835294117647059
			2.08235294117647	-0.823529411764706
			2.08235294117647	-0.811764705882353
			2.08235294117647	-0.8
			2.07058823529412	-0.8
			2.07058823529412	-0.788235294117647
			2.07058823529412	-0.776470588235294
			2.05882352941176	-0.764705882352941
			2.05882352941176	-0.752941176470588
			2.04705882352941	-0.741176470588235
			2.04705882352941	-0.729411764705882
			2.04705882352941	-0.717647058823529
			2.03529411764706	-0.705882352941176
			2.03529411764706	-0.694117647058824
			2.03529411764706	-0.682352941176471
			2.02352941176471	-0.682352941176471
			2.02352941176471	-0.670588235294118
			2.01176470588235	-0.658823529411765
			2.01176470588235	-0.647058823529412
			2.01176470588235	-0.635294117647059
			2	-0.635294117647059
			2	-0.623529411764706
			2	-0.611764705882353
			1.98823529411765	-0.611764705882353
			1.98823529411765	-0.6
			1.98823529411765	-0.588235294117647
			1.97647058823529	-0.576470588235294
			1.97647058823529	-0.564705882352941
			1.96470588235294	-0.552941176470588
			1.96470588235294	-0.541176470588235
			1.95294117647059	-0.529411764705882
			1.94117647058824	-0.517647058823529
			1.94117647058824	-0.505882352941176
			1.92941176470588	-0.505882352941176
			1.92941176470588	-0.494117647058824
			1.91764705882353	-0.482352941176471
			1.91764705882353	-0.470588235294118
			1.90588235294118	-0.470588235294118
			1.90588235294118	-0.458823529411765
			1.89411764705882	-0.447058823529412
			1.89411764705882	-0.435294117647059
			1.88235294117647	-0.423529411764706
			1.88235294117647	-0.411764705882353
			1.88235294117647	-0.4
			1.89411764705882	-0.388235294117647
			1.90588235294118	-0.388235294117647
			1.91764705882353	-0.4
			1.92941176470588	-0.4
			1.94117647058824	-0.411764705882353
			1.95294117647059	-0.423529411764706
			1.96470588235294	-0.435294117647059
			1.97647058823529	-0.447058823529412
			1.98823529411765	-0.458823529411765
			2	-0.470588235294118
			2	-0.482352941176471
			2.01176470588235	-0.494117647058824
			2.02352941176471	-0.505882352941176
			2.02352941176471	-0.517647058823529
			2.03529411764706	-0.529411764705882
			2.04705882352941	-0.541176470588235
			2.05882352941176	-0.552941176470588
			2.05882352941176	-0.564705882352941
			2.07058823529412	-0.576470588235294
			2.07058823529412	-0.588235294117647
			2.08235294117647	-0.588235294117647
			2.08235294117647	-0.6
			2.09411764705882	-0.611764705882353
			2.10588235294118	-0.623529411764706
			2.11764705882353	-0.635294117647059
			2.11764705882353	-0.647058823529412
			2.12941176470588	-0.658823529411765
			2.14117647058824	-0.670588235294118
			2.15294117647059	-0.670588235294118
			2.15294117647059	-0.682352941176471
			2.16470588235294	-0.682352941176471
			2.16470588235294	-0.694117647058824
			2.17647058823529	-0.694117647058824
			2.17647058823529	-0.682352941176471
			2.17647058823529	-0.670588235294118
			2.16470588235294	-0.658823529411765
			2.16470588235294	-0.647058823529412
			2.15294117647059	-0.635294117647059
			2.15294117647059	-0.623529411764706
			2.15294117647059	-0.611764705882353
			2.14117647058824	-0.6
			2.14117647058824	-0.588235294117647
			2.12941176470588	-0.576470588235294
			2.11764705882353	-0.564705882352941
			2.11764705882353	-0.552941176470588
			2.10588235294118	-0.541176470588235
			2.10588235294118	-0.529411764705882
			2.09411764705882	-0.517647058823529
			2.09411764705882	-0.505882352941176
			2.08235294117647	-0.505882352941176
			2.08235294117647	-0.494117647058824
			2.07058823529412	-0.482352941176471
			2.07058823529412	-0.470588235294118
			2.05882352941176	-0.458823529411765
			2.04705882352941	-0.447058823529412
			2.03529411764706	-0.435294117647059
			2.03529411764706	-0.423529411764706
			2.02352941176471	-0.411764705882353
			2.01176470588235	-0.4
			2	-0.388235294117647
			1.98823529411765	-0.376470588235294
			1.98823529411765	-0.364705882352941
			1.97647058823529	-0.364705882352941
			1.96470588235294	-0.352941176470588
			1.96470588235294	-0.341176470588235
			1.95294117647059	-0.341176470588235
			1.95294117647059	-0.329411764705882
			1.95294117647059	-0.317647058823529
			1.96470588235294	-0.317647058823529
			1.97647058823529	-0.305882352941176
			1.98823529411765	-0.305882352941176
			2	-0.317647058823529
			2.01176470588235	-0.317647058823529
			2.02352941176471	-0.329411764705882
			2.03529411764706	-0.341176470588235
			2.04705882352941	-0.352941176470588
			2.05882352941176	-0.352941176470588
			2.07058823529412	-0.364705882352941
			2.08235294117647	-0.376470588235294
			2.09411764705882	-0.388235294117647
			2.10588235294118	-0.4
			2.11764705882353	-0.411764705882353
			2.12941176470588	-0.411764705882353
			2.14117647058824	-0.423529411764706
			2.14117647058824	-0.435294117647059
			2.15294117647059	-0.435294117647059
			2.16470588235294	-0.447058823529412
			2.17647058823529	-0.458823529411765
			2.18823529411765	-0.458823529411765
			2.2	-0.470588235294118
			2.21176470588235	-0.482352941176471
			2.21176470588235	-0.494117647058824
			2.22352941176471	-0.505882352941176
			2.23529411764706	-0.505882352941176
			2.24705882352941	-0.517647058823529
			2.25882352941176	-0.529411764705882
			2.27058823529412	-0.541176470588235
			2.28235294117647	-0.552941176470588
			2.29411764705882	-0.552941176470588
			2.29411764705882	-0.564705882352941
			2.30588235294118	-0.564705882352941
			2.31764705882353	-0.576470588235294
			2.32941176470588	-0.588235294117647
			2.34117647058824	-0.6
			2.34117647058824	-0.611764705882353
			2.35294117647059	-0.611764705882353
			2.36470588235294	-0.623529411764706
			2.36470588235294	-0.635294117647059
			2.37647058823529	-0.635294117647059
			2.38823529411765	-0.647058823529412
			2.4	-0.647058823529412
			2.4	-0.658823529411765
			2.41176470588235	-0.658823529411765
			2.42352941176471	-0.670588235294118
			2.43529411764706	-0.670588235294118
			2.43529411764706	-0.658823529411765
			2.43529411764706	-0.647058823529412
			2.43529411764706	-0.635294117647059
			2.43529411764706	-0.623529411764706
			2.43529411764706	-0.611764705882353
			2.42352941176471	-0.6
			2.42352941176471	-0.588235294117647
			2.41176470588235	-0.576470588235294
			2.4	-0.564705882352941
			2.38823529411765	-0.552941176470588
			2.37647058823529	-0.541176470588235
			2.36470588235294	-0.529411764705882
			2.36470588235294	-0.517647058823529
			2.35294117647059	-0.517647058823529
			2.34117647058824	-0.505882352941176
			2.32941176470588	-0.494117647058824
			2.31764705882353	-0.494117647058824
			2.31764705882353	-0.482352941176471
			2.30588235294118	-0.482352941176471
			2.29411764705882	-0.470588235294118
			2.28235294117647	-0.458823529411765
			2.27058823529412	-0.447058823529412
			2.25882352941176	-0.447058823529412
			2.24705882352941	-0.435294117647059
			2.23529411764706	-0.423529411764706
			2.22352941176471	-0.423529411764706
			2.22352941176471	-0.411764705882353
			2.21176470588235	-0.4
			2.2	-0.4
			2.18823529411765	-0.388235294117647
			2.17647058823529	-0.376470588235294
			2.16470588235294	-0.376470588235294
			2.15294117647059	-0.364705882352941
			2.14117647058824	-0.352941176470588
			2.12941176470588	-0.341176470588235
			2.11764705882353	-0.329411764705882
			2.10588235294118	-0.329411764705882
			2.09411764705882	-0.317647058823529
			2.08235294117647	-0.305882352941176
			2.07058823529412	-0.294117647058824
			2.05882352941176	-0.294117647058824
			2.04705882352941	-0.282352941176471
			2.03529411764706	-0.282352941176471
			2.03529411764706	-0.270588235294118
			2.02352941176471	-0.258823529411765
			2.01176470588235	-0.258823529411765
			2.01176470588235	-0.247058823529412
			2	-0.247058823529412
			1.98823529411765	-0.235294117647059
			2	-0.235294117647059
			2.01176470588235	-0.235294117647059
			2.02352941176471	-0.235294117647059
			2.03529411764706	-0.235294117647059
			2.04705882352941	-0.235294117647059
			2.05882352941176	-0.235294117647059
			2.07058823529412	-0.247058823529412
			2.08235294117647	-0.247058823529412
			2.09411764705882	-0.247058823529412
			2.10588235294118	-0.258823529411765
			2.11764705882353	-0.258823529411765
			2.12941176470588	-0.258823529411765
			2.14117647058824	-0.270588235294118
			2.15294117647059	-0.282352941176471
			2.16470588235294	-0.282352941176471
			2.17647058823529	-0.294117647058824
			2.18823529411765	-0.294117647058824
			2.2	-0.294117647058824
			2.21176470588235	-0.305882352941176
			2.22352941176471	-0.305882352941176
			2.23529411764706	-0.317647058823529
			2.24705882352941	-0.317647058823529
			2.25882352941176	-0.329411764705882
			2.27058823529412	-0.329411764705882
			2.28235294117647	-0.341176470588235
			2.29411764705882	-0.352941176470588
			2.30588235294118	-0.352941176470588
			2.31764705882353	-0.364705882352941
			2.32941176470588	-0.364705882352941
			2.34117647058824	-0.376470588235294
			2.35294117647059	-0.376470588235294
			2.36470588235294	-0.388235294117647
			2.37647058823529	-0.388235294117647
			2.37647058823529	-0.4
			2.38823529411765	-0.4
			2.4	-0.4
			2.41176470588235	-0.411764705882353
			2.42352941176471	-0.423529411764706
			2.43529411764706	-0.423529411764706
			2.44705882352941	-0.423529411764706
			2.45882352941176	-0.435294117647059
			2.45882352941176	-0.423529411764706
			2.44705882352941	-0.411764705882353
			2.44705882352941	-0.4
			2.43529411764706	-0.388235294117647
			2.43529411764706	-0.376470588235294
			2.42352941176471	-0.364705882352941
			2.41176470588235	-0.352941176470588
			2.4	-0.341176470588235
			2.38823529411765	-0.329411764705882
			2.37647058823529	-0.329411764705882
			2.36470588235294	-0.317647058823529
			2.35294117647059	-0.305882352941176
			2.34117647058824	-0.294117647058824
			2.32941176470588	-0.294117647058824
			2.31764705882353	-0.282352941176471
			2.30588235294118	-0.282352941176471
			2.29411764705882	-0.270588235294118
			2.28235294117647	-0.270588235294118
			2.27058823529412	-0.258823529411765
			2.25882352941176	-0.258823529411765
			2.24705882352941	-0.247058823529412
			2.23529411764706	-0.247058823529412
			2.22352941176471	-0.235294117647059
			2.21176470588235	-0.235294117647059
			2.2	-0.235294117647059
			2.18823529411765	-0.223529411764706
			2.17647058823529	-0.223529411764706
			2.16470588235294	-0.223529411764706
			2.15294117647059	-0.211764705882353
			2.14117647058824	-0.211764705882353
			2.12941176470588	-0.211764705882353
			2.11764705882353	-0.2
			2.10588235294118	-0.2
			2.09411764705882	-0.2
			2.08235294117647	-0.188235294117647
			2.07058823529412	-0.188235294117647
			2.05882352941176	-0.188235294117647
			2.04705882352941	-0.176470588235294
			2.04705882352941	-0.164705882352941
			2.05882352941176	-0.164705882352941
			2.07058823529412	-0.152941176470588
			2.08235294117647	-0.152941176470588
			2.09411764705882	-0.152941176470588
			2.10588235294118	-0.152941176470588
			2.11764705882353	-0.152941176470588
			2.12941176470588	-0.152941176470588
			2.14117647058824	-0.152941176470588
			2.15294117647059	-0.152941176470588
			2.16470588235294	-0.152941176470588
			2.17647058823529	-0.152941176470588
			2.18823529411765	-0.152941176470588
			2.2	-0.164705882352941
			2.21176470588235	-0.164705882352941
			2.22352941176471	-0.164705882352941
			2.23529411764706	-0.164705882352941
			2.24705882352941	-0.164705882352941
			2.25882352941176	-0.176470588235294
			2.27058823529412	-0.176470588235294
			2.28235294117647	-0.176470588235294
			2.29411764705882	-0.176470588235294
			2.30588235294118	-0.188235294117647
			2.31764705882353	-0.188235294117647
			2.32941176470588	-0.188235294117647
			2.34117647058824	-0.188235294117647
			2.35294117647059	-0.2
			2.36470588235294	-0.2
			2.37647058823529	-0.211764705882353
			2.38823529411765	-0.211764705882353
			2.4	-0.223529411764706
			2.41176470588235	-0.223529411764706
			2.42352941176471	-0.235294117647059
			2.43529411764706	-0.235294117647059
			2.44705882352941	-0.235294117647059
			2.44705882352941	-0.247058823529412
			2.45882352941176	-0.247058823529412
			2.47058823529412	-0.258823529411765
			2.48235294117647	-0.258823529411765
			2.49411764705882	-0.258823529411765
			2.50588235294118	-0.270588235294118
			2.51764705882353	-0.270588235294118
			2.52941176470588	-0.282352941176471
			2.54117647058824	-0.282352941176471
			2.55294117647059	-0.294117647058824
			2.56470588235294	-0.294117647058824
			2.57647058823529	-0.305882352941176
			2.58823529411765	-0.305882352941176
			2.6	-0.317647058823529
			2.6	-0.305882352941176
			2.58823529411765	-0.294117647058824
			2.57647058823529	-0.282352941176471
			2.56470588235294	-0.270588235294118
			2.55294117647059	-0.258823529411765
			2.54117647058824	-0.258823529411765
			2.54117647058824	-0.247058823529412
			2.52941176470588	-0.247058823529412
			2.51764705882353	-0.235294117647059
			2.50588235294118	-0.223529411764706
			2.49411764705882	-0.211764705882353
			2.48235294117647	-0.211764705882353
			2.47058823529412	-0.2
			2.45882352941176	-0.2
			2.44705882352941	-0.188235294117647
			2.43529411764706	-0.188235294117647
			2.42352941176471	-0.176470588235294
			2.41176470588235	-0.164705882352941
			2.4	-0.164705882352941
			2.38823529411765	-0.164705882352941
			2.37647058823529	-0.152941176470588
			2.36470588235294	-0.152941176470588
			2.35294117647059	-0.141176470588235
			2.34117647058824	-0.141176470588235
			2.32941176470588	-0.141176470588235
			2.31764705882353	-0.141176470588235
			2.30588235294118	-0.129411764705882
			2.29411764705882	-0.129411764705882
			2.28235294117647	-0.129411764705882
			2.27058823529412	-0.129411764705882
			2.25882352941176	-0.117647058823529
			2.24705882352941	-0.117647058823529
			2.23529411764706	-0.117647058823529
			2.22352941176471	-0.117647058823529
			2.21176470588235	-0.117647058823529
			2.2	-0.117647058823529
			2.18823529411765	-0.117647058823529
			2.17647058823529	-0.117647058823529
			2.16470588235294	-0.117647058823529
			2.15294117647059	-0.117647058823529
			2.14117647058824	-0.117647058823529
			2.12941176470588	-0.117647058823529
			2.11764705882353	-0.117647058823529
			2.10588235294118	-0.117647058823529
			2.09411764705882	-0.117647058823529
			2.08235294117647	-0.117647058823529
			2.07058823529412	-0.117647058823529
			2.05882352941176	-0.117647058823529
			2.04705882352941	-0.117647058823529
			2.03529411764706	-0.105882352941176
			2.02352941176471	-0.105882352941176
			2.01176470588235	-0.105882352941176
			2	-0.105882352941176
			1.98823529411765	-0.105882352941176
			1.97647058823529	-0.105882352941176
			1.96470588235294	-0.105882352941176
			1.95294117647059	-0.105882352941176
			1.94117647058824	-0.105882352941176
			1.92941176470588	-0.105882352941176
			1.91764705882353	-0.105882352941176
			1.90588235294118	-0.105882352941176
			1.89411764705882	-0.105882352941176
			1.88235294117647	-0.105882352941176
			1.87058823529412	-0.0941176470588235
			1.85882352941176	-0.0941176470588235
			1.84705882352941	-0.0941176470588235
			1.83529411764706	-0.0941176470588235
			1.82352941176471	-0.0941176470588235
			1.81176470588235	-0.0941176470588235
			1.8	-0.0941176470588235
			1.78823529411765	-0.0941176470588235
			1.77647058823529	-0.0941176470588235
			1.76470588235294	-0.0941176470588235
			1.75294117647059	-0.0941176470588235
			1.74117647058824	-0.0941176470588235
			1.72941176470588	-0.0823529411764706
			1.71764705882353	-0.0823529411764706
			1.70588235294118	-0.0823529411764706
			1.69411764705882	-0.0823529411764706
			1.68235294117647	-0.0823529411764706
			1.67058823529412	-0.0823529411764706
			1.65882352941176	-0.0823529411764706
			1.64705882352941	-0.0823529411764706
		</margin>
	</curves.scaled>
	<ruler.points type=matrix rownames=TRUE colnames=FALSE nrow=2 ncol=2 as.numeric=TRUE >
		Ruler point 1	28	143
		Ruler point 2	113	143
	</ruler.points>
</shapes>

