<shapes type=list>
	<ruler.pixel type=vector names=FALSE length=1 as.numeric=TRUE >318</ruler.pixel>
	<ruler.interval type=vector names=FALSE length=1 as.numeric=TRUE >17.03</ruler.interval>
	<scaling.units type=vector names=FALSE length=1 as.numeric=FALSE >mm</scaling.units>
	<scaling type=vector names=FALSE length=1 as.numeric=TRUE >0.0535534591194969</scaling>
	<landmarks.pixel type=matrix rownames=TRUE colnames=FALSE nrow=5 ncol=2 as.numeric=TRUE >
		LM1	509	88
		LM2	509	201
		LM4	509	238
		LM5	560	97
		LM7	659	151
	</landmarks.pixel>
	<landmarks.scaled type=matrix rownames=TRUE colnames=FALSE nrow=5 ncol=2 as.numeric=TRUE >
		LM1	27.2587106918239	-4.71270440251572
		LM2	27.2587106918239	-10.7642452830189
		LM4	27.2587106918239	-12.7457232704403
		LM5	29.9899371069182	-5.1946855345912
		LM7	35.2917295597484	-8.08657232704403
	</landmarks.scaled>
	<curves.control type=list>
		<axis type=matrix rownames=FALSE colnames=FALSE nrow=5 ncol=2 as.numeric=TRUE >
			509	88
			528	86
			562	98
			548	189
			509	201
		</axis>
		<margin type=matrix rownames=FALSE colnames=FALSE nrow=13 ncol=2 as.numeric=TRUE >
			509	238
			533	238
			581	226
			613	212
			641	188
			657	170
			660	151
			653	139
			630	122
			620	108
			603	94
			581	86
			560	97
		</margin>
	</curves.control>
	<curves.pixel type=list>
		<axis type=matrix rownames=FALSE colnames=FALSE nrow=168 ncol=2 as.numeric=TRUE >
			509	88
			510	88
			511	88
			512	88
			513	88
			514	88
			515	88
			516	88
			517	88
			518	88
			519	88
			520	88
			521	88
			522	88
			523	88
			524	88
			525	88
			526	88
			527	89
			528	89
			529	89
			530	89
			531	89
			532	89
			533	90
			534	90
			535	90
			536	90
			537	91
			538	91
			539	91
			540	91
			541	92
			542	92
			543	92
			544	92
			545	93
			546	93
			547	93
			548	94
			549	94
			550	94
			551	94
			552	95
			553	95
			554	95
			555	96
			556	96
			557	96
			558	97
			559	97
			560	97
			561	98
			562	99
			562	100
			561	101
			561	102
			561	103
			561	104
			561	105
			561	106
			561	107
			560	108
			560	109
			560	110
			560	111
			560	112
			559	113
			559	114
			559	115
			559	116
			559	117
			558	118
			558	119
			558	120
			558	121
			558	122
			557	122
			557	123
			557	124
			557	125
			557	126
			556	127
			556	128
			556	129
			556	130
			556	131
			555	132
			555	133
			555	134
			554	135
			554	136
			554	137
			554	138
			553	139
			553	140
			553	141
			553	142
			552	143
			552	144
			551	145
			551	146
			551	147
			550	148
			550	149
			550	150
			549	151
			549	152
			549	153
			548	154
			548	155
			548	156
			547	157
			547	158
			546	159
			546	160
			545	161
			545	162
			545	163
			544	164
			544	165
			543	166
			543	167
			543	168
			542	168
			542	169
			541	170
			541	171
			540	172
			540	173
			539	174
			539	175
			538	176
			537	177
			537	178
			536	179
			536	180
			535	180
			535	181
			534	182
			533	183
			533	184
			532	184
			532	185
			531	186
			530	186
			530	187
			529	188
			528	189
			527	190
			526	191
			525	192
			524	193
			523	194
			522	194
			521	195
			520	196
			519	197
			518	197
			517	198
			516	198
			515	199
			514	199
			513	200
			512	200
			511	200
			510	201
			509	201
		</axis>
		<margin type=matrix rownames=FALSE colnames=FALSE nrow=286 ncol=2 as.numeric=TRUE >
			509	238
			510	238
			511	238
			512	238
			513	238
			514	238
			515	238
			516	238
			517	238
			518	238
			519	238
			520	237
			521	237
			522	237
			523	237
			524	237
			525	237
			526	237
			527	237
			528	237
			529	237
			530	236
			531	236
			532	236
			533	236
			534	236
			535	236
			536	235
			537	235
			538	235
			539	235
			540	235
			541	235
			542	234
			543	234
			544	234
			545	234
			546	234
			547	234
			548	233
			549	233
			550	233
			551	233
			552	233
			553	232
			554	232
			555	232
			556	232
			557	231
			558	231
			559	231
			560	231
			561	231
			562	231
			562	230
			563	230
			564	230
			565	230
			566	230
			567	229
			568	229
			569	229
			570	229
			571	228
			572	228
			573	228
			574	228
			575	227
			576	227
			577	227
			578	227
			579	226
			580	226
			581	226
			582	226
			583	225
			584	225
			585	224
			586	224
			587	223
			588	223
			589	223
			589	222
			590	222
			591	221
			592	221
			593	221
			593	220
			594	220
			595	219
			596	219
			597	218
			598	218
			599	217
			600	217
			601	216
			602	216
			603	215
			604	214
			605	214
			606	213
			607	213
			608	212
			609	212
			609	211
			610	210
			611	210
			612	209
			613	209
			614	208
			615	208
			616	207
			617	206
			618	206
			619	205
			620	204
			621	204
			621	203
			622	203
			623	202
			624	201
			625	201
			626	200
			627	199
			628	199
			629	198
			630	197
			631	196
			632	195
			633	194
			634	193
			635	193
			636	192
			637	191
			638	190
			639	189
			640	189
			641	188
			642	187
			643	186
			643	185
			644	184
			645	183
			646	182
			647	181
			647	180
			648	179
			649	178
			649	177
			650	176
			651	175
			651	174
			652	173
			652	172
			653	171
			654	170
			654	169
			655	168
			655	167
			656	166
			656	165
			657	164
			657	163
			657	162
			657	161
			658	160
			658	159
			658	158
			659	158
			659	157
			659	156
			659	155
			659	154
			660	153
			660	152
			660	151
			659	150
			658	149
			658	148
			657	147
			657	146
			656	146
			656	145
			655	144
			654	143
			653	142
			652	141
			651	140
			650	139
			650	138
			649	137
			648	137
			647	136
			646	135
			645	134
			644	133
			643	132
			642	132
			641	131
			640	130
			639	129
			638	129
			637	128
			637	127
			636	126
			635	125
			634	125
			633	124
			632	124
			631	123
			630	122
			629	121
			629	120
			628	119
			627	118
			626	117
			625	116
			624	115
			624	114
			623	113
			622	112
			621	111
			620	110
			619	109
			618	108
			617	107
			617	106
			616	105
			615	104
			614	103
			613	102
			612	101
			611	101
			610	100
			609	99
			608	98
			607	97
			606	97
			605	96
			604	95
			604	94
			603	94
			602	94
			601	93
			600	93
			599	93
			598	92
			597	92
			596	92
			595	92
			594	91
			593	91
			592	91
			591	91
			590	91
			589	91
			588	91
			587	91
			586	91
			585	91
			584	91
			583	91
			582	91
			581	91
			580	91
			579	91
			578	91
			577	91
			576	91
			575	92
			574	92
			573	92
			572	92
			571	93
			570	93
			569	93
			568	93
			567	94
			566	94
			565	95
			564	95
			563	95
			563	96
			562	96
			561	97
			560	97
		</margin>
	</curves.pixel>
	<curves.scaled type=list>
		<axis type=matrix rownames=FALSE colnames=FALSE nrow=168 ncol=2 as.numeric=TRUE >
			27.2587106918239	-4.71270440251572
			27.3122641509434	-4.71270440251572
			27.3658176100629	-4.71270440251572
			27.4193710691824	-4.71270440251572
			27.4729245283019	-4.71270440251572
			27.5264779874214	-4.71270440251572
			27.5800314465409	-4.71270440251572
			27.6335849056604	-4.71270440251572
			27.6871383647799	-4.71270440251572
			27.7406918238994	-4.71270440251572
			27.7942452830189	-4.71270440251572
			27.8477987421384	-4.71270440251572
			27.9013522012579	-4.71270440251572
			27.9549056603774	-4.71270440251572
			28.0084591194969	-4.71270440251572
			28.0620125786164	-4.71270440251572
			28.1155660377359	-4.71270440251572
			28.1691194968553	-4.71270440251572
			28.2226729559748	-4.76625786163522
			28.2762264150943	-4.76625786163522
			28.3297798742138	-4.76625786163522
			28.3833333333333	-4.76625786163522
			28.4368867924528	-4.76625786163522
			28.4904402515723	-4.76625786163522
			28.5439937106918	-4.81981132075472
			28.5975471698113	-4.81981132075472
			28.6511006289308	-4.81981132075472
			28.7046540880503	-4.81981132075472
			28.7582075471698	-4.87336477987421
			28.8117610062893	-4.87336477987421
			28.8653144654088	-4.87336477987421
			28.9188679245283	-4.87336477987421
			28.9724213836478	-4.92691823899371
			29.0259748427673	-4.92691823899371
			29.0795283018868	-4.92691823899371
			29.1330817610063	-4.92691823899371
			29.1866352201258	-4.98047169811321
			29.2401886792453	-4.98047169811321
			29.2937421383648	-4.98047169811321
			29.3472955974843	-5.0340251572327
			29.4008490566038	-5.0340251572327
			29.4544025157233	-5.0340251572327
			29.5079559748428	-5.0340251572327
			29.5615094339623	-5.0875786163522
			29.6150628930818	-5.0875786163522
			29.6686163522013	-5.0875786163522
			29.7221698113208	-5.1411320754717
			29.7757232704403	-5.1411320754717
			29.8292767295598	-5.1411320754717
			29.8828301886793	-5.1946855345912
			29.9363836477987	-5.1946855345912
			29.9899371069182	-5.1946855345912
			30.0434905660377	-5.24823899371069
			30.0970440251572	-5.30179245283019
			30.0970440251572	-5.35534591194969
			30.0434905660377	-5.40889937106918
			30.0434905660377	-5.46245283018868
			30.0434905660377	-5.51600628930818
			30.0434905660377	-5.56955974842767
			30.0434905660377	-5.62311320754717
			30.0434905660377	-5.67666666666667
			30.0434905660377	-5.73022012578616
			29.9899371069182	-5.78377358490566
			29.9899371069182	-5.83732704402516
			29.9899371069182	-5.89088050314465
			29.9899371069182	-5.94443396226415
			29.9899371069182	-5.99798742138365
			29.9363836477987	-6.05154088050315
			29.9363836477987	-6.10509433962264
			29.9363836477987	-6.15864779874214
			29.9363836477987	-6.21220125786164
			29.9363836477987	-6.26575471698113
			29.8828301886793	-6.31930817610063
			29.8828301886793	-6.37286163522013
			29.8828301886793	-6.42641509433962
			29.8828301886793	-6.47996855345912
			29.8828301886793	-6.53352201257862
			29.8292767295598	-6.53352201257862
			29.8292767295598	-6.58707547169811
			29.8292767295598	-6.64062893081761
			29.8292767295598	-6.69418238993711
			29.8292767295598	-6.7477358490566
			29.7757232704403	-6.8012893081761
			29.7757232704403	-6.8548427672956
			29.7757232704403	-6.9083962264151
			29.7757232704403	-6.96194968553459
			29.7757232704403	-7.01550314465409
			29.7221698113208	-7.06905660377359
			29.7221698113208	-7.12261006289308
			29.7221698113208	-7.17616352201258
			29.6686163522013	-7.22971698113208
			29.6686163522013	-7.28327044025157
			29.6686163522013	-7.33682389937107
			29.6686163522013	-7.39037735849057
			29.6150628930818	-7.44393081761006
			29.6150628930818	-7.49748427672956
			29.6150628930818	-7.55103773584906
			29.6150628930818	-7.60459119496855
			29.5615094339623	-7.65814465408805
			29.5615094339623	-7.71169811320755
			29.5079559748428	-7.76525157232704
			29.5079559748428	-7.81880503144654
			29.5079559748428	-7.87235849056604
			29.4544025157233	-7.92591194968554
			29.4544025157233	-7.97946540880503
			29.4544025157233	-8.03301886792453
			29.4008490566038	-8.08657232704403
			29.4008490566038	-8.14012578616352
			29.4008490566038	-8.19367924528302
			29.3472955974843	-8.24723270440252
			29.3472955974843	-8.30078616352201
			29.3472955974843	-8.35433962264151
			29.2937421383648	-8.40789308176101
			29.2937421383648	-8.4614465408805
			29.2401886792453	-8.515
			29.2401886792453	-8.5685534591195
			29.1866352201258	-8.62210691823899
			29.1866352201258	-8.67566037735849
			29.1866352201258	-8.72921383647799
			29.1330817610063	-8.78276729559749
			29.1330817610063	-8.83632075471698
			29.0795283018868	-8.88987421383648
			29.0795283018868	-8.94342767295598
			29.0795283018868	-8.99698113207547
			29.0259748427673	-8.99698113207547
			29.0259748427673	-9.05053459119497
			28.9724213836478	-9.10408805031447
			28.9724213836478	-9.15764150943396
			28.9188679245283	-9.21119496855346
			28.9188679245283	-9.26474842767296
			28.8653144654088	-9.31830188679245
			28.8653144654088	-9.37185534591195
			28.8117610062893	-9.42540880503145
			28.7582075471698	-9.47896226415094
			28.7582075471698	-9.53251572327044
			28.7046540880503	-9.58606918238994
			28.7046540880503	-9.63962264150944
			28.6511006289308	-9.63962264150944
			28.6511006289308	-9.69317610062893
			28.5975471698113	-9.74672955974843
			28.5439937106918	-9.80028301886793
			28.5439937106918	-9.85383647798742
			28.4904402515723	-9.85383647798742
			28.4904402515723	-9.90738993710692
			28.4368867924528	-9.96094339622642
			28.3833333333333	-9.96094339622642
			28.3833333333333	-10.0144968553459
			28.3297798742138	-10.0680503144654
			28.2762264150943	-10.1216037735849
			28.2226729559748	-10.1751572327044
			28.1691194968553	-10.2287106918239
			28.1155660377359	-10.2822641509434
			28.0620125786164	-10.3358176100629
			28.0084591194969	-10.3893710691824
			27.9549056603774	-10.3893710691824
			27.9013522012579	-10.4429245283019
			27.8477987421384	-10.4964779874214
			27.7942452830189	-10.5500314465409
			27.7406918238994	-10.5500314465409
			27.6871383647799	-10.6035849056604
			27.6335849056604	-10.6035849056604
			27.5800314465409	-10.6571383647799
			27.5264779874214	-10.6571383647799
			27.4729245283019	-10.7106918238994
			27.4193710691824	-10.7106918238994
			27.3658176100629	-10.7106918238994
			27.3122641509434	-10.7642452830189
			27.2587106918239	-10.7642452830189
		</axis>
		<margin type=matrix rownames=FALSE colnames=FALSE nrow=286 ncol=2 as.numeric=TRUE >
			27.2587106918239	-12.7457232704403
			27.3122641509434	-12.7457232704403
			27.3658176100629	-12.7457232704403
			27.4193710691824	-12.7457232704403
			27.4729245283019	-12.7457232704403
			27.5264779874214	-12.7457232704403
			27.5800314465409	-12.7457232704403
			27.6335849056604	-12.7457232704403
			27.6871383647799	-12.7457232704403
			27.7406918238994	-12.7457232704403
			27.7942452830189	-12.7457232704403
			27.8477987421384	-12.6921698113208
			27.9013522012579	-12.6921698113208
			27.9549056603774	-12.6921698113208
			28.0084591194969	-12.6921698113208
			28.0620125786164	-12.6921698113208
			28.1155660377359	-12.6921698113208
			28.1691194968553	-12.6921698113208
			28.2226729559748	-12.6921698113208
			28.2762264150943	-12.6921698113208
			28.3297798742138	-12.6921698113208
			28.3833333333333	-12.6386163522013
			28.4368867924528	-12.6386163522013
			28.4904402515723	-12.6386163522013
			28.5439937106918	-12.6386163522013
			28.5975471698113	-12.6386163522013
			28.6511006289308	-12.6386163522013
			28.7046540880503	-12.5850628930818
			28.7582075471698	-12.5850628930818
			28.8117610062893	-12.5850628930818
			28.8653144654088	-12.5850628930818
			28.9188679245283	-12.5850628930818
			28.9724213836478	-12.5850628930818
			29.0259748427673	-12.5315094339623
			29.0795283018868	-12.5315094339623
			29.1330817610063	-12.5315094339623
			29.1866352201258	-12.5315094339623
			29.2401886792453	-12.5315094339623
			29.2937421383648	-12.5315094339623
			29.3472955974843	-12.4779559748428
			29.4008490566038	-12.4779559748428
			29.4544025157233	-12.4779559748428
			29.5079559748428	-12.4779559748428
			29.5615094339623	-12.4779559748428
			29.6150628930818	-12.4244025157233
			29.6686163522013	-12.4244025157233
			29.7221698113208	-12.4244025157233
			29.7757232704403	-12.4244025157233
			29.8292767295598	-12.3708490566038
			29.8828301886793	-12.3708490566038
			29.9363836477987	-12.3708490566038
			29.9899371069182	-12.3708490566038
			30.0434905660377	-12.3708490566038
			30.0970440251572	-12.3708490566038
			30.0970440251572	-12.3172955974843
			30.1505974842767	-12.3172955974843
			30.2041509433962	-12.3172955974843
			30.2577044025157	-12.3172955974843
			30.3112578616352	-12.3172955974843
			30.3648113207547	-12.2637421383648
			30.4183647798742	-12.2637421383648
			30.4719182389937	-12.2637421383648
			30.5254716981132	-12.2637421383648
			30.5790251572327	-12.2101886792453
			30.6325786163522	-12.2101886792453
			30.6861320754717	-12.2101886792453
			30.7396855345912	-12.2101886792453
			30.7932389937107	-12.1566352201258
			30.8467924528302	-12.1566352201258
			30.9003459119497	-12.1566352201258
			30.9538993710692	-12.1566352201258
			31.0074528301887	-12.1030817610063
			31.0610062893082	-12.1030817610063
			31.1145597484277	-12.1030817610063
			31.1681132075472	-12.1030817610063
			31.2216666666667	-12.0495283018868
			31.2752201257862	-12.0495283018868
			31.3287735849057	-11.9959748427673
			31.3823270440252	-11.9959748427673
			31.4358805031447	-11.9424213836478
			31.4894339622642	-11.9424213836478
			31.5429874213836	-11.9424213836478
			31.5429874213836	-11.8888679245283
			31.5965408805031	-11.8888679245283
			31.6500943396226	-11.8353144654088
			31.7036477987421	-11.8353144654088
			31.7572012578616	-11.8353144654088
			31.7572012578616	-11.7817610062893
			31.8107547169811	-11.7817610062893
			31.8643081761006	-11.7282075471698
			31.9178616352201	-11.7282075471698
			31.9714150943396	-11.6746540880503
			32.0249685534591	-11.6746540880503
			32.0785220125786	-11.6211006289308
			32.1320754716981	-11.6211006289308
			32.1856289308176	-11.5675471698113
			32.2391823899371	-11.5675471698113
			32.2927358490566	-11.5139937106918
			32.3462893081761	-11.4604402515723
			32.3998427672956	-11.4604402515723
			32.4533962264151	-11.4068867924528
			32.5069496855346	-11.4068867924528
			32.5605031446541	-11.3533333333333
			32.6140566037736	-11.3533333333333
			32.6140566037736	-11.2997798742138
			32.6676100628931	-11.2462264150943
			32.7211635220126	-11.2462264150943
			32.7747169811321	-11.1926729559748
			32.8282704402516	-11.1926729559748
			32.8818238993711	-11.1391194968553
			32.9353773584906	-11.1391194968553
			32.9889308176101	-11.0855660377359
			33.0424842767296	-11.0320125786164
			33.0960377358491	-11.0320125786164
			33.1495911949686	-10.9784591194969
			33.2031446540881	-10.9249056603774
			33.2566981132075	-10.9249056603774
			33.2566981132075	-10.8713522012579
			33.310251572327	-10.8713522012579
			33.3638050314465	-10.8177987421384
			33.417358490566	-10.7642452830189
			33.4709119496855	-10.7642452830189
			33.524465408805	-10.7106918238994
			33.5780188679245	-10.6571383647799
			33.631572327044	-10.6571383647799
			33.6851257861635	-10.6035849056604
			33.738679245283	-10.5500314465409
			33.7922327044025	-10.4964779874214
			33.845786163522	-10.4429245283019
			33.8993396226415	-10.3893710691824
			33.952893081761	-10.3358176100629
			34.0064465408805	-10.3358176100629
			34.06	-10.2822641509434
			34.1135534591195	-10.2287106918239
			34.167106918239	-10.1751572327044
			34.2206603773585	-10.1216037735849
			34.274213836478	-10.1216037735849
			34.3277672955975	-10.0680503144654
			34.381320754717	-10.0144968553459
			34.4348742138365	-9.96094339622642
			34.4348742138365	-9.90738993710692
			34.488427672956	-9.85383647798742
			34.5419811320755	-9.80028301886793
			34.595534591195	-9.74672955974843
			34.6490880503145	-9.69317610062893
			34.6490880503145	-9.63962264150944
			34.702641509434	-9.58606918238994
			34.7561949685535	-9.53251572327044
			34.7561949685535	-9.47896226415094
			34.809748427673	-9.42540880503145
			34.8633018867925	-9.37185534591195
			34.8633018867925	-9.31830188679245
			34.916855345912	-9.26474842767296
			34.916855345912	-9.21119496855346
			34.9704088050315	-9.15764150943396
			35.0239622641509	-9.10408805031447
			35.0239622641509	-9.05053459119497
			35.0775157232704	-8.99698113207547
			35.0775157232704	-8.94342767295598
			35.1310691823899	-8.88987421383648
			35.1310691823899	-8.83632075471698
			35.1846226415094	-8.78276729559749
			35.1846226415094	-8.72921383647799
			35.1846226415094	-8.67566037735849
			35.1846226415094	-8.62210691823899
			35.2381761006289	-8.5685534591195
			35.2381761006289	-8.515
			35.2381761006289	-8.4614465408805
			35.2917295597484	-8.4614465408805
			35.2917295597484	-8.40789308176101
			35.2917295597484	-8.35433962264151
			35.2917295597484	-8.30078616352201
			35.2917295597484	-8.24723270440252
			35.3452830188679	-8.19367924528302
			35.3452830188679	-8.14012578616352
			35.3452830188679	-8.08657232704403
			35.2917295597484	-8.03301886792453
			35.2381761006289	-7.97946540880503
			35.2381761006289	-7.92591194968554
			35.1846226415094	-7.87235849056604
			35.1846226415094	-7.81880503144654
			35.1310691823899	-7.81880503144654
			35.1310691823899	-7.76525157232704
			35.0775157232704	-7.71169811320755
			35.0239622641509	-7.65814465408805
			34.9704088050315	-7.60459119496855
			34.916855345912	-7.55103773584906
			34.8633018867925	-7.49748427672956
			34.809748427673	-7.44393081761006
			34.809748427673	-7.39037735849057
			34.7561949685535	-7.33682389937107
			34.702641509434	-7.33682389937107
			34.6490880503145	-7.28327044025157
			34.595534591195	-7.22971698113208
			34.5419811320755	-7.17616352201258
			34.488427672956	-7.12261006289308
			34.4348742138365	-7.06905660377359
			34.381320754717	-7.06905660377359
			34.3277672955975	-7.01550314465409
			34.274213836478	-6.96194968553459
			34.2206603773585	-6.9083962264151
			34.167106918239	-6.9083962264151
			34.1135534591195	-6.8548427672956
			34.1135534591195	-6.8012893081761
			34.06	-6.7477358490566
			34.0064465408805	-6.69418238993711
			33.952893081761	-6.69418238993711
			33.8993396226415	-6.64062893081761
			33.845786163522	-6.64062893081761
			33.7922327044025	-6.58707547169811
			33.738679245283	-6.53352201257862
			33.6851257861635	-6.47996855345912
			33.6851257861635	-6.42641509433962
			33.631572327044	-6.37286163522013
			33.5780188679245	-6.31930817610063
			33.524465408805	-6.26575471698113
			33.4709119496855	-6.21220125786164
			33.417358490566	-6.15864779874214
			33.417358490566	-6.10509433962264
			33.3638050314465	-6.05154088050315
			33.310251572327	-5.99798742138365
			33.2566981132075	-5.94443396226415
			33.2031446540881	-5.89088050314465
			33.1495911949686	-5.83732704402516
			33.0960377358491	-5.78377358490566
			33.0424842767296	-5.73022012578616
			33.0424842767296	-5.67666666666667
			32.9889308176101	-5.62311320754717
			32.9353773584906	-5.56955974842767
			32.8818238993711	-5.51600628930818
			32.8282704402516	-5.46245283018868
			32.7747169811321	-5.40889937106918
			32.7211635220126	-5.40889937106918
			32.6676100628931	-5.35534591194969
			32.6140566037736	-5.30179245283019
			32.5605031446541	-5.24823899371069
			32.5069496855346	-5.1946855345912
			32.4533962264151	-5.1946855345912
			32.3998427672956	-5.1411320754717
			32.3462893081761	-5.0875786163522
			32.3462893081761	-5.0340251572327
			32.2927358490566	-5.0340251572327
			32.2391823899371	-5.0340251572327
			32.1856289308176	-4.98047169811321
			32.1320754716981	-4.98047169811321
			32.0785220125786	-4.98047169811321
			32.0249685534591	-4.92691823899371
			31.9714150943396	-4.92691823899371
			31.9178616352201	-4.92691823899371
			31.8643081761006	-4.92691823899371
			31.8107547169811	-4.87336477987421
			31.7572012578616	-4.87336477987421
			31.7036477987421	-4.87336477987421
			31.6500943396226	-4.87336477987421
			31.5965408805031	-4.87336477987421
			31.5429874213836	-4.87336477987421
			31.4894339622642	-4.87336477987421
			31.4358805031447	-4.87336477987421
			31.3823270440252	-4.87336477987421
			31.3287735849057	-4.87336477987421
			31.2752201257862	-4.87336477987421
			31.2216666666667	-4.87336477987421
			31.1681132075472	-4.87336477987421
			31.1145597484277	-4.87336477987421
			31.0610062893082	-4.87336477987421
			31.0074528301887	-4.87336477987421
			30.9538993710692	-4.87336477987421
			30.9003459119497	-4.87336477987421
			30.8467924528302	-4.87336477987421
			30.7932389937107	-4.92691823899371
			30.7396855345912	-4.92691823899371
			30.6861320754717	-4.92691823899371
			30.6325786163522	-4.92691823899371
			30.5790251572327	-4.98047169811321
			30.5254716981132	-4.98047169811321
			30.4719182389937	-4.98047169811321
			30.4183647798742	-4.98047169811321
			30.3648113207547	-5.0340251572327
			30.3112578616352	-5.0340251572327
			30.2577044025157	-5.0875786163522
			30.2041509433962	-5.0875786163522
			30.1505974842767	-5.0875786163522
			30.1505974842767	-5.1411320754717
			30.0970440251572	-5.1411320754717
			30.0434905660377	-5.1946855345912
			29.9899371069182	-5.1946855345912
		</margin>
	</curves.scaled>
	<ruler.points type=matrix rownames=TRUE colnames=FALSE nrow=2 ncol=2 as.numeric=TRUE >
		Ruler point 1	347	263
		Ruler point 2	665	263
	</ruler.points>
</shapes>

