<shapes type=list>
	<ruler.pixel type=vector names=FALSE length=1 as.numeric=TRUE >701</ruler.pixel>
	<ruler.interval type=vector names=FALSE length=1 as.numeric=TRUE >66.2</ruler.interval>
	<scaling.units type=vector names=FALSE length=1 as.numeric=FALSE >mm</scaling.units>
	<scaling type=vector names=FALSE length=1 as.numeric=TRUE >0.0944365192582026</scaling>
	<landmarks.pixel type=matrix rownames=TRUE colnames=FALSE nrow=7 ncol=2 as.numeric=TRUE >
		LM1	332	789
		LM2	332	1011
		LM3	332	1017
		LM4	332	1019
		LM5	397	794
		LM6	546	841
		LM7	559	851
	</landmarks.pixel>
	<landmarks.scaled type=matrix rownames=TRUE colnames=FALSE nrow=7 ncol=2 as.numeric=TRUE >
		LM1	31.3529243937233	-74.5104136947218
		LM2	31.3529243937233	-95.4753209700428
		LM3	31.3529243937233	-96.041940085592
		LM4	31.3529243937233	-96.2308131241084
		LM5	37.4912981455064	-74.9825962910128
		LM6	51.5623395149786	-79.4211126961484
		LM7	52.7900142653352	-80.3654778887304
	</landmarks.scaled>
	<curves.control type=list>
		<axis type=matrix rownames=FALSE colnames=FALSE nrow=9 ncol=2 as.numeric=TRUE >
			332	789
			354	783
			397	797
			395	815
			379	881
			379	919
			367	967
			362	1003
			332	1011
		</axis>
		<border type=matrix rownames=FALSE colnames=FALSE nrow=7 ncol=2 as.numeric=TRUE >
			332	1017
			361	1021
			437	986
			497	943
			525	898
			544	865
			546	841
		</border>
		<margin type=matrix rownames=FALSE colnames=FALSE nrow=9 ncol=2 as.numeric=TRUE >
			332	1019
			403	1020
			461	985
			549	912
			558	849
			544	838
			478	798
			415	785
			397	794
		</margin>
	</curves.control>
	<curves.pixel type=list>
		<axis type=matrix rownames=FALSE colnames=FALSE nrow=294 ncol=2 as.numeric=TRUE >
			332	789
			333	789
			334	789
			335	788
			336	788
			337	788
			338	788
			339	788
			340	788
			341	787
			342	787
			343	787
			344	787
			345	787
			346	787
			347	787
			348	787
			349	787
			350	787
			351	787
			352	787
			353	787
			354	787
			355	788
			356	788
			357	788
			358	788
			359	788
			360	788
			361	788
			362	788
			363	789
			364	789
			365	789
			366	789
			367	789
			368	789
			369	790
			370	790
			371	790
			372	790
			373	790
			374	791
			375	791
			376	791
			377	791
			378	792
			379	792
			380	792
			381	792
			382	793
			383	793
			384	793
			385	793
			386	794
			387	794
			388	794
			389	795
			390	795
			391	795
			392	796
			393	796
			394	796
			395	796
			396	797
			397	797
			397	798
			397	799
			397	800
			396	801
			396	802
			396	803
			396	804
			396	805
			396	806
			396	807
			395	808
			395	809
			395	810
			395	811
			395	812
			394	813
			394	814
			394	815
			394	816
			394	817
			393	818
			393	819
			393	820
			393	821
			393	822
			392	823
			392	824
			392	825
			392	826
			391	827
			391	828
			391	829
			391	830
			391	831
			390	832
			390	833
			390	834
			390	835
			390	836
			389	837
			389	838
			389	839
			389	840
			388	841
			388	842
			388	843
			388	844
			387	845
			387	846
			387	847
			387	848
			387	849
			386	850
			386	851
			386	852
			386	853
			385	854
			385	855
			385	856
			385	857
			384	858
			384	859
			384	860
			384	861
			384	862
			383	863
			383	864
			383	865
			383	866
			382	867
			382	868
			382	869
			382	870
			381	871
			381	872
			381	873
			381	874
			381	875
			380	875
			380	876
			380	877
			380	878
			379	879
			379	880
			379	881
			379	882
			379	883
			379	884
			379	885
			379	886
			379	887
			379	888
			379	889
			379	890
			379	891
			379	892
			379	893
			379	894
			379	895
			379	896
			378	897
			378	898
			378	899
			378	900
			378	901
			378	902
			378	903
			378	904
			378	905
			378	906
			378	907
			378	908
			377	909
			377	910
			377	911
			377	912
			377	913
			377	914
			377	915
			377	916
			377	917
			377	918
			376	919
			376	920
			376	921
			376	922
			376	923
			376	924
			376	925
			375	926
			375	927
			375	928
			375	929
			375	930
			375	931
			374	932
			374	933
			374	934
			374	935
			374	936
			374	937
			373	937
			373	938
			373	939
			373	940
			373	941
			373	942
			372	942
			372	943
			372	944
			372	945
			372	946
			372	947
			371	947
			371	948
			371	949
			371	950
			371	951
			371	952
			370	953
			370	954
			370	955
			370	956
			369	957
			369	958
			369	959
			369	960
			368	961
			368	962
			368	963
			368	964
			368	965
			367	965
			367	966
			367	967
			367	968
			367	969
			366	970
			366	971
			366	972
			366	973
			366	974
			365	975
			365	976
			365	977
			365	978
			364	979
			364	980
			364	981
			363	982
			363	983
			363	984
			362	985
			362	986
			361	987
			361	988
			360	989
			360	990
			359	991
			358	992
			358	993
			357	994
			357	995
			356	996
			355	997
			354	998
			353	999
			352	1000
			351	1001
			350	1002
			349	1003
			348	1004
			347	1004
			346	1005
			345	1006
			344	1006
			343	1007
			342	1007
			341	1008
			340	1008
			339	1009
			338	1009
			337	1009
			336	1010
			335	1010
			334	1010
			333	1011
			332	1011
		</axis>
		<border type=matrix rownames=FALSE colnames=FALSE nrow=277 ncol=2 as.numeric=TRUE >
			332	1017
			333	1017
			334	1017
			335	1017
			336	1017
			337	1017
			338	1017
			339	1017
			340	1017
			341	1017
			342	1017
			343	1017
			344	1017
			345	1017
			346	1017
			347	1017
			348	1017
			349	1017
			350	1016
			351	1016
			352	1016
			353	1016
			354	1016
			355	1016
			356	1016
			356	1015
			357	1015
			358	1015
			359	1015
			360	1015
			361	1014
			362	1014
			363	1014
			364	1014
			365	1013
			366	1013
			367	1013
			368	1012
			369	1012
			370	1012
			371	1012
			372	1011
			373	1011
			374	1011
			375	1011
			376	1010
			377	1010
			378	1010
			379	1009
			380	1009
			381	1009
			382	1008
			383	1008
			384	1008
			385	1007
			386	1007
			387	1006
			388	1006
			389	1006
			390	1006
			391	1005
			392	1005
			393	1004
			394	1004
			395	1004
			396	1003
			397	1003
			398	1003
			399	1002
			400	1002
			401	1001
			402	1001
			403	1001
			404	1000
			405	1000
			406	999
			407	999
			408	999
			409	998
			410	998
			411	997
			412	997
			413	996
			414	996
			415	996
			416	995
			417	995
			418	994
			419	994
			420	994
			421	993
			422	993
			423	992
			424	992
			425	991
			426	991
			427	991
			428	990
			429	990
			430	989
			431	989
			432	988
			433	988
			434	987
			435	987
			436	986
			437	986
			438	985
			439	985
			439	984
			440	984
			441	983
			442	982
			443	982
			443	981
			444	981
			445	980
			446	980
			447	979
			447	978
			448	978
			449	977
			450	977
			450	976
			451	975
			452	975
			453	974
			454	973
			455	972
			456	972
			457	971
			458	970
			459	970
			459	969
			460	968
			461	968
			462	967
			463	966
			464	965
			465	965
			465	964
			466	963
			467	963
			468	962
			469	961
			470	960
			471	959
			472	958
			473	957
			474	956
			475	956
			476	955
			477	954
			478	953
			479	952
			480	951
			481	951
			482	950
			482	949
			483	948
			484	947
			485	946
			486	945
			487	945
			488	944
			489	943
			490	942
			490	941
			491	940
			492	939
			493	939
			494	938
			495	937
			495	936
			496	935
			497	934
			498	933
			499	933
			499	932
			500	931
			501	930
			502	929
			502	928
			503	927
			504	927
			505	926
			505	925
			506	924
			507	923
			508	922
			508	921
			509	920
			510	920
			510	919
			511	918
			512	917
			512	916
			513	915
			514	914
			515	913
			516	912
			517	911
			517	910
			518	909
			518	908
			519	908
			519	907
			519	906
			520	906
			520	905
			521	905
			521	904
			522	903
			522	902
			523	901
			524	900
			524	899
			525	898
			525	897
			526	896
			527	895
			527	894
			528	893
			528	892
			529	891
			530	890
			530	889
			531	888
			531	887
			531	886
			532	885
			532	884
			533	883
			533	882
			534	882
			534	881
			534	880
			535	880
			535	879
			535	878
			536	877
			536	876
			537	875
			537	874
			537	873
			538	872
			538	871
			539	870
			539	869
			540	868
			540	867
			540	866
			541	865
			541	864
			541	863
			542	862
			542	861
			542	860
			542	859
			543	858
			543	857
			543	856
			544	855
			544	854
			544	853
			544	852
			545	851
			545	850
			545	849
			545	848
			545	847
			545	846
			546	845
			546	844
			546	843
			546	842
			546	841
		</border>
		<margin type=matrix rownames=FALSE colnames=FALSE nrow=440 ncol=2 as.numeric=TRUE >
			332	1019
			333	1019
			334	1019
			335	1019
			336	1019
			337	1019
			338	1019
			339	1019
			340	1019
			341	1019
			342	1019
			343	1019
			344	1019
			345	1019
			346	1019
			347	1019
			348	1019
			349	1019
			350	1019
			351	1019
			352	1019
			353	1018
			354	1018
			355	1018
			356	1018
			357	1018
			358	1018
			359	1018
			360	1018
			361	1018
			362	1018
			363	1018
			364	1018
			365	1017
			366	1017
			367	1017
			368	1017
			369	1017
			370	1017
			371	1017
			372	1017
			373	1016
			374	1016
			375	1016
			376	1016
			377	1016
			378	1016
			379	1016
			380	1015
			381	1015
			382	1015
			383	1015
			384	1015
			385	1014
			386	1014
			387	1014
			388	1014
			389	1014
			390	1013
			391	1013
			392	1013
			393	1013
			394	1012
			395	1012
			396	1012
			397	1012
			398	1012
			399	1011
			400	1011
			401	1011
			402	1010
			403	1010
			404	1010
			405	1009
			406	1009
			407	1009
			408	1009
			409	1008
			410	1008
			411	1008
			412	1007
			413	1007
			414	1007
			415	1006
			416	1006
			417	1006
			418	1005
			419	1005
			420	1005
			421	1004
			422	1004
			423	1004
			424	1003
			425	1003
			426	1002
			427	1002
			428	1002
			429	1001
			430	1001
			431	1000
			432	1000
			433	999
			434	999
			435	998
			436	998
			437	998
			438	997
			439	997
			440	996
			441	996
			442	995
			443	995
			444	994
			445	994
			446	993
			447	993
			448	992
			449	992
			450	991
			451	991
			452	990
			453	990
			453	989
			454	989
			455	988
			456	988
			457	987
			458	987
			459	986
			460	986
			461	985
			462	984
			463	983
			464	983
			465	982
			466	981
			466	980
			467	980
			468	979
			469	978
			470	978
			470	977
			471	976
			472	976
			473	975
			474	974
			475	973
			476	972
			477	971
			478	970
			479	970
			480	969
			481	968
			482	967
			483	966
			483	965
			484	965
			485	964
			486	963
			487	962
			488	961
			489	960
			490	959
			491	958
			492	957
			493	956
			494	955
			495	954
			496	953
			497	952
			498	951
			499	950
			500	949
			501	948
			502	947
			503	946
			504	945
			505	944
			506	943
			507	942
			507	941
			508	940
			509	939
			510	938
			511	937
			512	937
			513	936
			513	935
			514	934
			515	933
			516	932
			517	931
			517	930
			518	929
			519	928
			520	927
			521	926
			521	925
			522	924
			523	923
			524	922
			524	921
			525	920
			526	919
			526	918
			527	918
			528	917
			528	916
			529	915
			530	914
			530	913
			531	912
			532	911
			532	910
			533	909
			534	908
			534	907
			535	906
			535	905
			536	904
			537	904
			537	903
			538	902
			538	901
			539	900
			539	899
			540	898
			540	897
			541	896
			542	895
			542	894
			543	893
			543	892
			544	892
			544	891
			544	890
			545	889
			545	888
			546	887
			546	886
			547	885
			547	884
			548	883
			548	882
			549	881
			549	880
			550	879
			550	878
			550	877
			551	876
			551	875
			551	874
			552	873
			552	872
			553	871
			553	870
			553	869
			554	868
			554	867
			554	866
			554	865
			555	864
			555	863
			555	862
			556	861
			556	860
			556	859
			556	858
			557	857
			557	856
			557	855
			557	854
			557	853
			558	852
			558	851
			558	850
			558	849
			557	848
			556	848
			555	847
			554	846
			553	845
			552	845
			551	844
			550	843
			549	843
			548	842
			547	841
			546	840
			545	840
			544	839
			543	838
			542	838
			541	837
			540	836
			539	836
			538	835
			537	835
			536	834
			535	833
			534	832
			533	832
			532	831
			531	831
			530	830
			529	830
			528	829
			527	828
			526	828
			525	827
			524	827
			523	826
			522	825
			521	825
			520	824
			519	823
			518	823
			517	822
			516	821
			515	821
			514	820
			513	819
			512	819
			511	818
			510	818
			509	817
			508	816
			507	816
			506	815
			505	815
			504	814
			503	813
			502	812
			501	812
			500	811
			499	811
			498	810
			497	809
			496	809
			495	808
			494	808
			493	807
			492	806
			491	806
			490	805
			489	804
			488	804
			487	803
			486	803
			485	802
			484	802
			483	801
			482	800
			481	800
			480	799
			479	799
			478	798
			477	798
			476	798
			475	797
			474	797
			473	797
			472	797
			471	797
			470	796
			469	796
			468	796
			467	796
			466	796
			465	795
			464	795
			463	795
			462	795
			461	795
			460	795
			459	794
			458	794
			457	794
			456	794
			455	794
			454	794
			453	793
			452	793
			451	793
			450	793
			449	793
			448	793
			447	792
			446	792
			445	792
			444	792
			443	792
			442	792
			441	792
			440	792
			439	792
			438	791
			437	791
			436	791
			435	791
			434	791
			433	791
			432	791
			431	791
			430	791
			429	791
			428	791
			427	791
			426	790
			425	790
			424	790
			423	790
			422	790
			421	790
			420	790
			419	790
			418	790
			417	790
			416	790
			415	790
			414	790
			413	791
			412	791
			411	791
			410	791
			409	791
			408	791
			407	791
			406	791
			405	792
			404	792
			403	792
			402	792
			401	792
			401	793
			400	793
			399	793
			398	793
			398	794
			397	794
		</margin>
	</curves.pixel>
	<curves.scaled type=list>
		<axis type=matrix rownames=FALSE colnames=FALSE nrow=294 ncol=2 as.numeric=TRUE >
			31.3529243937233	-74.5104136947218
			31.4473609129815	-74.5104136947218
			31.5417974322397	-74.5104136947218
			31.6362339514979	-74.4159771754636
			31.7306704707561	-74.4159771754636
			31.8251069900143	-74.4159771754636
			31.9195435092725	-74.4159771754636
			32.0139800285307	-74.4159771754636
			32.1084165477889	-74.4159771754636
			32.2028530670471	-74.3215406562054
			32.2972895863053	-74.3215406562054
			32.3917261055635	-74.3215406562054
			32.4861626248217	-74.3215406562054
			32.5805991440799	-74.3215406562054
			32.6750356633381	-74.3215406562054
			32.7694721825963	-74.3215406562054
			32.8639087018545	-74.3215406562054
			32.9583452211127	-74.3215406562054
			33.0527817403709	-74.3215406562054
			33.1472182596291	-74.3215406562054
			33.2416547788873	-74.3215406562054
			33.3360912981455	-74.3215406562054
			33.4305278174037	-74.3215406562054
			33.5249643366619	-74.4159771754636
			33.6194008559201	-74.4159771754636
			33.7138373751783	-74.4159771754636
			33.8082738944365	-74.4159771754636
			33.9027104136947	-74.4159771754636
			33.9971469329529	-74.4159771754636
			34.0915834522111	-74.4159771754636
			34.1860199714693	-74.4159771754636
			34.2804564907275	-74.5104136947218
			34.3748930099857	-74.5104136947218
			34.4693295292439	-74.5104136947218
			34.5637660485021	-74.5104136947218
			34.6582025677603	-74.5104136947218
			34.7526390870185	-74.5104136947218
			34.8470756062767	-74.60485021398
			34.9415121255349	-74.60485021398
			35.0359486447932	-74.60485021398
			35.1303851640514	-74.60485021398
			35.2248216833096	-74.60485021398
			35.3192582025678	-74.6992867332382
			35.413694721826	-74.6992867332382
			35.5081312410842	-74.6992867332382
			35.6025677603424	-74.6992867332382
			35.6970042796006	-74.7937232524964
			35.7914407988588	-74.7937232524964
			35.885877318117	-74.7937232524964
			35.9803138373752	-74.7937232524964
			36.0747503566334	-74.8881597717546
			36.1691868758916	-74.8881597717546
			36.2636233951498	-74.8881597717546
			36.358059914408	-74.8881597717546
			36.4524964336662	-74.9825962910128
			36.5469329529244	-74.9825962910128
			36.6413694721826	-74.9825962910128
			36.7358059914408	-75.077032810271
			36.830242510699	-75.077032810271
			36.9246790299572	-75.077032810271
			37.0191155492154	-75.1714693295292
			37.1135520684736	-75.1714693295292
			37.2079885877318	-75.1714693295292
			37.30242510699	-75.1714693295292
			37.3968616262482	-75.2659058487874
			37.4912981455064	-75.2659058487874
			37.4912981455064	-75.3603423680457
			37.4912981455064	-75.4547788873038
			37.4912981455064	-75.5492154065621
			37.3968616262482	-75.6436519258203
			37.3968616262482	-75.7380884450785
			37.3968616262482	-75.8325249643367
			37.3968616262482	-75.9269614835949
			37.3968616262482	-76.0213980028531
			37.3968616262482	-76.1158345221113
			37.3968616262482	-76.2102710413695
			37.30242510699	-76.3047075606277
			37.30242510699	-76.3991440798859
			37.30242510699	-76.4935805991441
			37.30242510699	-76.5880171184023
			37.30242510699	-76.6824536376605
			37.2079885877318	-76.7768901569187
			37.2079885877318	-76.8713266761769
			37.2079885877318	-76.9657631954351
			37.2079885877318	-77.0601997146933
			37.2079885877318	-77.1546362339515
			37.1135520684736	-77.2490727532097
			37.1135520684736	-77.3435092724679
			37.1135520684736	-77.4379457917261
			37.1135520684736	-77.5323823109843
			37.1135520684736	-77.6268188302425
			37.0191155492154	-77.7212553495007
			37.0191155492154	-77.8156918687589
			37.0191155492154	-77.9101283880171
			37.0191155492154	-78.0045649072753
			36.9246790299572	-78.0990014265335
			36.9246790299572	-78.1934379457917
			36.9246790299572	-78.2878744650499
			36.9246790299572	-78.3823109843081
			36.9246790299572	-78.4767475035663
			36.830242510699	-78.5711840228245
			36.830242510699	-78.6656205420827
			36.830242510699	-78.7600570613409
			36.830242510699	-78.8544935805991
			36.830242510699	-78.9489300998573
			36.7358059914408	-79.0433666191155
			36.7358059914408	-79.1378031383738
			36.7358059914408	-79.232239657632
			36.7358059914408	-79.3266761768902
			36.6413694721826	-79.4211126961484
			36.6413694721826	-79.5155492154066
			36.6413694721826	-79.6099857346648
			36.6413694721826	-79.704422253923
			36.5469329529244	-79.7988587731812
			36.5469329529244	-79.8932952924394
			36.5469329529244	-79.9877318116976
			36.5469329529244	-80.0821683309558
			36.5469329529244	-80.176604850214
			36.4524964336662	-80.2710413694722
			36.4524964336662	-80.3654778887304
			36.4524964336662	-80.4599144079886
			36.4524964336662	-80.5543509272468
			36.358059914408	-80.648787446505
			36.358059914408	-80.7432239657632
			36.358059914408	-80.8376604850214
			36.358059914408	-80.9320970042796
			36.2636233951498	-81.0265335235378
			36.2636233951498	-81.120970042796
			36.2636233951498	-81.2154065620542
			36.2636233951498	-81.3098430813124
			36.2636233951498	-81.4042796005706
			36.1691868758916	-81.4987161198288
			36.1691868758916	-81.593152639087
			36.1691868758916	-81.6875891583452
			36.1691868758916	-81.7820256776034
			36.0747503566334	-81.8764621968616
			36.0747503566334	-81.9708987161198
			36.0747503566334	-82.065335235378
			36.0747503566334	-82.1597717546362
			35.9803138373752	-82.2542082738944
			35.9803138373752	-82.3486447931526
			35.9803138373752	-82.4430813124108
			35.9803138373752	-82.537517831669
			35.9803138373752	-82.6319543509272
			35.885877318117	-82.6319543509272
			35.885877318117	-82.7263908701855
			35.885877318117	-82.8208273894437
			35.885877318117	-82.9152639087019
			35.7914407988588	-83.0097004279601
			35.7914407988588	-83.1041369472183
			35.7914407988588	-83.1985734664765
			35.7914407988588	-83.2930099857347
			35.7914407988588	-83.3874465049929
			35.7914407988588	-83.4818830242511
			35.7914407988588	-83.5763195435093
			35.7914407988588	-83.6707560627675
			35.7914407988588	-83.7651925820257
			35.7914407988588	-83.8596291012839
			35.7914407988588	-83.9540656205421
			35.7914407988588	-84.0485021398003
			35.7914407988588	-84.1429386590585
			35.7914407988588	-84.2373751783167
			35.7914407988588	-84.3318116975749
			35.7914407988588	-84.4262482168331
			35.7914407988588	-84.5206847360913
			35.7914407988588	-84.6151212553495
			35.6970042796006	-84.7095577746077
			35.6970042796006	-84.8039942938659
			35.6970042796006	-84.8984308131241
			35.6970042796006	-84.9928673323823
			35.6970042796006	-85.0873038516405
			35.6970042796006	-85.1817403708987
			35.6970042796006	-85.2761768901569
			35.6970042796006	-85.3706134094151
			35.6970042796006	-85.4650499286733
			35.6970042796006	-85.5594864479315
			35.6970042796006	-85.6539229671897
			35.6970042796006	-85.7483594864479
			35.6025677603424	-85.8427960057061
			35.6025677603424	-85.9372325249643
			35.6025677603424	-86.0316690442225
			35.6025677603424	-86.1261055634807
			35.6025677603424	-86.2205420827389
			35.6025677603424	-86.3149786019971
			35.6025677603424	-86.4094151212553
			35.6025677603424	-86.5038516405135
			35.6025677603424	-86.5982881597718
			35.6025677603424	-86.69272467903
			35.5081312410842	-86.7871611982882
			35.5081312410842	-86.8815977175464
			35.5081312410842	-86.9760342368046
			35.5081312410842	-87.0704707560628
			35.5081312410842	-87.164907275321
			35.5081312410842	-87.2593437945792
			35.5081312410842	-87.3537803138374
			35.413694721826	-87.4482168330956
			35.413694721826	-87.5426533523538
			35.413694721826	-87.637089871612
			35.413694721826	-87.7315263908702
			35.413694721826	-87.8259629101284
			35.413694721826	-87.9203994293866
			35.3192582025678	-88.0148359486448
			35.3192582025678	-88.109272467903
			35.3192582025678	-88.2037089871612
			35.3192582025678	-88.2981455064194
			35.3192582025678	-88.3925820256776
			35.3192582025678	-88.4870185449358
			35.2248216833096	-88.4870185449358
			35.2248216833096	-88.581455064194
			35.2248216833096	-88.6758915834522
			35.2248216833096	-88.7703281027104
			35.2248216833096	-88.8647646219686
			35.2248216833096	-88.9592011412268
			35.1303851640514	-88.9592011412268
			35.1303851640514	-89.053637660485
			35.1303851640514	-89.1480741797432
			35.1303851640514	-89.2425106990014
			35.1303851640514	-89.3369472182596
			35.1303851640514	-89.4313837375178
			35.0359486447932	-89.4313837375178
			35.0359486447932	-89.525820256776
			35.0359486447932	-89.6202567760342
			35.0359486447932	-89.7146932952924
			35.0359486447932	-89.8091298145506
			35.0359486447932	-89.9035663338088
			34.9415121255349	-89.998002853067
			34.9415121255349	-90.0924393723252
			34.9415121255349	-90.1868758915835
			34.9415121255349	-90.2813124108417
			34.8470756062767	-90.3757489300999
			34.8470756062767	-90.4701854493581
			34.8470756062767	-90.5646219686163
			34.8470756062767	-90.6590584878745
			34.7526390870185	-90.7534950071327
			34.7526390870185	-90.8479315263909
			34.7526390870185	-90.9423680456491
			34.7526390870185	-91.0368045649073
			34.7526390870185	-91.1312410841655
			34.6582025677603	-91.1312410841655
			34.6582025677603	-91.2256776034237
			34.6582025677603	-91.3201141226819
			34.6582025677603	-91.4145506419401
			34.6582025677603	-91.5089871611983
			34.5637660485021	-91.6034236804565
			34.5637660485021	-91.6978601997147
			34.5637660485021	-91.7922967189729
			34.5637660485021	-91.8867332382311
			34.5637660485021	-91.9811697574893
			34.4693295292439	-92.0756062767475
			34.4693295292439	-92.1700427960057
			34.4693295292439	-92.2644793152639
			34.4693295292439	-92.3589158345221
			34.3748930099857	-92.4533523537803
			34.3748930099857	-92.5477888730385
			34.3748930099857	-92.6422253922967
			34.2804564907275	-92.7366619115549
			34.2804564907275	-92.8310984308131
			34.2804564907275	-92.9255349500713
			34.1860199714693	-93.0199714693295
			34.1860199714693	-93.1144079885877
			34.0915834522111	-93.2088445078459
			34.0915834522111	-93.3032810271041
			33.9971469329529	-93.3977175463623
			33.9971469329529	-93.4921540656205
			33.9027104136947	-93.5865905848787
			33.8082738944365	-93.6810271041369
			33.8082738944365	-93.7754636233952
			33.7138373751783	-93.8699001426533
			33.7138373751783	-93.9643366619116
			33.6194008559201	-94.0587731811698
			33.5249643366619	-94.153209700428
			33.4305278174037	-94.2476462196862
			33.3360912981455	-94.3420827389444
			33.2416547788873	-94.4365192582026
			33.1472182596291	-94.5309557774608
			33.0527817403709	-94.625392296719
			32.9583452211127	-94.7198288159772
			32.8639087018545	-94.8142653352354
			32.7694721825963	-94.8142653352354
			32.6750356633381	-94.9087018544936
			32.5805991440799	-95.0031383737518
			32.4861626248217	-95.0031383737518
			32.3917261055635	-95.09757489301
			32.2972895863053	-95.09757489301
			32.2028530670471	-95.1920114122682
			32.1084165477889	-95.1920114122682
			32.0139800285307	-95.2864479315264
			31.9195435092725	-95.2864479315264
			31.8251069900143	-95.2864479315264
			31.7306704707561	-95.3808844507846
			31.6362339514979	-95.3808844507846
			31.5417974322397	-95.3808844507846
			31.4473609129815	-95.4753209700428
			31.3529243937233	-95.4753209700428
		</axis>
		<border type=matrix rownames=FALSE colnames=FALSE nrow=277 ncol=2 as.numeric=TRUE >
			31.3529243937233	-96.041940085592
			31.4473609129815	-96.041940085592
			31.5417974322397	-96.041940085592
			31.6362339514979	-96.041940085592
			31.7306704707561	-96.041940085592
			31.8251069900143	-96.041940085592
			31.9195435092725	-96.041940085592
			32.0139800285307	-96.041940085592
			32.1084165477889	-96.041940085592
			32.2028530670471	-96.041940085592
			32.2972895863053	-96.041940085592
			32.3917261055635	-96.041940085592
			32.4861626248217	-96.041940085592
			32.5805991440799	-96.041940085592
			32.6750356633381	-96.041940085592
			32.7694721825963	-96.041940085592
			32.8639087018545	-96.041940085592
			32.9583452211127	-96.041940085592
			33.0527817403709	-95.9475035663338
			33.1472182596291	-95.9475035663338
			33.2416547788873	-95.9475035663338
			33.3360912981455	-95.9475035663338
			33.4305278174037	-95.9475035663338
			33.5249643366619	-95.9475035663338
			33.6194008559201	-95.9475035663338
			33.6194008559201	-95.8530670470756
			33.7138373751783	-95.8530670470756
			33.8082738944365	-95.8530670470756
			33.9027104136947	-95.8530670470756
			33.9971469329529	-95.8530670470756
			34.0915834522111	-95.7586305278174
			34.1860199714693	-95.7586305278174
			34.2804564907275	-95.7586305278174
			34.3748930099857	-95.7586305278174
			34.4693295292439	-95.6641940085592
			34.5637660485021	-95.6641940085592
			34.6582025677603	-95.6641940085592
			34.7526390870185	-95.569757489301
			34.8470756062767	-95.569757489301
			34.9415121255349	-95.569757489301
			35.0359486447932	-95.569757489301
			35.1303851640514	-95.4753209700428
			35.2248216833096	-95.4753209700428
			35.3192582025678	-95.4753209700428
			35.413694721826	-95.4753209700428
			35.5081312410842	-95.3808844507846
			35.6025677603424	-95.3808844507846
			35.6970042796006	-95.3808844507846
			35.7914407988588	-95.2864479315264
			35.885877318117	-95.2864479315264
			35.9803138373752	-95.2864479315264
			36.0747503566334	-95.1920114122682
			36.1691868758916	-95.1920114122682
			36.2636233951498	-95.1920114122682
			36.358059914408	-95.09757489301
			36.4524964336662	-95.09757489301
			36.5469329529244	-95.0031383737518
			36.6413694721826	-95.0031383737518
			36.7358059914408	-95.0031383737518
			36.830242510699	-95.0031383737518
			36.9246790299572	-94.9087018544936
			37.0191155492154	-94.9087018544936
			37.1135520684736	-94.8142653352354
			37.2079885877318	-94.8142653352354
			37.30242510699	-94.8142653352354
			37.3968616262482	-94.7198288159772
			37.4912981455064	-94.7198288159772
			37.5857346647646	-94.7198288159772
			37.6801711840228	-94.625392296719
			37.774607703281	-94.625392296719
			37.8690442225392	-94.5309557774608
			37.9634807417974	-94.5309557774608
			38.0579172610556	-94.5309557774608
			38.1523537803138	-94.4365192582026
			38.246790299572	-94.4365192582026
			38.3412268188302	-94.3420827389444
			38.4356633380884	-94.3420827389444
			38.5300998573466	-94.3420827389444
			38.6245363766049	-94.2476462196862
			38.7189728958631	-94.2476462196862
			38.8134094151213	-94.153209700428
			38.9078459343795	-94.153209700428
			39.0022824536377	-94.0587731811698
			39.0967189728959	-94.0587731811698
			39.1911554921541	-94.0587731811698
			39.2855920114123	-93.9643366619116
			39.3800285306705	-93.9643366619116
			39.4744650499287	-93.8699001426533
			39.5689015691869	-93.8699001426533
			39.6633380884451	-93.8699001426533
			39.7577746077033	-93.7754636233952
			39.8522111269615	-93.7754636233952
			39.9466476462197	-93.6810271041369
			40.0410841654779	-93.6810271041369
			40.1355206847361	-93.5865905848787
			40.2299572039943	-93.5865905848787
			40.3243937232525	-93.5865905848787
			40.4188302425107	-93.4921540656205
			40.5132667617689	-93.4921540656205
			40.6077032810271	-93.3977175463623
			40.7021398002853	-93.3977175463623
			40.7965763195435	-93.3032810271041
			40.8910128388017	-93.3032810271041
			40.9854493580599	-93.2088445078459
			41.0798858773181	-93.2088445078459
			41.1743223965763	-93.1144079885877
			41.2687589158345	-93.1144079885877
			41.3631954350927	-93.0199714693295
			41.4576319543509	-93.0199714693295
			41.4576319543509	-92.9255349500713
			41.5520684736091	-92.9255349500713
			41.6465049928673	-92.8310984308131
			41.7409415121255	-92.7366619115549
			41.8353780313837	-92.7366619115549
			41.8353780313837	-92.6422253922967
			41.9298145506419	-92.6422253922967
			42.0242510699001	-92.5477888730385
			42.1186875891583	-92.5477888730385
			42.2131241084166	-92.4533523537803
			42.2131241084166	-92.3589158345221
			42.3075606276747	-92.3589158345221
			42.4019971469329	-92.2644793152639
			42.4964336661912	-92.2644793152639
			42.4964336661912	-92.1700427960057
			42.5908701854494	-92.0756062767475
			42.6853067047076	-92.0756062767475
			42.7797432239658	-91.9811697574893
			42.874179743224	-91.8867332382311
			42.9686162624822	-91.7922967189729
			43.0630527817404	-91.7922967189729
			43.1574893009986	-91.6978601997147
			43.2519258202568	-91.6034236804565
			43.346362339515	-91.6034236804565
			43.346362339515	-91.5089871611983
			43.4407988587732	-91.4145506419401
			43.5352353780314	-91.4145506419401
			43.6296718972896	-91.3201141226819
			43.7241084165478	-91.2256776034237
			43.818544935806	-91.1312410841655
			43.9129814550642	-91.1312410841655
			43.9129814550642	-91.0368045649073
			44.0074179743224	-90.9423680456491
			44.1018544935806	-90.9423680456491
			44.1962910128388	-90.8479315263909
			44.290727532097	-90.7534950071327
			44.3851640513552	-90.6590584878745
			44.4796005706134	-90.5646219686163
			44.5740370898716	-90.4701854493581
			44.6684736091298	-90.3757489300999
			44.762910128388	-90.2813124108417
			44.8573466476462	-90.2813124108417
			44.9517831669044	-90.1868758915835
			45.0462196861626	-90.0924393723252
			45.1406562054208	-89.998002853067
			45.235092724679	-89.9035663338088
			45.3295292439372	-89.8091298145506
			45.4239657631954	-89.8091298145506
			45.5184022824536	-89.7146932952924
			45.5184022824536	-89.6202567760342
			45.6128388017118	-89.525820256776
			45.70727532097	-89.4313837375178
			45.8017118402282	-89.3369472182596
			45.8961483594864	-89.2425106990014
			45.9905848787446	-89.2425106990014
			46.0850213980029	-89.1480741797432
			46.1794579172611	-89.053637660485
			46.2738944365193	-88.9592011412268
			46.2738944365193	-88.8647646219686
			46.3683309557775	-88.7703281027104
			46.4627674750357	-88.6758915834522
			46.5572039942939	-88.6758915834522
			46.6516405135521	-88.581455064194
			46.7460770328103	-88.4870185449358
			46.7460770328103	-88.3925820256776
			46.8405135520685	-88.2981455064194
			46.9349500713267	-88.2037089871612
			47.0293865905849	-88.109272467903
			47.1238231098431	-88.109272467903
			47.1238231098431	-88.0148359486448
			47.2182596291013	-87.9203994293866
			47.3126961483595	-87.8259629101284
			47.4071326676177	-87.7315263908702
			47.4071326676177	-87.637089871612
			47.5015691868759	-87.5426533523538
			47.5960057061341	-87.5426533523538
			47.6904422253923	-87.4482168330956
			47.6904422253923	-87.3537803138374
			47.7848787446505	-87.2593437945792
			47.8793152639087	-87.164907275321
			47.9737517831669	-87.0704707560628
			47.9737517831669	-86.9760342368046
			48.0681883024251	-86.8815977175464
			48.1626248216833	-86.8815977175464
			48.1626248216833	-86.7871611982882
			48.2570613409415	-86.69272467903
			48.3514978601997	-86.5982881597718
			48.3514978601997	-86.5038516405135
			48.4459343794579	-86.4094151212553
			48.5403708987161	-86.3149786019971
			48.6348074179743	-86.2205420827389
			48.7292439372325	-86.1261055634807
			48.8236804564907	-86.0316690442225
			48.8236804564907	-85.9372325249643
			48.9181169757489	-85.8427960057061
			48.9181169757489	-85.7483594864479
			49.0125534950071	-85.7483594864479
			49.0125534950071	-85.6539229671897
			49.0125534950071	-85.5594864479315
			49.1069900142653	-85.5594864479315
			49.1069900142653	-85.4650499286733
			49.2014265335235	-85.4650499286733
			49.2014265335235	-85.3706134094151
			49.2958630527817	-85.2761768901569
			49.2958630527817	-85.1817403708987
			49.3902995720399	-85.0873038516405
			49.4847360912981	-84.9928673323823
			49.4847360912981	-84.8984308131241
			49.5791726105563	-84.8039942938659
			49.5791726105563	-84.7095577746077
			49.6736091298146	-84.6151212553495
			49.7680456490728	-84.5206847360913
			49.7680456490728	-84.4262482168331
			49.862482168331	-84.3318116975749
			49.862482168331	-84.2373751783167
			49.9569186875892	-84.1429386590585
			50.0513552068474	-84.0485021398003
			50.0513552068474	-83.9540656205421
			50.1457917261056	-83.8596291012839
			50.1457917261056	-83.7651925820257
			50.1457917261056	-83.6707560627675
			50.2402282453638	-83.5763195435093
			50.2402282453638	-83.4818830242511
			50.334664764622	-83.3874465049929
			50.334664764622	-83.2930099857347
			50.4291012838802	-83.2930099857347
			50.4291012838802	-83.1985734664765
			50.4291012838802	-83.1041369472183
			50.5235378031384	-83.1041369472183
			50.5235378031384	-83.0097004279601
			50.5235378031384	-82.9152639087019
			50.6179743223966	-82.8208273894437
			50.6179743223966	-82.7263908701855
			50.7124108416548	-82.6319543509272
			50.7124108416548	-82.537517831669
			50.7124108416548	-82.4430813124108
			50.806847360913	-82.3486447931526
			50.806847360913	-82.2542082738944
			50.9012838801712	-82.1597717546362
			50.9012838801712	-82.065335235378
			50.9957203994294	-81.9708987161198
			50.9957203994294	-81.8764621968616
			50.9957203994294	-81.7820256776034
			51.0901569186876	-81.6875891583452
			51.0901569186876	-81.593152639087
			51.0901569186876	-81.4987161198288
			51.1845934379458	-81.4042796005706
			51.1845934379458	-81.3098430813124
			51.1845934379458	-81.2154065620542
			51.1845934379458	-81.120970042796
			51.279029957204	-81.0265335235378
			51.279029957204	-80.9320970042796
			51.279029957204	-80.8376604850214
			51.3734664764622	-80.7432239657632
			51.3734664764622	-80.648787446505
			51.3734664764622	-80.5543509272468
			51.3734664764622	-80.4599144079886
			51.4679029957204	-80.3654778887304
			51.4679029957204	-80.2710413694722
			51.4679029957204	-80.176604850214
			51.4679029957204	-80.0821683309558
			51.4679029957204	-79.9877318116976
			51.4679029957204	-79.8932952924394
			51.5623395149786	-79.7988587731812
			51.5623395149786	-79.704422253923
			51.5623395149786	-79.6099857346648
			51.5623395149786	-79.5155492154066
			51.5623395149786	-79.4211126961484
		</border>
		<margin type=matrix rownames=FALSE colnames=FALSE nrow=440 ncol=2 as.numeric=TRUE >
			31.3529243937233	-96.2308131241084
			31.4473609129815	-96.2308131241084
			31.5417974322397	-96.2308131241084
			31.6362339514979	-96.2308131241084
			31.7306704707561	-96.2308131241084
			31.8251069900143	-96.2308131241084
			31.9195435092725	-96.2308131241084
			32.0139800285307	-96.2308131241084
			32.1084165477889	-96.2308131241084
			32.2028530670471	-96.2308131241084
			32.2972895863053	-96.2308131241084
			32.3917261055635	-96.2308131241084
			32.4861626248217	-96.2308131241084
			32.5805991440799	-96.2308131241084
			32.6750356633381	-96.2308131241084
			32.7694721825963	-96.2308131241084
			32.8639087018545	-96.2308131241084
			32.9583452211127	-96.2308131241084
			33.0527817403709	-96.2308131241084
			33.1472182596291	-96.2308131241084
			33.2416547788873	-96.2308131241084
			33.3360912981455	-96.1363766048502
			33.4305278174037	-96.1363766048502
			33.5249643366619	-96.1363766048502
			33.6194008559201	-96.1363766048502
			33.7138373751783	-96.1363766048502
			33.8082738944365	-96.1363766048502
			33.9027104136947	-96.1363766048502
			33.9971469329529	-96.1363766048502
			34.0915834522111	-96.1363766048502
			34.1860199714693	-96.1363766048502
			34.2804564907275	-96.1363766048502
			34.3748930099857	-96.1363766048502
			34.4693295292439	-96.041940085592
			34.5637660485021	-96.041940085592
			34.6582025677603	-96.041940085592
			34.7526390870185	-96.041940085592
			34.8470756062767	-96.041940085592
			34.9415121255349	-96.041940085592
			35.0359486447932	-96.041940085592
			35.1303851640514	-96.041940085592
			35.2248216833096	-95.9475035663338
			35.3192582025678	-95.9475035663338
			35.413694721826	-95.9475035663338
			35.5081312410842	-95.9475035663338
			35.6025677603424	-95.9475035663338
			35.6970042796006	-95.9475035663338
			35.7914407988588	-95.9475035663338
			35.885877318117	-95.8530670470756
			35.9803138373752	-95.8530670470756
			36.0747503566334	-95.8530670470756
			36.1691868758916	-95.8530670470756
			36.2636233951498	-95.8530670470756
			36.358059914408	-95.7586305278174
			36.4524964336662	-95.7586305278174
			36.5469329529244	-95.7586305278174
			36.6413694721826	-95.7586305278174
			36.7358059914408	-95.7586305278174
			36.830242510699	-95.6641940085592
			36.9246790299572	-95.6641940085592
			37.0191155492154	-95.6641940085592
			37.1135520684736	-95.6641940085592
			37.2079885877318	-95.569757489301
			37.30242510699	-95.569757489301
			37.3968616262482	-95.569757489301
			37.4912981455064	-95.569757489301
			37.5857346647646	-95.569757489301
			37.6801711840228	-95.4753209700428
			37.774607703281	-95.4753209700428
			37.8690442225392	-95.4753209700428
			37.9634807417974	-95.3808844507846
			38.0579172610556	-95.3808844507846
			38.1523537803138	-95.3808844507846
			38.246790299572	-95.2864479315264
			38.3412268188302	-95.2864479315264
			38.4356633380884	-95.2864479315264
			38.5300998573466	-95.2864479315264
			38.6245363766049	-95.1920114122682
			38.7189728958631	-95.1920114122682
			38.8134094151213	-95.1920114122682
			38.9078459343795	-95.09757489301
			39.0022824536377	-95.09757489301
			39.0967189728959	-95.09757489301
			39.1911554921541	-95.0031383737518
			39.2855920114123	-95.0031383737518
			39.3800285306705	-95.0031383737518
			39.4744650499287	-94.9087018544936
			39.5689015691869	-94.9087018544936
			39.6633380884451	-94.9087018544936
			39.7577746077033	-94.8142653352354
			39.8522111269615	-94.8142653352354
			39.9466476462197	-94.8142653352354
			40.0410841654779	-94.7198288159772
			40.1355206847361	-94.7198288159772
			40.2299572039943	-94.625392296719
			40.3243937232525	-94.625392296719
			40.4188302425107	-94.625392296719
			40.5132667617689	-94.5309557774608
			40.6077032810271	-94.5309557774608
			40.7021398002853	-94.4365192582026
			40.7965763195435	-94.4365192582026
			40.8910128388017	-94.3420827389444
			40.9854493580599	-94.3420827389444
			41.0798858773181	-94.2476462196862
			41.1743223965763	-94.2476462196862
			41.2687589158345	-94.2476462196862
			41.3631954350927	-94.153209700428
			41.4576319543509	-94.153209700428
			41.5520684736091	-94.0587731811698
			41.6465049928673	-94.0587731811698
			41.7409415121255	-93.9643366619116
			41.8353780313837	-93.9643366619116
			41.9298145506419	-93.8699001426533
			42.0242510699001	-93.8699001426533
			42.1186875891583	-93.7754636233952
			42.2131241084166	-93.7754636233952
			42.3075606276747	-93.6810271041369
			42.4019971469329	-93.6810271041369
			42.4964336661912	-93.5865905848787
			42.5908701854494	-93.5865905848787
			42.6853067047076	-93.4921540656205
			42.7797432239658	-93.4921540656205
			42.7797432239658	-93.3977175463623
			42.874179743224	-93.3977175463623
			42.9686162624822	-93.3032810271041
			43.0630527817404	-93.3032810271041
			43.1574893009986	-93.2088445078459
			43.2519258202568	-93.2088445078459
			43.346362339515	-93.1144079885877
			43.4407988587732	-93.1144079885877
			43.5352353780314	-93.0199714693295
			43.6296718972896	-92.9255349500713
			43.7241084165478	-92.8310984308131
			43.818544935806	-92.8310984308131
			43.9129814550642	-92.7366619115549
			44.0074179743224	-92.6422253922967
			44.0074179743224	-92.5477888730385
			44.1018544935806	-92.5477888730385
			44.1962910128388	-92.4533523537803
			44.290727532097	-92.3589158345221
			44.3851640513552	-92.3589158345221
			44.3851640513552	-92.2644793152639
			44.4796005706134	-92.1700427960057
			44.5740370898716	-92.1700427960057
			44.6684736091298	-92.0756062767475
			44.762910128388	-91.9811697574893
			44.8573466476462	-91.8867332382311
			44.9517831669044	-91.7922967189729
			45.0462196861626	-91.6978601997147
			45.1406562054208	-91.6034236804565
			45.235092724679	-91.6034236804565
			45.3295292439372	-91.5089871611983
			45.4239657631954	-91.4145506419401
			45.5184022824536	-91.3201141226819
			45.6128388017118	-91.2256776034237
			45.6128388017118	-91.1312410841655
			45.70727532097	-91.1312410841655
			45.8017118402282	-91.0368045649073
			45.8961483594864	-90.9423680456491
			45.9905848787446	-90.8479315263909
			46.0850213980029	-90.7534950071327
			46.1794579172611	-90.6590584878745
			46.2738944365193	-90.5646219686163
			46.3683309557775	-90.4701854493581
			46.4627674750357	-90.3757489300999
			46.5572039942939	-90.2813124108417
			46.6516405135521	-90.1868758915835
			46.7460770328103	-90.0924393723252
			46.8405135520685	-89.998002853067
			46.9349500713267	-89.9035663338088
			47.0293865905849	-89.8091298145506
			47.1238231098431	-89.7146932952924
			47.2182596291013	-89.6202567760342
			47.3126961483595	-89.525820256776
			47.4071326676177	-89.4313837375178
			47.5015691868759	-89.3369472182596
			47.5960057061341	-89.2425106990014
			47.6904422253923	-89.1480741797432
			47.7848787446505	-89.053637660485
			47.8793152639087	-88.9592011412268
			47.8793152639087	-88.8647646219686
			47.9737517831669	-88.7703281027104
			48.0681883024251	-88.6758915834522
			48.1626248216833	-88.581455064194
			48.2570613409415	-88.4870185449358
			48.3514978601997	-88.4870185449358
			48.4459343794579	-88.3925820256776
			48.4459343794579	-88.2981455064194
			48.5403708987161	-88.2037089871612
			48.6348074179743	-88.109272467903
			48.7292439372325	-88.0148359486448
			48.8236804564907	-87.9203994293866
			48.8236804564907	-87.8259629101284
			48.9181169757489	-87.7315263908702
			49.0125534950071	-87.637089871612
			49.1069900142653	-87.5426533523538
			49.2014265335235	-87.4482168330956
			49.2014265335235	-87.3537803138374
			49.2958630527817	-87.2593437945792
			49.3902995720399	-87.164907275321
			49.4847360912981	-87.0704707560628
			49.4847360912981	-86.9760342368046
			49.5791726105563	-86.8815977175464
			49.6736091298146	-86.7871611982882
			49.6736091298146	-86.69272467903
			49.7680456490728	-86.69272467903
			49.862482168331	-86.5982881597718
			49.862482168331	-86.5038516405135
			49.9569186875892	-86.4094151212553
			50.0513552068474	-86.3149786019971
			50.0513552068474	-86.2205420827389
			50.1457917261056	-86.1261055634807
			50.2402282453638	-86.0316690442225
			50.2402282453638	-85.9372325249643
			50.334664764622	-85.8427960057061
			50.4291012838802	-85.7483594864479
			50.4291012838802	-85.6539229671897
			50.5235378031384	-85.5594864479315
			50.5235378031384	-85.4650499286733
			50.6179743223966	-85.3706134094151
			50.7124108416548	-85.3706134094151
			50.7124108416548	-85.2761768901569
			50.806847360913	-85.1817403708987
			50.806847360913	-85.0873038516405
			50.9012838801712	-84.9928673323823
			50.9012838801712	-84.8984308131241
			50.9957203994294	-84.8039942938659
			50.9957203994294	-84.7095577746077
			51.0901569186876	-84.6151212553495
			51.1845934379458	-84.5206847360913
			51.1845934379458	-84.4262482168331
			51.279029957204	-84.3318116975749
			51.279029957204	-84.2373751783167
			51.3734664764622	-84.2373751783167
			51.3734664764622	-84.1429386590585
			51.3734664764622	-84.0485021398003
			51.4679029957204	-83.9540656205421
			51.4679029957204	-83.8596291012839
			51.5623395149786	-83.7651925820257
			51.5623395149786	-83.6707560627675
			51.6567760342368	-83.5763195435093
			51.6567760342368	-83.4818830242511
			51.751212553495	-83.3874465049929
			51.751212553495	-83.2930099857347
			51.8456490727532	-83.1985734664765
			51.8456490727532	-83.1041369472183
			51.9400855920114	-83.0097004279601
			51.9400855920114	-82.9152639087019
			51.9400855920114	-82.8208273894437
			52.0345221112696	-82.7263908701855
			52.0345221112696	-82.6319543509272
			52.0345221112696	-82.537517831669
			52.1289586305278	-82.4430813124108
			52.1289586305278	-82.3486447931526
			52.223395149786	-82.2542082738944
			52.223395149786	-82.1597717546362
			52.223395149786	-82.065335235378
			52.3178316690442	-81.9708987161198
			52.3178316690442	-81.8764621968616
			52.3178316690442	-81.7820256776034
			52.3178316690442	-81.6875891583452
			52.4122681883024	-81.593152639087
			52.4122681883024	-81.4987161198288
			52.4122681883024	-81.4042796005706
			52.5067047075606	-81.3098430813124
			52.5067047075606	-81.2154065620542
			52.5067047075606	-81.120970042796
			52.5067047075606	-81.0265335235378
			52.6011412268188	-80.9320970042796
			52.6011412268188	-80.8376604850214
			52.6011412268188	-80.7432239657632
			52.6011412268188	-80.648787446505
			52.6011412268188	-80.5543509272468
			52.695577746077	-80.4599144079886
			52.695577746077	-80.3654778887304
			52.695577746077	-80.2710413694722
			52.695577746077	-80.176604850214
			52.6011412268188	-80.0821683309558
			52.5067047075606	-80.0821683309558
			52.4122681883024	-79.9877318116976
			52.3178316690442	-79.8932952924394
			52.223395149786	-79.7988587731812
			52.1289586305278	-79.7988587731812
			52.0345221112696	-79.704422253923
			51.9400855920114	-79.6099857346648
			51.8456490727532	-79.6099857346648
			51.751212553495	-79.5155492154066
			51.6567760342368	-79.4211126961484
			51.5623395149786	-79.3266761768902
			51.4679029957204	-79.3266761768902
			51.3734664764622	-79.232239657632
			51.279029957204	-79.1378031383738
			51.1845934379458	-79.1378031383738
			51.0901569186876	-79.0433666191155
			50.9957203994294	-78.9489300998573
			50.9012838801712	-78.9489300998573
			50.806847360913	-78.8544935805991
			50.7124108416548	-78.8544935805991
			50.6179743223966	-78.7600570613409
			50.5235378031384	-78.6656205420827
			50.4291012838802	-78.5711840228245
			50.334664764622	-78.5711840228245
			50.2402282453638	-78.4767475035663
			50.1457917261056	-78.4767475035663
			50.0513552068474	-78.3823109843081
			49.9569186875892	-78.3823109843081
			49.862482168331	-78.2878744650499
			49.7680456490728	-78.1934379457917
			49.6736091298146	-78.1934379457917
			49.5791726105563	-78.0990014265335
			49.4847360912981	-78.0990014265335
			49.3902995720399	-78.0045649072753
			49.2958630527817	-77.9101283880171
			49.2014265335235	-77.9101283880171
			49.1069900142653	-77.8156918687589
			49.0125534950071	-77.7212553495007
			48.9181169757489	-77.7212553495007
			48.8236804564907	-77.6268188302425
			48.7292439372325	-77.5323823109843
			48.6348074179743	-77.5323823109843
			48.5403708987161	-77.4379457917261
			48.4459343794579	-77.3435092724679
			48.3514978601997	-77.3435092724679
			48.2570613409415	-77.2490727532097
			48.1626248216833	-77.2490727532097
			48.0681883024251	-77.1546362339515
			47.9737517831669	-77.0601997146933
			47.8793152639087	-77.0601997146933
			47.7848787446505	-76.9657631954351
			47.6904422253923	-76.9657631954351
			47.5960057061341	-76.8713266761769
			47.5015691868759	-76.7768901569187
			47.4071326676177	-76.6824536376605
			47.3126961483595	-76.6824536376605
			47.2182596291013	-76.5880171184023
			47.1238231098431	-76.5880171184023
			47.0293865905849	-76.4935805991441
			46.9349500713267	-76.3991440798859
			46.8405135520685	-76.3991440798859
			46.7460770328103	-76.3047075606277
			46.6516405135521	-76.3047075606277
			46.5572039942939	-76.2102710413695
			46.4627674750357	-76.1158345221113
			46.3683309557775	-76.1158345221113
			46.2738944365193	-76.0213980028531
			46.1794579172611	-75.9269614835949
			46.0850213980029	-75.9269614835949
			45.9905848787446	-75.8325249643367
			45.8961483594864	-75.8325249643367
			45.8017118402282	-75.7380884450785
			45.70727532097	-75.7380884450785
			45.6128388017118	-75.6436519258203
			45.5184022824536	-75.5492154065621
			45.4239657631954	-75.5492154065621
			45.3295292439372	-75.4547788873038
			45.235092724679	-75.4547788873038
			45.1406562054208	-75.3603423680457
			45.0462196861626	-75.3603423680457
			44.9517831669044	-75.3603423680457
			44.8573466476462	-75.2659058487874
			44.762910128388	-75.2659058487874
			44.6684736091298	-75.2659058487874
			44.5740370898716	-75.2659058487874
			44.4796005706134	-75.2659058487874
			44.3851640513552	-75.1714693295292
			44.290727532097	-75.1714693295292
			44.1962910128388	-75.1714693295292
			44.1018544935806	-75.1714693295292
			44.0074179743224	-75.1714693295292
			43.9129814550642	-75.077032810271
			43.818544935806	-75.077032810271
			43.7241084165478	-75.077032810271
			43.6296718972896	-75.077032810271
			43.5352353780314	-75.077032810271
			43.4407988587732	-75.077032810271
			43.346362339515	-74.9825962910128
			43.2519258202568	-74.9825962910128
			43.1574893009986	-74.9825962910128
			43.0630527817404	-74.9825962910128
			42.9686162624822	-74.9825962910128
			42.874179743224	-74.9825962910128
			42.7797432239658	-74.8881597717546
			42.6853067047076	-74.8881597717546
			42.5908701854494	-74.8881597717546
			42.4964336661912	-74.8881597717546
			42.4019971469329	-74.8881597717546
			42.3075606276747	-74.8881597717546
			42.2131241084166	-74.7937232524964
			42.1186875891583	-74.7937232524964
			42.0242510699001	-74.7937232524964
			41.9298145506419	-74.7937232524964
			41.8353780313837	-74.7937232524964
			41.7409415121255	-74.7937232524964
			41.6465049928673	-74.7937232524964
			41.5520684736091	-74.7937232524964
			41.4576319543509	-74.7937232524964
			41.3631954350927	-74.6992867332382
			41.2687589158345	-74.6992867332382
			41.1743223965763	-74.6992867332382
			41.0798858773181	-74.6992867332382
			40.9854493580599	-74.6992867332382
			40.8910128388017	-74.6992867332382
			40.7965763195435	-74.6992867332382
			40.7021398002853	-74.6992867332382
			40.6077032810271	-74.6992867332382
			40.5132667617689	-74.6992867332382
			40.4188302425107	-74.6992867332382
			40.3243937232525	-74.6992867332382
			40.2299572039943	-74.60485021398
			40.1355206847361	-74.60485021398
			40.0410841654779	-74.60485021398
			39.9466476462197	-74.60485021398
			39.8522111269615	-74.60485021398
			39.7577746077033	-74.60485021398
			39.6633380884451	-74.60485021398
			39.5689015691869	-74.60485021398
			39.4744650499287	-74.60485021398
			39.3800285306705	-74.60485021398
			39.2855920114123	-74.60485021398
			39.1911554921541	-74.60485021398
			39.0967189728959	-74.60485021398
			39.0022824536377	-74.6992867332382
			38.9078459343795	-74.6992867332382
			38.8134094151213	-74.6992867332382
			38.7189728958631	-74.6992867332382
			38.6245363766049	-74.6992867332382
			38.5300998573466	-74.6992867332382
			38.4356633380884	-74.6992867332382
			38.3412268188302	-74.6992867332382
			38.246790299572	-74.7937232524964
			38.1523537803138	-74.7937232524964
			38.0579172610556	-74.7937232524964
			37.9634807417974	-74.7937232524964
			37.8690442225392	-74.7937232524964
			37.8690442225392	-74.8881597717546
			37.774607703281	-74.8881597717546
			37.6801711840228	-74.8881597717546
			37.5857346647646	-74.8881597717546
			37.5857346647646	-74.9825962910128
			37.4912981455064	-74.9825962910128
		</margin>
	</curves.scaled>
	<ruler.points type=matrix rownames=TRUE colnames=FALSE nrow=2 ncol=2 as.numeric=TRUE >
		Ruler point 1	750	46
		Ruler point 2	1451	46
	</ruler.points>
</shapes>

