<shapes type=list>
	<square.size type=vector names=FALSE length=1 as.numeric=TRUE >10</square.size>
	<scaling.units type=vector names=FALSE length=1 as.numeric=FALSE >mm</scaling.units>
	<scaling type=logical names=FALSE length=1 as.numeric=FALSE >NA</scaling>
	<landmarks.pixel type=matrix rownames=TRUE colnames=FALSE nrow=7 ncol=2 as.numeric=TRUE >
		LM1	246	41
		LM2	246	234
		LM3	246	249
		LM4	246	278
		LM5	322	67
		LM6	437	133
		LM7	443	142
	</landmarks.pixel>
	<curves.control type=list>
		<axis type=matrix rownames=FALSE colnames=FALSE nrow=17 ncol=2 as.numeric=TRUE >
			246	41
			284	40
			318	68
			324	76
			316	88
			321	99
			312	108
			315	123
			309	131
			309	143
			305	152
			303	164
			300	171
			297	182
			287	207
			270	236
			246	234
		</axis>
		<border type=matrix rownames=FALSE colnames=FALSE nrow=7 ncol=2 as.numeric=TRUE >
			246	249
			289	251
			327	232
			367	207
			394	176
			418	153
			437	133
		</border>
		<margin type=matrix rownames=FALSE colnames=FALSE nrow=17 ncol=2 as.numeric=TRUE >
			246	278
			297	280
			324	268
			361	253
			390	223
			418	193
			431	166
			440	150
			443	142
			444	135
			429	121
			433	107
			424	99
			405	83
			386	74
			359	71
			322	67
		</margin>
	</curves.control>
	<curves.pixel type=list>
		<axis type=matrix rownames=FALSE colnames=FALSE nrow=264 ncol=2 as.numeric=TRUE >
			246	41
			247	41
			248	41
			249	41
			250	41
			251	41
			252	41
			253	41
			254	41
			255	41
			256	41
			257	41
			258	41
			259	41
			260	42
			261	42
			262	42
			263	42
			264	42
			265	42
			266	43
			267	43
			268	43
			269	43
			270	43
			271	44
			272	44
			273	44
			274	44
			275	45
			276	45
			277	45
			278	45
			279	46
			280	46
			281	46
			281	47
			282	47
			283	47
			284	48
			285	48
			286	48
			287	49
			288	49
			289	50
			290	50
			291	51
			292	51
			293	51
			293	52
			294	52
			295	53
			296	53
			297	54
			298	54
			299	55
			300	55
			301	56
			302	56
			303	57
			304	58
			305	59
			306	59
			307	60
			308	60
			309	61
			310	62
			311	62
			312	63
			312	64
			313	64
			314	65
			315	65
			315	66
			316	67
			317	67
			318	68
			318	69
			319	69
			319	70
			320	71
			320	72
			320	73
			321	74
			321	75
			321	76
			320	77
			320	78
			320	79
			320	80
			319	81
			319	82
			319	83
			318	84
			318	85
			317	86
			317	87
			316	88
			316	89
			317	89
			317	90
			317	91
			317	92
			318	93
			318	94
			318	95
			318	96
			318	97
			318	98
			317	99
			317	100
			317	101
			316	102
			316	103
			315	104
			314	105
			313	106
			313	107
			312	108
			312	109
			312	110
			313	111
			313	112
			313	113
			313	114
			313	115
			313	116
			313	117
			313	118
			313	119
			313	120
			313	121
			313	122
			312	123
			312	124
			312	125
			312	126
			311	127
			311	128
			310	129
			310	130
			309	131
			309	132
			309	133
			309	134
			309	135
			309	136
			309	137
			309	138
			308	139
			308	140
			308	141
			308	142
			308	143
			308	144
			307	145
			307	146
			307	147
			307	148
			306	149
			306	150
			306	151
			305	152
			305	153
			305	154
			304	155
			304	156
			304	157
			304	158
			304	159
			303	160
			303	161
			303	162
			303	163
			302	164
			302	165
			302	166
			301	167
			301	168
			301	169
			300	170
			300	171
			300	172
			299	173
			299	174
			299	175
			299	176
			298	177
			298	178
			298	179
			297	180
			297	181
			296	182
			296	183
			296	184
			295	185
			295	186
			295	187
			294	188
			294	189
			294	190
			293	191
			293	192
			292	193
			292	194
			292	195
			291	196
			291	197
			290	198
			290	199
			290	200
			289	201
			289	202
			289	203
			288	204
			288	205
			287	206
			287	207
			286	208
			286	209
			285	210
			285	211
			284	212
			283	213
			283	214
			282	215
			281	216
			280	217
			279	218
			278	219
			278	220
			277	221
			276	222
			275	223
			274	223
			273	224
			273	225
			272	226
			271	226
			270	227
			269	228
			268	228
			267	229
			266	230
			265	230
			264	231
			263	231
			262	232
			261	232
			260	232
			259	233
			258	233
			257	233
			256	233
			255	234
			254	234
			253	234
			252	234
			251	234
			250	234
			249	234
			248	234
			247	234
			246	234
		</axis>
		<border type=matrix rownames=FALSE colnames=FALSE nrow=210 ncol=2 as.numeric=TRUE >
			246	249
			247	249
			248	249
			249	249
			250	249
			251	249
			252	249
			253	249
			254	249
			255	249
			256	249
			257	249
			258	249
			259	249
			260	249
			261	249
			262	249
			263	249
			264	249
			265	249
			266	249
			267	249
			268	249
			269	248
			270	248
			271	248
			272	248
			273	248
			274	248
			275	248
			276	248
			277	248
			278	247
			279	247
			280	247
			281	247
			282	247
			283	247
			284	247
			285	246
			286	246
			287	246
			288	246
			289	246
			290	245
			291	245
			292	245
			293	245
			293	244
			294	244
			295	244
			296	244
			297	243
			298	243
			299	243
			300	243
			301	242
			302	242
			303	242
			304	241
			305	241
			306	241
			307	240
			308	240
			309	240
			310	239
			311	239
			312	239
			313	238
			314	238
			315	237
			316	237
			317	237
			318	236
			319	236
			320	235
			321	235
			322	235
			322	234
			323	234
			324	233
			325	233
			326	233
			326	232
			327	232
			328	231
			329	231
			330	230
			331	229
			332	229
			333	228
			334	227
			335	227
			336	226
			337	225
			338	225
			339	224
			340	224
			341	223
			342	222
			343	222
			344	221
			345	220
			346	219
			347	218
			348	218
			349	217
			350	216
			351	216
			352	215
			353	214
			354	213
			355	212
			356	212
			357	211
			358	210
			359	210
			360	209
			360	208
			361	208
			362	207
			363	206
			364	205
			365	205
			366	204
			366	203
			367	202
			368	202
			369	201
			370	200
			371	200
			372	199
			372	198
			373	197
			374	197
			375	196
			376	195
			376	194
			377	194
			378	193
			379	192
			380	191
			381	190
			382	189
			383	188
			384	187
			385	186
			386	185
			387	184
			387	183
			388	182
			389	181
			390	180
			391	179
			392	179
			393	178
			393	177
			394	176
			395	175
			396	174
			397	173
			398	172
			399	171
			400	170
			401	170
			402	169
			402	168
			403	167
			404	166
			405	165
			406	165
			407	164
			408	163
			408	162
			409	161
			410	160
			411	160
			412	159
			412	158
			413	157
			414	156
			415	156
			416	155
			417	154
			417	153
			418	152
			419	152
			420	151
			420	150
			421	149
			422	148
			423	148
			424	147
			424	146
			425	145
			426	145
			427	144
			427	143
			428	142
			429	141
			430	141
			430	140
			431	139
			432	138
			433	138
			433	137
			434	136
			435	135
			436	134
			437	133
		</border>
		<margin type=matrix rownames=FALSE colnames=FALSE nrow=384 ncol=2 as.numeric=TRUE >
			246	278
			247	278
			248	278
			249	278
			250	278
			251	278
			252	278
			253	278
			254	278
			255	278
			256	278
			257	278
			258	278
			259	278
			260	278
			261	278
			262	278
			263	278
			264	278
			265	278
			266	278
			267	278
			268	278
			269	278
			270	278
			271	278
			272	278
			273	278
			274	278
			275	278
			276	278
			277	278
			278	278
			279	278
			280	278
			281	278
			281	277
			282	277
			283	277
			284	277
			285	277
			286	277
			287	277
			288	277
			289	277
			290	277
			291	276
			292	276
			293	276
			294	276
			295	276
			296	276
			297	276
			298	276
			299	275
			300	275
			301	275
			302	275
			303	274
			304	274
			305	274
			306	274
			307	274
			308	273
			309	273
			310	273
			311	273
			312	272
			313	272
			314	272
			315	271
			316	271
			317	271
			318	270
			319	270
			320	270
			321	269
			322	269
			323	269
			323	268
			324	268
			325	267
			326	267
			327	267
			328	266
			329	266
			330	265
			331	265
			332	265
			333	264
			334	263
			335	263
			336	263
			337	262
			338	262
			339	261
			340	261
			341	260
			342	260
			343	259
			344	259
			345	258
			346	258
			346	257
			347	257
			348	256
			349	256
			350	255
			351	254
			352	254
			353	253
			354	253
			355	252
			356	251
			357	250
			358	250
			359	249
			360	249
			360	248
			361	248
			362	247
			363	247
			364	246
			365	245
			366	244
			367	244
			368	243
			368	242
			369	242
			370	241
			371	240
			372	239
			373	239
			374	238
			375	237
			376	237
			376	236
			377	235
			378	234
			379	234
			380	233
			381	232
			381	231
			382	231
			383	230
			384	229
			385	228
			386	227
			387	226
			388	225
			389	224
			390	223
			391	222
			392	221
			393	220
			394	219
			395	218
			395	217
			396	216
			397	215
			398	214
			399	213
			400	212
			401	211
			401	210
			402	209
			403	208
			404	207
			405	206
			405	205
			406	204
			407	203
			408	202
			408	201
			409	201
			410	200
			411	199
			411	198
			412	197
			413	196
			413	195
			414	194
			415	193
			415	192
			416	191
			417	190
			417	189
			418	188
			419	187
			419	186
			420	185
			421	185
			421	184
			422	183
			422	182
			423	181
			423	180
			424	179
			425	178
			425	177
			426	176
			426	175
			427	174
			428	173
			428	172
			429	171
			429	170
			430	169
			430	168
			431	167
			431	166
			431	165
			432	164
			432	163
			433	162
			434	161
			434	160
			435	159
			435	158
			436	157
			436	156
			437	155
			437	154
			438	153
			439	152
			439	151
			440	150
			440	149
			440	148
			441	147
			441	146
			442	145
			442	144
			443	143
			443	142
			443	141
			443	140
			443	139
			442	138
			442	137
			442	136
			441	135
			440	134
			440	133
			439	132
			438	131
			438	130
			437	129
			436	128
			435	127
			434	126
			433	125
			432	124
			431	123
			430	122
			429	121
			429	120
			430	119
			430	118
			430	117
			430	116
			430	115
			430	114
			430	113
			430	112
			430	111
			430	110
			430	109
			430	108
			429	107
			429	106
			429	105
			428	104
			428	103
			427	103
			427	102
			426	101
			425	100
			424	99
			423	98
			422	97
			421	96
			420	95
			419	95
			418	94
			417	93
			416	92
			415	92
			414	91
			413	90
			412	89
			411	89
			410	88
			409	87
			408	86
			407	86
			406	85
			405	84
			404	84
			403	83
			402	83
			401	82
			400	81
			399	81
			398	81
			398	80
			397	80
			396	79
			395	79
			394	78
			393	77
			392	77
			391	76
			390	76
			389	76
			389	75
			388	75
			387	75
			387	74
			386	74
			385	74
			384	74
			383	74
			382	74
			381	73
			380	73
			379	73
			378	73
			377	73
			376	73
			375	73
			374	73
			373	73
			372	72
			371	72
			370	72
			369	72
			368	72
			367	72
			366	72
			365	72
			364	72
			363	71
			362	71
			361	71
			360	71
			359	71
			358	71
			357	71
			356	71
			355	71
			354	70
			353	70
			352	70
			351	70
			350	70
			349	70
			348	70
			347	70
			346	70
			345	69
			344	69
			343	69
			342	69
			341	69
			340	69
			339	69
			338	69
			337	69
			336	69
			335	68
			334	68
			333	68
			332	68
			331	68
			330	68
			329	68
			328	68
			327	68
			326	67
			325	67
			324	67
			323	67
			322	67
		</margin>
	</curves.pixel>
	<ruler.points type=matrix rownames=TRUE colnames=FALSE nrow=2 ncol=2 as.numeric=TRUE >
		Ruler point 1	147	326
		Ruler point 2	401	326
	</ruler.points>
</shapes>

