<shapes type=list>
	<ruler.pixel type=vector names=FALSE length=1 as.numeric=TRUE >129</ruler.pixel>
	<ruler.interval type=vector names=FALSE length=1 as.numeric=TRUE >2</ruler.interval>
	<scaling.units type=vector names=FALSE length=1 as.numeric=FALSE >cm</scaling.units>
	<scaling type=vector names=FALSE length=1 as.numeric=TRUE >0.0155038759689922</scaling>
	<landmarks.pixel type=matrix rownames=TRUE colnames=FALSE nrow=7 ncol=2 as.numeric=TRUE >
		LM1	254	44
		LM2	264	335
		LM3	263	387
		LM4	264	429
		LM5	320	54
		LM6	490	124
		LM7	493	132
	</landmarks.pixel>
	<landmarks.scaled type=matrix rownames=TRUE colnames=FALSE nrow=7 ncol=2 as.numeric=TRUE >
		LM1	3.93798449612403	-0.682170542635659
		LM2	4.09302325581395	-5.1937984496124
		LM3	4.07751937984496	-6
		LM4	4.09302325581395	-6.65116279069767
		LM5	4.96124031007752	-0.837209302325581
		LM6	7.5968992248062	-1.92248062015504
		LM7	7.64341085271318	-2.04651162790698
	</landmarks.scaled>
	<curves.control type=list>
		<axis type=matrix rownames=FALSE colnames=FALSE nrow=15 ncol=2 as.numeric=TRUE >
			254	44
			264	45
			274	48
			283	50
			298	50
			316	53
			320	54
			311	109
			305	154
			297	226
			288	287
			287	302
			284	321
			276	335
			264	335
		</axis>
		<border type=matrix rownames=FALSE colnames=FALSE nrow=5 ncol=2 as.numeric=TRUE >
			263	387
			336	363
			378	308
			431	258
			490	124
		</border>
		<margin type=matrix rownames=FALSE colnames=FALSE nrow=15 ncol=2 as.numeric=TRUE >
			264	429
			278	408
			281	391
			309	381
			346	360
			382	328
			429	264
			473	211
			492	139
			493	112
			469	80
			429	58
			363	52
			342	54
			320	54
		</margin>
	</curves.control>
	<curves.pixel type=list>
		<axis type=matrix rownames=FALSE colnames=FALSE nrow=360 ncol=2 as.numeric=TRUE >
			254	44
			255	44
			256	44
			257	44
			258	44
			259	45
			260	45
			261	45
			262	45
			263	45
			264	45
			265	46
			266	46
			267	46
			268	46
			269	47
			270	47
			271	47
			272	48
			273	48
			274	48
			275	48
			276	48
			277	49
			278	49
			279	49
			280	49
			281	49
			282	49
			283	49
			284	49
			285	50
			286	50
			287	50
			288	50
			289	50
			290	50
			291	50
			292	50
			293	50
			294	50
			295	50
			296	50
			297	50
			298	50
			299	50
			300	50
			301	51
			302	51
			303	51
			304	51
			305	51
			306	51
			307	51
			308	52
			309	52
			310	52
			311	52
			312	52
			313	53
			314	53
			315	53
			316	53
			317	53
			318	53
			318	54
			319	54
			320	54
			320	55
			320	56
			319	57
			319	58
			319	59
			319	60
			319	61
			319	62
			319	63
			318	64
			318	65
			318	66
			318	67
			318	68
			318	69
			317	70
			317	71
			317	72
			317	73
			317	74
			317	75
			316	76
			316	77
			316	78
			316	79
			316	80
			316	81
			316	82
			315	83
			315	84
			315	85
			315	86
			315	87
			315	88
			314	89
			314	90
			314	91
			314	92
			314	93
			314	94
			314	95
			313	96
			313	97
			313	98
			313	99
			313	100
			313	101
			312	102
			312	103
			312	104
			312	105
			312	106
			312	107
			312	108
			311	109
			311	110
			311	111
			311	112
			311	113
			311	114
			310	115
			310	116
			310	117
			310	118
			310	119
			310	120
			310	121
			309	122
			309	123
			309	124
			309	125
			309	126
			309	127
			309	128
			308	129
			308	130
			308	131
			308	132
			308	133
			308	134
			308	135
			308	136
			307	137
			307	138
			307	139
			307	140
			307	141
			307	142
			307	143
			306	143
			306	144
			306	145
			306	146
			306	147
			306	148
			306	149
			306	150
			305	150
			305	151
			305	152
			305	153
			305	154
			305	155
			305	156
			305	157
			305	158
			304	159
			304	160
			304	161
			304	162
			304	163
			304	164
			304	165
			304	166
			303	167
			303	168
			303	169
			303	170
			303	171
			303	172
			303	173
			303	174
			303	175
			302	176
			302	177
			302	178
			302	179
			302	180
			302	181
			302	182
			302	183
			302	184
			301	185
			301	186
			301	187
			301	188
			301	189
			301	190
			301	191
			301	192
			300	193
			300	194
			300	195
			300	196
			300	197
			300	198
			300	199
			300	200
			299	201
			299	202
			299	203
			299	204
			299	205
			299	206
			299	207
			299	208
			299	209
			298	209
			298	210
			298	211
			298	212
			298	213
			298	214
			298	215
			298	216
			297	217
			297	218
			297	219
			297	220
			297	221
			297	222
			297	223
			297	224
			296	225
			296	226
			296	227
			296	228
			296	229
			296	230
			296	231
			296	232
			296	233
			295	234
			295	235
			295	236
			295	237
			295	238
			295	239
			295	240
			294	241
			294	242
			294	243
			294	244
			294	245
			294	246
			294	247
			293	248
			293	249
			293	250
			293	251
			293	252
			293	253
			293	254
			293	255
			292	256
			292	257
			292	258
			292	259
			292	260
			292	261
			292	262
			291	263
			291	264
			291	265
			291	266
			291	267
			291	268
			291	269
			291	270
			290	271
			290	272
			290	273
			290	274
			290	275
			290	276
			289	277
			289	278
			289	279
			289	280
			289	281
			289	282
			289	283
			288	284
			288	285
			288	286
			288	287
			288	288
			288	289
			288	290
			288	291
			288	292
			288	293
			287	294
			287	295
			287	296
			287	297
			287	298
			287	299
			287	300
			287	301
			287	302
			286	303
			286	304
			286	305
			286	306
			286	307
			286	308
			286	309
			286	310
			285	311
			285	312
			285	313
			285	314
			285	315
			285	316
			285	317
			284	318
			284	319
			284	320
			284	321
			284	322
			283	323
			282	324
			281	325
			280	326
			280	327
			279	328
			278	329
			277	330
			276	331
			275	332
			274	332
			273	333
			272	333
			271	334
			270	334
			269	334
			268	335
			267	335
			266	335
			265	335
			264	335
		</axis>
		<border type=matrix rownames=FALSE colnames=FALSE nrow=316 ncol=2 as.numeric=TRUE >
			263	387
			264	387
			265	386
			266	386
			267	386
			268	385
			269	385
			270	385
			271	384
			272	384
			273	384
			274	383
			275	383
			276	382
			277	382
			278	382
			279	381
			280	381
			281	380
			282	380
			283	380
			284	379
			285	379
			286	378
			287	378
			288	377
			289	377
			290	377
			290	376
			291	376
			292	376
			293	375
			294	375
			295	374
			296	374
			297	373
			298	373
			299	372
			300	372
			301	372
			301	371
			302	371
			303	370
			304	370
			305	369
			306	369
			307	368
			308	368
			308	367
			309	367
			310	366
			311	366
			312	365
			313	365
			314	364
			315	363
			316	363
			317	362
			318	362
			319	361
			320	360
			321	360
			322	359
			323	359
			324	358
			325	357
			326	357
			327	356
			328	355
			329	355
			330	354
			331	353
			332	353
			333	352
			334	351
			335	351
			336	350
			337	349
			338	349
			338	348
			339	347
			340	346
			341	346
			342	345
			343	344
			344	343
			345	343
			346	342
			346	341
			347	341
			348	340
			349	339
			350	338
			351	338
			352	337
			352	336
			353	335
			354	334
			355	334
			356	333
			357	332
			357	331
			358	330
			359	330
			360	329
			361	328
			361	327
			362	326
			363	326
			364	325
			365	324
			365	323
			366	322
			367	321
			368	320
			369	319
			370	318
			371	317
			372	316
			373	315
			373	314
			374	313
			375	312
			376	311
			377	310
			377	309
			378	308
			379	307
			380	306
			381	305
			382	304
			383	303
			384	302
			385	301
			386	300
			387	299
			387	298
			388	297
			389	296
			390	295
			391	294
			392	293
			393	292
			394	291
			395	290
			396	289
			397	288
			398	287
			399	286
			399	285
			400	284
			401	283
			402	282
			402	281
			403	280
			404	279
			405	278
			406	277
			406	276
			407	275
			408	274
			409	273
			409	272
			410	271
			410	270
			411	269
			412	269
			412	268
			413	267
			413	266
			414	265
			415	264
			416	263
			417	262
			417	261
			418	260
			419	259
			419	258
			420	257
			420	256
			421	255
			422	254
			423	253
			423	252
			424	251
			424	250
			425	249
			426	248
			426	247
			427	246
			428	245
			428	244
			429	243
			429	242
			430	241
			431	240
			431	239
			432	238
			433	237
			433	236
			434	235
			434	234
			435	233
			436	232
			436	231
			437	230
			437	229
			438	228
			438	227
			439	226
			440	225
			440	224
			441	223
			441	222
			442	221
			443	220
			443	219
			444	218
			444	217
			445	216
			445	215
			446	214
			446	213
			447	212
			447	211
			448	210
			449	209
			449	208
			450	207
			450	206
			451	205
			451	204
			452	203
			452	202
			453	201
			454	200
			454	199
			455	198
			455	197
			456	196
			456	195
			457	194
			457	193
			458	192
			458	191
			459	190
			459	189
			460	188
			460	187
			461	186
			461	185
			462	185
			462	184
			462	183
			463	182
			463	181
			464	180
			464	179
			465	178
			465	177
			466	176
			466	175
			467	174
			467	173
			468	172
			468	171
			469	170
			469	169
			470	168
			470	167
			471	166
			471	165
			472	164
			472	163
			473	162
			473	161
			474	160
			474	159
			475	158
			475	157
			475	156
			476	155
			476	154
			477	153
			477	152
			478	151
			478	150
			479	149
			479	148
			480	147
			480	146
			480	145
			481	145
			481	144
			481	143
			482	143
			482	142
			482	141
			483	140
			483	139
			484	138
			484	137
			485	136
			485	135
			485	134
			486	134
			486	133
			486	132
			487	131
			487	130
			488	129
			488	128
			489	127
			489	126
			490	125
			490	124
		</border>
		<margin type=matrix rownames=FALSE colnames=FALSE nrow=558 ncol=2 as.numeric=TRUE >
			264	429
			265	428
			265	427
			266	426
			267	425
			267	424
			268	423
			268	422
			269	421
			269	420
			270	419
			270	418
			271	418
			271	417
			272	416
			272	415
			273	414
			273	413
			274	412
			274	411
			275	410
			275	409
			276	408
			276	407
			277	406
			277	405
			277	404
			278	403
			278	402
			279	401
			279	400
			279	399
			279	398
			280	397
			280	396
			280	395
			280	394
			281	393
			281	392
			281	391
			282	391
			283	390
			284	390
			285	389
			286	389
			287	389
			288	388
			289	388
			290	388
			290	387
			291	387
			292	387
			293	386
			294	386
			295	386
			296	385
			297	385
			298	384
			299	384
			300	383
			301	383
			302	382
			303	382
			304	382
			305	381
			306	381
			307	380
			308	380
			309	379
			310	379
			311	378
			312	378
			313	377
			314	377
			315	376
			316	376
			317	375
			318	375
			319	374
			320	374
			321	373
			322	373
			323	372
			324	372
			325	371
			326	371
			327	370
			328	370
			329	369
			330	369
			331	368
			332	367
			333	367
			334	367
			334	366
			335	366
			336	366
			336	365
			337	365
			338	365
			338	364
			339	364
			340	364
			340	363
			341	363
			342	363
			342	362
			343	362
			344	361
			345	361
			346	360
			347	359
			348	358
			349	357
			350	357
			351	356
			351	355
			352	354
			353	354
			354	353
			355	352
			355	351
			356	350
			357	350
			358	349
			359	348
			360	347
			360	346
			361	346
			362	345
			363	344
			364	343
			365	342
			365	341
			366	340
			367	340
			368	339
			369	338
			370	337
			370	336
			371	335
			372	334
			373	333
			374	332
			375	331
			376	330
			377	329
			377	328
			378	327
			379	326
			380	325
			381	324
			382	323
			383	322
			384	321
			384	320
			385	319
			386	318
			387	317
			388	316
			389	315
			390	314
			391	313
			392	312
			393	311
			394	310
			394	309
			395	308
			396	307
			397	306
			397	305
			398	304
			399	304
			399	303
			400	302
			401	301
			401	300
			402	299
			403	299
			403	298
			404	297
			405	296
			405	295
			406	294
			407	293
			407	292
			408	292
			409	291
			409	290
			410	289
			411	288
			412	287
			412	286
			413	285
			414	284
			414	283
			415	283
			416	282
			417	281
			417	280
			418	279
			419	278
			419	277
			420	276
			421	275
			422	274
			422	273
			423	272
			424	271
			424	270
			425	269
			426	268
			427	267
			427	266
			428	265
			429	264
			429	263
			430	263
			431	262
			432	261
			432	260
			433	259
			434	258
			435	257
			436	256
			436	255
			437	254
			438	253
			439	252
			440	251
			440	250
			441	249
			441	248
			442	248
			442	247
			443	246
			443	245
			444	244
			445	243
			446	242
			446	241
			447	240
			448	239
			448	238
			449	237
			450	236
			450	235
			451	234
			451	233
			452	232
			453	231
			453	230
			454	229
			454	228
			455	227
			456	226
			457	225
			457	224
			458	223
			458	222
			459	221
			460	220
			460	219
			461	218
			461	217
			461	216
			462	215
			463	214
			463	213
			464	212
			465	211
			465	210
			466	209
			466	208
			466	207
			467	207
			467	206
			467	205
			468	204
			468	203
			469	202
			469	201
			470	200
			470	199
			471	199
			471	198
			471	197
			472	196
			472	195
			473	194
			473	193
			473	192
			474	191
			474	190
			475	189
			475	188
			476	187
			476	186
			476	185
			477	184
			478	183
			478	182
			478	181
			478	180
			479	180
			479	179
			479	178
			480	177
			480	176
			481	175
			481	174
			481	173
			482	172
			482	171
			482	170
			483	169
			483	168
			484	167
			484	166
			484	165
			485	164
			485	163
			485	162
			485	161
			486	161
			486	160
			486	159
			486	158
			487	157
			487	156
			487	155
			488	154
			488	153
			488	152
			489	151
			489	150
			489	149
			489	148
			490	147
			490	146
			490	145
			491	144
			491	143
			491	142
			491	141
			492	140
			492	139
			492	138
			492	137
			492	136
			492	135
			492	134
			492	133
			492	132
			492	131
			492	130
			492	129
			491	128
			491	127
			491	126
			491	125
			491	124
			490	123
			490	122
			490	121
			490	120
			490	119
			489	119
			489	118
			489	117
			489	116
			488	115
			488	114
			488	113
			487	112
			487	111
			486	110
			486	109
			486	108
			485	107
			485	106
			484	105
			484	104
			483	103
			483	102
			482	101
			482	100
			481	99
			481	98
			480	97
			480	96
			479	95
			479	94
			478	93
			477	92
			477	91
			476	90
			475	89
			475	88
			474	87
			473	86
			473	85
			472	84
			471	83
			470	82
			470	81
			469	80
			468	79
			467	79
			466	78
			465	78
			464	78
			464	77
			463	77
			462	76
			461	76
			460	76
			460	75
			459	75
			458	74
			457	74
			456	74
			455	73
			454	73
			453	72
			452	72
			451	71
			450	71
			449	71
			448	70
			447	70
			446	69
			445	69
			444	69
			443	68
			442	68
			441	68
			440	67
			439	67
			438	67
			437	66
			436	66
			435	66
			434	65
			433	65
			432	65
			431	64
			430	64
			429	64
			428	63
			427	63
			426	63
			425	63
			424	62
			423	62
			422	62
			421	62
			420	61
			419	61
			418	61
			417	61
			416	60
			415	60
			414	60
			413	60
			412	59
			411	59
			410	59
			409	59
			408	59
			407	58
			406	58
			405	58
			404	58
			403	58
			402	57
			401	57
			400	57
			399	57
			398	57
			397	56
			396	56
			395	56
			394	56
			393	56
			392	56
			391	55
			390	55
			389	55
			388	55
			387	55
			386	55
			385	54
			384	54
			383	54
			382	54
			381	54
			380	54
			379	54
			378	54
			377	54
			376	53
			375	53
			374	53
			373	53
			372	53
			371	53
			370	53
			369	53
			368	52
			367	52
			366	52
			365	52
			364	52
			363	52
			362	52
			361	52
			360	52
			359	52
			358	52
			357	53
			356	53
			355	53
			354	53
			353	53
			352	53
			351	53
			350	53
			349	53
			348	53
			347	53
			346	53
			345	53
			344	53
			343	53
			342	53
			341	54
			340	54
			339	54
			338	54
			337	54
			336	54
			335	54
			334	54
			333	54
			332	54
			331	54
			330	54
			329	54
			328	54
			327	54
			326	54
			325	54
			324	54
			323	54
			322	54
			321	54
			320	54
		</margin>
	</curves.pixel>
	<curves.scaled type=list>
		<axis type=matrix rownames=FALSE colnames=FALSE nrow=360 ncol=2 as.numeric=TRUE >
			3.93798449612403	-0.682170542635659
			3.95348837209302	-0.682170542635659
			3.96899224806202	-0.682170542635659
			3.98449612403101	-0.682170542635659
			4	-0.682170542635659
			4.01550387596899	-0.697674418604651
			4.03100775193798	-0.697674418604651
			4.04651162790698	-0.697674418604651
			4.06201550387597	-0.697674418604651
			4.07751937984496	-0.697674418604651
			4.09302325581395	-0.697674418604651
			4.10852713178295	-0.713178294573643
			4.12403100775194	-0.713178294573643
			4.13953488372093	-0.713178294573643
			4.15503875968992	-0.713178294573643
			4.17054263565892	-0.728682170542636
			4.18604651162791	-0.728682170542636
			4.2015503875969	-0.728682170542636
			4.21705426356589	-0.744186046511628
			4.23255813953488	-0.744186046511628
			4.24806201550388	-0.744186046511628
			4.26356589147287	-0.744186046511628
			4.27906976744186	-0.744186046511628
			4.29457364341085	-0.75968992248062
			4.31007751937984	-0.75968992248062
			4.32558139534884	-0.75968992248062
			4.34108527131783	-0.75968992248062
			4.35658914728682	-0.75968992248062
			4.37209302325581	-0.75968992248062
			4.38759689922481	-0.75968992248062
			4.4031007751938	-0.75968992248062
			4.41860465116279	-0.775193798449612
			4.43410852713178	-0.775193798449612
			4.44961240310078	-0.775193798449612
			4.46511627906977	-0.775193798449612
			4.48062015503876	-0.775193798449612
			4.49612403100775	-0.775193798449612
			4.51162790697674	-0.775193798449612
			4.52713178294574	-0.775193798449612
			4.54263565891473	-0.775193798449612
			4.55813953488372	-0.775193798449612
			4.57364341085271	-0.775193798449612
			4.58914728682171	-0.775193798449612
			4.6046511627907	-0.775193798449612
			4.62015503875969	-0.775193798449612
			4.63565891472868	-0.775193798449612
			4.65116279069767	-0.775193798449612
			4.66666666666667	-0.790697674418605
			4.68217054263566	-0.790697674418605
			4.69767441860465	-0.790697674418605
			4.71317829457364	-0.790697674418605
			4.72868217054264	-0.790697674418605
			4.74418604651163	-0.790697674418605
			4.75968992248062	-0.790697674418605
			4.77519379844961	-0.806201550387597
			4.7906976744186	-0.806201550387597
			4.8062015503876	-0.806201550387597
			4.82170542635659	-0.806201550387597
			4.83720930232558	-0.806201550387597
			4.85271317829457	-0.821705426356589
			4.86821705426357	-0.821705426356589
			4.88372093023256	-0.821705426356589
			4.89922480620155	-0.821705426356589
			4.91472868217054	-0.821705426356589
			4.93023255813953	-0.821705426356589
			4.93023255813953	-0.837209302325581
			4.94573643410853	-0.837209302325581
			4.96124031007752	-0.837209302325581
			4.96124031007752	-0.852713178294574
			4.96124031007752	-0.868217054263566
			4.94573643410853	-0.883720930232558
			4.94573643410853	-0.89922480620155
			4.94573643410853	-0.914728682170543
			4.94573643410853	-0.930232558139535
			4.94573643410853	-0.945736434108527
			4.94573643410853	-0.961240310077519
			4.94573643410853	-0.976744186046512
			4.93023255813953	-0.992248062015504
			4.93023255813953	-1.0077519379845
			4.93023255813953	-1.02325581395349
			4.93023255813953	-1.03875968992248
			4.93023255813953	-1.05426356589147
			4.93023255813953	-1.06976744186047
			4.91472868217054	-1.08527131782946
			4.91472868217054	-1.10077519379845
			4.91472868217054	-1.11627906976744
			4.91472868217054	-1.13178294573643
			4.91472868217054	-1.14728682170543
			4.91472868217054	-1.16279069767442
			4.89922480620155	-1.17829457364341
			4.89922480620155	-1.1937984496124
			4.89922480620155	-1.2093023255814
			4.89922480620155	-1.22480620155039
			4.89922480620155	-1.24031007751938
			4.89922480620155	-1.25581395348837
			4.89922480620155	-1.27131782945736
			4.88372093023256	-1.28682170542636
			4.88372093023256	-1.30232558139535
			4.88372093023256	-1.31782945736434
			4.88372093023256	-1.33333333333333
			4.88372093023256	-1.34883720930233
			4.88372093023256	-1.36434108527132
			4.86821705426357	-1.37984496124031
			4.86821705426357	-1.3953488372093
			4.86821705426357	-1.41085271317829
			4.86821705426357	-1.42635658914729
			4.86821705426357	-1.44186046511628
			4.86821705426357	-1.45736434108527
			4.86821705426357	-1.47286821705426
			4.85271317829457	-1.48837209302326
			4.85271317829457	-1.50387596899225
			4.85271317829457	-1.51937984496124
			4.85271317829457	-1.53488372093023
			4.85271317829457	-1.55038759689922
			4.85271317829457	-1.56589147286822
			4.83720930232558	-1.58139534883721
			4.83720930232558	-1.5968992248062
			4.83720930232558	-1.61240310077519
			4.83720930232558	-1.62790697674419
			4.83720930232558	-1.64341085271318
			4.83720930232558	-1.65891472868217
			4.83720930232558	-1.67441860465116
			4.82170542635659	-1.68992248062015
			4.82170542635659	-1.70542635658915
			4.82170542635659	-1.72093023255814
			4.82170542635659	-1.73643410852713
			4.82170542635659	-1.75193798449612
			4.82170542635659	-1.76744186046512
			4.8062015503876	-1.78294573643411
			4.8062015503876	-1.7984496124031
			4.8062015503876	-1.81395348837209
			4.8062015503876	-1.82945736434109
			4.8062015503876	-1.84496124031008
			4.8062015503876	-1.86046511627907
			4.8062015503876	-1.87596899224806
			4.7906976744186	-1.89147286821705
			4.7906976744186	-1.90697674418605
			4.7906976744186	-1.92248062015504
			4.7906976744186	-1.93798449612403
			4.7906976744186	-1.95348837209302
			4.7906976744186	-1.96899224806202
			4.7906976744186	-1.98449612403101
			4.77519379844961	-2
			4.77519379844961	-2.01550387596899
			4.77519379844961	-2.03100775193798
			4.77519379844961	-2.04651162790698
			4.77519379844961	-2.06201550387597
			4.77519379844961	-2.07751937984496
			4.77519379844961	-2.09302325581395
			4.77519379844961	-2.10852713178295
			4.75968992248062	-2.12403100775194
			4.75968992248062	-2.13953488372093
			4.75968992248062	-2.15503875968992
			4.75968992248062	-2.17054263565891
			4.75968992248062	-2.18604651162791
			4.75968992248062	-2.2015503875969
			4.75968992248062	-2.21705426356589
			4.74418604651163	-2.21705426356589
			4.74418604651163	-2.23255813953488
			4.74418604651163	-2.24806201550388
			4.74418604651163	-2.26356589147287
			4.74418604651163	-2.27906976744186
			4.74418604651163	-2.29457364341085
			4.74418604651163	-2.31007751937985
			4.74418604651163	-2.32558139534884
			4.72868217054264	-2.32558139534884
			4.72868217054264	-2.34108527131783
			4.72868217054264	-2.35658914728682
			4.72868217054264	-2.37209302325581
			4.72868217054264	-2.38759689922481
			4.72868217054264	-2.4031007751938
			4.72868217054264	-2.41860465116279
			4.72868217054264	-2.43410852713178
			4.72868217054264	-2.44961240310078
			4.71317829457364	-2.46511627906977
			4.71317829457364	-2.48062015503876
			4.71317829457364	-2.49612403100775
			4.71317829457364	-2.51162790697674
			4.71317829457364	-2.52713178294574
			4.71317829457364	-2.54263565891473
			4.71317829457364	-2.55813953488372
			4.71317829457364	-2.57364341085271
			4.69767441860465	-2.58914728682171
			4.69767441860465	-2.6046511627907
			4.69767441860465	-2.62015503875969
			4.69767441860465	-2.63565891472868
			4.69767441860465	-2.65116279069767
			4.69767441860465	-2.66666666666667
			4.69767441860465	-2.68217054263566
			4.69767441860465	-2.69767441860465
			4.69767441860465	-2.71317829457364
			4.68217054263566	-2.72868217054264
			4.68217054263566	-2.74418604651163
			4.68217054263566	-2.75968992248062
			4.68217054263566	-2.77519379844961
			4.68217054263566	-2.7906976744186
			4.68217054263566	-2.8062015503876
			4.68217054263566	-2.82170542635659
			4.68217054263566	-2.83720930232558
			4.68217054263566	-2.85271317829457
			4.66666666666667	-2.86821705426357
			4.66666666666667	-2.88372093023256
			4.66666666666667	-2.89922480620155
			4.66666666666667	-2.91472868217054
			4.66666666666667	-2.93023255813953
			4.66666666666667	-2.94573643410853
			4.66666666666667	-2.96124031007752
			4.66666666666667	-2.97674418604651
			4.65116279069767	-2.9922480620155
			4.65116279069767	-3.0077519379845
			4.65116279069767	-3.02325581395349
			4.65116279069767	-3.03875968992248
			4.65116279069767	-3.05426356589147
			4.65116279069767	-3.06976744186047
			4.65116279069767	-3.08527131782946
			4.65116279069767	-3.10077519379845
			4.63565891472868	-3.11627906976744
			4.63565891472868	-3.13178294573643
			4.63565891472868	-3.14728682170543
			4.63565891472868	-3.16279069767442
			4.63565891472868	-3.17829457364341
			4.63565891472868	-3.1937984496124
			4.63565891472868	-3.2093023255814
			4.63565891472868	-3.22480620155039
			4.63565891472868	-3.24031007751938
			4.62015503875969	-3.24031007751938
			4.62015503875969	-3.25581395348837
			4.62015503875969	-3.27131782945736
			4.62015503875969	-3.28682170542636
			4.62015503875969	-3.30232558139535
			4.62015503875969	-3.31782945736434
			4.62015503875969	-3.33333333333333
			4.62015503875969	-3.34883720930233
			4.6046511627907	-3.36434108527132
			4.6046511627907	-3.37984496124031
			4.6046511627907	-3.3953488372093
			4.6046511627907	-3.41085271317829
			4.6046511627907	-3.42635658914729
			4.6046511627907	-3.44186046511628
			4.6046511627907	-3.45736434108527
			4.6046511627907	-3.47286821705426
			4.58914728682171	-3.48837209302326
			4.58914728682171	-3.50387596899225
			4.58914728682171	-3.51937984496124
			4.58914728682171	-3.53488372093023
			4.58914728682171	-3.55038759689922
			4.58914728682171	-3.56589147286822
			4.58914728682171	-3.58139534883721
			4.58914728682171	-3.5968992248062
			4.58914728682171	-3.61240310077519
			4.57364341085271	-3.62790697674419
			4.57364341085271	-3.64341085271318
			4.57364341085271	-3.65891472868217
			4.57364341085271	-3.67441860465116
			4.57364341085271	-3.68992248062015
			4.57364341085271	-3.70542635658915
			4.57364341085271	-3.72093023255814
			4.55813953488372	-3.73643410852713
			4.55813953488372	-3.75193798449612
			4.55813953488372	-3.76744186046512
			4.55813953488372	-3.78294573643411
			4.55813953488372	-3.7984496124031
			4.55813953488372	-3.81395348837209
			4.55813953488372	-3.82945736434109
			4.54263565891473	-3.84496124031008
			4.54263565891473	-3.86046511627907
			4.54263565891473	-3.87596899224806
			4.54263565891473	-3.89147286821705
			4.54263565891473	-3.90697674418605
			4.54263565891473	-3.92248062015504
			4.54263565891473	-3.93798449612403
			4.54263565891473	-3.95348837209302
			4.52713178294574	-3.96899224806202
			4.52713178294574	-3.98449612403101
			4.52713178294574	-4
			4.52713178294574	-4.01550387596899
			4.52713178294574	-4.03100775193798
			4.52713178294574	-4.04651162790698
			4.52713178294574	-4.06201550387597
			4.51162790697674	-4.07751937984496
			4.51162790697674	-4.09302325581395
			4.51162790697674	-4.10852713178295
			4.51162790697674	-4.12403100775194
			4.51162790697674	-4.13953488372093
			4.51162790697674	-4.15503875968992
			4.51162790697674	-4.17054263565892
			4.51162790697674	-4.18604651162791
			4.49612403100775	-4.2015503875969
			4.49612403100775	-4.21705426356589
			4.49612403100775	-4.23255813953488
			4.49612403100775	-4.24806201550388
			4.49612403100775	-4.26356589147287
			4.49612403100775	-4.27906976744186
			4.48062015503876	-4.29457364341085
			4.48062015503876	-4.31007751937984
			4.48062015503876	-4.32558139534884
			4.48062015503876	-4.34108527131783
			4.48062015503876	-4.35658914728682
			4.48062015503876	-4.37209302325581
			4.48062015503876	-4.38759689922481
			4.46511627906977	-4.4031007751938
			4.46511627906977	-4.41860465116279
			4.46511627906977	-4.43410852713178
			4.46511627906977	-4.44961240310078
			4.46511627906977	-4.46511627906977
			4.46511627906977	-4.48062015503876
			4.46511627906977	-4.49612403100775
			4.46511627906977	-4.51162790697674
			4.46511627906977	-4.52713178294574
			4.46511627906977	-4.54263565891473
			4.44961240310078	-4.55813953488372
			4.44961240310078	-4.57364341085271
			4.44961240310078	-4.58914728682171
			4.44961240310078	-4.6046511627907
			4.44961240310078	-4.62015503875969
			4.44961240310078	-4.63565891472868
			4.44961240310078	-4.65116279069767
			4.44961240310078	-4.66666666666667
			4.44961240310078	-4.68217054263566
			4.43410852713178	-4.69767441860465
			4.43410852713178	-4.71317829457364
			4.43410852713178	-4.72868217054264
			4.43410852713178	-4.74418604651163
			4.43410852713178	-4.75968992248062
			4.43410852713178	-4.77519379844961
			4.43410852713178	-4.7906976744186
			4.43410852713178	-4.8062015503876
			4.41860465116279	-4.82170542635659
			4.41860465116279	-4.83720930232558
			4.41860465116279	-4.85271317829457
			4.41860465116279	-4.86821705426357
			4.41860465116279	-4.88372093023256
			4.41860465116279	-4.89922480620155
			4.41860465116279	-4.91472868217054
			4.4031007751938	-4.93023255813953
			4.4031007751938	-4.94573643410853
			4.4031007751938	-4.96124031007752
			4.4031007751938	-4.97674418604651
			4.4031007751938	-4.9922480620155
			4.38759689922481	-5.0077519379845
			4.37209302325581	-5.02325581395349
			4.35658914728682	-5.03875968992248
			4.34108527131783	-5.05426356589147
			4.34108527131783	-5.06976744186047
			4.32558139534884	-5.08527131782946
			4.31007751937984	-5.10077519379845
			4.29457364341085	-5.11627906976744
			4.27906976744186	-5.13178294573643
			4.26356589147287	-5.14728682170543
			4.24806201550388	-5.14728682170543
			4.23255813953488	-5.16279069767442
			4.21705426356589	-5.16279069767442
			4.2015503875969	-5.17829457364341
			4.18604651162791	-5.17829457364341
			4.17054263565892	-5.17829457364341
			4.15503875968992	-5.1937984496124
			4.13953488372093	-5.1937984496124
			4.12403100775194	-5.1937984496124
			4.10852713178295	-5.1937984496124
			4.09302325581395	-5.1937984496124
		</axis>
		<border type=matrix rownames=FALSE colnames=FALSE nrow=316 ncol=2 as.numeric=TRUE >
			4.07751937984496	-6
			4.09302325581395	-6
			4.10852713178295	-5.98449612403101
			4.12403100775194	-5.98449612403101
			4.13953488372093	-5.98449612403101
			4.15503875968992	-5.96899224806202
			4.17054263565892	-5.96899224806202
			4.18604651162791	-5.96899224806202
			4.2015503875969	-5.95348837209302
			4.21705426356589	-5.95348837209302
			4.23255813953488	-5.95348837209302
			4.24806201550388	-5.93798449612403
			4.26356589147287	-5.93798449612403
			4.27906976744186	-5.92248062015504
			4.29457364341085	-5.92248062015504
			4.31007751937984	-5.92248062015504
			4.32558139534884	-5.90697674418605
			4.34108527131783	-5.90697674418605
			4.35658914728682	-5.89147286821705
			4.37209302325581	-5.89147286821705
			4.38759689922481	-5.89147286821705
			4.4031007751938	-5.87596899224806
			4.41860465116279	-5.87596899224806
			4.43410852713178	-5.86046511627907
			4.44961240310078	-5.86046511627907
			4.46511627906977	-5.84496124031008
			4.48062015503876	-5.84496124031008
			4.49612403100775	-5.84496124031008
			4.49612403100775	-5.82945736434108
			4.51162790697674	-5.82945736434108
			4.52713178294574	-5.82945736434108
			4.54263565891473	-5.81395348837209
			4.55813953488372	-5.81395348837209
			4.57364341085271	-5.7984496124031
			4.58914728682171	-5.7984496124031
			4.6046511627907	-5.78294573643411
			4.62015503875969	-5.78294573643411
			4.63565891472868	-5.76744186046512
			4.65116279069767	-5.76744186046512
			4.66666666666667	-5.76744186046512
			4.66666666666667	-5.75193798449612
			4.68217054263566	-5.75193798449612
			4.69767441860465	-5.73643410852713
			4.71317829457364	-5.73643410852713
			4.72868217054264	-5.72093023255814
			4.74418604651163	-5.72093023255814
			4.75968992248062	-5.70542635658915
			4.77519379844961	-5.70542635658915
			4.77519379844961	-5.68992248062016
			4.7906976744186	-5.68992248062016
			4.8062015503876	-5.67441860465116
			4.82170542635659	-5.67441860465116
			4.83720930232558	-5.65891472868217
			4.85271317829457	-5.65891472868217
			4.86821705426357	-5.64341085271318
			4.88372093023256	-5.62790697674419
			4.89922480620155	-5.62790697674419
			4.91472868217054	-5.61240310077519
			4.93023255813953	-5.61240310077519
			4.94573643410853	-5.5968992248062
			4.96124031007752	-5.58139534883721
			4.97674418604651	-5.58139534883721
			4.9922480620155	-5.56589147286822
			5.0077519379845	-5.56589147286822
			5.02325581395349	-5.55038759689922
			5.03875968992248	-5.53488372093023
			5.05426356589147	-5.53488372093023
			5.06976744186047	-5.51937984496124
			5.08527131782946	-5.50387596899225
			5.10077519379845	-5.50387596899225
			5.11627906976744	-5.48837209302326
			5.13178294573643	-5.47286821705426
			5.14728682170543	-5.47286821705426
			5.16279069767442	-5.45736434108527
			5.17829457364341	-5.44186046511628
			5.1937984496124	-5.44186046511628
			5.2093023255814	-5.42635658914729
			5.22480620155039	-5.41085271317829
			5.24031007751938	-5.41085271317829
			5.24031007751938	-5.3953488372093
			5.25581395348837	-5.37984496124031
			5.27131782945736	-5.36434108527132
			5.28682170542636	-5.36434108527132
			5.30232558139535	-5.34883720930233
			5.31782945736434	-5.33333333333333
			5.33333333333333	-5.31782945736434
			5.34883720930233	-5.31782945736434
			5.36434108527132	-5.30232558139535
			5.36434108527132	-5.28682170542636
			5.37984496124031	-5.28682170542636
			5.3953488372093	-5.27131782945736
			5.41085271317829	-5.25581395348837
			5.42635658914729	-5.24031007751938
			5.44186046511628	-5.24031007751938
			5.45736434108527	-5.22480620155039
			5.45736434108527	-5.2093023255814
			5.47286821705426	-5.1937984496124
			5.48837209302326	-5.17829457364341
			5.50387596899225	-5.17829457364341
			5.51937984496124	-5.16279069767442
			5.53488372093023	-5.14728682170543
			5.53488372093023	-5.13178294573643
			5.55038759689922	-5.11627906976744
			5.56589147286822	-5.11627906976744
			5.58139534883721	-5.10077519379845
			5.5968992248062	-5.08527131782946
			5.5968992248062	-5.06976744186047
			5.61240310077519	-5.05426356589147
			5.62790697674419	-5.05426356589147
			5.64341085271318	-5.03875968992248
			5.65891472868217	-5.02325581395349
			5.65891472868217	-5.0077519379845
			5.67441860465116	-4.9922480620155
			5.68992248062016	-4.97674418604651
			5.70542635658915	-4.96124031007752
			5.72093023255814	-4.94573643410853
			5.73643410852713	-4.93023255813953
			5.75193798449612	-4.91472868217054
			5.76744186046512	-4.89922480620155
			5.78294573643411	-4.88372093023256
			5.78294573643411	-4.86821705426357
			5.7984496124031	-4.85271317829457
			5.81395348837209	-4.83720930232558
			5.82945736434108	-4.82170542635659
			5.84496124031008	-4.8062015503876
			5.84496124031008	-4.7906976744186
			5.86046511627907	-4.77519379844961
			5.87596899224806	-4.75968992248062
			5.89147286821705	-4.74418604651163
			5.90697674418605	-4.72868217054264
			5.92248062015504	-4.71317829457364
			5.93798449612403	-4.69767441860465
			5.95348837209302	-4.68217054263566
			5.96899224806202	-4.66666666666667
			5.98449612403101	-4.65116279069767
			6	-4.63565891472868
			6	-4.62015503875969
			6.01550387596899	-4.6046511627907
			6.03100775193798	-4.58914728682171
			6.04651162790698	-4.57364341085271
			6.06201550387597	-4.55813953488372
			6.07751937984496	-4.54263565891473
			6.09302325581395	-4.52713178294574
			6.10852713178295	-4.51162790697674
			6.12403100775194	-4.49612403100775
			6.13953488372093	-4.48062015503876
			6.15503875968992	-4.46511627906977
			6.17054263565892	-4.44961240310078
			6.18604651162791	-4.43410852713178
			6.18604651162791	-4.41860465116279
			6.2015503875969	-4.4031007751938
			6.21705426356589	-4.38759689922481
			6.23255813953488	-4.37209302325581
			6.23255813953488	-4.35658914728682
			6.24806201550388	-4.34108527131783
			6.26356589147287	-4.32558139534884
			6.27906976744186	-4.31007751937984
			6.29457364341085	-4.29457364341085
			6.29457364341085	-4.27906976744186
			6.31007751937984	-4.26356589147287
			6.32558139534884	-4.24806201550388
			6.34108527131783	-4.23255813953488
			6.34108527131783	-4.21705426356589
			6.35658914728682	-4.2015503875969
			6.35658914728682	-4.18604651162791
			6.37209302325581	-4.17054263565892
			6.38759689922481	-4.17054263565892
			6.38759689922481	-4.15503875968992
			6.4031007751938	-4.13953488372093
			6.4031007751938	-4.12403100775194
			6.41860465116279	-4.10852713178295
			6.43410852713178	-4.09302325581395
			6.44961240310078	-4.07751937984496
			6.46511627906977	-4.06201550387597
			6.46511627906977	-4.04651162790698
			6.48062015503876	-4.03100775193798
			6.49612403100775	-4.01550387596899
			6.49612403100775	-4
			6.51162790697674	-3.98449612403101
			6.51162790697674	-3.96899224806202
			6.52713178294574	-3.95348837209302
			6.54263565891473	-3.93798449612403
			6.55813953488372	-3.92248062015504
			6.55813953488372	-3.90697674418605
			6.57364341085271	-3.89147286821705
			6.57364341085271	-3.87596899224806
			6.58914728682171	-3.86046511627907
			6.6046511627907	-3.84496124031008
			6.6046511627907	-3.82945736434109
			6.62015503875969	-3.81395348837209
			6.63565891472868	-3.7984496124031
			6.63565891472868	-3.78294573643411
			6.65116279069767	-3.76744186046512
			6.65116279069767	-3.75193798449612
			6.66666666666667	-3.73643410852713
			6.68217054263566	-3.72093023255814
			6.68217054263566	-3.70542635658915
			6.69767441860465	-3.68992248062015
			6.71317829457364	-3.67441860465116
			6.71317829457364	-3.65891472868217
			6.72868217054264	-3.64341085271318
			6.72868217054264	-3.62790697674419
			6.74418604651163	-3.61240310077519
			6.75968992248062	-3.5968992248062
			6.75968992248062	-3.58139534883721
			6.77519379844961	-3.56589147286822
			6.77519379844961	-3.55038759689922
			6.7906976744186	-3.53488372093023
			6.7906976744186	-3.51937984496124
			6.8062015503876	-3.50387596899225
			6.82170542635659	-3.48837209302326
			6.82170542635659	-3.47286821705426
			6.83720930232558	-3.45736434108527
			6.83720930232558	-3.44186046511628
			6.85271317829457	-3.42635658914729
			6.86821705426357	-3.41085271317829
			6.86821705426357	-3.3953488372093
			6.88372093023256	-3.37984496124031
			6.88372093023256	-3.36434108527132
			6.89922480620155	-3.34883720930233
			6.89922480620155	-3.33333333333333
			6.91472868217054	-3.31782945736434
			6.91472868217054	-3.30232558139535
			6.93023255813953	-3.28682170542636
			6.93023255813953	-3.27131782945736
			6.94573643410853	-3.25581395348837
			6.96124031007752	-3.24031007751938
			6.96124031007752	-3.22480620155039
			6.97674418604651	-3.2093023255814
			6.97674418604651	-3.1937984496124
			6.9922480620155	-3.17829457364341
			6.9922480620155	-3.16279069767442
			7.0077519379845	-3.14728682170543
			7.0077519379845	-3.13178294573643
			7.02325581395349	-3.11627906976744
			7.03875968992248	-3.10077519379845
			7.03875968992248	-3.08527131782946
			7.05426356589147	-3.06976744186047
			7.05426356589147	-3.05426356589147
			7.06976744186047	-3.03875968992248
			7.06976744186047	-3.02325581395349
			7.08527131782946	-3.0077519379845
			7.08527131782946	-2.9922480620155
			7.10077519379845	-2.97674418604651
			7.10077519379845	-2.96124031007752
			7.11627906976744	-2.94573643410853
			7.11627906976744	-2.93023255813953
			7.13178294573643	-2.91472868217054
			7.13178294573643	-2.89922480620155
			7.14728682170543	-2.88372093023256
			7.14728682170543	-2.86821705426357
			7.16279069767442	-2.86821705426357
			7.16279069767442	-2.85271317829457
			7.16279069767442	-2.83720930232558
			7.17829457364341	-2.82170542635659
			7.17829457364341	-2.8062015503876
			7.1937984496124	-2.7906976744186
			7.1937984496124	-2.77519379844961
			7.20930232558139	-2.75968992248062
			7.20930232558139	-2.74418604651163
			7.22480620155039	-2.72868217054264
			7.22480620155039	-2.71317829457364
			7.24031007751938	-2.69767441860465
			7.24031007751938	-2.68217054263566
			7.25581395348837	-2.66666666666667
			7.25581395348837	-2.65116279069767
			7.27131782945736	-2.63565891472868
			7.27131782945736	-2.62015503875969
			7.28682170542636	-2.6046511627907
			7.28682170542636	-2.58914728682171
			7.30232558139535	-2.57364341085271
			7.30232558139535	-2.55813953488372
			7.31782945736434	-2.54263565891473
			7.31782945736434	-2.52713178294574
			7.33333333333333	-2.51162790697674
			7.33333333333333	-2.49612403100775
			7.34883720930233	-2.48062015503876
			7.34883720930233	-2.46511627906977
			7.36434108527132	-2.44961240310078
			7.36434108527132	-2.43410852713178
			7.36434108527132	-2.41860465116279
			7.37984496124031	-2.4031007751938
			7.37984496124031	-2.38759689922481
			7.3953488372093	-2.37209302325581
			7.3953488372093	-2.35658914728682
			7.41085271317829	-2.34108527131783
			7.41085271317829	-2.32558139534884
			7.42635658914729	-2.31007751937985
			7.42635658914729	-2.29457364341085
			7.44186046511628	-2.27906976744186
			7.44186046511628	-2.26356589147287
			7.44186046511628	-2.24806201550388
			7.45736434108527	-2.24806201550388
			7.45736434108527	-2.23255813953488
			7.45736434108527	-2.21705426356589
			7.47286821705426	-2.21705426356589
			7.47286821705426	-2.2015503875969
			7.47286821705426	-2.18604651162791
			7.48837209302326	-2.17054263565891
			7.48837209302326	-2.15503875968992
			7.50387596899225	-2.13953488372093
			7.50387596899225	-2.12403100775194
			7.51937984496124	-2.10852713178295
			7.51937984496124	-2.09302325581395
			7.51937984496124	-2.07751937984496
			7.53488372093023	-2.07751937984496
			7.53488372093023	-2.06201550387597
			7.53488372093023	-2.04651162790698
			7.55038759689922	-2.03100775193798
			7.55038759689922	-2.01550387596899
			7.56589147286822	-2
			7.56589147286822	-1.98449612403101
			7.58139534883721	-1.96899224806202
			7.58139534883721	-1.95348837209302
			7.5968992248062	-1.93798449612403
			7.5968992248062	-1.92248062015504
		</border>
		<margin type=matrix rownames=FALSE colnames=FALSE nrow=558 ncol=2 as.numeric=TRUE >
			4.09302325581395	-6.65116279069767
			4.10852713178295	-6.63565891472868
			4.10852713178295	-6.62015503875969
			4.12403100775194	-6.6046511627907
			4.13953488372093	-6.58914728682171
			4.13953488372093	-6.57364341085271
			4.15503875968992	-6.55813953488372
			4.15503875968992	-6.54263565891473
			4.17054263565892	-6.52713178294574
			4.17054263565892	-6.51162790697674
			4.18604651162791	-6.49612403100775
			4.18604651162791	-6.48062015503876
			4.2015503875969	-6.48062015503876
			4.2015503875969	-6.46511627906977
			4.21705426356589	-6.44961240310078
			4.21705426356589	-6.43410852713178
			4.23255813953488	-6.41860465116279
			4.23255813953488	-6.4031007751938
			4.24806201550388	-6.38759689922481
			4.24806201550388	-6.37209302325581
			4.26356589147287	-6.35658914728682
			4.26356589147287	-6.34108527131783
			4.27906976744186	-6.32558139534884
			4.27906976744186	-6.31007751937984
			4.29457364341085	-6.29457364341085
			4.29457364341085	-6.27906976744186
			4.29457364341085	-6.26356589147287
			4.31007751937984	-6.24806201550388
			4.31007751937984	-6.23255813953488
			4.32558139534884	-6.21705426356589
			4.32558139534884	-6.2015503875969
			4.32558139534884	-6.18604651162791
			4.32558139534884	-6.17054263565892
			4.34108527131783	-6.15503875968992
			4.34108527131783	-6.13953488372093
			4.34108527131783	-6.12403100775194
			4.34108527131783	-6.10852713178295
			4.35658914728682	-6.09302325581395
			4.35658914728682	-6.07751937984496
			4.35658914728682	-6.06201550387597
			4.37209302325581	-6.06201550387597
			4.38759689922481	-6.04651162790698
			4.4031007751938	-6.04651162790698
			4.41860465116279	-6.03100775193798
			4.43410852713178	-6.03100775193798
			4.44961240310078	-6.03100775193798
			4.46511627906977	-6.01550387596899
			4.48062015503876	-6.01550387596899
			4.49612403100775	-6.01550387596899
			4.49612403100775	-6
			4.51162790697674	-6
			4.52713178294574	-6
			4.54263565891473	-5.98449612403101
			4.55813953488372	-5.98449612403101
			4.57364341085271	-5.98449612403101
			4.58914728682171	-5.96899224806202
			4.6046511627907	-5.96899224806202
			4.62015503875969	-5.95348837209302
			4.63565891472868	-5.95348837209302
			4.65116279069767	-5.93798449612403
			4.66666666666667	-5.93798449612403
			4.68217054263566	-5.92248062015504
			4.69767441860465	-5.92248062015504
			4.71317829457364	-5.92248062015504
			4.72868217054264	-5.90697674418605
			4.74418604651163	-5.90697674418605
			4.75968992248062	-5.89147286821705
			4.77519379844961	-5.89147286821705
			4.7906976744186	-5.87596899224806
			4.8062015503876	-5.87596899224806
			4.82170542635659	-5.86046511627907
			4.83720930232558	-5.86046511627907
			4.85271317829457	-5.84496124031008
			4.86821705426357	-5.84496124031008
			4.88372093023256	-5.82945736434108
			4.89922480620155	-5.82945736434108
			4.91472868217054	-5.81395348837209
			4.93023255813953	-5.81395348837209
			4.94573643410853	-5.7984496124031
			4.96124031007752	-5.7984496124031
			4.97674418604651	-5.78294573643411
			4.9922480620155	-5.78294573643411
			5.0077519379845	-5.76744186046512
			5.02325581395349	-5.76744186046512
			5.03875968992248	-5.75193798449612
			5.05426356589147	-5.75193798449612
			5.06976744186047	-5.73643410852713
			5.08527131782946	-5.73643410852713
			5.10077519379845	-5.72093023255814
			5.11627906976744	-5.72093023255814
			5.13178294573643	-5.70542635658915
			5.14728682170543	-5.68992248062016
			5.16279069767442	-5.68992248062016
			5.17829457364341	-5.68992248062016
			5.17829457364341	-5.67441860465116
			5.1937984496124	-5.67441860465116
			5.2093023255814	-5.67441860465116
			5.2093023255814	-5.65891472868217
			5.22480620155039	-5.65891472868217
			5.24031007751938	-5.65891472868217
			5.24031007751938	-5.64341085271318
			5.25581395348837	-5.64341085271318
			5.27131782945736	-5.64341085271318
			5.27131782945736	-5.62790697674419
			5.28682170542636	-5.62790697674419
			5.30232558139535	-5.62790697674419
			5.30232558139535	-5.61240310077519
			5.31782945736434	-5.61240310077519
			5.33333333333333	-5.5968992248062
			5.34883720930233	-5.5968992248062
			5.36434108527132	-5.58139534883721
			5.37984496124031	-5.56589147286822
			5.3953488372093	-5.55038759689922
			5.41085271317829	-5.53488372093023
			5.42635658914729	-5.53488372093023
			5.44186046511628	-5.51937984496124
			5.44186046511628	-5.50387596899225
			5.45736434108527	-5.48837209302326
			5.47286821705426	-5.48837209302326
			5.48837209302326	-5.47286821705426
			5.50387596899225	-5.45736434108527
			5.50387596899225	-5.44186046511628
			5.51937984496124	-5.42635658914729
			5.53488372093023	-5.42635658914729
			5.55038759689922	-5.41085271317829
			5.56589147286822	-5.3953488372093
			5.58139534883721	-5.37984496124031
			5.58139534883721	-5.36434108527132
			5.5968992248062	-5.36434108527132
			5.61240310077519	-5.34883720930233
			5.62790697674419	-5.33333333333333
			5.64341085271318	-5.31782945736434
			5.65891472868217	-5.30232558139535
			5.65891472868217	-5.28682170542636
			5.67441860465116	-5.27131782945736
			5.68992248062016	-5.27131782945736
			5.70542635658915	-5.25581395348837
			5.72093023255814	-5.24031007751938
			5.73643410852713	-5.22480620155039
			5.73643410852713	-5.2093023255814
			5.75193798449612	-5.1937984496124
			5.76744186046512	-5.17829457364341
			5.78294573643411	-5.16279069767442
			5.7984496124031	-5.14728682170543
			5.81395348837209	-5.13178294573643
			5.82945736434108	-5.11627906976744
			5.84496124031008	-5.10077519379845
			5.84496124031008	-5.08527131782946
			5.86046511627907	-5.06976744186047
			5.87596899224806	-5.05426356589147
			5.89147286821705	-5.03875968992248
			5.90697674418605	-5.02325581395349
			5.92248062015504	-5.0077519379845
			5.93798449612403	-4.9922480620155
			5.95348837209302	-4.97674418604651
			5.95348837209302	-4.96124031007752
			5.96899224806202	-4.94573643410853
			5.98449612403101	-4.93023255813953
			6	-4.91472868217054
			6.01550387596899	-4.89922480620155
			6.03100775193798	-4.88372093023256
			6.04651162790698	-4.86821705426357
			6.06201550387597	-4.85271317829457
			6.07751937984496	-4.83720930232558
			6.09302325581395	-4.82170542635659
			6.10852713178295	-4.8062015503876
			6.10852713178295	-4.7906976744186
			6.12403100775194	-4.77519379844961
			6.13953488372093	-4.75968992248062
			6.15503875968992	-4.74418604651163
			6.15503875968992	-4.72868217054264
			6.17054263565892	-4.71317829457364
			6.18604651162791	-4.71317829457364
			6.18604651162791	-4.69767441860465
			6.2015503875969	-4.68217054263566
			6.21705426356589	-4.66666666666667
			6.21705426356589	-4.65116279069767
			6.23255813953488	-4.63565891472868
			6.24806201550388	-4.63565891472868
			6.24806201550388	-4.62015503875969
			6.26356589147287	-4.6046511627907
			6.27906976744186	-4.58914728682171
			6.27906976744186	-4.57364341085271
			6.29457364341085	-4.55813953488372
			6.31007751937984	-4.54263565891473
			6.31007751937984	-4.52713178294574
			6.32558139534884	-4.52713178294574
			6.34108527131783	-4.51162790697674
			6.34108527131783	-4.49612403100775
			6.35658914728682	-4.48062015503876
			6.37209302325581	-4.46511627906977
			6.38759689922481	-4.44961240310078
			6.38759689922481	-4.43410852713178
			6.4031007751938	-4.41860465116279
			6.41860465116279	-4.4031007751938
			6.41860465116279	-4.38759689922481
			6.43410852713178	-4.38759689922481
			6.44961240310078	-4.37209302325581
			6.46511627906977	-4.35658914728682
			6.46511627906977	-4.34108527131783
			6.48062015503876	-4.32558139534884
			6.49612403100775	-4.31007751937984
			6.49612403100775	-4.29457364341085
			6.51162790697674	-4.27906976744186
			6.52713178294574	-4.26356589147287
			6.54263565891473	-4.24806201550388
			6.54263565891473	-4.23255813953488
			6.55813953488372	-4.21705426356589
			6.57364341085271	-4.2015503875969
			6.57364341085271	-4.18604651162791
			6.58914728682171	-4.17054263565892
			6.6046511627907	-4.15503875968992
			6.62015503875969	-4.13953488372093
			6.62015503875969	-4.12403100775194
			6.63565891472868	-4.10852713178295
			6.65116279069767	-4.09302325581395
			6.65116279069767	-4.07751937984496
			6.66666666666667	-4.07751937984496
			6.68217054263566	-4.06201550387597
			6.69767441860465	-4.04651162790698
			6.69767441860465	-4.03100775193798
			6.71317829457364	-4.01550387596899
			6.72868217054264	-4
			6.74418604651163	-3.98449612403101
			6.75968992248062	-3.96899224806202
			6.75968992248062	-3.95348837209302
			6.77519379844961	-3.93798449612403
			6.7906976744186	-3.92248062015504
			6.8062015503876	-3.90697674418605
			6.82170542635659	-3.89147286821705
			6.82170542635659	-3.87596899224806
			6.83720930232558	-3.86046511627907
			6.83720930232558	-3.84496124031008
			6.85271317829457	-3.84496124031008
			6.85271317829457	-3.82945736434109
			6.86821705426357	-3.81395348837209
			6.86821705426357	-3.7984496124031
			6.88372093023256	-3.78294573643411
			6.89922480620155	-3.76744186046512
			6.91472868217054	-3.75193798449612
			6.91472868217054	-3.73643410852713
			6.93023255813953	-3.72093023255814
			6.94573643410853	-3.70542635658915
			6.94573643410853	-3.68992248062015
			6.96124031007752	-3.67441860465116
			6.97674418604651	-3.65891472868217
			6.97674418604651	-3.64341085271318
			6.9922480620155	-3.62790697674419
			6.9922480620155	-3.61240310077519
			7.0077519379845	-3.5968992248062
			7.02325581395349	-3.58139534883721
			7.02325581395349	-3.56589147286822
			7.03875968992248	-3.55038759689922
			7.03875968992248	-3.53488372093023
			7.05426356589147	-3.51937984496124
			7.06976744186047	-3.50387596899225
			7.08527131782946	-3.48837209302326
			7.08527131782946	-3.47286821705426
			7.10077519379845	-3.45736434108527
			7.10077519379845	-3.44186046511628
			7.11627906976744	-3.42635658914729
			7.13178294573643	-3.41085271317829
			7.13178294573643	-3.3953488372093
			7.14728682170543	-3.37984496124031
			7.14728682170543	-3.36434108527132
			7.14728682170543	-3.34883720930233
			7.16279069767442	-3.33333333333333
			7.17829457364341	-3.31782945736434
			7.17829457364341	-3.30232558139535
			7.1937984496124	-3.28682170542636
			7.20930232558139	-3.27131782945736
			7.20930232558139	-3.25581395348837
			7.22480620155039	-3.24031007751938
			7.22480620155039	-3.22480620155039
			7.22480620155039	-3.2093023255814
			7.24031007751938	-3.2093023255814
			7.24031007751938	-3.1937984496124
			7.24031007751938	-3.17829457364341
			7.25581395348837	-3.16279069767442
			7.25581395348837	-3.14728682170543
			7.27131782945736	-3.13178294573643
			7.27131782945736	-3.11627906976744
			7.28682170542636	-3.10077519379845
			7.28682170542636	-3.08527131782946
			7.30232558139535	-3.08527131782946
			7.30232558139535	-3.06976744186047
			7.30232558139535	-3.05426356589147
			7.31782945736434	-3.03875968992248
			7.31782945736434	-3.02325581395349
			7.33333333333333	-3.0077519379845
			7.33333333333333	-2.9922480620155
			7.33333333333333	-2.97674418604651
			7.34883720930233	-2.96124031007752
			7.34883720930233	-2.94573643410853
			7.36434108527132	-2.93023255813953
			7.36434108527132	-2.91472868217054
			7.37984496124031	-2.89922480620155
			7.37984496124031	-2.88372093023256
			7.37984496124031	-2.86821705426357
			7.3953488372093	-2.85271317829457
			7.41085271317829	-2.83720930232558
			7.41085271317829	-2.82170542635659
			7.41085271317829	-2.8062015503876
			7.41085271317829	-2.7906976744186
			7.42635658914729	-2.7906976744186
			7.42635658914729	-2.77519379844961
			7.42635658914729	-2.75968992248062
			7.44186046511628	-2.74418604651163
			7.44186046511628	-2.72868217054264
			7.45736434108527	-2.71317829457364
			7.45736434108527	-2.69767441860465
			7.45736434108527	-2.68217054263566
			7.47286821705426	-2.66666666666667
			7.47286821705426	-2.65116279069767
			7.47286821705426	-2.63565891472868
			7.48837209302326	-2.62015503875969
			7.48837209302326	-2.6046511627907
			7.50387596899225	-2.58914728682171
			7.50387596899225	-2.57364341085271
			7.50387596899225	-2.55813953488372
			7.51937984496124	-2.54263565891473
			7.51937984496124	-2.52713178294574
			7.51937984496124	-2.51162790697674
			7.51937984496124	-2.49612403100775
			7.53488372093023	-2.49612403100775
			7.53488372093023	-2.48062015503876
			7.53488372093023	-2.46511627906977
			7.53488372093023	-2.44961240310078
			7.55038759689922	-2.43410852713178
			7.55038759689922	-2.41860465116279
			7.55038759689922	-2.4031007751938
			7.56589147286822	-2.38759689922481
			7.56589147286822	-2.37209302325581
			7.56589147286822	-2.35658914728682
			7.58139534883721	-2.34108527131783
			7.58139534883721	-2.32558139534884
			7.58139534883721	-2.31007751937985
			7.58139534883721	-2.29457364341085
			7.5968992248062	-2.27906976744186
			7.5968992248062	-2.26356589147287
			7.5968992248062	-2.24806201550388
			7.61240310077519	-2.23255813953488
			7.61240310077519	-2.21705426356589
			7.61240310077519	-2.2015503875969
			7.61240310077519	-2.18604651162791
			7.62790697674419	-2.17054263565891
			7.62790697674419	-2.15503875968992
			7.62790697674419	-2.13953488372093
			7.62790697674419	-2.12403100775194
			7.62790697674419	-2.10852713178295
			7.62790697674419	-2.09302325581395
			7.62790697674419	-2.07751937984496
			7.62790697674419	-2.06201550387597
			7.62790697674419	-2.04651162790698
			7.62790697674419	-2.03100775193798
			7.62790697674419	-2.01550387596899
			7.62790697674419	-2
			7.61240310077519	-1.98449612403101
			7.61240310077519	-1.96899224806202
			7.61240310077519	-1.95348837209302
			7.61240310077519	-1.93798449612403
			7.61240310077519	-1.92248062015504
			7.5968992248062	-1.90697674418605
			7.5968992248062	-1.89147286821705
			7.5968992248062	-1.87596899224806
			7.5968992248062	-1.86046511627907
			7.5968992248062	-1.84496124031008
			7.58139534883721	-1.84496124031008
			7.58139534883721	-1.82945736434109
			7.58139534883721	-1.81395348837209
			7.58139534883721	-1.7984496124031
			7.56589147286822	-1.78294573643411
			7.56589147286822	-1.76744186046512
			7.56589147286822	-1.75193798449612
			7.55038759689922	-1.73643410852713
			7.55038759689922	-1.72093023255814
			7.53488372093023	-1.70542635658915
			7.53488372093023	-1.68992248062015
			7.53488372093023	-1.67441860465116
			7.51937984496124	-1.65891472868217
			7.51937984496124	-1.64341085271318
			7.50387596899225	-1.62790697674419
			7.50387596899225	-1.61240310077519
			7.48837209302326	-1.5968992248062
			7.48837209302326	-1.58139534883721
			7.47286821705426	-1.56589147286822
			7.47286821705426	-1.55038759689922
			7.45736434108527	-1.53488372093023
			7.45736434108527	-1.51937984496124
			7.44186046511628	-1.50387596899225
			7.44186046511628	-1.48837209302326
			7.42635658914729	-1.47286821705426
			7.42635658914729	-1.45736434108527
			7.41085271317829	-1.44186046511628
			7.3953488372093	-1.42635658914729
			7.3953488372093	-1.41085271317829
			7.37984496124031	-1.3953488372093
			7.36434108527132	-1.37984496124031
			7.36434108527132	-1.36434108527132
			7.34883720930233	-1.34883720930233
			7.33333333333333	-1.33333333333333
			7.33333333333333	-1.31782945736434
			7.31782945736434	-1.30232558139535
			7.30232558139535	-1.28682170542636
			7.28682170542636	-1.27131782945736
			7.28682170542636	-1.25581395348837
			7.27131782945736	-1.24031007751938
			7.25581395348837	-1.22480620155039
			7.24031007751938	-1.22480620155039
			7.22480620155039	-1.2093023255814
			7.20930232558139	-1.2093023255814
			7.1937984496124	-1.2093023255814
			7.1937984496124	-1.1937984496124
			7.17829457364341	-1.1937984496124
			7.16279069767442	-1.17829457364341
			7.14728682170543	-1.17829457364341
			7.13178294573643	-1.17829457364341
			7.13178294573643	-1.16279069767442
			7.11627906976744	-1.16279069767442
			7.10077519379845	-1.14728682170543
			7.08527131782946	-1.14728682170543
			7.06976744186047	-1.14728682170543
			7.05426356589147	-1.13178294573643
			7.03875968992248	-1.13178294573643
			7.02325581395349	-1.11627906976744
			7.0077519379845	-1.11627906976744
			6.9922480620155	-1.10077519379845
			6.97674418604651	-1.10077519379845
			6.96124031007752	-1.10077519379845
			6.94573643410853	-1.08527131782946
			6.93023255813953	-1.08527131782946
			6.91472868217054	-1.06976744186047
			6.89922480620155	-1.06976744186047
			6.88372093023256	-1.06976744186047
			6.86821705426357	-1.05426356589147
			6.85271317829457	-1.05426356589147
			6.83720930232558	-1.05426356589147
			6.82170542635659	-1.03875968992248
			6.8062015503876	-1.03875968992248
			6.7906976744186	-1.03875968992248
			6.77519379844961	-1.02325581395349
			6.75968992248062	-1.02325581395349
			6.74418604651163	-1.02325581395349
			6.72868217054264	-1.0077519379845
			6.71317829457364	-1.0077519379845
			6.69767441860465	-1.0077519379845
			6.68217054263566	-0.992248062015504
			6.66666666666667	-0.992248062015504
			6.65116279069767	-0.992248062015504
			6.63565891472868	-0.976744186046512
			6.62015503875969	-0.976744186046512
			6.6046511627907	-0.976744186046512
			6.58914728682171	-0.976744186046512
			6.57364341085271	-0.961240310077519
			6.55813953488372	-0.961240310077519
			6.54263565891473	-0.961240310077519
			6.52713178294574	-0.961240310077519
			6.51162790697674	-0.945736434108527
			6.49612403100775	-0.945736434108527
			6.48062015503876	-0.945736434108527
			6.46511627906977	-0.945736434108527
			6.44961240310078	-0.930232558139535
			6.43410852713178	-0.930232558139535
			6.41860465116279	-0.930232558139535
			6.4031007751938	-0.930232558139535
			6.38759689922481	-0.914728682170543
			6.37209302325581	-0.914728682170543
			6.35658914728682	-0.914728682170543
			6.34108527131783	-0.914728682170543
			6.32558139534884	-0.914728682170543
			6.31007751937984	-0.89922480620155
			6.29457364341085	-0.89922480620155
			6.27906976744186	-0.89922480620155
			6.26356589147287	-0.89922480620155
			6.24806201550388	-0.89922480620155
			6.23255813953488	-0.883720930232558
			6.21705426356589	-0.883720930232558
			6.2015503875969	-0.883720930232558
			6.18604651162791	-0.883720930232558
			6.17054263565892	-0.883720930232558
			6.15503875968992	-0.868217054263566
			6.13953488372093	-0.868217054263566
			6.12403100775194	-0.868217054263566
			6.10852713178295	-0.868217054263566
			6.09302325581395	-0.868217054263566
			6.07751937984496	-0.868217054263566
			6.06201550387597	-0.852713178294574
			6.04651162790698	-0.852713178294574
			6.03100775193798	-0.852713178294574
			6.01550387596899	-0.852713178294574
			6	-0.852713178294574
			5.98449612403101	-0.852713178294574
			5.96899224806202	-0.837209302325581
			5.95348837209302	-0.837209302325581
			5.93798449612403	-0.837209302325581
			5.92248062015504	-0.837209302325581
			5.90697674418605	-0.837209302325581
			5.89147286821705	-0.837209302325581
			5.87596899224806	-0.837209302325581
			5.86046511627907	-0.837209302325581
			5.84496124031008	-0.837209302325581
			5.82945736434108	-0.821705426356589
			5.81395348837209	-0.821705426356589
			5.7984496124031	-0.821705426356589
			5.78294573643411	-0.821705426356589
			5.76744186046512	-0.821705426356589
			5.75193798449612	-0.821705426356589
			5.73643410852713	-0.821705426356589
			5.72093023255814	-0.821705426356589
			5.70542635658915	-0.806201550387597
			5.68992248062016	-0.806201550387597
			5.67441860465116	-0.806201550387597
			5.65891472868217	-0.806201550387597
			5.64341085271318	-0.806201550387597
			5.62790697674419	-0.806201550387597
			5.61240310077519	-0.806201550387597
			5.5968992248062	-0.806201550387597
			5.58139534883721	-0.806201550387597
			5.56589147286822	-0.806201550387597
			5.55038759689922	-0.806201550387597
			5.53488372093023	-0.821705426356589
			5.51937984496124	-0.821705426356589
			5.50387596899225	-0.821705426356589
			5.48837209302326	-0.821705426356589
			5.47286821705426	-0.821705426356589
			5.45736434108527	-0.821705426356589
			5.44186046511628	-0.821705426356589
			5.42635658914729	-0.821705426356589
			5.41085271317829	-0.821705426356589
			5.3953488372093	-0.821705426356589
			5.37984496124031	-0.821705426356589
			5.36434108527132	-0.821705426356589
			5.34883720930233	-0.821705426356589
			5.33333333333333	-0.821705426356589
			5.31782945736434	-0.821705426356589
			5.30232558139535	-0.821705426356589
			5.28682170542636	-0.837209302325581
			5.27131782945736	-0.837209302325581
			5.25581395348837	-0.837209302325581
			5.24031007751938	-0.837209302325581
			5.22480620155039	-0.837209302325581
			5.2093023255814	-0.837209302325581
			5.1937984496124	-0.837209302325581
			5.17829457364341	-0.837209302325581
			5.16279069767442	-0.837209302325581
			5.14728682170543	-0.837209302325581
			5.13178294573643	-0.837209302325581
			5.11627906976744	-0.837209302325581
			5.10077519379845	-0.837209302325581
			5.08527131782946	-0.837209302325581
			5.06976744186047	-0.837209302325581
			5.05426356589147	-0.837209302325581
			5.03875968992248	-0.837209302325581
			5.02325581395349	-0.837209302325581
			5.0077519379845	-0.837209302325581
			4.9922480620155	-0.837209302325581
			4.97674418604651	-0.837209302325581
			4.96124031007752	-0.837209302325581
		</margin>
	</curves.scaled>
	<ruler.points type=matrix rownames=TRUE colnames=FALSE nrow=2 ncol=2 as.numeric=TRUE >
		Ruler point 1	1	430
		Ruler point 2	130	430
	</ruler.points>
</shapes>

