<shapes type=list>
	<ruler.pixel type=vector names=FALSE length=1 as.numeric=TRUE >81</ruler.pixel>
	<ruler.interval type=vector names=FALSE length=1 as.numeric=TRUE >1</ruler.interval>
	<scaling.units type=vector names=FALSE length=1 as.numeric=FALSE >cm</scaling.units>
	<scaling type=vector names=FALSE length=1 as.numeric=TRUE >0.0123456790123457</scaling>
	<landmarks.pixel type=matrix rownames=TRUE colnames=FALSE nrow=5 ncol=2 as.numeric=TRUE >
		LM1	285	23
		LM2	285	174
		LM4	285	396
		LM5	358	50
		LM7	488	84
	</landmarks.pixel>
	<landmarks.scaled type=matrix rownames=TRUE colnames=FALSE nrow=5 ncol=2 as.numeric=TRUE >
		LM1	3.51851851851852	-0.283950617283951
		LM2	3.51851851851852	-2.14814814814815
		LM4	3.51851851851852	-4.88888888888889
		LM5	4.41975308641975	-0.617283950617284
		LM7	6.02469135802469	-1.03703703703704
	</landmarks.scaled>
	<curves.control type=list>
		<axis type=matrix rownames=FALSE colnames=FALSE nrow=5 ncol=2 as.numeric=TRUE >
			285	23
			334	26
			359	52
			349	135
			285	174
		</axis>
		<margin type=matrix rownames=FALSE colnames=FALSE nrow=23 ncol=2 as.numeric=TRUE >
			285	396
			299	410
			312	461
			338	425
			383	325
			394	334
			400	361
			393	417
			392	439
			446	361
			463	286
			472	279
			478	296
			482	319
			479	390
			536	319
			539	204
			532	142
			488	83
			477	63
			397	61
			375	61
			358	50
		</margin>
	</curves.control>
	<curves.pixel type=list>
		<axis type=matrix rownames=FALSE colnames=FALSE nrow=211 ncol=2 as.numeric=TRUE >
			285	23
			286	23
			287	23
			288	23
			289	23
			290	23
			291	23
			292	24
			293	24
			294	24
			295	24
			296	24
			297	24
			298	24
			299	24
			300	25
			301	25
			302	25
			303	25
			304	25
			305	25
			306	25
			306	26
			307	26
			308	26
			309	26
			310	26
			311	27
			312	27
			313	27
			314	27
			315	28
			316	28
			317	28
			318	28
			319	29
			320	29
			321	29
			322	30
			323	30
			324	30
			325	31
			326	31
			327	31
			328	32
			329	32
			330	32
			331	33
			332	33
			333	34
			334	34
			335	35
			336	35
			337	36
			338	37
			339	37
			340	38
			341	38
			342	39
			343	39
			344	40
			345	41
			346	41
			347	42
			348	42
			349	43
			350	44
			351	44
			351	45
			352	46
			353	47
			354	47
			355	48
			356	49
			357	50
			358	51
			359	52
			359	53
			359	54
			359	55
			358	56
			358	57
			358	58
			358	59
			358	60
			358	61
			358	62
			357	63
			357	64
			357	65
			357	66
			357	67
			356	68
			356	69
			356	70
			356	71
			356	72
			355	73
			355	74
			355	75
			355	76
			354	77
			354	78
			354	79
			354	80
			353	81
			353	82
			353	83
			353	84
			353	85
			352	85
			352	86
			352	87
			351	88
			351	89
			351	90
			350	91
			350	92
			350	93
			350	94
			349	95
			349	96
			348	97
			348	98
			348	99
			347	100
			347	101
			347	102
			346	103
			346	104
			345	105
			345	106
			345	107
			344	108
			344	109
			343	110
			342	111
			342	112
			342	113
			341	114
			341	115
			340	116
			339	117
			339	118
			339	119
			338	119
			338	120
			337	121
			337	122
			336	122
			336	123
			336	124
			335	125
			334	126
			334	127
			333	128
			333	129
			332	130
			331	130
			331	131
			330	132
			330	133
			329	134
			328	135
			327	136
			326	137
			326	138
			325	139
			324	140
			323	141
			323	142
			322	143
			321	144
			320	145
			319	146
			319	147
			318	148
			317	148
			316	149
			315	150
			314	151
			313	152
			313	153
			312	154
			311	155
			310	155
			309	156
			308	157
			307	158
			306	159
			305	160
			304	160
			303	161
			302	162
			301	163
			300	163
			299	164
			298	165
			297	166
			296	167
			295	167
			294	168
			293	169
			292	169
			291	170
			290	171
			289	172
			288	172
			287	173
			286	174
			285	174
		</axis>
		<margin type=matrix rownames=FALSE colnames=FALSE nrow=1045 ncol=2 as.numeric=TRUE >
			285	396
			286	397
			287	398
			288	399
			288	400
			289	401
			290	402
			290	403
			291	404
			292	405
			292	406
			293	407
			293	408
			294	409
			294	410
			295	410
			295	411
			295	412
			296	413
			296	414
			297	414
			297	415
			297	416
			298	417
			298	418
			299	419
			299	420
			299	421
			300	422
			300	423
			301	424
			301	425
			301	426
			302	427
			302	428
			302	429
			303	430
			303	431
			304	432
			304	433
			304	434
			304	435
			305	436
			305	437
			306	438
			306	439
			306	440
			306	441
			307	442
			307	443
			307	444
			308	445
			308	446
			308	447
			309	448
			309	449
			309	450
			309	451
			310	452
			310	453
			310	454
			310	455
			311	456
			311	457
			311	458
			311	459
			312	460
			312	461
			313	460
			313	459
			314	458
			314	457
			315	457
			316	456
			316	455
			317	454
			317	453
			318	452
			319	451
			319	450
			320	449
			320	448
			321	447
			322	446
			322	445
			323	444
			324	443
			324	442
			325	441
			326	440
			326	439
			327	438
			328	437
			328	436
			328	435
			329	434
			330	433
			330	432
			331	431
			331	430
			332	429
			332	428
			333	427
			333	426
			334	425
			335	424
			335	423
			336	422
			337	421
			337	420
			337	419
			338	418
			338	417
			339	416
			340	415
			340	414
			341	413
			341	412
			342	411
			342	410
			343	409
			343	408
			344	407
			345	406
			345	405
			345	404
			346	403
			346	402
			347	401
			347	400
			348	399
			348	398
			349	397
			350	396
			350	395
			351	394
			351	393
			352	392
			352	391
			352	390
			353	390
			353	389
			353	388
			354	388
			354	387
			354	386
			355	386
			355	385
			355	384
			356	383
			356	382
			357	381
			357	380
			358	379
			358	378
			359	377
			359	376
			360	375
			360	374
			361	373
			361	372
			362	371
			362	370
			363	369
			363	368
			364	367
			364	366
			365	365
			365	364
			366	363
			366	362
			367	361
			367	360
			367	359
			368	359
			368	358
			368	357
			369	356
			369	355
			370	354
			370	353
			370	352
			371	352
			371	351
			372	350
			372	349
			372	348
			373	348
			373	347
			373	346
			374	345
			374	344
			375	344
			375	343
			375	342
			376	341
			376	340
			377	339
			377	338
			378	337
			378	336
			379	335
			379	334
			379	333
			380	332
			380	331
			381	330
			381	329
			382	328
			382	327
			383	326
			383	325
			384	325
			384	326
			385	327
			386	328
			387	329
			387	330
			388	331
			389	332
			390	333
			391	334
			391	335
			391	336
			392	337
			392	338
			393	338
			393	339
			394	340
			394	341
			394	342
			395	343
			395	344
			396	345
			396	346
			396	347
			397	348
			397	349
			397	350
			397	351
			398	352
			398	353
			398	354
			399	355
			399	356
			399	357
			399	358
			400	359
			400	360
			400	361
			400	362
			400	363
			400	364
			400	365
			399	366
			399	367
			399	368
			399	369
			399	370
			399	371
			399	372
			399	373
			398	374
			398	375
			398	376
			398	377
			398	378
			398	379
			398	380
			398	381
			397	382
			397	383
			397	384
			397	385
			397	386
			397	387
			397	388
			397	389
			397	390
			396	390
			396	391
			396	392
			396	393
			396	394
			396	395
			396	396
			396	397
			396	398
			396	399
			395	400
			395	401
			395	402
			395	403
			395	404
			395	405
			395	406
			395	407
			395	408
			394	409
			394	410
			394	411
			394	412
			394	413
			394	414
			394	415
			394	416
			394	417
			394	418
			393	419
			393	420
			393	421
			393	422
			393	423
			393	424
			393	425
			393	426
			393	427
			393	428
			393	429
			393	430
			392	431
			392	432
			392	433
			392	434
			392	435
			392	436
			392	437
			392	438
			392	439
			393	438
			393	437
			394	436
			395	435
			396	434
			396	433
			397	432
			398	431
			398	430
			399	429
			399	428
			400	427
			401	426
			401	425
			402	425
			402	424
			403	423
			403	422
			404	421
			405	420
			405	419
			406	418
			407	417
			407	416
			408	415
			408	414
			409	413
			410	412
			410	411
			411	410
			411	409
			412	408
			412	407
			413	406
			414	405
			414	404
			415	404
			415	403
			416	402
			416	401
			417	400
			418	399
			418	398
			419	397
			419	396
			420	395
			420	394
			421	393
			421	392
			422	391
			422	390
			423	389
			423	388
			424	387
			424	386
			425	385
			425	384
			426	383
			426	382
			427	381
			428	380
			428	379
			429	378
			429	377
			430	376
			430	375
			431	374
			431	373
			432	372
			432	371
			433	370
			433	369
			434	368
			434	367
			435	366
			435	365
			436	364
			436	363
			437	362
			437	361
			438	360
			438	359
			438	358
			439	357
			439	356
			440	355
			440	354
			441	353
			441	352
			442	351
			442	350
			442	349
			443	348
			443	347
			444	346
			444	345
			444	344
			445	343
			445	342
			446	341
			446	340
			446	339
			447	338
			447	337
			448	336
			448	335
			448	334
			449	333
			449	332
			449	331
			450	330
			450	329
			451	328
			451	327
			451	326
			452	325
			452	324
			453	323
			453	322
			453	321
			453	320
			454	319
			454	318
			455	317
			455	316
			455	315
			455	314
			456	313
			456	312
			456	311
			457	310
			457	309
			457	308
			458	307
			458	306
			458	305
			459	304
			459	303
			459	302
			459	301
			460	300
			460	299
			460	298
			460	297
			461	296
			461	295
			461	294
			461	293
			462	292
			462	291
			462	290
			462	289
			463	288
			463	287
			463	286
			464	286
			464	285
			465	285
			466	284
			467	284
			468	284
			469	284
			470	284
			471	285
			472	286
			473	287
			474	288
			475	289
			475	290
			476	291
			476	292
			477	293
			477	294
			478	295
			478	296
			478	297
			478	298
			478	299
			479	300
			479	301
			479	302
			479	303
			479	304
			479	305
			479	306
			479	307
			479	308
			479	309
			480	310
			480	311
			480	312
			480	313
			480	314
			480	315
			480	316
			480	317
			480	318
			480	319
			480	320
			480	321
			480	322
			480	323
			480	324
			480	325
			480	326
			480	327
			480	328
			480	329
			480	330
			480	331
			480	332
			480	333
			480	334
			480	335
			480	336
			480	337
			480	338
			480	339
			480	340
			480	341
			480	342
			480	343
			480	344
			480	345
			480	346
			480	347
			480	348
			480	349
			480	350
			480	351
			480	352
			480	353
			480	354
			480	355
			480	356
			480	357
			480	358
			480	359
			480	360
			480	361
			480	362
			480	363
			480	364
			480	365
			480	366
			480	367
			480	368
			480	369
			480	370
			480	371
			480	372
			480	373
			480	374
			480	375
			480	376
			479	377
			479	378
			479	379
			479	380
			479	381
			479	382
			479	383
			479	384
			479	385
			479	386
			479	387
			479	388
			479	389
			479	390
			480	389
			481	388
			481	387
			482	386
			483	385
			484	384
			484	383
			485	382
			486	381
			487	380
			487	379
			488	378
			489	377
			490	376
			490	375
			491	374
			492	373
			492	372
			493	371
			494	370
			494	369
			495	368
			495	367
			496	366
			497	365
			497	364
			498	363
			499	362
			499	361
			500	360
			500	359
			501	358
			501	357
			502	356
			502	355
			503	354
			503	353
			504	352
			504	351
			505	350
			505	349
			506	348
			506	347
			507	346
			507	345
			508	344
			508	343
			509	342
			509	341
			510	340
			510	339
			511	338
			511	337
			512	336
			512	335
			513	334
			513	333
			514	332
			514	331
			514	330
			515	329
			515	328
			516	327
			516	326
			517	325
			517	324
			517	323
			517	322
			518	322
			518	321
			518	320
			519	319
			519	318
			519	317
			520	316
			520	315
			521	314
			521	313
			521	312
			522	311
			522	310
			522	309
			522	308
			523	307
			523	306
			523	305
			524	304
			524	303
			524	302
			525	301
			525	300
			525	299
			525	298
			526	297
			526	296
			526	295
			527	294
			527	293
			527	292
			527	291
			528	290
			528	289
			528	288
			528	287
			529	286
			529	285
			529	284
			529	283
			530	282
			530	281
			530	280
			530	279
			530	278
			531	277
			531	276
			531	275
			531	274
			532	273
			532	272
			532	271
			532	270
			532	269
			533	268
			533	267
			533	266
			533	265
			533	264
			533	263
			534	262
			534	261
			534	260
			534	259
			534	258
			534	257
			534	256
			535	256
			535	255
			535	254
			535	253
			535	252
			535	251
			535	250
			536	249
			536	248
			536	247
			536	246
			536	245
			536	244
			536	243
			536	242
			536	241
			537	240
			537	239
			537	238
			537	237
			537	236
			537	235
			537	234
			537	233
			537	232
			537	231
			538	230
			538	229
			538	228
			538	227
			538	226
			538	225
			538	224
			538	223
			538	222
			538	221
			538	220
			538	219
			538	218
			538	217
			539	216
			539	215
			539	214
			539	213
			539	212
			539	211
			539	210
			539	209
			539	208
			539	207
			539	206
			539	205
			539	204
			539	203
			539	202
			539	201
			539	200
			538	199
			538	198
			538	197
			538	196
			538	195
			538	194
			538	193
			537	192
			537	191
			537	190
			537	189
			537	188
			536	187
			536	186
			536	185
			536	184
			535	183
			535	182
			535	181
			535	180
			535	179
			534	178
			534	177
			534	176
			534	175
			533	174
			533	173
			533	172
			532	171
			532	170
			532	169
			532	168
			531	167
			531	166
			531	165
			530	164
			530	163
			530	162
			529	161
			529	160
			529	159
			528	158
			528	157
			528	156
			527	155
			527	154
			527	153
			526	152
			526	151
			526	150
			525	149
			525	148
			524	147
			524	146
			524	145
			523	144
			523	143
			522	142
			522	141
			521	140
			521	139
			520	138
			520	137
			520	136
			519	135
			519	134
			518	133
			518	132
			517	131
			517	130
			516	129
			516	128
			515	127
			515	126
			514	125
			514	124
			514	123
			513	122
			513	121
			512	121
			512	120
			511	119
			511	118
			510	117
			510	116
			509	115
			509	114
			508	113
			507	112
			506	111
			506	110
			505	109
			505	108
			504	107
			504	106
			503	105
			502	104
			502	103
			501	102
			500	101
			500	100
			499	99
			499	98
			498	97
			497	96
			497	95
			496	95
			496	94
			495	93
			494	92
			494	91
			493	90
			492	89
			492	88
			491	87
			490	86
			490	85
			489	85
			488	84
			488	83
			488	82
			487	82
			487	81
			486	81
			486	80
			485	79
			484	78
			483	77
			482	77
			481	76
			480	75
			479	75
			478	74
			477	74
			476	73
			475	73
			474	72
			473	72
			472	71
			471	71
			470	70
			469	70
			468	70
			467	69
			466	69
			465	69
			464	69
			463	68
			462	68
			461	68
			460	68
			459	67
			458	67
			457	67
			456	67
			455	66
			454	66
			453	66
			452	66
			451	66
			450	65
			449	65
			448	65
			447	65
			446	65
			445	65
			444	65
			444	64
			443	64
			442	64
			441	64
			440	64
			439	64
			438	64
			437	64
			436	63
			435	63
			434	63
			433	63
			432	63
			431	63
			430	63
			429	63
			428	63
			427	63
			426	62
			425	62
			424	62
			423	62
			422	62
			421	62
			420	62
			419	62
			418	62
			417	62
			416	62
			415	62
			414	62
			413	62
			412	62
			411	61
			410	61
			409	61
			408	61
			407	61
			406	61
			405	61
			404	61
			403	61
			402	61
			401	61
			400	61
			399	61
			398	61
			397	61
			396	61
			395	61
			394	61
			393	61
			392	61
			391	61
			390	61
			389	61
			388	61
			387	60
			386	60
			385	60
			384	60
			383	60
			382	60
			381	59
			380	59
			379	59
			378	59
			377	58
			376	58
			375	58
			374	58
			373	57
			372	57
			371	57
			370	56
			369	56
			368	55
			367	55
			366	54
			365	54
			364	53
			363	53
			362	52
			361	52
			360	52
			360	51
			359	51
			358	50
		</margin>
	</curves.pixel>
	<curves.scaled type=list>
		<axis type=matrix rownames=FALSE colnames=FALSE nrow=211 ncol=2 as.numeric=TRUE >
			3.51851851851852	-0.283950617283951
			3.53086419753086	-0.283950617283951
			3.54320987654321	-0.283950617283951
			3.55555555555556	-0.283950617283951
			3.5679012345679	-0.283950617283951
			3.58024691358025	-0.283950617283951
			3.59259259259259	-0.283950617283951
			3.60493827160494	-0.296296296296296
			3.61728395061728	-0.296296296296296
			3.62962962962963	-0.296296296296296
			3.64197530864198	-0.296296296296296
			3.65432098765432	-0.296296296296296
			3.66666666666667	-0.296296296296296
			3.67901234567901	-0.296296296296296
			3.69135802469136	-0.296296296296296
			3.7037037037037	-0.308641975308642
			3.71604938271605	-0.308641975308642
			3.72839506172839	-0.308641975308642
			3.74074074074074	-0.308641975308642
			3.75308641975309	-0.308641975308642
			3.76543209876543	-0.308641975308642
			3.77777777777778	-0.308641975308642
			3.77777777777778	-0.320987654320988
			3.79012345679012	-0.320987654320988
			3.80246913580247	-0.320987654320988
			3.81481481481481	-0.320987654320988
			3.82716049382716	-0.320987654320988
			3.83950617283951	-0.333333333333333
			3.85185185185185	-0.333333333333333
			3.8641975308642	-0.333333333333333
			3.87654320987654	-0.333333333333333
			3.88888888888889	-0.345679012345679
			3.90123456790123	-0.345679012345679
			3.91358024691358	-0.345679012345679
			3.92592592592593	-0.345679012345679
			3.93827160493827	-0.358024691358025
			3.95061728395062	-0.358024691358025
			3.96296296296296	-0.358024691358025
			3.97530864197531	-0.37037037037037
			3.98765432098765	-0.37037037037037
			4	-0.37037037037037
			4.01234567901235	-0.382716049382716
			4.02469135802469	-0.382716049382716
			4.03703703703704	-0.382716049382716
			4.04938271604938	-0.395061728395062
			4.06172839506173	-0.395061728395062
			4.07407407407407	-0.395061728395062
			4.08641975308642	-0.407407407407407
			4.09876543209876	-0.407407407407407
			4.11111111111111	-0.419753086419753
			4.12345679012346	-0.419753086419753
			4.1358024691358	-0.432098765432099
			4.14814814814815	-0.432098765432099
			4.16049382716049	-0.444444444444444
			4.17283950617284	-0.45679012345679
			4.18518518518519	-0.45679012345679
			4.19753086419753	-0.469135802469136
			4.20987654320988	-0.469135802469136
			4.22222222222222	-0.481481481481481
			4.23456790123457	-0.481481481481481
			4.24691358024691	-0.493827160493827
			4.25925925925926	-0.506172839506173
			4.2716049382716	-0.506172839506173
			4.28395061728395	-0.518518518518518
			4.2962962962963	-0.518518518518518
			4.30864197530864	-0.530864197530864
			4.32098765432099	-0.54320987654321
			4.33333333333333	-0.54320987654321
			4.33333333333333	-0.555555555555556
			4.34567901234568	-0.567901234567901
			4.35802469135802	-0.580246913580247
			4.37037037037037	-0.580246913580247
			4.38271604938272	-0.592592592592593
			4.39506172839506	-0.604938271604938
			4.40740740740741	-0.617283950617284
			4.41975308641975	-0.62962962962963
			4.4320987654321	-0.641975308641975
			4.4320987654321	-0.654320987654321
			4.4320987654321	-0.666666666666667
			4.4320987654321	-0.679012345679012
			4.41975308641975	-0.691358024691358
			4.41975308641975	-0.703703703703704
			4.41975308641975	-0.716049382716049
			4.41975308641975	-0.728395061728395
			4.41975308641975	-0.740740740740741
			4.41975308641975	-0.753086419753086
			4.41975308641975	-0.765432098765432
			4.40740740740741	-0.777777777777778
			4.40740740740741	-0.790123456790123
			4.40740740740741	-0.802469135802469
			4.40740740740741	-0.814814814814815
			4.40740740740741	-0.82716049382716
			4.39506172839506	-0.839506172839506
			4.39506172839506	-0.851851851851852
			4.39506172839506	-0.864197530864197
			4.39506172839506	-0.876543209876543
			4.39506172839506	-0.888888888888889
			4.38271604938272	-0.901234567901235
			4.38271604938272	-0.91358024691358
			4.38271604938272	-0.925925925925926
			4.38271604938272	-0.938271604938272
			4.37037037037037	-0.950617283950617
			4.37037037037037	-0.962962962962963
			4.37037037037037	-0.975308641975309
			4.37037037037037	-0.987654320987654
			4.35802469135802	-1
			4.35802469135802	-1.01234567901235
			4.35802469135802	-1.02469135802469
			4.35802469135802	-1.03703703703704
			4.35802469135802	-1.04938271604938
			4.34567901234568	-1.04938271604938
			4.34567901234568	-1.06172839506173
			4.34567901234568	-1.07407407407407
			4.33333333333333	-1.08641975308642
			4.33333333333333	-1.09876543209877
			4.33333333333333	-1.11111111111111
			4.32098765432099	-1.12345679012346
			4.32098765432099	-1.1358024691358
			4.32098765432099	-1.14814814814815
			4.32098765432099	-1.16049382716049
			4.30864197530864	-1.17283950617284
			4.30864197530864	-1.18518518518519
			4.2962962962963	-1.19753086419753
			4.2962962962963	-1.20987654320988
			4.2962962962963	-1.22222222222222
			4.28395061728395	-1.23456790123457
			4.28395061728395	-1.24691358024691
			4.28395061728395	-1.25925925925926
			4.2716049382716	-1.2716049382716
			4.2716049382716	-1.28395061728395
			4.25925925925926	-1.2962962962963
			4.25925925925926	-1.30864197530864
			4.25925925925926	-1.32098765432099
			4.24691358024691	-1.33333333333333
			4.24691358024691	-1.34567901234568
			4.23456790123457	-1.35802469135802
			4.22222222222222	-1.37037037037037
			4.22222222222222	-1.38271604938272
			4.22222222222222	-1.39506172839506
			4.20987654320988	-1.40740740740741
			4.20987654320988	-1.41975308641975
			4.19753086419753	-1.4320987654321
			4.18518518518519	-1.44444444444444
			4.18518518518519	-1.45679012345679
			4.18518518518519	-1.46913580246914
			4.17283950617284	-1.46913580246914
			4.17283950617284	-1.48148148148148
			4.16049382716049	-1.49382716049383
			4.16049382716049	-1.50617283950617
			4.14814814814815	-1.50617283950617
			4.14814814814815	-1.51851851851852
			4.14814814814815	-1.53086419753086
			4.1358024691358	-1.54320987654321
			4.12345679012346	-1.55555555555556
			4.12345679012346	-1.5679012345679
			4.11111111111111	-1.58024691358025
			4.11111111111111	-1.59259259259259
			4.09876543209876	-1.60493827160494
			4.08641975308642	-1.60493827160494
			4.08641975308642	-1.61728395061728
			4.07407407407407	-1.62962962962963
			4.07407407407407	-1.64197530864198
			4.06172839506173	-1.65432098765432
			4.04938271604938	-1.66666666666667
			4.03703703703704	-1.67901234567901
			4.02469135802469	-1.69135802469136
			4.02469135802469	-1.7037037037037
			4.01234567901235	-1.71604938271605
			4	-1.72839506172839
			3.98765432098765	-1.74074074074074
			3.98765432098765	-1.75308641975309
			3.97530864197531	-1.76543209876543
			3.96296296296296	-1.77777777777778
			3.95061728395062	-1.79012345679012
			3.93827160493827	-1.80246913580247
			3.93827160493827	-1.81481481481481
			3.92592592592593	-1.82716049382716
			3.91358024691358	-1.82716049382716
			3.90123456790123	-1.83950617283951
			3.88888888888889	-1.85185185185185
			3.87654320987654	-1.8641975308642
			3.8641975308642	-1.87654320987654
			3.8641975308642	-1.88888888888889
			3.85185185185185	-1.90123456790123
			3.83950617283951	-1.91358024691358
			3.82716049382716	-1.91358024691358
			3.81481481481481	-1.92592592592593
			3.80246913580247	-1.93827160493827
			3.79012345679012	-1.95061728395062
			3.77777777777778	-1.96296296296296
			3.76543209876543	-1.97530864197531
			3.75308641975309	-1.97530864197531
			3.74074074074074	-1.98765432098765
			3.72839506172839	-2
			3.71604938271605	-2.01234567901235
			3.7037037037037	-2.01234567901235
			3.69135802469136	-2.02469135802469
			3.67901234567901	-2.03703703703704
			3.66666666666667	-2.04938271604938
			3.65432098765432	-2.06172839506173
			3.64197530864198	-2.06172839506173
			3.62962962962963	-2.07407407407407
			3.61728395061728	-2.08641975308642
			3.60493827160494	-2.08641975308642
			3.59259259259259	-2.09876543209877
			3.58024691358025	-2.11111111111111
			3.5679012345679	-2.12345679012346
			3.55555555555556	-2.12345679012346
			3.54320987654321	-2.1358024691358
			3.53086419753086	-2.14814814814815
			3.51851851851852	-2.14814814814815
		</axis>
		<margin type=matrix rownames=FALSE colnames=FALSE nrow=1045 ncol=2 as.numeric=TRUE >
			3.51851851851852	-4.88888888888889
			3.53086419753086	-4.90123456790123
			3.54320987654321	-4.91358024691358
			3.55555555555556	-4.92592592592593
			3.55555555555556	-4.93827160493827
			3.5679012345679	-4.95061728395062
			3.58024691358025	-4.96296296296296
			3.58024691358025	-4.97530864197531
			3.59259259259259	-4.98765432098765
			3.60493827160494	-5
			3.60493827160494	-5.01234567901235
			3.61728395061728	-5.02469135802469
			3.61728395061728	-5.03703703703704
			3.62962962962963	-5.04938271604938
			3.62962962962963	-5.06172839506173
			3.64197530864198	-5.06172839506173
			3.64197530864198	-5.07407407407407
			3.64197530864198	-5.08641975308642
			3.65432098765432	-5.09876543209876
			3.65432098765432	-5.11111111111111
			3.66666666666667	-5.11111111111111
			3.66666666666667	-5.12345679012346
			3.66666666666667	-5.1358024691358
			3.67901234567901	-5.14814814814815
			3.67901234567901	-5.16049382716049
			3.69135802469136	-5.17283950617284
			3.69135802469136	-5.18518518518519
			3.69135802469136	-5.19753086419753
			3.7037037037037	-5.20987654320988
			3.7037037037037	-5.22222222222222
			3.71604938271605	-5.23456790123457
			3.71604938271605	-5.24691358024691
			3.71604938271605	-5.25925925925926
			3.72839506172839	-5.2716049382716
			3.72839506172839	-5.28395061728395
			3.72839506172839	-5.2962962962963
			3.74074074074074	-5.30864197530864
			3.74074074074074	-5.32098765432099
			3.75308641975309	-5.33333333333333
			3.75308641975309	-5.34567901234568
			3.75308641975309	-5.35802469135802
			3.75308641975309	-5.37037037037037
			3.76543209876543	-5.38271604938272
			3.76543209876543	-5.39506172839506
			3.77777777777778	-5.40740740740741
			3.77777777777778	-5.41975308641975
			3.77777777777778	-5.4320987654321
			3.77777777777778	-5.44444444444444
			3.79012345679012	-5.45679012345679
			3.79012345679012	-5.46913580246914
			3.79012345679012	-5.48148148148148
			3.80246913580247	-5.49382716049383
			3.80246913580247	-5.50617283950617
			3.80246913580247	-5.51851851851852
			3.81481481481481	-5.53086419753086
			3.81481481481481	-5.54320987654321
			3.81481481481481	-5.55555555555556
			3.81481481481481	-5.5679012345679
			3.82716049382716	-5.58024691358025
			3.82716049382716	-5.59259259259259
			3.82716049382716	-5.60493827160494
			3.82716049382716	-5.61728395061728
			3.83950617283951	-5.62962962962963
			3.83950617283951	-5.64197530864197
			3.83950617283951	-5.65432098765432
			3.83950617283951	-5.66666666666667
			3.85185185185185	-5.67901234567901
			3.85185185185185	-5.69135802469136
			3.8641975308642	-5.67901234567901
			3.8641975308642	-5.66666666666667
			3.87654320987654	-5.65432098765432
			3.87654320987654	-5.64197530864197
			3.88888888888889	-5.64197530864197
			3.90123456790123	-5.62962962962963
			3.90123456790123	-5.61728395061728
			3.91358024691358	-5.60493827160494
			3.91358024691358	-5.59259259259259
			3.92592592592593	-5.58024691358025
			3.93827160493827	-5.5679012345679
			3.93827160493827	-5.55555555555556
			3.95061728395062	-5.54320987654321
			3.95061728395062	-5.53086419753086
			3.96296296296296	-5.51851851851852
			3.97530864197531	-5.50617283950617
			3.97530864197531	-5.49382716049383
			3.98765432098765	-5.48148148148148
			4	-5.46913580246914
			4	-5.45679012345679
			4.01234567901235	-5.44444444444444
			4.02469135802469	-5.4320987654321
			4.02469135802469	-5.41975308641975
			4.03703703703704	-5.40740740740741
			4.04938271604938	-5.39506172839506
			4.04938271604938	-5.38271604938272
			4.04938271604938	-5.37037037037037
			4.06172839506173	-5.35802469135802
			4.07407407407407	-5.34567901234568
			4.07407407407407	-5.33333333333333
			4.08641975308642	-5.32098765432099
			4.08641975308642	-5.30864197530864
			4.09876543209876	-5.2962962962963
			4.09876543209876	-5.28395061728395
			4.11111111111111	-5.2716049382716
			4.11111111111111	-5.25925925925926
			4.12345679012346	-5.24691358024691
			4.1358024691358	-5.23456790123457
			4.1358024691358	-5.22222222222222
			4.14814814814815	-5.20987654320988
			4.16049382716049	-5.19753086419753
			4.16049382716049	-5.18518518518519
			4.16049382716049	-5.17283950617284
			4.17283950617284	-5.16049382716049
			4.17283950617284	-5.14814814814815
			4.18518518518519	-5.1358024691358
			4.19753086419753	-5.12345679012346
			4.19753086419753	-5.11111111111111
			4.20987654320988	-5.09876543209876
			4.20987654320988	-5.08641975308642
			4.22222222222222	-5.07407407407407
			4.22222222222222	-5.06172839506173
			4.23456790123457	-5.04938271604938
			4.23456790123457	-5.03703703703704
			4.24691358024691	-5.02469135802469
			4.25925925925926	-5.01234567901235
			4.25925925925926	-5
			4.25925925925926	-4.98765432098765
			4.2716049382716	-4.97530864197531
			4.2716049382716	-4.96296296296296
			4.28395061728395	-4.95061728395062
			4.28395061728395	-4.93827160493827
			4.2962962962963	-4.92592592592593
			4.2962962962963	-4.91358024691358
			4.30864197530864	-4.90123456790123
			4.32098765432099	-4.88888888888889
			4.32098765432099	-4.87654320987654
			4.33333333333333	-4.8641975308642
			4.33333333333333	-4.85185185185185
			4.34567901234568	-4.83950617283951
			4.34567901234568	-4.82716049382716
			4.34567901234568	-4.81481481481481
			4.35802469135802	-4.81481481481481
			4.35802469135802	-4.80246913580247
			4.35802469135802	-4.79012345679012
			4.37037037037037	-4.79012345679012
			4.37037037037037	-4.77777777777778
			4.37037037037037	-4.76543209876543
			4.38271604938272	-4.76543209876543
			4.38271604938272	-4.75308641975309
			4.38271604938272	-4.74074074074074
			4.39506172839506	-4.72839506172839
			4.39506172839506	-4.71604938271605
			4.40740740740741	-4.7037037037037
			4.40740740740741	-4.69135802469136
			4.41975308641975	-4.67901234567901
			4.41975308641975	-4.66666666666667
			4.4320987654321	-4.65432098765432
			4.4320987654321	-4.64197530864197
			4.44444444444444	-4.62962962962963
			4.44444444444444	-4.61728395061728
			4.45679012345679	-4.60493827160494
			4.45679012345679	-4.59259259259259
			4.46913580246914	-4.58024691358025
			4.46913580246914	-4.5679012345679
			4.48148148148148	-4.55555555555556
			4.48148148148148	-4.54320987654321
			4.49382716049383	-4.53086419753086
			4.49382716049383	-4.51851851851852
			4.50617283950617	-4.50617283950617
			4.50617283950617	-4.49382716049383
			4.51851851851852	-4.48148148148148
			4.51851851851852	-4.46913580246914
			4.53086419753086	-4.45679012345679
			4.53086419753086	-4.44444444444444
			4.53086419753086	-4.4320987654321
			4.54320987654321	-4.4320987654321
			4.54320987654321	-4.41975308641975
			4.54320987654321	-4.40740740740741
			4.55555555555556	-4.39506172839506
			4.55555555555556	-4.38271604938272
			4.5679012345679	-4.37037037037037
			4.5679012345679	-4.35802469135802
			4.5679012345679	-4.34567901234568
			4.58024691358025	-4.34567901234568
			4.58024691358025	-4.33333333333333
			4.59259259259259	-4.32098765432099
			4.59259259259259	-4.30864197530864
			4.59259259259259	-4.2962962962963
			4.60493827160494	-4.2962962962963
			4.60493827160494	-4.28395061728395
			4.60493827160494	-4.2716049382716
			4.61728395061728	-4.25925925925926
			4.61728395061728	-4.24691358024691
			4.62962962962963	-4.24691358024691
			4.62962962962963	-4.23456790123457
			4.62962962962963	-4.22222222222222
			4.64197530864197	-4.20987654320988
			4.64197530864197	-4.19753086419753
			4.65432098765432	-4.18518518518519
			4.65432098765432	-4.17283950617284
			4.66666666666667	-4.16049382716049
			4.66666666666667	-4.14814814814815
			4.67901234567901	-4.1358024691358
			4.67901234567901	-4.12345679012346
			4.67901234567901	-4.11111111111111
			4.69135802469136	-4.09876543209876
			4.69135802469136	-4.08641975308642
			4.7037037037037	-4.07407407407407
			4.7037037037037	-4.06172839506173
			4.71604938271605	-4.04938271604938
			4.71604938271605	-4.03703703703704
			4.72839506172839	-4.02469135802469
			4.72839506172839	-4.01234567901235
			4.74074074074074	-4.01234567901235
			4.74074074074074	-4.02469135802469
			4.75308641975309	-4.03703703703704
			4.76543209876543	-4.04938271604938
			4.77777777777778	-4.06172839506173
			4.77777777777778	-4.07407407407407
			4.79012345679012	-4.08641975308642
			4.80246913580247	-4.09876543209876
			4.81481481481481	-4.11111111111111
			4.82716049382716	-4.12345679012346
			4.82716049382716	-4.1358024691358
			4.82716049382716	-4.14814814814815
			4.83950617283951	-4.16049382716049
			4.83950617283951	-4.17283950617284
			4.85185185185185	-4.17283950617284
			4.85185185185185	-4.18518518518519
			4.8641975308642	-4.19753086419753
			4.8641975308642	-4.20987654320988
			4.8641975308642	-4.22222222222222
			4.87654320987654	-4.23456790123457
			4.87654320987654	-4.24691358024691
			4.88888888888889	-4.25925925925926
			4.88888888888889	-4.2716049382716
			4.88888888888889	-4.28395061728395
			4.90123456790123	-4.2962962962963
			4.90123456790123	-4.30864197530864
			4.90123456790123	-4.32098765432099
			4.90123456790123	-4.33333333333333
			4.91358024691358	-4.34567901234568
			4.91358024691358	-4.35802469135802
			4.91358024691358	-4.37037037037037
			4.92592592592593	-4.38271604938272
			4.92592592592593	-4.39506172839506
			4.92592592592593	-4.40740740740741
			4.92592592592593	-4.41975308641975
			4.93827160493827	-4.4320987654321
			4.93827160493827	-4.44444444444444
			4.93827160493827	-4.45679012345679
			4.93827160493827	-4.46913580246914
			4.93827160493827	-4.48148148148148
			4.93827160493827	-4.49382716049383
			4.93827160493827	-4.50617283950617
			4.92592592592593	-4.51851851851852
			4.92592592592593	-4.53086419753086
			4.92592592592593	-4.54320987654321
			4.92592592592593	-4.55555555555556
			4.92592592592593	-4.5679012345679
			4.92592592592593	-4.58024691358025
			4.92592592592593	-4.59259259259259
			4.92592592592593	-4.60493827160494
			4.91358024691358	-4.61728395061728
			4.91358024691358	-4.62962962962963
			4.91358024691358	-4.64197530864197
			4.91358024691358	-4.65432098765432
			4.91358024691358	-4.66666666666667
			4.91358024691358	-4.67901234567901
			4.91358024691358	-4.69135802469136
			4.91358024691358	-4.7037037037037
			4.90123456790123	-4.71604938271605
			4.90123456790123	-4.72839506172839
			4.90123456790123	-4.74074074074074
			4.90123456790123	-4.75308641975309
			4.90123456790123	-4.76543209876543
			4.90123456790123	-4.77777777777778
			4.90123456790123	-4.79012345679012
			4.90123456790123	-4.80246913580247
			4.90123456790123	-4.81481481481481
			4.88888888888889	-4.81481481481481
			4.88888888888889	-4.82716049382716
			4.88888888888889	-4.83950617283951
			4.88888888888889	-4.85185185185185
			4.88888888888889	-4.8641975308642
			4.88888888888889	-4.87654320987654
			4.88888888888889	-4.88888888888889
			4.88888888888889	-4.90123456790123
			4.88888888888889	-4.91358024691358
			4.88888888888889	-4.92592592592593
			4.87654320987654	-4.93827160493827
			4.87654320987654	-4.95061728395062
			4.87654320987654	-4.96296296296296
			4.87654320987654	-4.97530864197531
			4.87654320987654	-4.98765432098765
			4.87654320987654	-5
			4.87654320987654	-5.01234567901235
			4.87654320987654	-5.02469135802469
			4.87654320987654	-5.03703703703704
			4.8641975308642	-5.04938271604938
			4.8641975308642	-5.06172839506173
			4.8641975308642	-5.07407407407407
			4.8641975308642	-5.08641975308642
			4.8641975308642	-5.09876543209876
			4.8641975308642	-5.11111111111111
			4.8641975308642	-5.12345679012346
			4.8641975308642	-5.1358024691358
			4.8641975308642	-5.14814814814815
			4.8641975308642	-5.16049382716049
			4.85185185185185	-5.17283950617284
			4.85185185185185	-5.18518518518519
			4.85185185185185	-5.19753086419753
			4.85185185185185	-5.20987654320988
			4.85185185185185	-5.22222222222222
			4.85185185185185	-5.23456790123457
			4.85185185185185	-5.24691358024691
			4.85185185185185	-5.25925925925926
			4.85185185185185	-5.2716049382716
			4.85185185185185	-5.28395061728395
			4.85185185185185	-5.2962962962963
			4.85185185185185	-5.30864197530864
			4.83950617283951	-5.32098765432099
			4.83950617283951	-5.33333333333333
			4.83950617283951	-5.34567901234568
			4.83950617283951	-5.35802469135802
			4.83950617283951	-5.37037037037037
			4.83950617283951	-5.38271604938272
			4.83950617283951	-5.39506172839506
			4.83950617283951	-5.40740740740741
			4.83950617283951	-5.41975308641975
			4.85185185185185	-5.40740740740741
			4.85185185185185	-5.39506172839506
			4.8641975308642	-5.38271604938272
			4.87654320987654	-5.37037037037037
			4.88888888888889	-5.35802469135802
			4.88888888888889	-5.34567901234568
			4.90123456790123	-5.33333333333333
			4.91358024691358	-5.32098765432099
			4.91358024691358	-5.30864197530864
			4.92592592592593	-5.2962962962963
			4.92592592592593	-5.28395061728395
			4.93827160493827	-5.2716049382716
			4.95061728395062	-5.25925925925926
			4.95061728395062	-5.24691358024691
			4.96296296296296	-5.24691358024691
			4.96296296296296	-5.23456790123457
			4.97530864197531	-5.22222222222222
			4.97530864197531	-5.20987654320988
			4.98765432098765	-5.19753086419753
			5	-5.18518518518519
			5	-5.17283950617284
			5.01234567901235	-5.16049382716049
			5.02469135802469	-5.14814814814815
			5.02469135802469	-5.1358024691358
			5.03703703703704	-5.12345679012346
			5.03703703703704	-5.11111111111111
			5.04938271604938	-5.09876543209876
			5.06172839506173	-5.08641975308642
			5.06172839506173	-5.07407407407407
			5.07407407407407	-5.06172839506173
			5.07407407407407	-5.04938271604938
			5.08641975308642	-5.03703703703704
			5.08641975308642	-5.02469135802469
			5.09876543209876	-5.01234567901235
			5.11111111111111	-5
			5.11111111111111	-4.98765432098765
			5.12345679012346	-4.98765432098765
			5.12345679012346	-4.97530864197531
			5.1358024691358	-4.96296296296296
			5.1358024691358	-4.95061728395062
			5.14814814814815	-4.93827160493827
			5.16049382716049	-4.92592592592593
			5.16049382716049	-4.91358024691358
			5.17283950617284	-4.90123456790123
			5.17283950617284	-4.88888888888889
			5.18518518518519	-4.87654320987654
			5.18518518518519	-4.8641975308642
			5.19753086419753	-4.85185185185185
			5.19753086419753	-4.83950617283951
			5.20987654320988	-4.82716049382716
			5.20987654320988	-4.81481481481481
			5.22222222222222	-4.80246913580247
			5.22222222222222	-4.79012345679012
			5.23456790123457	-4.77777777777778
			5.23456790123457	-4.76543209876543
			5.24691358024691	-4.75308641975309
			5.24691358024691	-4.74074074074074
			5.25925925925926	-4.72839506172839
			5.25925925925926	-4.71604938271605
			5.2716049382716	-4.7037037037037
			5.28395061728395	-4.69135802469136
			5.28395061728395	-4.67901234567901
			5.2962962962963	-4.66666666666667
			5.2962962962963	-4.65432098765432
			5.30864197530864	-4.64197530864197
			5.30864197530864	-4.62962962962963
			5.32098765432099	-4.61728395061728
			5.32098765432099	-4.60493827160494
			5.33333333333333	-4.59259259259259
			5.33333333333333	-4.58024691358025
			5.34567901234568	-4.5679012345679
			5.34567901234568	-4.55555555555556
			5.35802469135802	-4.54320987654321
			5.35802469135802	-4.53086419753086
			5.37037037037037	-4.51851851851852
			5.37037037037037	-4.50617283950617
			5.38271604938272	-4.49382716049383
			5.38271604938272	-4.48148148148148
			5.39506172839506	-4.46913580246914
			5.39506172839506	-4.45679012345679
			5.40740740740741	-4.44444444444444
			5.40740740740741	-4.4320987654321
			5.40740740740741	-4.41975308641975
			5.41975308641975	-4.40740740740741
			5.41975308641975	-4.39506172839506
			5.4320987654321	-4.38271604938272
			5.4320987654321	-4.37037037037037
			5.44444444444444	-4.35802469135802
			5.44444444444444	-4.34567901234568
			5.45679012345679	-4.33333333333333
			5.45679012345679	-4.32098765432099
			5.45679012345679	-4.30864197530864
			5.46913580246914	-4.2962962962963
			5.46913580246914	-4.28395061728395
			5.48148148148148	-4.2716049382716
			5.48148148148148	-4.25925925925926
			5.48148148148148	-4.24691358024691
			5.49382716049383	-4.23456790123457
			5.49382716049383	-4.22222222222222
			5.50617283950617	-4.20987654320988
			5.50617283950617	-4.19753086419753
			5.50617283950617	-4.18518518518519
			5.51851851851852	-4.17283950617284
			5.51851851851852	-4.16049382716049
			5.53086419753086	-4.14814814814815
			5.53086419753086	-4.1358024691358
			5.53086419753086	-4.12345679012346
			5.54320987654321	-4.11111111111111
			5.54320987654321	-4.09876543209876
			5.54320987654321	-4.08641975308642
			5.55555555555556	-4.07407407407407
			5.55555555555556	-4.06172839506173
			5.5679012345679	-4.04938271604938
			5.5679012345679	-4.03703703703704
			5.5679012345679	-4.02469135802469
			5.58024691358025	-4.01234567901235
			5.58024691358025	-4
			5.59259259259259	-3.98765432098765
			5.59259259259259	-3.97530864197531
			5.59259259259259	-3.96296296296296
			5.59259259259259	-3.95061728395062
			5.60493827160494	-3.93827160493827
			5.60493827160494	-3.92592592592593
			5.61728395061728	-3.91358024691358
			5.61728395061728	-3.90123456790123
			5.61728395061728	-3.88888888888889
			5.61728395061728	-3.87654320987654
			5.62962962962963	-3.8641975308642
			5.62962962962963	-3.85185185185185
			5.62962962962963	-3.83950617283951
			5.64197530864197	-3.82716049382716
			5.64197530864197	-3.81481481481481
			5.64197530864197	-3.80246913580247
			5.65432098765432	-3.79012345679012
			5.65432098765432	-3.77777777777778
			5.65432098765432	-3.76543209876543
			5.66666666666667	-3.75308641975309
			5.66666666666667	-3.74074074074074
			5.66666666666667	-3.72839506172839
			5.66666666666667	-3.71604938271605
			5.67901234567901	-3.7037037037037
			5.67901234567901	-3.69135802469136
			5.67901234567901	-3.67901234567901
			5.67901234567901	-3.66666666666667
			5.69135802469136	-3.65432098765432
			5.69135802469136	-3.64197530864198
			5.69135802469136	-3.62962962962963
			5.69135802469136	-3.61728395061728
			5.7037037037037	-3.60493827160494
			5.7037037037037	-3.59259259259259
			5.7037037037037	-3.58024691358025
			5.7037037037037	-3.5679012345679
			5.71604938271605	-3.55555555555556
			5.71604938271605	-3.54320987654321
			5.71604938271605	-3.53086419753086
			5.72839506172839	-3.53086419753086
			5.72839506172839	-3.51851851851852
			5.74074074074074	-3.51851851851852
			5.75308641975309	-3.50617283950617
			5.76543209876543	-3.50617283950617
			5.77777777777778	-3.50617283950617
			5.79012345679012	-3.50617283950617
			5.80246913580247	-3.50617283950617
			5.81481481481481	-3.51851851851852
			5.82716049382716	-3.53086419753086
			5.83950617283951	-3.54320987654321
			5.85185185185185	-3.55555555555556
			5.8641975308642	-3.5679012345679
			5.8641975308642	-3.58024691358025
			5.87654320987654	-3.59259259259259
			5.87654320987654	-3.60493827160494
			5.88888888888889	-3.61728395061728
			5.88888888888889	-3.62962962962963
			5.90123456790123	-3.64197530864198
			5.90123456790123	-3.65432098765432
			5.90123456790123	-3.66666666666667
			5.90123456790123	-3.67901234567901
			5.90123456790123	-3.69135802469136
			5.91358024691358	-3.7037037037037
			5.91358024691358	-3.71604938271605
			5.91358024691358	-3.72839506172839
			5.91358024691358	-3.74074074074074
			5.91358024691358	-3.75308641975309
			5.91358024691358	-3.76543209876543
			5.91358024691358	-3.77777777777778
			5.91358024691358	-3.79012345679012
			5.91358024691358	-3.80246913580247
			5.91358024691358	-3.81481481481481
			5.92592592592593	-3.82716049382716
			5.92592592592593	-3.83950617283951
			5.92592592592593	-3.85185185185185
			5.92592592592593	-3.8641975308642
			5.92592592592593	-3.87654320987654
			5.92592592592593	-3.88888888888889
			5.92592592592593	-3.90123456790123
			5.92592592592593	-3.91358024691358
			5.92592592592593	-3.92592592592593
			5.92592592592593	-3.93827160493827
			5.92592592592593	-3.95061728395062
			5.92592592592593	-3.96296296296296
			5.92592592592593	-3.97530864197531
			5.92592592592593	-3.98765432098765
			5.92592592592593	-4
			5.92592592592593	-4.01234567901235
			5.92592592592593	-4.02469135802469
			5.92592592592593	-4.03703703703704
			5.92592592592593	-4.04938271604938
			5.92592592592593	-4.06172839506173
			5.92592592592593	-4.07407407407407
			5.92592592592593	-4.08641975308642
			5.92592592592593	-4.09876543209876
			5.92592592592593	-4.11111111111111
			5.92592592592593	-4.12345679012346
			5.92592592592593	-4.1358024691358
			5.92592592592593	-4.14814814814815
			5.92592592592593	-4.16049382716049
			5.92592592592593	-4.17283950617284
			5.92592592592593	-4.18518518518519
			5.92592592592593	-4.19753086419753
			5.92592592592593	-4.20987654320988
			5.92592592592593	-4.22222222222222
			5.92592592592593	-4.23456790123457
			5.92592592592593	-4.24691358024691
			5.92592592592593	-4.25925925925926
			5.92592592592593	-4.2716049382716
			5.92592592592593	-4.28395061728395
			5.92592592592593	-4.2962962962963
			5.92592592592593	-4.30864197530864
			5.92592592592593	-4.32098765432099
			5.92592592592593	-4.33333333333333
			5.92592592592593	-4.34567901234568
			5.92592592592593	-4.35802469135802
			5.92592592592593	-4.37037037037037
			5.92592592592593	-4.38271604938272
			5.92592592592593	-4.39506172839506
			5.92592592592593	-4.40740740740741
			5.92592592592593	-4.41975308641975
			5.92592592592593	-4.4320987654321
			5.92592592592593	-4.44444444444444
			5.92592592592593	-4.45679012345679
			5.92592592592593	-4.46913580246914
			5.92592592592593	-4.48148148148148
			5.92592592592593	-4.49382716049383
			5.92592592592593	-4.50617283950617
			5.92592592592593	-4.51851851851852
			5.92592592592593	-4.53086419753086
			5.92592592592593	-4.54320987654321
			5.92592592592593	-4.55555555555556
			5.92592592592593	-4.5679012345679
			5.92592592592593	-4.58024691358025
			5.92592592592593	-4.59259259259259
			5.92592592592593	-4.60493827160494
			5.92592592592593	-4.61728395061728
			5.92592592592593	-4.62962962962963
			5.92592592592593	-4.64197530864197
			5.91358024691358	-4.65432098765432
			5.91358024691358	-4.66666666666667
			5.91358024691358	-4.67901234567901
			5.91358024691358	-4.69135802469136
			5.91358024691358	-4.7037037037037
			5.91358024691358	-4.71604938271605
			5.91358024691358	-4.72839506172839
			5.91358024691358	-4.74074074074074
			5.91358024691358	-4.75308641975309
			5.91358024691358	-4.76543209876543
			5.91358024691358	-4.77777777777778
			5.91358024691358	-4.79012345679012
			5.91358024691358	-4.80246913580247
			5.91358024691358	-4.81481481481481
			5.92592592592593	-4.80246913580247
			5.93827160493827	-4.79012345679012
			5.93827160493827	-4.77777777777778
			5.95061728395062	-4.76543209876543
			5.96296296296296	-4.75308641975309
			5.97530864197531	-4.74074074074074
			5.97530864197531	-4.72839506172839
			5.98765432098765	-4.71604938271605
			6	-4.7037037037037
			6.01234567901235	-4.69135802469136
			6.01234567901235	-4.67901234567901
			6.02469135802469	-4.66666666666667
			6.03703703703704	-4.65432098765432
			6.04938271604938	-4.64197530864197
			6.04938271604938	-4.62962962962963
			6.06172839506173	-4.61728395061728
			6.07407407407407	-4.60493827160494
			6.07407407407407	-4.59259259259259
			6.08641975308642	-4.58024691358025
			6.09876543209876	-4.5679012345679
			6.09876543209876	-4.55555555555556
			6.11111111111111	-4.54320987654321
			6.11111111111111	-4.53086419753086
			6.12345679012346	-4.51851851851852
			6.1358024691358	-4.50617283950617
			6.1358024691358	-4.49382716049383
			6.14814814814815	-4.48148148148148
			6.16049382716049	-4.46913580246914
			6.16049382716049	-4.45679012345679
			6.17283950617284	-4.44444444444444
			6.17283950617284	-4.4320987654321
			6.18518518518519	-4.41975308641975
			6.18518518518519	-4.40740740740741
			6.19753086419753	-4.39506172839506
			6.19753086419753	-4.38271604938272
			6.20987654320988	-4.37037037037037
			6.20987654320988	-4.35802469135802
			6.22222222222222	-4.34567901234568
			6.22222222222222	-4.33333333333333
			6.23456790123457	-4.32098765432099
			6.23456790123457	-4.30864197530864
			6.24691358024691	-4.2962962962963
			6.24691358024691	-4.28395061728395
			6.25925925925926	-4.2716049382716
			6.25925925925926	-4.25925925925926
			6.2716049382716	-4.24691358024691
			6.2716049382716	-4.23456790123457
			6.28395061728395	-4.22222222222222
			6.28395061728395	-4.20987654320988
			6.2962962962963	-4.19753086419753
			6.2962962962963	-4.18518518518519
			6.30864197530864	-4.17283950617284
			6.30864197530864	-4.16049382716049
			6.32098765432099	-4.14814814814815
			6.32098765432099	-4.1358024691358
			6.33333333333333	-4.12345679012346
			6.33333333333333	-4.11111111111111
			6.34567901234568	-4.09876543209876
			6.34567901234568	-4.08641975308642
			6.34567901234568	-4.07407407407407
			6.35802469135802	-4.06172839506173
			6.35802469135802	-4.04938271604938
			6.37037037037037	-4.03703703703704
			6.37037037037037	-4.02469135802469
			6.38271604938272	-4.01234567901235
			6.38271604938272	-4
			6.38271604938272	-3.98765432098765
			6.38271604938272	-3.97530864197531
			6.39506172839506	-3.97530864197531
			6.39506172839506	-3.96296296296296
			6.39506172839506	-3.95061728395062
			6.40740740740741	-3.93827160493827
			6.40740740740741	-3.92592592592593
			6.40740740740741	-3.91358024691358
			6.41975308641975	-3.90123456790123
			6.41975308641975	-3.88888888888889
			6.4320987654321	-3.87654320987654
			6.4320987654321	-3.8641975308642
			6.4320987654321	-3.85185185185185
			6.44444444444444	-3.83950617283951
			6.44444444444444	-3.82716049382716
			6.44444444444444	-3.81481481481481
			6.44444444444444	-3.80246913580247
			6.45679012345679	-3.79012345679012
			6.45679012345679	-3.77777777777778
			6.45679012345679	-3.76543209876543
			6.46913580246914	-3.75308641975309
			6.46913580246914	-3.74074074074074
			6.46913580246914	-3.72839506172839
			6.48148148148148	-3.71604938271605
			6.48148148148148	-3.7037037037037
			6.48148148148148	-3.69135802469136
			6.48148148148148	-3.67901234567901
			6.49382716049383	-3.66666666666667
			6.49382716049383	-3.65432098765432
			6.49382716049383	-3.64197530864198
			6.50617283950617	-3.62962962962963
			6.50617283950617	-3.61728395061728
			6.50617283950617	-3.60493827160494
			6.50617283950617	-3.59259259259259
			6.51851851851852	-3.58024691358025
			6.51851851851852	-3.5679012345679
			6.51851851851852	-3.55555555555556
			6.51851851851852	-3.54320987654321
			6.53086419753086	-3.53086419753086
			6.53086419753086	-3.51851851851852
			6.53086419753086	-3.50617283950617
			6.53086419753086	-3.49382716049383
			6.54320987654321	-3.48148148148148
			6.54320987654321	-3.46913580246914
			6.54320987654321	-3.45679012345679
			6.54320987654321	-3.44444444444444
			6.54320987654321	-3.4320987654321
			6.55555555555556	-3.41975308641975
			6.55555555555556	-3.40740740740741
			6.55555555555556	-3.39506172839506
			6.55555555555556	-3.38271604938272
			6.5679012345679	-3.37037037037037
			6.5679012345679	-3.35802469135802
			6.5679012345679	-3.34567901234568
			6.5679012345679	-3.33333333333333
			6.5679012345679	-3.32098765432099
			6.58024691358025	-3.30864197530864
			6.58024691358025	-3.2962962962963
			6.58024691358025	-3.28395061728395
			6.58024691358025	-3.2716049382716
			6.58024691358025	-3.25925925925926
			6.58024691358025	-3.24691358024691
			6.59259259259259	-3.23456790123457
			6.59259259259259	-3.22222222222222
			6.59259259259259	-3.20987654320988
			6.59259259259259	-3.19753086419753
			6.59259259259259	-3.18518518518519
			6.59259259259259	-3.17283950617284
			6.59259259259259	-3.16049382716049
			6.60493827160494	-3.16049382716049
			6.60493827160494	-3.14814814814815
			6.60493827160494	-3.1358024691358
			6.60493827160494	-3.12345679012346
			6.60493827160494	-3.11111111111111
			6.60493827160494	-3.09876543209877
			6.60493827160494	-3.08641975308642
			6.61728395061728	-3.07407407407407
			6.61728395061728	-3.06172839506173
			6.61728395061728	-3.04938271604938
			6.61728395061728	-3.03703703703704
			6.61728395061728	-3.02469135802469
			6.61728395061728	-3.01234567901235
			6.61728395061728	-3
			6.61728395061728	-2.98765432098765
			6.61728395061728	-2.97530864197531
			6.62962962962963	-2.96296296296296
			6.62962962962963	-2.95061728395062
			6.62962962962963	-2.93827160493827
			6.62962962962963	-2.92592592592593
			6.62962962962963	-2.91358024691358
			6.62962962962963	-2.90123456790123
			6.62962962962963	-2.88888888888889
			6.62962962962963	-2.87654320987654
			6.62962962962963	-2.8641975308642
			6.62962962962963	-2.85185185185185
			6.64197530864197	-2.83950617283951
			6.64197530864197	-2.82716049382716
			6.64197530864197	-2.81481481481481
			6.64197530864197	-2.80246913580247
			6.64197530864197	-2.79012345679012
			6.64197530864197	-2.77777777777778
			6.64197530864197	-2.76543209876543
			6.64197530864197	-2.75308641975309
			6.64197530864197	-2.74074074074074
			6.64197530864197	-2.72839506172839
			6.64197530864197	-2.71604938271605
			6.64197530864197	-2.7037037037037
			6.64197530864197	-2.69135802469136
			6.64197530864197	-2.67901234567901
			6.65432098765432	-2.66666666666667
			6.65432098765432	-2.65432098765432
			6.65432098765432	-2.64197530864198
			6.65432098765432	-2.62962962962963
			6.65432098765432	-2.61728395061728
			6.65432098765432	-2.60493827160494
			6.65432098765432	-2.59259259259259
			6.65432098765432	-2.58024691358025
			6.65432098765432	-2.5679012345679
			6.65432098765432	-2.55555555555556
			6.65432098765432	-2.54320987654321
			6.65432098765432	-2.53086419753086
			6.65432098765432	-2.51851851851852
			6.65432098765432	-2.50617283950617
			6.65432098765432	-2.49382716049383
			6.65432098765432	-2.48148148148148
			6.65432098765432	-2.46913580246914
			6.64197530864197	-2.45679012345679
			6.64197530864197	-2.44444444444444
			6.64197530864197	-2.4320987654321
			6.64197530864197	-2.41975308641975
			6.64197530864197	-2.40740740740741
			6.64197530864197	-2.39506172839506
			6.64197530864197	-2.38271604938272
			6.62962962962963	-2.37037037037037
			6.62962962962963	-2.35802469135802
			6.62962962962963	-2.34567901234568
			6.62962962962963	-2.33333333333333
			6.62962962962963	-2.32098765432099
			6.61728395061728	-2.30864197530864
			6.61728395061728	-2.2962962962963
			6.61728395061728	-2.28395061728395
			6.61728395061728	-2.2716049382716
			6.60493827160494	-2.25925925925926
			6.60493827160494	-2.24691358024691
			6.60493827160494	-2.23456790123457
			6.60493827160494	-2.22222222222222
			6.60493827160494	-2.20987654320988
			6.59259259259259	-2.19753086419753
			6.59259259259259	-2.18518518518519
			6.59259259259259	-2.17283950617284
			6.59259259259259	-2.16049382716049
			6.58024691358025	-2.14814814814815
			6.58024691358025	-2.1358024691358
			6.58024691358025	-2.12345679012346
			6.5679012345679	-2.11111111111111
			6.5679012345679	-2.09876543209877
			6.5679012345679	-2.08641975308642
			6.5679012345679	-2.07407407407407
			6.55555555555556	-2.06172839506173
			6.55555555555556	-2.04938271604938
			6.55555555555556	-2.03703703703704
			6.54320987654321	-2.02469135802469
			6.54320987654321	-2.01234567901235
			6.54320987654321	-2
			6.53086419753086	-1.98765432098765
			6.53086419753086	-1.97530864197531
			6.53086419753086	-1.96296296296296
			6.51851851851852	-1.95061728395062
			6.51851851851852	-1.93827160493827
			6.51851851851852	-1.92592592592593
			6.50617283950617	-1.91358024691358
			6.50617283950617	-1.90123456790123
			6.50617283950617	-1.88888888888889
			6.49382716049383	-1.87654320987654
			6.49382716049383	-1.8641975308642
			6.49382716049383	-1.85185185185185
			6.48148148148148	-1.83950617283951
			6.48148148148148	-1.82716049382716
			6.46913580246914	-1.81481481481481
			6.46913580246914	-1.80246913580247
			6.46913580246914	-1.79012345679012
			6.45679012345679	-1.77777777777778
			6.45679012345679	-1.76543209876543
			6.44444444444444	-1.75308641975309
			6.44444444444444	-1.74074074074074
			6.4320987654321	-1.72839506172839
			6.4320987654321	-1.71604938271605
			6.41975308641975	-1.7037037037037
			6.41975308641975	-1.69135802469136
			6.41975308641975	-1.67901234567901
			6.40740740740741	-1.66666666666667
			6.40740740740741	-1.65432098765432
			6.39506172839506	-1.64197530864198
			6.39506172839506	-1.62962962962963
			6.38271604938272	-1.61728395061728
			6.38271604938272	-1.60493827160494
			6.37037037037037	-1.59259259259259
			6.37037037037037	-1.58024691358025
			6.35802469135802	-1.5679012345679
			6.35802469135802	-1.55555555555556
			6.34567901234568	-1.54320987654321
			6.34567901234568	-1.53086419753086
			6.34567901234568	-1.51851851851852
			6.33333333333333	-1.50617283950617
			6.33333333333333	-1.49382716049383
			6.32098765432099	-1.49382716049383
			6.32098765432099	-1.48148148148148
			6.30864197530864	-1.46913580246914
			6.30864197530864	-1.45679012345679
			6.2962962962963	-1.44444444444444
			6.2962962962963	-1.4320987654321
			6.28395061728395	-1.41975308641975
			6.28395061728395	-1.40740740740741
			6.2716049382716	-1.39506172839506
			6.25925925925926	-1.38271604938272
			6.24691358024691	-1.37037037037037
			6.24691358024691	-1.35802469135802
			6.23456790123457	-1.34567901234568
			6.23456790123457	-1.33333333333333
			6.22222222222222	-1.32098765432099
			6.22222222222222	-1.30864197530864
			6.20987654320988	-1.2962962962963
			6.19753086419753	-1.28395061728395
			6.19753086419753	-1.2716049382716
			6.18518518518519	-1.25925925925926
			6.17283950617284	-1.24691358024691
			6.17283950617284	-1.23456790123457
			6.16049382716049	-1.22222222222222
			6.16049382716049	-1.20987654320988
			6.14814814814815	-1.19753086419753
			6.1358024691358	-1.18518518518519
			6.1358024691358	-1.17283950617284
			6.12345679012346	-1.17283950617284
			6.12345679012346	-1.16049382716049
			6.11111111111111	-1.14814814814815
			6.09876543209876	-1.1358024691358
			6.09876543209876	-1.12345679012346
			6.08641975308642	-1.11111111111111
			6.07407407407407	-1.09876543209877
			6.07407407407407	-1.08641975308642
			6.06172839506173	-1.07407407407407
			6.04938271604938	-1.06172839506173
			6.04938271604938	-1.04938271604938
			6.03703703703704	-1.04938271604938
			6.02469135802469	-1.03703703703704
			6.02469135802469	-1.02469135802469
			6.02469135802469	-1.01234567901235
			6.01234567901235	-1.01234567901235
			6.01234567901235	-1
			6	-1
			6	-0.987654320987654
			5.98765432098765	-0.975308641975309
			5.97530864197531	-0.962962962962963
			5.96296296296296	-0.950617283950617
			5.95061728395062	-0.950617283950617
			5.93827160493827	-0.938271604938272
			5.92592592592593	-0.925925925925926
			5.91358024691358	-0.925925925925926
			5.90123456790123	-0.91358024691358
			5.88888888888889	-0.91358024691358
			5.87654320987654	-0.901234567901235
			5.8641975308642	-0.901234567901235
			5.85185185185185	-0.888888888888889
			5.83950617283951	-0.888888888888889
			5.82716049382716	-0.876543209876543
			5.81481481481481	-0.876543209876543
			5.80246913580247	-0.864197530864197
			5.79012345679012	-0.864197530864197
			5.77777777777778	-0.864197530864197
			5.76543209876543	-0.851851851851852
			5.75308641975309	-0.851851851851852
			5.74074074074074	-0.851851851851852
			5.72839506172839	-0.851851851851852
			5.71604938271605	-0.839506172839506
			5.7037037037037	-0.839506172839506
			5.69135802469136	-0.839506172839506
			5.67901234567901	-0.839506172839506
			5.66666666666667	-0.82716049382716
			5.65432098765432	-0.82716049382716
			5.64197530864197	-0.82716049382716
			5.62962962962963	-0.82716049382716
			5.61728395061728	-0.814814814814815
			5.60493827160494	-0.814814814814815
			5.59259259259259	-0.814814814814815
			5.58024691358025	-0.814814814814815
			5.5679012345679	-0.814814814814815
			5.55555555555556	-0.802469135802469
			5.54320987654321	-0.802469135802469
			5.53086419753086	-0.802469135802469
			5.51851851851852	-0.802469135802469
			5.50617283950617	-0.802469135802469
			5.49382716049383	-0.802469135802469
			5.48148148148148	-0.802469135802469
			5.48148148148148	-0.790123456790123
			5.46913580246914	-0.790123456790123
			5.45679012345679	-0.790123456790123
			5.44444444444444	-0.790123456790123
			5.4320987654321	-0.790123456790123
			5.41975308641975	-0.790123456790123
			5.40740740740741	-0.790123456790123
			5.39506172839506	-0.790123456790123
			5.38271604938272	-0.777777777777778
			5.37037037037037	-0.777777777777778
			5.35802469135802	-0.777777777777778
			5.34567901234568	-0.777777777777778
			5.33333333333333	-0.777777777777778
			5.32098765432099	-0.777777777777778
			5.30864197530864	-0.777777777777778
			5.2962962962963	-0.777777777777778
			5.28395061728395	-0.777777777777778
			5.2716049382716	-0.777777777777778
			5.25925925925926	-0.765432098765432
			5.24691358024691	-0.765432098765432
			5.23456790123457	-0.765432098765432
			5.22222222222222	-0.765432098765432
			5.20987654320988	-0.765432098765432
			5.19753086419753	-0.765432098765432
			5.18518518518519	-0.765432098765432
			5.17283950617284	-0.765432098765432
			5.16049382716049	-0.765432098765432
			5.14814814814815	-0.765432098765432
			5.1358024691358	-0.765432098765432
			5.12345679012346	-0.765432098765432
			5.11111111111111	-0.765432098765432
			5.09876543209876	-0.765432098765432
			5.08641975308642	-0.765432098765432
			5.07407407407407	-0.753086419753086
			5.06172839506173	-0.753086419753086
			5.04938271604938	-0.753086419753086
			5.03703703703704	-0.753086419753086
			5.02469135802469	-0.753086419753086
			5.01234567901235	-0.753086419753086
			5	-0.753086419753086
			4.98765432098765	-0.753086419753086
			4.97530864197531	-0.753086419753086
			4.96296296296296	-0.753086419753086
			4.95061728395062	-0.753086419753086
			4.93827160493827	-0.753086419753086
			4.92592592592593	-0.753086419753086
			4.91358024691358	-0.753086419753086
			4.90123456790123	-0.753086419753086
			4.88888888888889	-0.753086419753086
			4.87654320987654	-0.753086419753086
			4.8641975308642	-0.753086419753086
			4.85185185185185	-0.753086419753086
			4.83950617283951	-0.753086419753086
			4.82716049382716	-0.753086419753086
			4.81481481481481	-0.753086419753086
			4.80246913580247	-0.753086419753086
			4.79012345679012	-0.753086419753086
			4.77777777777778	-0.740740740740741
			4.76543209876543	-0.740740740740741
			4.75308641975309	-0.740740740740741
			4.74074074074074	-0.740740740740741
			4.72839506172839	-0.740740740740741
			4.71604938271605	-0.740740740740741
			4.7037037037037	-0.728395061728395
			4.69135802469136	-0.728395061728395
			4.67901234567901	-0.728395061728395
			4.66666666666667	-0.728395061728395
			4.65432098765432	-0.716049382716049
			4.64197530864197	-0.716049382716049
			4.62962962962963	-0.716049382716049
			4.61728395061728	-0.716049382716049
			4.60493827160494	-0.703703703703704
			4.59259259259259	-0.703703703703704
			4.58024691358025	-0.703703703703704
			4.5679012345679	-0.691358024691358
			4.55555555555556	-0.691358024691358
			4.54320987654321	-0.679012345679012
			4.53086419753086	-0.679012345679012
			4.51851851851852	-0.666666666666667
			4.50617283950617	-0.666666666666667
			4.49382716049383	-0.654320987654321
			4.48148148148148	-0.654320987654321
			4.46913580246914	-0.641975308641975
			4.45679012345679	-0.641975308641975
			4.44444444444444	-0.641975308641975
			4.44444444444444	-0.62962962962963
			4.4320987654321	-0.62962962962963
			4.41975308641975	-0.617283950617284
		</margin>
	</curves.scaled>
	<ruler.points type=matrix rownames=TRUE colnames=FALSE nrow=2 ncol=2 as.numeric=TRUE >
		Ruler point 1	480	461
		Ruler point 2	561	461
	</ruler.points>
</shapes>

