<shapes type=list>
	<ruler.pixel type=vector names=FALSE length=1 as.numeric=TRUE >103</ruler.pixel>
	<ruler.interval type=vector names=FALSE length=1 as.numeric=TRUE >1</ruler.interval>
	<scaling.units type=vector names=FALSE length=1 as.numeric=FALSE >cm</scaling.units>
	<scaling type=vector names=FALSE length=1 as.numeric=TRUE >0.00970873786407767</scaling>
	<landmarks.pixel type=matrix rownames=TRUE colnames=FALSE nrow=5 ncol=2 as.numeric=TRUE >
		LM1	96	22
		LM2	96	220
		LM4	96	230
		LM5	136	36
		LM7	185	51
	</landmarks.pixel>
	<landmarks.scaled type=matrix rownames=TRUE colnames=FALSE nrow=5 ncol=2 as.numeric=TRUE >
		LM1	0.932038834951456	-0.213592233009709
		LM2	0.932038834951456	-2.13592233009709
		LM4	0.932038834951456	-2.23300970873786
		LM5	1.32038834951456	-0.349514563106796
		LM7	1.79611650485437	-0.495145631067961
	</landmarks.scaled>
	<curves.control type=list>
		<axis type=matrix rownames=FALSE colnames=FALSE nrow=29 ncol=2 as.numeric=TRUE >
			96	22
			113	19
			135	35
			132	42
			132	47
			132	56
			128	60
			132	69
			127	78
			131	88
			123	92
			130	102
			121	108
			128	119
			121	126
			127	133
			121	140
			123	148
			118	154
			122	161
			117	169
			117	178
			114	182
			116	190
			112	194
			113	203
			106	206
			107	215
			96	220
		</axis>
		<margin type=matrix rownames=FALSE colnames=FALSE nrow=11 ncol=2 as.numeric=TRUE >
			96	230
			106	228
			124	201
			155	156
			174	118
			186	88
			189	68
			189	58
			185	51
			167	37
			136	36
		</margin>
	</curves.control>
	<curves.pixel type=list>
		<axis type=matrix rownames=FALSE colnames=FALSE nrow=237 ncol=2 as.numeric=TRUE >
			96	22
			97	22
			98	22
			99	22
			100	22
			101	22
			102	22
			103	22
			104	22
			105	22
			106	22
			107	22
			108	22
			109	22
			110	23
			111	23
			112	23
			113	23
			114	24
			115	24
			116	24
			117	25
			118	25
			119	26
			120	26
			121	27
			122	27
			123	28
			124	28
			125	29
			126	29
			127	30
			128	31
			129	31
			130	31
			131	32
			131	33
			132	33
			133	34
			134	34
			135	35
			135	36
			134	37
			134	38
			134	39
			133	40
			133	41
			133	42
			132	43
			132	44
			132	45
			132	46
			132	47
			132	48
			132	49
			132	50
			132	51
			132	52
			132	53
			131	53
			131	54
			131	55
			131	56
			130	57
			129	58
			129	59
			128	60
			128	61
			129	62
			129	63
			129	64
			130	65
			130	66
			130	67
			130	68
			130	69
			130	70
			130	71
			129	71
			129	72
			129	73
			129	74
			129	75
			128	76
			127	77
			127	78
			127	79
			128	80
			128	81
			128	82
			128	83
			128	84
			128	85
			128	86
			128	87
			127	88
			127	89
			126	90
			125	91
			124	92
			123	93
			124	94
			125	95
			125	96
			126	97
			126	98
			126	99
			126	100
			126	101
			126	102
			126	103
			125	104
			125	105
			124	105
			123	106
			123	107
			122	108
			121	108
			122	109
			122	110
			122	111
			123	111
			123	112
			123	113
			124	113
			124	114
			124	115
			124	116
			124	117
			124	118
			124	119
			124	120
			124	121
			124	122
			123	123
			122	124
			122	125
			121	126
			122	127
			122	128
			123	129
			123	130
			124	130
			124	131
			124	132
			124	133
			124	134
			124	135
			123	136
			123	137
			122	138
			122	139
			121	140
			121	141
			121	142
			122	143
			122	144
			122	145
			121	146
			121	147
			121	148
			121	149
			120	150
			120	151
			119	152
			119	153
			118	154
			118	155
			119	156
			119	157
			120	158
			120	159
			120	160
			120	161
			120	162
			119	163
			119	164
			119	165
			118	166
			118	167
			118	168
			117	169
			117	170
			117	171
			117	172
			117	173
			117	174
			117	175
			116	176
			116	177
			116	178
			116	179
			115	180
			115	181
			114	182
			114	183
			114	184
			115	185
			115	186
			115	187
			115	188
			115	189
			114	190
			114	191
			113	192
			113	193
			112	194
			112	195
			112	196
			112	197
			112	198
			112	199
			112	200
			111	201
			111	202
			110	202
			110	203
			109	204
			108	205
			107	206
			106	207
			106	208
			106	209
			106	210
			105	211
			105	212
			104	213
			104	214
			103	215
			103	216
			102	216
			101	217
			100	218
			99	218
			98	219
			97	219
			96	220
		</axis>
		<margin type=matrix rownames=FALSE colnames=FALSE nrow=246 ncol=2 as.numeric=TRUE >
			96	230
			97	230
			98	230
			98	229
			99	229
			100	228
			101	228
			102	227
			103	226
			104	226
			105	225
			106	224
			107	223
			108	222
			109	221
			110	220
			110	219
			111	218
			112	218
			112	217
			113	216
			114	215
			115	214
			115	213
			116	212
			117	211
			118	210
			118	209
			119	208
			120	207
			121	206
			122	205
			122	204
			123	203
			123	202
			124	201
			125	200
			126	199
			126	198
			127	197
			127	196
			128	195
			129	194
			129	193
			130	192
			131	191
			132	190
			132	189
			133	188
			133	187
			134	187
			134	186
			135	185
			135	184
			136	183
			137	182
			137	181
			138	180
			138	179
			139	179
			139	178
			140	177
			140	176
			141	176
			141	175
			142	174
			142	173
			143	173
			143	172
			144	171
			145	170
			145	169
			146	168
			146	167
			147	166
			147	165
			148	165
			148	164
			149	163
			149	162
			150	161
			151	160
			151	159
			152	158
			153	157
			153	156
			154	155
			154	154
			155	153
			156	152
			156	151
			157	150
			157	149
			158	148
			159	147
			159	146
			160	145
			160	144
			161	143
			161	142
			162	141
			163	140
			163	139
			164	138
			164	137
			165	136
			165	135
			166	134
			166	133
			167	132
			167	131
			168	130
			168	129
			169	128
			169	127
			170	126
			170	125
			171	124
			171	123
			172	122
			172	121
			173	120
			173	119
			174	118
			174	117
			175	116
			175	115
			176	114
			176	113
			176	112
			177	112
			177	111
			177	110
			177	109
			178	108
			178	107
			178	106
			179	106
			179	105
			179	104
			180	103
			180	102
			180	101
			181	100
			181	99
			181	98
			182	97
			182	96
			182	95
			183	94
			183	93
			183	92
			183	91
			184	91
			184	90
			184	89
			185	88
			185	87
			185	86
			185	85
			185	84
			186	84
			186	83
			186	82
			186	81
			187	80
			187	79
			187	78
			187	77
			188	76
			188	75
			188	74
			188	73
			188	72
			188	71
			189	70
			189	69
			189	68
			189	67
			189	66
			189	65
			189	64
			189	63
			189	62
			188	61
			188	60
			188	59
			188	58
			188	57
			187	57
			187	56
			187	55
			187	54
			186	53
			185	52
			185	51
			184	50
			183	49
			182	49
			181	48
			180	48
			179	47
			178	47
			177	46
			176	45
			175	45
			174	44
			173	44
			172	43
			171	43
			170	43
			169	42
			168	42
			167	41
			166	41
			165	41
			164	40
			163	40
			162	40
			161	39
			160	39
			159	39
			158	39
			157	39
			156	38
			155	38
			154	38
			153	38
			152	38
			152	37
			151	37
			150	37
			149	37
			148	37
			147	37
			146	37
			145	37
			144	37
			143	36
			142	36
			141	36
			140	36
			139	36
			138	36
			137	36
			136	36
		</margin>
	</curves.pixel>
	<curves.scaled type=list>
		<axis type=matrix rownames=FALSE colnames=FALSE nrow=237 ncol=2 as.numeric=TRUE >
			0.932038834951456	-0.213592233009709
			0.941747572815534	-0.213592233009709
			0.951456310679612	-0.213592233009709
			0.961165048543689	-0.213592233009709
			0.970873786407767	-0.213592233009709
			0.980582524271845	-0.213592233009709
			0.990291262135922	-0.213592233009709
			1	-0.213592233009709
			1.00970873786408	-0.213592233009709
			1.01941747572816	-0.213592233009709
			1.02912621359223	-0.213592233009709
			1.03883495145631	-0.213592233009709
			1.04854368932039	-0.213592233009709
			1.05825242718447	-0.213592233009709
			1.06796116504854	-0.223300970873786
			1.07766990291262	-0.223300970873786
			1.0873786407767	-0.223300970873786
			1.09708737864078	-0.223300970873786
			1.10679611650485	-0.233009708737864
			1.11650485436893	-0.233009708737864
			1.12621359223301	-0.233009708737864
			1.13592233009709	-0.242718446601942
			1.14563106796116	-0.242718446601942
			1.15533980582524	-0.252427184466019
			1.16504854368932	-0.252427184466019
			1.1747572815534	-0.262135922330097
			1.18446601941748	-0.262135922330097
			1.19417475728155	-0.271844660194175
			1.20388349514563	-0.271844660194175
			1.21359223300971	-0.281553398058252
			1.22330097087379	-0.281553398058252
			1.23300970873786	-0.29126213592233
			1.24271844660194	-0.300970873786408
			1.25242718446602	-0.300970873786408
			1.2621359223301	-0.300970873786408
			1.27184466019417	-0.310679611650485
			1.27184466019417	-0.320388349514563
			1.28155339805825	-0.320388349514563
			1.29126213592233	-0.330097087378641
			1.30097087378641	-0.330097087378641
			1.31067961165049	-0.339805825242718
			1.31067961165049	-0.349514563106796
			1.30097087378641	-0.359223300970874
			1.30097087378641	-0.368932038834951
			1.30097087378641	-0.378640776699029
			1.29126213592233	-0.388349514563107
			1.29126213592233	-0.398058252427184
			1.29126213592233	-0.407766990291262
			1.28155339805825	-0.41747572815534
			1.28155339805825	-0.427184466019417
			1.28155339805825	-0.436893203883495
			1.28155339805825	-0.446601941747573
			1.28155339805825	-0.45631067961165
			1.28155339805825	-0.466019417475728
			1.28155339805825	-0.475728155339806
			1.28155339805825	-0.485436893203883
			1.28155339805825	-0.495145631067961
			1.28155339805825	-0.504854368932039
			1.28155339805825	-0.514563106796116
			1.27184466019417	-0.514563106796116
			1.27184466019417	-0.524271844660194
			1.27184466019417	-0.533980582524272
			1.27184466019417	-0.543689320388349
			1.2621359223301	-0.553398058252427
			1.25242718446602	-0.563106796116505
			1.25242718446602	-0.572815533980582
			1.24271844660194	-0.58252427184466
			1.24271844660194	-0.592233009708738
			1.25242718446602	-0.601941747572815
			1.25242718446602	-0.611650485436893
			1.25242718446602	-0.621359223300971
			1.2621359223301	-0.631067961165048
			1.2621359223301	-0.640776699029126
			1.2621359223301	-0.650485436893204
			1.2621359223301	-0.660194174757281
			1.2621359223301	-0.669902912621359
			1.2621359223301	-0.679611650485437
			1.2621359223301	-0.689320388349514
			1.25242718446602	-0.689320388349514
			1.25242718446602	-0.699029126213592
			1.25242718446602	-0.70873786407767
			1.25242718446602	-0.718446601941747
			1.25242718446602	-0.728155339805825
			1.24271844660194	-0.737864077669903
			1.23300970873786	-0.74757281553398
			1.23300970873786	-0.757281553398058
			1.23300970873786	-0.766990291262136
			1.24271844660194	-0.776699029126213
			1.24271844660194	-0.786407766990291
			1.24271844660194	-0.796116504854369
			1.24271844660194	-0.805825242718447
			1.24271844660194	-0.815533980582524
			1.24271844660194	-0.825242718446602
			1.24271844660194	-0.83495145631068
			1.24271844660194	-0.844660194174757
			1.23300970873786	-0.854368932038835
			1.23300970873786	-0.864077669902913
			1.22330097087379	-0.87378640776699
			1.21359223300971	-0.883495145631068
			1.20388349514563	-0.893203883495146
			1.19417475728155	-0.902912621359223
			1.20388349514563	-0.912621359223301
			1.21359223300971	-0.922330097087379
			1.21359223300971	-0.932038834951456
			1.22330097087379	-0.941747572815534
			1.22330097087379	-0.951456310679612
			1.22330097087379	-0.961165048543689
			1.22330097087379	-0.970873786407767
			1.22330097087379	-0.980582524271845
			1.22330097087379	-0.990291262135922
			1.22330097087379	-1
			1.21359223300971	-1.00970873786408
			1.21359223300971	-1.01941747572816
			1.20388349514563	-1.01941747572816
			1.19417475728155	-1.02912621359223
			1.19417475728155	-1.03883495145631
			1.18446601941748	-1.04854368932039
			1.1747572815534	-1.04854368932039
			1.18446601941748	-1.05825242718447
			1.18446601941748	-1.06796116504854
			1.18446601941748	-1.07766990291262
			1.19417475728155	-1.07766990291262
			1.19417475728155	-1.0873786407767
			1.19417475728155	-1.09708737864078
			1.20388349514563	-1.09708737864078
			1.20388349514563	-1.10679611650485
			1.20388349514563	-1.11650485436893
			1.20388349514563	-1.12621359223301
			1.20388349514563	-1.13592233009709
			1.20388349514563	-1.14563106796116
			1.20388349514563	-1.15533980582524
			1.20388349514563	-1.16504854368932
			1.20388349514563	-1.1747572815534
			1.20388349514563	-1.18446601941748
			1.19417475728155	-1.19417475728155
			1.18446601941748	-1.20388349514563
			1.18446601941748	-1.21359223300971
			1.1747572815534	-1.22330097087379
			1.18446601941748	-1.23300970873786
			1.18446601941748	-1.24271844660194
			1.19417475728155	-1.25242718446602
			1.19417475728155	-1.2621359223301
			1.20388349514563	-1.2621359223301
			1.20388349514563	-1.27184466019417
			1.20388349514563	-1.28155339805825
			1.20388349514563	-1.29126213592233
			1.20388349514563	-1.30097087378641
			1.20388349514563	-1.31067961165049
			1.19417475728155	-1.32038834951456
			1.19417475728155	-1.33009708737864
			1.18446601941748	-1.33980582524272
			1.18446601941748	-1.3495145631068
			1.1747572815534	-1.35922330097087
			1.1747572815534	-1.36893203883495
			1.1747572815534	-1.37864077669903
			1.18446601941748	-1.38834951456311
			1.18446601941748	-1.39805825242718
			1.18446601941748	-1.40776699029126
			1.1747572815534	-1.41747572815534
			1.1747572815534	-1.42718446601942
			1.1747572815534	-1.43689320388349
			1.1747572815534	-1.44660194174757
			1.16504854368932	-1.45631067961165
			1.16504854368932	-1.46601941747573
			1.15533980582524	-1.47572815533981
			1.15533980582524	-1.48543689320388
			1.14563106796116	-1.49514563106796
			1.14563106796116	-1.50485436893204
			1.15533980582524	-1.51456310679612
			1.15533980582524	-1.52427184466019
			1.16504854368932	-1.53398058252427
			1.16504854368932	-1.54368932038835
			1.16504854368932	-1.55339805825243
			1.16504854368932	-1.5631067961165
			1.16504854368932	-1.57281553398058
			1.15533980582524	-1.58252427184466
			1.15533980582524	-1.59223300970874
			1.15533980582524	-1.60194174757282
			1.14563106796116	-1.61165048543689
			1.14563106796116	-1.62135922330097
			1.14563106796116	-1.63106796116505
			1.13592233009709	-1.64077669902913
			1.13592233009709	-1.6504854368932
			1.13592233009709	-1.66019417475728
			1.13592233009709	-1.66990291262136
			1.13592233009709	-1.67961165048544
			1.13592233009709	-1.68932038834951
			1.13592233009709	-1.69902912621359
			1.12621359223301	-1.70873786407767
			1.12621359223301	-1.71844660194175
			1.12621359223301	-1.72815533980583
			1.12621359223301	-1.7378640776699
			1.11650485436893	-1.74757281553398
			1.11650485436893	-1.75728155339806
			1.10679611650485	-1.76699029126214
			1.10679611650485	-1.77669902912621
			1.10679611650485	-1.78640776699029
			1.11650485436893	-1.79611650485437
			1.11650485436893	-1.80582524271845
			1.11650485436893	-1.81553398058252
			1.11650485436893	-1.8252427184466
			1.11650485436893	-1.83495145631068
			1.10679611650485	-1.84466019417476
			1.10679611650485	-1.85436893203883
			1.09708737864078	-1.86407766990291
			1.09708737864078	-1.87378640776699
			1.0873786407767	-1.88349514563107
			1.0873786407767	-1.89320388349515
			1.0873786407767	-1.90291262135922
			1.0873786407767	-1.9126213592233
			1.0873786407767	-1.92233009708738
			1.0873786407767	-1.93203883495146
			1.0873786407767	-1.94174757281553
			1.07766990291262	-1.95145631067961
			1.07766990291262	-1.96116504854369
			1.06796116504854	-1.96116504854369
			1.06796116504854	-1.97087378640777
			1.05825242718447	-1.98058252427184
			1.04854368932039	-1.99029126213592
			1.03883495145631	-2
			1.02912621359223	-2.00970873786408
			1.02912621359223	-2.01941747572816
			1.02912621359223	-2.02912621359223
			1.02912621359223	-2.03883495145631
			1.01941747572816	-2.04854368932039
			1.01941747572816	-2.05825242718447
			1.00970873786408	-2.06796116504854
			1.00970873786408	-2.07766990291262
			1	-2.0873786407767
			1	-2.09708737864078
			0.990291262135922	-2.09708737864078
			0.980582524271845	-2.10679611650485
			0.970873786407767	-2.11650485436893
			0.961165048543689	-2.11650485436893
			0.951456310679612	-2.12621359223301
			0.941747572815534	-2.12621359223301
			0.932038834951456	-2.13592233009709
		</axis>
		<margin type=matrix rownames=FALSE colnames=FALSE nrow=246 ncol=2 as.numeric=TRUE >
			0.932038834951456	-2.23300970873786
			0.941747572815534	-2.23300970873786
			0.951456310679612	-2.23300970873786
			0.951456310679612	-2.22330097087379
			0.961165048543689	-2.22330097087379
			0.970873786407767	-2.21359223300971
			0.980582524271845	-2.21359223300971
			0.990291262135922	-2.20388349514563
			1	-2.19417475728155
			1.00970873786408	-2.19417475728155
			1.01941747572816	-2.18446601941748
			1.02912621359223	-2.1747572815534
			1.03883495145631	-2.16504854368932
			1.04854368932039	-2.15533980582524
			1.05825242718447	-2.14563106796116
			1.06796116504854	-2.13592233009709
			1.06796116504854	-2.12621359223301
			1.07766990291262	-2.11650485436893
			1.0873786407767	-2.11650485436893
			1.0873786407767	-2.10679611650485
			1.09708737864078	-2.09708737864078
			1.10679611650485	-2.0873786407767
			1.11650485436893	-2.07766990291262
			1.11650485436893	-2.06796116504854
			1.12621359223301	-2.05825242718447
			1.13592233009709	-2.04854368932039
			1.14563106796116	-2.03883495145631
			1.14563106796116	-2.02912621359223
			1.15533980582524	-2.01941747572816
			1.16504854368932	-2.00970873786408
			1.1747572815534	-2
			1.18446601941748	-1.99029126213592
			1.18446601941748	-1.98058252427184
			1.19417475728155	-1.97087378640777
			1.19417475728155	-1.96116504854369
			1.20388349514563	-1.95145631067961
			1.21359223300971	-1.94174757281553
			1.22330097087379	-1.93203883495146
			1.22330097087379	-1.92233009708738
			1.23300970873786	-1.9126213592233
			1.23300970873786	-1.90291262135922
			1.24271844660194	-1.89320388349515
			1.25242718446602	-1.88349514563107
			1.25242718446602	-1.87378640776699
			1.2621359223301	-1.86407766990291
			1.27184466019417	-1.85436893203883
			1.28155339805825	-1.84466019417476
			1.28155339805825	-1.83495145631068
			1.29126213592233	-1.8252427184466
			1.29126213592233	-1.81553398058252
			1.30097087378641	-1.81553398058252
			1.30097087378641	-1.80582524271845
			1.31067961165049	-1.79611650485437
			1.31067961165049	-1.78640776699029
			1.32038834951456	-1.77669902912621
			1.33009708737864	-1.76699029126214
			1.33009708737864	-1.75728155339806
			1.33980582524272	-1.74757281553398
			1.33980582524272	-1.7378640776699
			1.3495145631068	-1.7378640776699
			1.3495145631068	-1.72815533980583
			1.35922330097087	-1.71844660194175
			1.35922330097087	-1.70873786407767
			1.36893203883495	-1.70873786407767
			1.36893203883495	-1.69902912621359
			1.37864077669903	-1.68932038834951
			1.37864077669903	-1.67961165048544
			1.38834951456311	-1.67961165048544
			1.38834951456311	-1.66990291262136
			1.39805825242718	-1.66019417475728
			1.40776699029126	-1.6504854368932
			1.40776699029126	-1.64077669902913
			1.41747572815534	-1.63106796116505
			1.41747572815534	-1.62135922330097
			1.42718446601942	-1.61165048543689
			1.42718446601942	-1.60194174757282
			1.43689320388349	-1.60194174757282
			1.43689320388349	-1.59223300970874
			1.44660194174757	-1.58252427184466
			1.44660194174757	-1.57281553398058
			1.45631067961165	-1.5631067961165
			1.46601941747573	-1.55339805825243
			1.46601941747573	-1.54368932038835
			1.47572815533981	-1.53398058252427
			1.48543689320388	-1.52427184466019
			1.48543689320388	-1.51456310679612
			1.49514563106796	-1.50485436893204
			1.49514563106796	-1.49514563106796
			1.50485436893204	-1.48543689320388
			1.51456310679612	-1.47572815533981
			1.51456310679612	-1.46601941747573
			1.52427184466019	-1.45631067961165
			1.52427184466019	-1.44660194174757
			1.53398058252427	-1.43689320388349
			1.54368932038835	-1.42718446601942
			1.54368932038835	-1.41747572815534
			1.55339805825243	-1.40776699029126
			1.55339805825243	-1.39805825242718
			1.5631067961165	-1.38834951456311
			1.5631067961165	-1.37864077669903
			1.57281553398058	-1.36893203883495
			1.58252427184466	-1.35922330097087
			1.58252427184466	-1.3495145631068
			1.59223300970874	-1.33980582524272
			1.59223300970874	-1.33009708737864
			1.60194174757282	-1.32038834951456
			1.60194174757282	-1.31067961165049
			1.61165048543689	-1.30097087378641
			1.61165048543689	-1.29126213592233
			1.62135922330097	-1.28155339805825
			1.62135922330097	-1.27184466019417
			1.63106796116505	-1.2621359223301
			1.63106796116505	-1.25242718446602
			1.64077669902913	-1.24271844660194
			1.64077669902913	-1.23300970873786
			1.6504854368932	-1.22330097087379
			1.6504854368932	-1.21359223300971
			1.66019417475728	-1.20388349514563
			1.66019417475728	-1.19417475728155
			1.66990291262136	-1.18446601941748
			1.66990291262136	-1.1747572815534
			1.67961165048544	-1.16504854368932
			1.67961165048544	-1.15533980582524
			1.68932038834951	-1.14563106796116
			1.68932038834951	-1.13592233009709
			1.69902912621359	-1.12621359223301
			1.69902912621359	-1.11650485436893
			1.70873786407767	-1.10679611650485
			1.70873786407767	-1.09708737864078
			1.70873786407767	-1.0873786407767
			1.71844660194175	-1.0873786407767
			1.71844660194175	-1.07766990291262
			1.71844660194175	-1.06796116504854
			1.71844660194175	-1.05825242718447
			1.72815533980583	-1.04854368932039
			1.72815533980583	-1.03883495145631
			1.72815533980583	-1.02912621359223
			1.7378640776699	-1.02912621359223
			1.7378640776699	-1.01941747572816
			1.7378640776699	-1.00970873786408
			1.74757281553398	-1
			1.74757281553398	-0.990291262135922
			1.74757281553398	-0.980582524271845
			1.75728155339806	-0.970873786407767
			1.75728155339806	-0.961165048543689
			1.75728155339806	-0.951456310679612
			1.76699029126214	-0.941747572815534
			1.76699029126214	-0.932038834951456
			1.76699029126214	-0.922330097087379
			1.77669902912621	-0.912621359223301
			1.77669902912621	-0.902912621359223
			1.77669902912621	-0.893203883495146
			1.77669902912621	-0.883495145631068
			1.78640776699029	-0.883495145631068
			1.78640776699029	-0.87378640776699
			1.78640776699029	-0.864077669902913
			1.79611650485437	-0.854368932038835
			1.79611650485437	-0.844660194174757
			1.79611650485437	-0.83495145631068
			1.79611650485437	-0.825242718446602
			1.79611650485437	-0.815533980582524
			1.80582524271845	-0.815533980582524
			1.80582524271845	-0.805825242718447
			1.80582524271845	-0.796116504854369
			1.80582524271845	-0.786407766990291
			1.81553398058252	-0.776699029126213
			1.81553398058252	-0.766990291262136
			1.81553398058252	-0.757281553398058
			1.81553398058252	-0.74757281553398
			1.8252427184466	-0.737864077669903
			1.8252427184466	-0.728155339805825
			1.8252427184466	-0.718446601941747
			1.8252427184466	-0.70873786407767
			1.8252427184466	-0.699029126213592
			1.8252427184466	-0.689320388349514
			1.83495145631068	-0.679611650485437
			1.83495145631068	-0.669902912621359
			1.83495145631068	-0.660194174757281
			1.83495145631068	-0.650485436893204
			1.83495145631068	-0.640776699029126
			1.83495145631068	-0.631067961165048
			1.83495145631068	-0.621359223300971
			1.83495145631068	-0.611650485436893
			1.83495145631068	-0.601941747572815
			1.8252427184466	-0.592233009708738
			1.8252427184466	-0.58252427184466
			1.8252427184466	-0.572815533980582
			1.8252427184466	-0.563106796116505
			1.8252427184466	-0.553398058252427
			1.81553398058252	-0.553398058252427
			1.81553398058252	-0.543689320388349
			1.81553398058252	-0.533980582524272
			1.81553398058252	-0.524271844660194
			1.80582524271845	-0.514563106796116
			1.79611650485437	-0.504854368932039
			1.79611650485437	-0.495145631067961
			1.78640776699029	-0.485436893203883
			1.77669902912621	-0.475728155339806
			1.76699029126214	-0.475728155339806
			1.75728155339806	-0.466019417475728
			1.74757281553398	-0.466019417475728
			1.7378640776699	-0.45631067961165
			1.72815533980583	-0.45631067961165
			1.71844660194175	-0.446601941747573
			1.70873786407767	-0.436893203883495
			1.69902912621359	-0.436893203883495
			1.68932038834951	-0.427184466019417
			1.67961165048544	-0.427184466019417
			1.66990291262136	-0.41747572815534
			1.66019417475728	-0.41747572815534
			1.6504854368932	-0.41747572815534
			1.64077669902913	-0.407766990291262
			1.63106796116505	-0.407766990291262
			1.62135922330097	-0.398058252427184
			1.61165048543689	-0.398058252427184
			1.60194174757282	-0.398058252427184
			1.59223300970874	-0.388349514563107
			1.58252427184466	-0.388349514563107
			1.57281553398058	-0.388349514563107
			1.5631067961165	-0.378640776699029
			1.55339805825243	-0.378640776699029
			1.54368932038835	-0.378640776699029
			1.53398058252427	-0.378640776699029
			1.52427184466019	-0.378640776699029
			1.51456310679612	-0.368932038834951
			1.50485436893204	-0.368932038834951
			1.49514563106796	-0.368932038834951
			1.48543689320388	-0.368932038834951
			1.47572815533981	-0.368932038834951
			1.47572815533981	-0.359223300970874
			1.46601941747573	-0.359223300970874
			1.45631067961165	-0.359223300970874
			1.44660194174757	-0.359223300970874
			1.43689320388349	-0.359223300970874
			1.42718446601942	-0.359223300970874
			1.41747572815534	-0.359223300970874
			1.40776699029126	-0.359223300970874
			1.39805825242718	-0.359223300970874
			1.38834951456311	-0.349514563106796
			1.37864077669903	-0.349514563106796
			1.36893203883495	-0.349514563106796
			1.35922330097087	-0.349514563106796
			1.3495145631068	-0.349514563106796
			1.33980582524272	-0.349514563106796
			1.33009708737864	-0.349514563106796
			1.32038834951456	-0.349514563106796
		</margin>
	</curves.scaled>
	<ruler.points type=matrix rownames=TRUE colnames=FALSE nrow=2 ncol=2 as.numeric=TRUE >
		Ruler point 1	15	129
		Ruler point 2	15	232
	</ruler.points>
</shapes>

