<shapes type=list>
	<ruler.pixel type=vector names=FALSE length=1 as.numeric=TRUE >86</ruler.pixel>
	<ruler.interval type=vector names=FALSE length=1 as.numeric=TRUE >2</ruler.interval>
	<scaling.units type=vector names=FALSE length=1 as.numeric=FALSE >mm</scaling.units>
	<scaling type=vector names=FALSE length=1 as.numeric=TRUE >0.0232558139534884</scaling>
	<landmarks.pixel type=matrix rownames=TRUE colnames=FALSE nrow=16 ncol=2 as.numeric=TRUE >
		LM1	132	7
		LM2	132	19
		LM3	132	105
		LM4	132	121
		LM5	173	91
		LM6	170	109
		LM7	170	117
		LM8	170	24
		LM9	185	40
		LM10	132	7
		LM11	236	108
		LM12	229	122
		LM13	132	7
		LM14	184	26
		LM15	229	122
		LM16	229	122
	</landmarks.pixel>
	<landmarks.scaled type=matrix rownames=TRUE colnames=FALSE nrow=16 ncol=2 as.numeric=TRUE >
		LM1	3.06976744186047	-0.162790697674419
		LM2	3.06976744186047	-0.441860465116279
		LM3	3.06976744186047	-2.44186046511628
		LM4	3.06976744186047	-2.81395348837209
		LM5	4.02325581395349	-2.11627906976744
		LM6	3.95348837209302	-2.53488372093023
		LM7	3.95348837209302	-2.72093023255814
		LM8	3.95348837209302	-0.558139534883721
		LM9	4.30232558139535	-0.930232558139535
		LM10	3.06976744186047	-0.162790697674419
		LM11	5.48837209302326	-2.51162790697674
		LM12	5.32558139534884	-2.83720930232558
		LM13	3.06976744186047	-0.162790697674419
		LM14	4.27906976744186	-0.604651162790698
		LM15	5.32558139534884	-2.83720930232558
		LM16	5.32558139534884	-2.83720930232558
	</landmarks.scaled>
	<curves.control type=list>
		<glabella type=matrix rownames=FALSE colnames=FALSE nrow=3 ncol=2 as.numeric=TRUE >
			132	19
			182	17
			170	117
		</glabella>
		<suture type=matrix rownames=FALSE colnames=FALSE nrow=11 ncol=2 as.numeric=TRUE >
			132	7
			150	7
			164	10
			172	14
			170	24
			188	24
			185	41
			204	50
			214	62
			249	96
			229	122
		</suture>
		<anterior type=matrix rownames=FALSE colnames=FALSE nrow=9 ncol=2 as.numeric=TRUE >
			132	7
			150	6
			204	8
			232	8
			250	19
			265	32
			270	42
			295	114
			229	122
		</anterior>
		<posterior type=matrix rownames=FALSE colnames=FALSE nrow=5 ncol=2 as.numeric=TRUE >
			132	121
			146	123
			172	118
			195	124
			229	122
		</posterior>
	</curves.control>
	<curves.pixel type=list>
		<glabella type=matrix rownames=FALSE colnames=FALSE nrow=120 ncol=2 as.numeric=TRUE >
			132	19
			133	19
			134	19
			135	19
			136	19
			137	19
			138	19
			139	19
			140	19
			141	20
			142	20
			143	20
			144	20
			145	21
			146	21
			147	21
			148	22
			149	22
			150	22
			151	23
			152	23
			152	24
			153	25
			154	25
			155	26
			156	26
			156	27
			157	28
			158	28
			159	29
			159	30
			160	31
			161	32
			161	33
			162	33
			163	34
			163	35
			164	36
			164	37
			165	38
			165	39
			165	40
			166	40
			166	41
			166	42
			167	43
			167	44
			167	45
			168	46
			168	47
			168	48
			169	49
			169	50
			169	51
			169	52
			170	53
			170	54
			170	55
			170	56
			170	57
			171	58
			171	59
			171	60
			171	61
			171	62
			171	63
			171	64
			171	65
			172	66
			172	67
			172	68
			172	69
			172	70
			172	71
			172	72
			172	73
			172	74
			172	75
			172	76
			172	77
			172	78
			172	79
			172	80
			172	81
			172	82
			172	83
			172	84
			172	85
			172	86
			172	87
			172	88
			172	89
			172	90
			172	91
			172	92
			172	93
			172	94
			172	95
			172	96
			172	97
			172	98
			172	99
			172	100
			172	101
			171	102
			171	103
			171	104
			171	105
			171	106
			171	107
			171	108
			171	109
			171	110
			171	111
			171	112
			170	113
			170	114
			170	115
			170	116
			170	117
		</glabella>
		<suture type=matrix rownames=FALSE colnames=FALSE nrow=171 ncol=2 as.numeric=TRUE >
			132	7
			133	7
			134	7
			135	7
			136	7
			137	7
			138	7
			139	7
			140	7
			141	7
			142	7
			143	7
			144	7
			145	7
			146	8
			147	8
			148	8
			149	8
			150	8
			151	8
			152	8
			153	8
			154	8
			155	9
			156	9
			157	9
			158	9
			159	9
			160	9
			161	9
			162	10
			163	10
			164	10
			165	10
			165	11
			166	11
			167	12
			168	13
			169	14
			169	15
			170	16
			170	17
			170	18
			170	19
			170	20
			170	21
			170	22
			170	23
			170	24
			171	24
			172	24
			173	24
			174	24
			175	24
			176	25
			177	25
			178	25
			179	26
			180	26
			181	27
			182	27
			182	28
			183	29
			184	29
			184	30
			185	31
			185	32
			185	33
			185	34
			185	35
			185	36
			185	37
			185	38
			185	39
			185	40
			185	41
			186	42
			187	42
			188	43
			189	43
			190	44
			191	44
			192	44
			193	45
			194	46
			195	46
			196	47
			197	47
			198	48
			199	49
			200	50
			201	50
			202	51
			203	52
			204	52
			205	53
			206	54
			207	55
			208	56
			209	57
			210	58
			211	59
			212	59
			213	60
			213	61
			214	62
			215	63
			216	64
			217	65
			218	66
			219	67
			220	68
			220	69
			221	70
			222	70
			223	71
			223	72
			224	73
			225	74
			226	75
			226	76
			227	77
			228	78
			228	79
			229	79
			229	80
			230	81
			230	82
			231	83
			231	84
			232	85
			232	86
			233	86
			233	87
			233	88
			234	89
			234	90
			234	91
			235	91
			235	92
			235	93
			235	94
			235	95
			236	96
			236	97
			236	98
			236	99
			236	100
			236	101
			236	102
			236	103
			236	104
			236	105
			236	106
			236	107
			236	108
			236	109
			235	110
			235	111
			234	112
			234	113
			234	114
			233	115
			233	116
			232	117
			232	118
			231	119
			231	120
			230	120
			230	121
			229	122
		</suture>
		<anterior type=matrix rownames=FALSE colnames=FALSE nrow=251 ncol=2 as.numeric=TRUE >
			132	7
			133	7
			134	7
			135	7
			136	7
			137	7
			138	7
			139	7
			140	7
			141	7
			142	7
			143	7
			144	7
			145	7
			146	7
			147	7
			148	7
			149	7
			150	7
			151	7
			152	7
			153	7
			154	7
			155	7
			156	7
			157	7
			158	7
			159	7
			160	7
			161	7
			162	7
			163	7
			164	7
			165	7
			166	7
			167	7
			168	7
			169	7
			170	7
			171	7
			172	7
			173	7
			174	7
			175	7
			176	7
			177	7
			178	7
			179	7
			180	7
			181	7
			182	7
			183	7
			184	7
			185	7
			186	7
			187	7
			188	7
			189	7
			190	8
			191	8
			192	8
			193	8
			194	8
			195	8
			196	8
			197	8
			198	8
			199	8
			200	8
			201	8
			202	8
			203	8
			204	8
			205	8
			206	8
			207	8
			208	8
			209	8
			210	8
			211	8
			212	8
			213	8
			214	8
			215	8
			216	9
			217	9
			218	9
			219	9
			220	9
			221	9
			222	9
			223	10
			224	10
			225	10
			226	10
			227	10
			228	10
			229	11
			230	11
			231	11
			232	11
			233	12
			234	12
			235	12
			236	12
			237	13
			238	13
			239	14
			240	14
			241	15
			242	15
			243	15
			244	16
			245	16
			246	17
			247	17
			248	18
			249	18
			250	19
			251	20
			252	21
			253	22
			254	23
			255	24
			256	24
			257	25
			257	26
			258	27
			259	27
			259	28
			260	29
			261	29
			261	30
			262	31
			263	31
			263	32
			264	33
			265	34
			266	35
			266	36
			267	37
			267	38
			268	38
			268	39
			269	40
			269	41
			270	41
			270	42
			270	43
			271	44
			271	45
			271	46
			272	47
			272	48
			272	49
			273	50
			273	51
			273	52
			273	53
			274	54
			274	55
			274	56
			274	57
			275	58
			275	59
			275	60
			275	61
			275	62
			276	63
			276	64
			276	65
			276	66
			276	67
			276	68
			276	69
			277	70
			277	71
			277	72
			277	73
			277	74
			277	75
			277	76
			277	77
			277	78
			277	79
			277	80
			277	81
			277	82
			277	83
			276	84
			276	85
			276	86
			276	87
			276	88
			276	89
			275	90
			275	91
			275	92
			274	93
			274	94
			274	95
			273	96
			273	97
			272	98
			272	99
			271	100
			271	101
			270	102
			269	103
			268	104
			267	105
			267	106
			266	107
			265	108
			264	109
			263	110
			262	110
			261	111
			260	112
			259	113
			258	113
			257	114
			256	114
			255	114
			255	115
			254	115
			253	116
			252	116
			251	117
			250	117
			249	117
			248	118
			247	118
			246	118
			245	119
			244	119
			243	119
			242	120
			241	120
			240	120
			239	120
			238	120
			237	121
			236	121
			235	121
			234	121
			233	122
			232	122
			231	122
			230	122
			229	122
		</anterior>
		<posterior type=matrix rownames=FALSE colnames=FALSE nrow=98 ncol=2 as.numeric=TRUE >
			132	121
			133	121
			134	121
			135	121
			136	121
			137	121
			138	122
			139	122
			140	122
			141	122
			142	122
			143	122
			144	122
			145	121
			146	121
			147	121
			148	121
			149	121
			150	121
			151	121
			152	121
			153	121
			154	121
			155	121
			156	120
			157	120
			158	120
			159	120
			160	120
			161	120
			162	120
			163	120
			164	119
			165	119
			166	119
			167	119
			168	119
			169	118
			170	118
			171	118
			172	118
			173	118
			174	119
			175	119
			176	119
			177	119
			178	119
			179	120
			180	120
			181	120
			182	120
			183	120
			184	120
			185	121
			186	121
			187	121
			188	121
			189	121
			190	121
			191	121
			192	121
			193	122
			194	122
			195	122
			196	122
			197	122
			198	122
			199	122
			200	122
			201	122
			202	122
			203	122
			204	122
			205	122
			206	122
			207	122
			208	122
			209	122
			210	122
			211	122
			212	122
			213	122
			214	122
			215	122
			216	122
			217	122
			218	122
			219	122
			220	122
			221	122
			222	122
			223	122
			224	122
			225	122
			226	122
			227	122
			228	122
			229	122
		</posterior>
	</curves.pixel>
	<curves.scaled type=list>
		<glabella type=matrix rownames=FALSE colnames=FALSE nrow=120 ncol=2 as.numeric=TRUE >
			3.06976744186047	-0.441860465116279
			3.09302325581395	-0.441860465116279
			3.11627906976744	-0.441860465116279
			3.13953488372093	-0.441860465116279
			3.16279069767442	-0.441860465116279
			3.18604651162791	-0.441860465116279
			3.2093023255814	-0.441860465116279
			3.23255813953488	-0.441860465116279
			3.25581395348837	-0.441860465116279
			3.27906976744186	-0.465116279069767
			3.30232558139535	-0.465116279069767
			3.32558139534884	-0.465116279069767
			3.34883720930233	-0.465116279069767
			3.37209302325581	-0.488372093023256
			3.3953488372093	-0.488372093023256
			3.41860465116279	-0.488372093023256
			3.44186046511628	-0.511627906976744
			3.46511627906977	-0.511627906976744
			3.48837209302326	-0.511627906976744
			3.51162790697674	-0.534883720930233
			3.53488372093023	-0.534883720930233
			3.53488372093023	-0.558139534883721
			3.55813953488372	-0.581395348837209
			3.58139534883721	-0.581395348837209
			3.6046511627907	-0.604651162790698
			3.62790697674419	-0.604651162790698
			3.62790697674419	-0.627906976744186
			3.65116279069767	-0.651162790697674
			3.67441860465116	-0.651162790697674
			3.69767441860465	-0.674418604651163
			3.69767441860465	-0.697674418604651
			3.72093023255814	-0.720930232558139
			3.74418604651163	-0.744186046511628
			3.74418604651163	-0.767441860465116
			3.76744186046512	-0.767441860465116
			3.7906976744186	-0.790697674418605
			3.7906976744186	-0.813953488372093
			3.81395348837209	-0.837209302325581
			3.81395348837209	-0.86046511627907
			3.83720930232558	-0.883720930232558
			3.83720930232558	-0.906976744186046
			3.83720930232558	-0.930232558139535
			3.86046511627907	-0.930232558139535
			3.86046511627907	-0.953488372093023
			3.86046511627907	-0.976744186046512
			3.88372093023256	-1
			3.88372093023256	-1.02325581395349
			3.88372093023256	-1.04651162790698
			3.90697674418605	-1.06976744186047
			3.90697674418605	-1.09302325581395
			3.90697674418605	-1.11627906976744
			3.93023255813953	-1.13953488372093
			3.93023255813953	-1.16279069767442
			3.93023255813953	-1.18604651162791
			3.93023255813953	-1.2093023255814
			3.95348837209302	-1.23255813953488
			3.95348837209302	-1.25581395348837
			3.95348837209302	-1.27906976744186
			3.95348837209302	-1.30232558139535
			3.95348837209302	-1.32558139534884
			3.97674418604651	-1.34883720930233
			3.97674418604651	-1.37209302325581
			3.97674418604651	-1.3953488372093
			3.97674418604651	-1.41860465116279
			3.97674418604651	-1.44186046511628
			3.97674418604651	-1.46511627906977
			3.97674418604651	-1.48837209302326
			3.97674418604651	-1.51162790697674
			4	-1.53488372093023
			4	-1.55813953488372
			4	-1.58139534883721
			4	-1.6046511627907
			4	-1.62790697674419
			4	-1.65116279069767
			4	-1.67441860465116
			4	-1.69767441860465
			4	-1.72093023255814
			4	-1.74418604651163
			4	-1.76744186046512
			4	-1.7906976744186
			4	-1.81395348837209
			4	-1.83720930232558
			4	-1.86046511627907
			4	-1.88372093023256
			4	-1.90697674418605
			4	-1.93023255813953
			4	-1.95348837209302
			4	-1.97674418604651
			4	-2
			4	-2.02325581395349
			4	-2.04651162790698
			4	-2.06976744186047
			4	-2.09302325581395
			4	-2.11627906976744
			4	-2.13953488372093
			4	-2.16279069767442
			4	-2.18604651162791
			4	-2.2093023255814
			4	-2.23255813953488
			4	-2.25581395348837
			4	-2.27906976744186
			4	-2.30232558139535
			4	-2.32558139534884
			4	-2.34883720930233
			3.97674418604651	-2.37209302325581
			3.97674418604651	-2.3953488372093
			3.97674418604651	-2.41860465116279
			3.97674418604651	-2.44186046511628
			3.97674418604651	-2.46511627906977
			3.97674418604651	-2.48837209302326
			3.97674418604651	-2.51162790697674
			3.97674418604651	-2.53488372093023
			3.97674418604651	-2.55813953488372
			3.97674418604651	-2.58139534883721
			3.97674418604651	-2.6046511627907
			3.95348837209302	-2.62790697674419
			3.95348837209302	-2.65116279069767
			3.95348837209302	-2.67441860465116
			3.95348837209302	-2.69767441860465
			3.95348837209302	-2.72093023255814
		</glabella>
		<suture type=matrix rownames=FALSE colnames=FALSE nrow=171 ncol=2 as.numeric=TRUE >
			3.06976744186047	-0.162790697674419
			3.09302325581395	-0.162790697674419
			3.11627906976744	-0.162790697674419
			3.13953488372093	-0.162790697674419
			3.16279069767442	-0.162790697674419
			3.18604651162791	-0.162790697674419
			3.2093023255814	-0.162790697674419
			3.23255813953488	-0.162790697674419
			3.25581395348837	-0.162790697674419
			3.27906976744186	-0.162790697674419
			3.30232558139535	-0.162790697674419
			3.32558139534884	-0.162790697674419
			3.34883720930233	-0.162790697674419
			3.37209302325581	-0.162790697674419
			3.3953488372093	-0.186046511627907
			3.41860465116279	-0.186046511627907
			3.44186046511628	-0.186046511627907
			3.46511627906977	-0.186046511627907
			3.48837209302326	-0.186046511627907
			3.51162790697674	-0.186046511627907
			3.53488372093023	-0.186046511627907
			3.55813953488372	-0.186046511627907
			3.58139534883721	-0.186046511627907
			3.6046511627907	-0.209302325581395
			3.62790697674419	-0.209302325581395
			3.65116279069767	-0.209302325581395
			3.67441860465116	-0.209302325581395
			3.69767441860465	-0.209302325581395
			3.72093023255814	-0.209302325581395
			3.74418604651163	-0.209302325581395
			3.76744186046512	-0.232558139534884
			3.7906976744186	-0.232558139534884
			3.81395348837209	-0.232558139534884
			3.83720930232558	-0.232558139534884
			3.83720930232558	-0.255813953488372
			3.86046511627907	-0.255813953488372
			3.88372093023256	-0.27906976744186
			3.90697674418605	-0.302325581395349
			3.93023255813953	-0.325581395348837
			3.93023255813953	-0.348837209302326
			3.95348837209302	-0.372093023255814
			3.95348837209302	-0.395348837209302
			3.95348837209302	-0.418604651162791
			3.95348837209302	-0.441860465116279
			3.95348837209302	-0.465116279069767
			3.95348837209302	-0.488372093023256
			3.95348837209302	-0.511627906976744
			3.95348837209302	-0.534883720930233
			3.95348837209302	-0.558139534883721
			3.97674418604651	-0.558139534883721
			4	-0.558139534883721
			4.02325581395349	-0.558139534883721
			4.04651162790698	-0.558139534883721
			4.06976744186047	-0.558139534883721
			4.09302325581395	-0.581395348837209
			4.11627906976744	-0.581395348837209
			4.13953488372093	-0.581395348837209
			4.16279069767442	-0.604651162790698
			4.18604651162791	-0.604651162790698
			4.2093023255814	-0.627906976744186
			4.23255813953488	-0.627906976744186
			4.23255813953488	-0.651162790697674
			4.25581395348837	-0.674418604651163
			4.27906976744186	-0.674418604651163
			4.27906976744186	-0.697674418604651
			4.30232558139535	-0.720930232558139
			4.30232558139535	-0.744186046511628
			4.30232558139535	-0.767441860465116
			4.30232558139535	-0.790697674418605
			4.30232558139535	-0.813953488372093
			4.30232558139535	-0.837209302325581
			4.30232558139535	-0.86046511627907
			4.30232558139535	-0.883720930232558
			4.30232558139535	-0.906976744186046
			4.30232558139535	-0.930232558139535
			4.30232558139535	-0.953488372093023
			4.32558139534884	-0.976744186046512
			4.34883720930233	-0.976744186046512
			4.37209302325581	-1
			4.3953488372093	-1
			4.41860465116279	-1.02325581395349
			4.44186046511628	-1.02325581395349
			4.46511627906977	-1.02325581395349
			4.48837209302326	-1.04651162790698
			4.51162790697674	-1.06976744186047
			4.53488372093023	-1.06976744186047
			4.55813953488372	-1.09302325581395
			4.58139534883721	-1.09302325581395
			4.6046511627907	-1.11627906976744
			4.62790697674419	-1.13953488372093
			4.65116279069767	-1.16279069767442
			4.67441860465116	-1.16279069767442
			4.69767441860465	-1.18604651162791
			4.72093023255814	-1.2093023255814
			4.74418604651163	-1.2093023255814
			4.76744186046512	-1.23255813953488
			4.7906976744186	-1.25581395348837
			4.81395348837209	-1.27906976744186
			4.83720930232558	-1.30232558139535
			4.86046511627907	-1.32558139534884
			4.88372093023256	-1.34883720930233
			4.90697674418605	-1.37209302325581
			4.93023255813953	-1.37209302325581
			4.95348837209302	-1.3953488372093
			4.95348837209302	-1.41860465116279
			4.97674418604651	-1.44186046511628
			5	-1.46511627906977
			5.02325581395349	-1.48837209302326
			5.04651162790698	-1.51162790697674
			5.06976744186047	-1.53488372093023
			5.09302325581395	-1.55813953488372
			5.11627906976744	-1.58139534883721
			5.11627906976744	-1.6046511627907
			5.13953488372093	-1.62790697674419
			5.16279069767442	-1.62790697674419
			5.18604651162791	-1.65116279069767
			5.18604651162791	-1.67441860465116
			5.2093023255814	-1.69767441860465
			5.23255813953488	-1.72093023255814
			5.25581395348837	-1.74418604651163
			5.25581395348837	-1.76744186046512
			5.27906976744186	-1.7906976744186
			5.30232558139535	-1.81395348837209
			5.30232558139535	-1.83720930232558
			5.32558139534884	-1.83720930232558
			5.32558139534884	-1.86046511627907
			5.34883720930233	-1.88372093023256
			5.34883720930233	-1.90697674418605
			5.37209302325581	-1.93023255813953
			5.37209302325581	-1.95348837209302
			5.3953488372093	-1.97674418604651
			5.3953488372093	-2
			5.41860465116279	-2
			5.41860465116279	-2.02325581395349
			5.41860465116279	-2.04651162790698
			5.44186046511628	-2.06976744186047
			5.44186046511628	-2.09302325581395
			5.44186046511628	-2.11627906976744
			5.46511627906977	-2.11627906976744
			5.46511627906977	-2.13953488372093
			5.46511627906977	-2.16279069767442
			5.46511627906977	-2.18604651162791
			5.46511627906977	-2.2093023255814
			5.48837209302326	-2.23255813953488
			5.48837209302326	-2.25581395348837
			5.48837209302326	-2.27906976744186
			5.48837209302326	-2.30232558139535
			5.48837209302326	-2.32558139534884
			5.48837209302326	-2.34883720930233
			5.48837209302326	-2.37209302325581
			5.48837209302326	-2.3953488372093
			5.48837209302326	-2.41860465116279
			5.48837209302326	-2.44186046511628
			5.48837209302326	-2.46511627906977
			5.48837209302326	-2.48837209302326
			5.48837209302326	-2.51162790697674
			5.48837209302326	-2.53488372093023
			5.46511627906977	-2.55813953488372
			5.46511627906977	-2.58139534883721
			5.44186046511628	-2.6046511627907
			5.44186046511628	-2.62790697674419
			5.44186046511628	-2.65116279069767
			5.41860465116279	-2.67441860465116
			5.41860465116279	-2.69767441860465
			5.3953488372093	-2.72093023255814
			5.3953488372093	-2.74418604651163
			5.37209302325581	-2.76744186046512
			5.37209302325581	-2.7906976744186
			5.34883720930233	-2.7906976744186
			5.34883720930233	-2.81395348837209
			5.32558139534884	-2.83720930232558
		</suture>
		<anterior type=matrix rownames=FALSE colnames=FALSE nrow=251 ncol=2 as.numeric=TRUE >
			3.06976744186047	-0.162790697674419
			3.09302325581395	-0.162790697674419
			3.11627906976744	-0.162790697674419
			3.13953488372093	-0.162790697674419
			3.16279069767442	-0.162790697674419
			3.18604651162791	-0.162790697674419
			3.2093023255814	-0.162790697674419
			3.23255813953488	-0.162790697674419
			3.25581395348837	-0.162790697674419
			3.27906976744186	-0.162790697674419
			3.30232558139535	-0.162790697674419
			3.32558139534884	-0.162790697674419
			3.34883720930233	-0.162790697674419
			3.37209302325581	-0.162790697674419
			3.3953488372093	-0.162790697674419
			3.41860465116279	-0.162790697674419
			3.44186046511628	-0.162790697674419
			3.46511627906977	-0.162790697674419
			3.48837209302326	-0.162790697674419
			3.51162790697674	-0.162790697674419
			3.53488372093023	-0.162790697674419
			3.55813953488372	-0.162790697674419
			3.58139534883721	-0.162790697674419
			3.6046511627907	-0.162790697674419
			3.62790697674419	-0.162790697674419
			3.65116279069767	-0.162790697674419
			3.67441860465116	-0.162790697674419
			3.69767441860465	-0.162790697674419
			3.72093023255814	-0.162790697674419
			3.74418604651163	-0.162790697674419
			3.76744186046512	-0.162790697674419
			3.7906976744186	-0.162790697674419
			3.81395348837209	-0.162790697674419
			3.83720930232558	-0.162790697674419
			3.86046511627907	-0.162790697674419
			3.88372093023256	-0.162790697674419
			3.90697674418605	-0.162790697674419
			3.93023255813953	-0.162790697674419
			3.95348837209302	-0.162790697674419
			3.97674418604651	-0.162790697674419
			4	-0.162790697674419
			4.02325581395349	-0.162790697674419
			4.04651162790698	-0.162790697674419
			4.06976744186047	-0.162790697674419
			4.09302325581395	-0.162790697674419
			4.11627906976744	-0.162790697674419
			4.13953488372093	-0.162790697674419
			4.16279069767442	-0.162790697674419
			4.18604651162791	-0.162790697674419
			4.2093023255814	-0.162790697674419
			4.23255813953488	-0.162790697674419
			4.25581395348837	-0.162790697674419
			4.27906976744186	-0.162790697674419
			4.30232558139535	-0.162790697674419
			4.32558139534884	-0.162790697674419
			4.34883720930233	-0.162790697674419
			4.37209302325581	-0.162790697674419
			4.3953488372093	-0.162790697674419
			4.41860465116279	-0.186046511627907
			4.44186046511628	-0.186046511627907
			4.46511627906977	-0.186046511627907
			4.48837209302326	-0.186046511627907
			4.51162790697674	-0.186046511627907
			4.53488372093023	-0.186046511627907
			4.55813953488372	-0.186046511627907
			4.58139534883721	-0.186046511627907
			4.6046511627907	-0.186046511627907
			4.62790697674419	-0.186046511627907
			4.65116279069767	-0.186046511627907
			4.67441860465116	-0.186046511627907
			4.69767441860465	-0.186046511627907
			4.72093023255814	-0.186046511627907
			4.74418604651163	-0.186046511627907
			4.76744186046512	-0.186046511627907
			4.7906976744186	-0.186046511627907
			4.81395348837209	-0.186046511627907
			4.83720930232558	-0.186046511627907
			4.86046511627907	-0.186046511627907
			4.88372093023256	-0.186046511627907
			4.90697674418605	-0.186046511627907
			4.93023255813953	-0.186046511627907
			4.95348837209302	-0.186046511627907
			4.97674418604651	-0.186046511627907
			5	-0.186046511627907
			5.02325581395349	-0.209302325581395
			5.04651162790698	-0.209302325581395
			5.06976744186047	-0.209302325581395
			5.09302325581395	-0.209302325581395
			5.11627906976744	-0.209302325581395
			5.13953488372093	-0.209302325581395
			5.16279069767442	-0.209302325581395
			5.18604651162791	-0.232558139534884
			5.2093023255814	-0.232558139534884
			5.23255813953488	-0.232558139534884
			5.25581395348837	-0.232558139534884
			5.27906976744186	-0.232558139534884
			5.30232558139535	-0.232558139534884
			5.32558139534884	-0.255813953488372
			5.34883720930233	-0.255813953488372
			5.37209302325581	-0.255813953488372
			5.3953488372093	-0.255813953488372
			5.41860465116279	-0.27906976744186
			5.44186046511628	-0.27906976744186
			5.46511627906977	-0.27906976744186
			5.48837209302326	-0.27906976744186
			5.51162790697674	-0.302325581395349
			5.53488372093023	-0.302325581395349
			5.55813953488372	-0.325581395348837
			5.58139534883721	-0.325581395348837
			5.6046511627907	-0.348837209302326
			5.62790697674419	-0.348837209302326
			5.65116279069767	-0.348837209302326
			5.67441860465116	-0.372093023255814
			5.69767441860465	-0.372093023255814
			5.72093023255814	-0.395348837209302
			5.74418604651163	-0.395348837209302
			5.76744186046512	-0.418604651162791
			5.7906976744186	-0.418604651162791
			5.81395348837209	-0.441860465116279
			5.83720930232558	-0.465116279069767
			5.86046511627907	-0.488372093023256
			5.88372093023256	-0.511627906976744
			5.90697674418605	-0.534883720930233
			5.93023255813953	-0.558139534883721
			5.95348837209302	-0.558139534883721
			5.97674418604651	-0.581395348837209
			5.97674418604651	-0.604651162790698
			6	-0.627906976744186
			6.02325581395349	-0.627906976744186
			6.02325581395349	-0.651162790697674
			6.04651162790698	-0.674418604651163
			6.06976744186047	-0.674418604651163
			6.06976744186047	-0.697674418604651
			6.09302325581395	-0.720930232558139
			6.11627906976744	-0.720930232558139
			6.11627906976744	-0.744186046511628
			6.13953488372093	-0.767441860465116
			6.16279069767442	-0.790697674418605
			6.18604651162791	-0.813953488372093
			6.18604651162791	-0.837209302325581
			6.20930232558139	-0.86046511627907
			6.20930232558139	-0.883720930232558
			6.23255813953488	-0.883720930232558
			6.23255813953488	-0.906976744186046
			6.25581395348837	-0.930232558139535
			6.25581395348837	-0.953488372093023
			6.27906976744186	-0.953488372093023
			6.27906976744186	-0.976744186046512
			6.27906976744186	-1
			6.30232558139535	-1.02325581395349
			6.30232558139535	-1.04651162790698
			6.30232558139535	-1.06976744186047
			6.32558139534884	-1.09302325581395
			6.32558139534884	-1.11627906976744
			6.32558139534884	-1.13953488372093
			6.34883720930233	-1.16279069767442
			6.34883720930233	-1.18604651162791
			6.34883720930233	-1.2093023255814
			6.34883720930233	-1.23255813953488
			6.37209302325581	-1.25581395348837
			6.37209302325581	-1.27906976744186
			6.37209302325581	-1.30232558139535
			6.37209302325581	-1.32558139534884
			6.3953488372093	-1.34883720930233
			6.3953488372093	-1.37209302325581
			6.3953488372093	-1.3953488372093
			6.3953488372093	-1.41860465116279
			6.3953488372093	-1.44186046511628
			6.41860465116279	-1.46511627906977
			6.41860465116279	-1.48837209302326
			6.41860465116279	-1.51162790697674
			6.41860465116279	-1.53488372093023
			6.41860465116279	-1.55813953488372
			6.41860465116279	-1.58139534883721
			6.41860465116279	-1.6046511627907
			6.44186046511628	-1.62790697674419
			6.44186046511628	-1.65116279069767
			6.44186046511628	-1.67441860465116
			6.44186046511628	-1.69767441860465
			6.44186046511628	-1.72093023255814
			6.44186046511628	-1.74418604651163
			6.44186046511628	-1.76744186046512
			6.44186046511628	-1.7906976744186
			6.44186046511628	-1.81395348837209
			6.44186046511628	-1.83720930232558
			6.44186046511628	-1.86046511627907
			6.44186046511628	-1.88372093023256
			6.44186046511628	-1.90697674418605
			6.44186046511628	-1.93023255813953
			6.41860465116279	-1.95348837209302
			6.41860465116279	-1.97674418604651
			6.41860465116279	-2
			6.41860465116279	-2.02325581395349
			6.41860465116279	-2.04651162790698
			6.41860465116279	-2.06976744186047
			6.3953488372093	-2.09302325581395
			6.3953488372093	-2.11627906976744
			6.3953488372093	-2.13953488372093
			6.37209302325581	-2.16279069767442
			6.37209302325581	-2.18604651162791
			6.37209302325581	-2.2093023255814
			6.34883720930233	-2.23255813953488
			6.34883720930233	-2.25581395348837
			6.32558139534884	-2.27906976744186
			6.32558139534884	-2.30232558139535
			6.30232558139535	-2.32558139534884
			6.30232558139535	-2.34883720930233
			6.27906976744186	-2.37209302325581
			6.25581395348837	-2.3953488372093
			6.23255813953488	-2.41860465116279
			6.20930232558139	-2.44186046511628
			6.20930232558139	-2.46511627906977
			6.18604651162791	-2.48837209302326
			6.16279069767442	-2.51162790697674
			6.13953488372093	-2.53488372093023
			6.11627906976744	-2.55813953488372
			6.09302325581395	-2.55813953488372
			6.06976744186047	-2.58139534883721
			6.04651162790698	-2.6046511627907
			6.02325581395349	-2.62790697674419
			6	-2.62790697674419
			5.97674418604651	-2.65116279069767
			5.95348837209302	-2.65116279069767
			5.93023255813953	-2.65116279069767
			5.93023255813953	-2.67441860465116
			5.90697674418605	-2.67441860465116
			5.88372093023256	-2.69767441860465
			5.86046511627907	-2.69767441860465
			5.83720930232558	-2.72093023255814
			5.81395348837209	-2.72093023255814
			5.7906976744186	-2.72093023255814
			5.76744186046512	-2.74418604651163
			5.74418604651163	-2.74418604651163
			5.72093023255814	-2.74418604651163
			5.69767441860465	-2.76744186046512
			5.67441860465116	-2.76744186046512
			5.65116279069767	-2.76744186046512
			5.62790697674419	-2.7906976744186
			5.6046511627907	-2.7906976744186
			5.58139534883721	-2.7906976744186
			5.55813953488372	-2.7906976744186
			5.53488372093023	-2.7906976744186
			5.51162790697674	-2.81395348837209
			5.48837209302326	-2.81395348837209
			5.46511627906977	-2.81395348837209
			5.44186046511628	-2.81395348837209
			5.41860465116279	-2.83720930232558
			5.3953488372093	-2.83720930232558
			5.37209302325581	-2.83720930232558
			5.34883720930233	-2.83720930232558
			5.32558139534884	-2.83720930232558
		</anterior>
		<posterior type=matrix rownames=FALSE colnames=FALSE nrow=98 ncol=2 as.numeric=TRUE >
			3.06976744186047	-2.81395348837209
			3.09302325581395	-2.81395348837209
			3.11627906976744	-2.81395348837209
			3.13953488372093	-2.81395348837209
			3.16279069767442	-2.81395348837209
			3.18604651162791	-2.81395348837209
			3.2093023255814	-2.83720930232558
			3.23255813953488	-2.83720930232558
			3.25581395348837	-2.83720930232558
			3.27906976744186	-2.83720930232558
			3.30232558139535	-2.83720930232558
			3.32558139534884	-2.83720930232558
			3.34883720930233	-2.83720930232558
			3.37209302325581	-2.81395348837209
			3.3953488372093	-2.81395348837209
			3.41860465116279	-2.81395348837209
			3.44186046511628	-2.81395348837209
			3.46511627906977	-2.81395348837209
			3.48837209302326	-2.81395348837209
			3.51162790697674	-2.81395348837209
			3.53488372093023	-2.81395348837209
			3.55813953488372	-2.81395348837209
			3.58139534883721	-2.81395348837209
			3.6046511627907	-2.81395348837209
			3.62790697674419	-2.7906976744186
			3.65116279069767	-2.7906976744186
			3.67441860465116	-2.7906976744186
			3.69767441860465	-2.7906976744186
			3.72093023255814	-2.7906976744186
			3.74418604651163	-2.7906976744186
			3.76744186046512	-2.7906976744186
			3.7906976744186	-2.7906976744186
			3.81395348837209	-2.76744186046512
			3.83720930232558	-2.76744186046512
			3.86046511627907	-2.76744186046512
			3.88372093023256	-2.76744186046512
			3.90697674418605	-2.76744186046512
			3.93023255813953	-2.74418604651163
			3.95348837209302	-2.74418604651163
			3.97674418604651	-2.74418604651163
			4	-2.74418604651163
			4.02325581395349	-2.74418604651163
			4.04651162790698	-2.76744186046512
			4.06976744186047	-2.76744186046512
			4.09302325581395	-2.76744186046512
			4.11627906976744	-2.76744186046512
			4.13953488372093	-2.76744186046512
			4.16279069767442	-2.7906976744186
			4.18604651162791	-2.7906976744186
			4.2093023255814	-2.7906976744186
			4.23255813953488	-2.7906976744186
			4.25581395348837	-2.7906976744186
			4.27906976744186	-2.7906976744186
			4.30232558139535	-2.81395348837209
			4.32558139534884	-2.81395348837209
			4.34883720930233	-2.81395348837209
			4.37209302325581	-2.81395348837209
			4.3953488372093	-2.81395348837209
			4.41860465116279	-2.81395348837209
			4.44186046511628	-2.81395348837209
			4.46511627906977	-2.81395348837209
			4.48837209302326	-2.83720930232558
			4.51162790697674	-2.83720930232558
			4.53488372093023	-2.83720930232558
			4.55813953488372	-2.83720930232558
			4.58139534883721	-2.83720930232558
			4.6046511627907	-2.83720930232558
			4.62790697674419	-2.83720930232558
			4.65116279069767	-2.83720930232558
			4.67441860465116	-2.83720930232558
			4.69767441860465	-2.83720930232558
			4.72093023255814	-2.83720930232558
			4.74418604651163	-2.83720930232558
			4.76744186046512	-2.83720930232558
			4.7906976744186	-2.83720930232558
			4.81395348837209	-2.83720930232558
			4.83720930232558	-2.83720930232558
			4.86046511627907	-2.83720930232558
			4.88372093023256	-2.83720930232558
			4.90697674418605	-2.83720930232558
			4.93023255813953	-2.83720930232558
			4.95348837209302	-2.83720930232558
			4.97674418604651	-2.83720930232558
			5	-2.83720930232558
			5.02325581395349	-2.83720930232558
			5.04651162790698	-2.83720930232558
			5.06976744186047	-2.83720930232558
			5.09302325581395	-2.83720930232558
			5.11627906976744	-2.83720930232558
			5.13953488372093	-2.83720930232558
			5.16279069767442	-2.83720930232558
			5.18604651162791	-2.83720930232558
			5.2093023255814	-2.83720930232558
			5.23255813953488	-2.83720930232558
			5.25581395348837	-2.83720930232558
			5.27906976744186	-2.83720930232558
			5.30232558139535	-2.83720930232558
			5.32558139534884	-2.83720930232558
		</posterior>
	</curves.scaled>
	<ruler.points type=matrix rownames=TRUE colnames=FALSE nrow=2 ncol=2 as.numeric=TRUE >
		Ruler point 1	203	341
		Ruler point 2	289	341
	</ruler.points>
</shapes>

