<shapes type=list>
	<ruler.pixel type=vector names=FALSE length=1 as.numeric=TRUE >105</ruler.pixel>
	<ruler.interval type=vector names=FALSE length=1 as.numeric=TRUE >5</ruler.interval>
	<scaling.units type=vector names=FALSE length=1 as.numeric=FALSE >mm</scaling.units>
	<scaling type=vector names=FALSE length=1 as.numeric=TRUE >0.0476190476190476</scaling>
	<landmarks.pixel type=matrix rownames=TRUE colnames=FALSE nrow=16 ncol=2 as.numeric=TRUE >
		LM1	157	26
		LM2	157	52
		LM3	157	134
		LM4	157	152
		LM5	203	113
		LM6	203	128
		LM7	203	142
		LM8	210	70
		LM9	220	112
		LM10	157	26
		LM11	276	128
		LM12	278	147
		LM13	157	26
		LM14	232	89
		LM15	301	152
		LM16	308	188
	</landmarks.pixel>
	<landmarks.scaled type=matrix rownames=TRUE colnames=FALSE nrow=16 ncol=2 as.numeric=TRUE >
		LM1	7.47619047619048	-1.23809523809524
		LM2	7.47619047619048	-2.47619047619048
		LM3	7.47619047619048	-6.38095238095238
		LM4	7.47619047619048	-7.23809523809524
		LM5	9.66666666666667	-5.38095238095238
		LM6	9.66666666666667	-6.09523809523809
		LM7	9.66666666666667	-6.76190476190476
		LM8	10	-3.33333333333333
		LM9	10.4761904761905	-5.33333333333333
		LM10	7.47619047619048	-1.23809523809524
		LM11	13.1428571428571	-6.09523809523809
		LM12	13.2380952380952	-7
		LM13	7.47619047619048	-1.23809523809524
		LM14	11.047619047619	-4.23809523809524
		LM15	14.3333333333333	-7.23809523809524
		LM16	14.6666666666667	-8.95238095238095
	</landmarks.scaled>
	<curves.control type=list>
		<glabella type=matrix rownames=FALSE colnames=FALSE nrow=3 ncol=2 as.numeric=TRUE >
			157	52
			208	44
			203	142
		</glabella>
		<suture type=matrix rownames=FALSE colnames=FALSE nrow=17 ncol=2 as.numeric=TRUE >
			157	26
			177	26
			207	32
			211	37
			206	51
			206	59
			210	70
			222	74
			226	80
			232	87
			229	99
			228	106
			220	114
			223	116
			231	120
			291	120
			278	147
		</suture>
		<anterior type=matrix rownames=FALSE colnames=FALSE nrow=7 ncol=2 as.numeric=TRUE >
			157	26
			177	26
			208	32
			238	41
			256	57
			301	105
			301	152
		</anterior>
		<posterior type=matrix rownames=FALSE colnames=FALSE nrow=9 ncol=2 as.numeric=TRUE >
			157	152
			177	153
			203	143
			264	145
			283	148
			291	149
			308	192
			304	170
			301	152
		</posterior>
	</curves.control>
	<curves.pixel type=list>
		<glabella type=matrix rownames=FALSE colnames=FALSE nrow=113 ncol=2 as.numeric=TRUE >
			157	52
			158	52
			159	52
			160	52
			161	52
			162	51
			163	51
			164	51
			165	51
			166	51
			167	51
			168	52
			169	52
			170	52
			171	52
			172	52
			173	52
			174	53
			175	53
			176	53
			177	54
			178	54
			179	55
			180	55
			181	56
			182	56
			183	57
			184	58
			185	59
			186	60
			187	61
			188	61
			189	62
			190	63
			190	64
			191	65
			191	66
			192	67
			193	68
			193	69
			194	70
			194	71
			195	72
			195	73
			195	74
			196	75
			196	76
			197	77
			197	78
			198	79
			198	80
			198	81
			198	82
			199	83
			199	84
			199	85
			200	86
			200	87
			200	88
			200	89
			200	90
			201	91
			201	92
			201	93
			201	94
			201	95
			201	96
			202	97
			202	98
			202	99
			202	100
			202	101
			202	102
			202	103
			202	104
			203	105
			203	106
			203	107
			203	108
			203	109
			203	110
			203	111
			203	112
			203	113
			203	114
			203	115
			203	116
			203	117
			203	118
			203	119
			203	120
			203	121
			203	122
			203	123
			203	124
			203	125
			203	126
			203	127
			203	128
			203	129
			203	130
			203	131
			203	132
			203	133
			203	134
			203	135
			203	136
			203	137
			203	138
			203	139
			203	140
			203	141
			203	142
		</glabella>
		<suture type=matrix rownames=FALSE colnames=FALSE nrow=223 ncol=2 as.numeric=TRUE >
			157	26
			158	26
			159	26
			160	26
			161	26
			162	26
			163	26
			164	26
			165	26
			166	26
			167	26
			168	26
			169	26
			169	27
			170	27
			171	27
			172	27
			173	27
			174	27
			175	27
			176	27
			177	27
			178	27
			179	27
			180	28
			181	28
			182	28
			183	28
			184	28
			185	28
			186	28
			187	29
			188	29
			189	29
			190	29
			191	29
			192	29
			193	29
			194	30
			195	30
			196	30
			197	30
			198	30
			199	31
			200	31
			201	31
			202	31
			203	31
			204	31
			205	32
			206	32
			207	32
			207	33
			208	33
			208	34
			208	35
			209	36
			209	37
			209	38
			209	39
			209	40
			209	41
			208	42
			208	43
			208	44
			208	45
			208	46
			207	47
			207	48
			207	49
			206	50
			206	51
			206	52
			206	53
			206	54
			206	55
			206	56
			206	57
			207	58
			207	59
			207	60
			207	61
			208	62
			208	63
			208	64
			208	65
			209	66
			209	67
			209	68
			210	69
			210	70
			211	70
			211	71
			212	71
			213	71
			214	72
			215	72
			216	72
			216	73
			217	73
			218	73
			219	74
			220	74
			221	75
			222	76
			223	77
			224	78
			225	79
			226	80
			227	81
			227	82
			228	83
			229	84
			229	85
			229	86
			230	87
			230	88
			230	89
			230	90
			230	91
			230	92
			230	93
			230	94
			230	95
			230	96
			229	97
			229	98
			229	99
			229	100
			229	101
			228	102
			228	103
			227	104
			227	105
			227	106
			226	107
			225	107
			225	108
			224	109
			224	110
			223	111
			222	112
			221	113
			220	114
			221	114
			221	115
			222	115
			223	116
			224	116
			225	117
			226	118
			227	118
			228	119
			229	119
			230	119
			231	120
			232	120
			233	120
			234	120
			235	120
			236	120
			237	120
			238	120
			239	120
			240	120
			241	120
			242	120
			243	120
			244	120
			245	120
			246	120
			247	121
			248	121
			249	121
			250	121
			251	121
			252	121
			253	121
			254	121
			255	121
			256	122
			257	122
			258	122
			259	122
			260	122
			261	122
			261	123
			262	123
			263	123
			264	123
			265	124
			266	124
			267	124
			268	124
			269	125
			270	125
			271	126
			272	126
			273	127
			274	127
			274	128
			275	128
			276	129
			277	130
			278	131
			278	132
			279	133
			280	134
			280	135
			280	136
			280	137
			280	138
			280	139
			280	140
			280	141
			280	142
			280	143
			279	143
			279	144
			279	145
			279	146
			278	146
			278	147
		</suture>
		<anterior type=matrix rownames=FALSE colnames=FALSE nrow=203 ncol=2 as.numeric=TRUE >
			157	26
			158	26
			159	26
			160	26
			161	26
			162	26
			163	26
			164	26
			165	26
			166	26
			167	26
			168	26
			169	26
			170	27
			171	27
			172	27
			173	27
			174	27
			175	27
			176	27
			177	27
			178	27
			179	27
			180	28
			181	28
			182	28
			183	28
			184	28
			185	28
			186	28
			187	28
			188	29
			189	29
			190	29
			191	29
			192	29
			193	29
			194	30
			195	30
			196	30
			197	30
			198	30
			199	30
			200	31
			201	31
			202	31
			203	31
			204	31
			205	31
			206	32
			207	32
			208	32
			209	32
			210	32
			210	33
			211	33
			212	33
			213	33
			213	34
			214	34
			215	34
			216	35
			217	35
			218	35
			219	36
			220	36
			221	37
			222	37
			223	37
			224	38
			225	38
			226	38
			227	39
			228	39
			229	40
			230	40
			231	41
			232	41
			233	42
			234	42
			235	43
			236	44
			237	44
			238	44
			239	45
			240	45
			241	46
			242	47
			243	48
			244	48
			245	48
			245	49
			246	49
			247	50
			248	51
			249	52
			250	52
			251	53
			252	53
			252	54
			253	54
			254	55
			254	56
			255	56
			256	57
			257	58
			258	59
			259	60
			260	61
			261	62
			262	63
			262	64
			263	64
			263	65
			264	66
			265	67
			266	68
			267	69
			267	70
			268	71
			269	72
			270	73
			271	74
			271	75
			272	76
			273	77
			273	78
			274	79
			275	80
			275	81
			276	81
			277	82
			277	83
			278	84
			279	85
			279	86
			280	87
			280	88
			281	89
			282	90
			282	91
			283	92
			283	93
			284	94
			285	95
			286	96
			286	97
			286	98
			287	99
			287	100
			288	101
			288	102
			289	103
			289	104
			290	104
			290	105
			290	106
			291	107
			291	108
			292	109
			292	110
			293	111
			293	112
			293	113
			294	114
			294	115
			294	116
			295	117
			295	118
			295	119
			296	120
			296	121
			296	122
			297	123
			297	124
			297	125
			298	126
			298	127
			298	128
			298	129
			299	130
			299	131
			299	132
			299	133
			299	134
			300	135
			300	136
			300	137
			300	138
			300	139
			300	140
			300	141
			301	142
			301	143
			301	144
			301	145
			301	146
			301	147
			301	148
			301	149
			301	150
			301	151
			301	152
		</anterior>
		<posterior type=matrix rownames=FALSE colnames=FALSE nrow=214 ncol=2 as.numeric=TRUE >
			157	152
			158	152
			159	152
			160	152
			161	152
			162	152
			163	152
			164	152
			165	152
			166	152
			167	152
			168	152
			169	152
			170	152
			171	151
			172	151
			173	151
			174	151
			175	151
			176	151
			177	150
			178	150
			179	150
			180	150
			181	150
			182	150
			183	149
			184	149
			185	149
			186	149
			186	148
			187	148
			188	148
			189	148
			190	148
			190	147
			191	147
			192	147
			193	147
			194	146
			195	146
			196	145
			197	145
			198	145
			199	144
			200	144
			201	144
			202	143
			203	143
			204	143
			205	143
			206	143
			207	143
			208	143
			209	143
			210	143
			211	143
			212	143
			213	143
			214	143
			215	143
			216	143
			217	143
			218	144
			219	144
			220	144
			221	144
			222	144
			223	144
			224	144
			225	144
			226	144
			227	144
			228	144
			229	144
			230	144
			231	144
			232	144
			233	144
			234	144
			235	144
			236	144
			237	144
			238	144
			239	144
			240	144
			241	145
			242	145
			243	145
			244	145
			245	145
			246	145
			247	145
			248	145
			249	145
			250	145
			251	145
			252	145
			253	145
			254	145
			255	145
			256	145
			257	145
			258	146
			259	146
			260	146
			261	146
			262	146
			263	146
			264	146
			265	146
			266	146
			267	146
			268	146
			269	146
			270	146
			271	147
			272	147
			273	147
			274	147
			275	147
			276	147
			277	147
			278	147
			279	147
			280	148
			281	148
			282	148
			283	148
			284	148
			285	149
			286	150
			287	151
			288	152
			289	153
			290	154
			290	155
			291	156
			292	157
			293	158
			293	159
			294	160
			294	161
			295	162
			295	163
			296	164
			296	165
			297	166
			297	167
			298	168
			298	169
			299	170
			299	171
			300	172
			300	173
			300	174
			301	175
			301	176
			302	177
			302	178
			303	179
			303	180
			304	181
			304	182
			304	183
			305	184
			305	185
			306	186
			306	187
			306	188
			307	189
			307	190
			308	191
			308	192
			308	191
			308	190
			307	189
			307	188
			307	187
			307	186
			307	185
			306	184
			306	183
			306	182
			306	181
			306	180
			306	179
			305	178
			305	177
			305	176
			305	175
			305	174
			305	173
			304	172
			304	171
			304	170
			304	169
			304	168
			304	167
			303	166
			303	165
			303	164
			303	163
			303	162
			303	161
			302	160
			302	159
			302	158
			302	157
			302	156
			302	155
			301	154
			301	153
			301	152
		</posterior>
	</curves.pixel>
	<curves.scaled type=list>
		<glabella type=matrix rownames=FALSE colnames=FALSE nrow=113 ncol=2 as.numeric=TRUE >
			7.47619047619048	-2.47619047619048
			7.52380952380952	-2.47619047619048
			7.57142857142857	-2.47619047619048
			7.61904761904762	-2.47619047619048
			7.66666666666667	-2.47619047619048
			7.71428571428571	-2.42857142857143
			7.76190476190476	-2.42857142857143
			7.80952380952381	-2.42857142857143
			7.85714285714286	-2.42857142857143
			7.9047619047619	-2.42857142857143
			7.95238095238095	-2.42857142857143
			8	-2.47619047619048
			8.04761904761905	-2.47619047619048
			8.09523809523809	-2.47619047619048
			8.14285714285714	-2.47619047619048
			8.19047619047619	-2.47619047619048
			8.23809523809524	-2.47619047619048
			8.28571428571428	-2.52380952380952
			8.33333333333333	-2.52380952380952
			8.38095238095238	-2.52380952380952
			8.42857142857143	-2.57142857142857
			8.47619047619048	-2.57142857142857
			8.52380952380952	-2.61904761904762
			8.57142857142857	-2.61904761904762
			8.61904761904762	-2.66666666666667
			8.66666666666667	-2.66666666666667
			8.71428571428571	-2.71428571428571
			8.76190476190476	-2.76190476190476
			8.80952380952381	-2.80952380952381
			8.85714285714286	-2.85714285714286
			8.90476190476191	-2.9047619047619
			8.95238095238095	-2.9047619047619
			9	-2.95238095238095
			9.04761904761905	-3
			9.04761904761905	-3.04761904761905
			9.09523809523809	-3.09523809523809
			9.09523809523809	-3.14285714285714
			9.14285714285714	-3.19047619047619
			9.19047619047619	-3.23809523809524
			9.19047619047619	-3.28571428571429
			9.23809523809524	-3.33333333333333
			9.23809523809524	-3.38095238095238
			9.28571428571428	-3.42857142857143
			9.28571428571428	-3.47619047619048
			9.28571428571428	-3.52380952380952
			9.33333333333333	-3.57142857142857
			9.33333333333333	-3.61904761904762
			9.38095238095238	-3.66666666666667
			9.38095238095238	-3.71428571428571
			9.42857142857143	-3.76190476190476
			9.42857142857143	-3.80952380952381
			9.42857142857143	-3.85714285714286
			9.42857142857143	-3.9047619047619
			9.47619047619048	-3.95238095238095
			9.47619047619048	-4
			9.47619047619048	-4.04761904761905
			9.52380952380952	-4.09523809523809
			9.52380952380952	-4.14285714285714
			9.52380952380952	-4.19047619047619
			9.52380952380952	-4.23809523809524
			9.52380952380952	-4.28571428571429
			9.57142857142857	-4.33333333333333
			9.57142857142857	-4.38095238095238
			9.57142857142857	-4.42857142857143
			9.57142857142857	-4.47619047619048
			9.57142857142857	-4.52380952380952
			9.57142857142857	-4.57142857142857
			9.61904761904762	-4.61904761904762
			9.61904761904762	-4.66666666666667
			9.61904761904762	-4.71428571428571
			9.61904761904762	-4.76190476190476
			9.61904761904762	-4.80952380952381
			9.61904761904762	-4.85714285714286
			9.61904761904762	-4.9047619047619
			9.61904761904762	-4.95238095238095
			9.66666666666667	-5
			9.66666666666667	-5.04761904761905
			9.66666666666667	-5.09523809523809
			9.66666666666667	-5.14285714285714
			9.66666666666667	-5.19047619047619
			9.66666666666667	-5.23809523809524
			9.66666666666667	-5.28571428571429
			9.66666666666667	-5.33333333333333
			9.66666666666667	-5.38095238095238
			9.66666666666667	-5.42857142857143
			9.66666666666667	-5.47619047619048
			9.66666666666667	-5.52380952380952
			9.66666666666667	-5.57142857142857
			9.66666666666667	-5.61904761904762
			9.66666666666667	-5.66666666666667
			9.66666666666667	-5.71428571428571
			9.66666666666667	-5.76190476190476
			9.66666666666667	-5.80952380952381
			9.66666666666667	-5.85714285714286
			9.66666666666667	-5.9047619047619
			9.66666666666667	-5.95238095238095
			9.66666666666667	-6
			9.66666666666667	-6.04761904761905
			9.66666666666667	-6.09523809523809
			9.66666666666667	-6.14285714285714
			9.66666666666667	-6.19047619047619
			9.66666666666667	-6.23809523809524
			9.66666666666667	-6.28571428571429
			9.66666666666667	-6.33333333333333
			9.66666666666667	-6.38095238095238
			9.66666666666667	-6.42857142857143
			9.66666666666667	-6.47619047619048
			9.66666666666667	-6.52380952380952
			9.66666666666667	-6.57142857142857
			9.66666666666667	-6.61904761904762
			9.66666666666667	-6.66666666666667
			9.66666666666667	-6.71428571428571
			9.66666666666667	-6.76190476190476
		</glabella>
		<suture type=matrix rownames=FALSE colnames=FALSE nrow=223 ncol=2 as.numeric=TRUE >
			7.47619047619048	-1.23809523809524
			7.52380952380952	-1.23809523809524
			7.57142857142857	-1.23809523809524
			7.61904761904762	-1.23809523809524
			7.66666666666667	-1.23809523809524
			7.71428571428571	-1.23809523809524
			7.76190476190476	-1.23809523809524
			7.80952380952381	-1.23809523809524
			7.85714285714286	-1.23809523809524
			7.9047619047619	-1.23809523809524
			7.95238095238095	-1.23809523809524
			8	-1.23809523809524
			8.04761904761905	-1.23809523809524
			8.04761904761905	-1.28571428571429
			8.09523809523809	-1.28571428571429
			8.14285714285714	-1.28571428571429
			8.19047619047619	-1.28571428571429
			8.23809523809524	-1.28571428571429
			8.28571428571428	-1.28571428571429
			8.33333333333333	-1.28571428571429
			8.38095238095238	-1.28571428571429
			8.42857142857143	-1.28571428571429
			8.47619047619048	-1.28571428571429
			8.52380952380952	-1.28571428571429
			8.57142857142857	-1.33333333333333
			8.61904761904762	-1.33333333333333
			8.66666666666667	-1.33333333333333
			8.71428571428571	-1.33333333333333
			8.76190476190476	-1.33333333333333
			8.80952380952381	-1.33333333333333
			8.85714285714286	-1.33333333333333
			8.90476190476191	-1.38095238095238
			8.95238095238095	-1.38095238095238
			9	-1.38095238095238
			9.04761904761905	-1.38095238095238
			9.09523809523809	-1.38095238095238
			9.14285714285714	-1.38095238095238
			9.19047619047619	-1.38095238095238
			9.23809523809524	-1.42857142857143
			9.28571428571428	-1.42857142857143
			9.33333333333333	-1.42857142857143
			9.38095238095238	-1.42857142857143
			9.42857142857143	-1.42857142857143
			9.47619047619048	-1.47619047619048
			9.52380952380952	-1.47619047619048
			9.57142857142857	-1.47619047619048
			9.61904761904762	-1.47619047619048
			9.66666666666667	-1.47619047619048
			9.71428571428571	-1.47619047619048
			9.76190476190476	-1.52380952380952
			9.80952380952381	-1.52380952380952
			9.85714285714286	-1.52380952380952
			9.85714285714286	-1.57142857142857
			9.90476190476191	-1.57142857142857
			9.90476190476191	-1.61904761904762
			9.90476190476191	-1.66666666666667
			9.95238095238095	-1.71428571428571
			9.95238095238095	-1.76190476190476
			9.95238095238095	-1.80952380952381
			9.95238095238095	-1.85714285714286
			9.95238095238095	-1.9047619047619
			9.95238095238095	-1.95238095238095
			9.90476190476191	-2
			9.90476190476191	-2.04761904761905
			9.90476190476191	-2.09523809523809
			9.90476190476191	-2.14285714285714
			9.90476190476191	-2.19047619047619
			9.85714285714286	-2.23809523809524
			9.85714285714286	-2.28571428571429
			9.85714285714286	-2.33333333333333
			9.80952380952381	-2.38095238095238
			9.80952380952381	-2.42857142857143
			9.80952380952381	-2.47619047619048
			9.80952380952381	-2.52380952380952
			9.80952380952381	-2.57142857142857
			9.80952380952381	-2.61904761904762
			9.80952380952381	-2.66666666666667
			9.80952380952381	-2.71428571428571
			9.85714285714286	-2.76190476190476
			9.85714285714286	-2.80952380952381
			9.85714285714286	-2.85714285714286
			9.85714285714286	-2.9047619047619
			9.90476190476191	-2.95238095238095
			9.90476190476191	-3
			9.90476190476191	-3.04761904761905
			9.90476190476191	-3.09523809523809
			9.95238095238095	-3.14285714285714
			9.95238095238095	-3.19047619047619
			9.95238095238095	-3.23809523809524
			10	-3.28571428571429
			10	-3.33333333333333
			10.047619047619	-3.33333333333333
			10.047619047619	-3.38095238095238
			10.0952380952381	-3.38095238095238
			10.1428571428571	-3.38095238095238
			10.1904761904762	-3.42857142857143
			10.2380952380952	-3.42857142857143
			10.2857142857143	-3.42857142857143
			10.2857142857143	-3.47619047619048
			10.3333333333333	-3.47619047619048
			10.3809523809524	-3.47619047619048
			10.4285714285714	-3.52380952380952
			10.4761904761905	-3.52380952380952
			10.5238095238095	-3.57142857142857
			10.5714285714286	-3.61904761904762
			10.6190476190476	-3.66666666666667
			10.6666666666667	-3.71428571428571
			10.7142857142857	-3.76190476190476
			10.7619047619048	-3.80952380952381
			10.8095238095238	-3.85714285714286
			10.8095238095238	-3.9047619047619
			10.8571428571429	-3.95238095238095
			10.9047619047619	-4
			10.9047619047619	-4.04761904761905
			10.9047619047619	-4.09523809523809
			10.952380952381	-4.14285714285714
			10.952380952381	-4.19047619047619
			10.952380952381	-4.23809523809524
			10.952380952381	-4.28571428571429
			10.952380952381	-4.33333333333333
			10.952380952381	-4.38095238095238
			10.952380952381	-4.42857142857143
			10.952380952381	-4.47619047619048
			10.952380952381	-4.52380952380952
			10.952380952381	-4.57142857142857
			10.9047619047619	-4.61904761904762
			10.9047619047619	-4.66666666666667
			10.9047619047619	-4.71428571428571
			10.9047619047619	-4.76190476190476
			10.9047619047619	-4.80952380952381
			10.8571428571429	-4.85714285714286
			10.8571428571429	-4.9047619047619
			10.8095238095238	-4.95238095238095
			10.8095238095238	-5
			10.8095238095238	-5.04761904761905
			10.7619047619048	-5.09523809523809
			10.7142857142857	-5.09523809523809
			10.7142857142857	-5.14285714285714
			10.6666666666667	-5.19047619047619
			10.6666666666667	-5.23809523809524
			10.6190476190476	-5.28571428571429
			10.5714285714286	-5.33333333333333
			10.5238095238095	-5.38095238095238
			10.4761904761905	-5.42857142857143
			10.5238095238095	-5.42857142857143
			10.5238095238095	-5.47619047619048
			10.5714285714286	-5.47619047619048
			10.6190476190476	-5.52380952380952
			10.6666666666667	-5.52380952380952
			10.7142857142857	-5.57142857142857
			10.7619047619048	-5.61904761904762
			10.8095238095238	-5.61904761904762
			10.8571428571429	-5.66666666666667
			10.9047619047619	-5.66666666666667
			10.952380952381	-5.66666666666667
			11	-5.71428571428571
			11.047619047619	-5.71428571428571
			11.0952380952381	-5.71428571428571
			11.1428571428571	-5.71428571428571
			11.1904761904762	-5.71428571428571
			11.2380952380952	-5.71428571428571
			11.2857142857143	-5.71428571428571
			11.3333333333333	-5.71428571428571
			11.3809523809524	-5.71428571428571
			11.4285714285714	-5.71428571428571
			11.4761904761905	-5.71428571428571
			11.5238095238095	-5.71428571428571
			11.5714285714286	-5.71428571428571
			11.6190476190476	-5.71428571428571
			11.6666666666667	-5.71428571428571
			11.7142857142857	-5.71428571428571
			11.7619047619048	-5.76190476190476
			11.8095238095238	-5.76190476190476
			11.8571428571429	-5.76190476190476
			11.9047619047619	-5.76190476190476
			11.952380952381	-5.76190476190476
			12	-5.76190476190476
			12.047619047619	-5.76190476190476
			12.0952380952381	-5.76190476190476
			12.1428571428571	-5.76190476190476
			12.1904761904762	-5.80952380952381
			12.2380952380952	-5.80952380952381
			12.2857142857143	-5.80952380952381
			12.3333333333333	-5.80952380952381
			12.3809523809524	-5.80952380952381
			12.4285714285714	-5.80952380952381
			12.4285714285714	-5.85714285714286
			12.4761904761905	-5.85714285714286
			12.5238095238095	-5.85714285714286
			12.5714285714286	-5.85714285714286
			12.6190476190476	-5.9047619047619
			12.6666666666667	-5.9047619047619
			12.7142857142857	-5.9047619047619
			12.7619047619048	-5.9047619047619
			12.8095238095238	-5.95238095238095
			12.8571428571429	-5.95238095238095
			12.9047619047619	-6
			12.952380952381	-6
			13	-6.04761904761905
			13.047619047619	-6.04761904761905
			13.047619047619	-6.09523809523809
			13.0952380952381	-6.09523809523809
			13.1428571428571	-6.14285714285714
			13.1904761904762	-6.19047619047619
			13.2380952380952	-6.23809523809524
			13.2380952380952	-6.28571428571429
			13.2857142857143	-6.33333333333333
			13.3333333333333	-6.38095238095238
			13.3333333333333	-6.42857142857143
			13.3333333333333	-6.47619047619048
			13.3333333333333	-6.52380952380952
			13.3333333333333	-6.57142857142857
			13.3333333333333	-6.61904761904762
			13.3333333333333	-6.66666666666667
			13.3333333333333	-6.71428571428571
			13.3333333333333	-6.76190476190476
			13.3333333333333	-6.80952380952381
			13.2857142857143	-6.80952380952381
			13.2857142857143	-6.85714285714286
			13.2857142857143	-6.9047619047619
			13.2857142857143	-6.95238095238095
			13.2380952380952	-6.95238095238095
			13.2380952380952	-7
		</suture>
		<anterior type=matrix rownames=FALSE colnames=FALSE nrow=203 ncol=2 as.numeric=TRUE >
			7.47619047619048	-1.23809523809524
			7.52380952380952	-1.23809523809524
			7.57142857142857	-1.23809523809524
			7.61904761904762	-1.23809523809524
			7.66666666666667	-1.23809523809524
			7.71428571428571	-1.23809523809524
			7.76190476190476	-1.23809523809524
			7.80952380952381	-1.23809523809524
			7.85714285714286	-1.23809523809524
			7.9047619047619	-1.23809523809524
			7.95238095238095	-1.23809523809524
			8	-1.23809523809524
			8.04761904761905	-1.23809523809524
			8.09523809523809	-1.28571428571429
			8.14285714285714	-1.28571428571429
			8.19047619047619	-1.28571428571429
			8.23809523809524	-1.28571428571429
			8.28571428571428	-1.28571428571429
			8.33333333333333	-1.28571428571429
			8.38095238095238	-1.28571428571429
			8.42857142857143	-1.28571428571429
			8.47619047619048	-1.28571428571429
			8.52380952380952	-1.28571428571429
			8.57142857142857	-1.33333333333333
			8.61904761904762	-1.33333333333333
			8.66666666666667	-1.33333333333333
			8.71428571428571	-1.33333333333333
			8.76190476190476	-1.33333333333333
			8.80952380952381	-1.33333333333333
			8.85714285714286	-1.33333333333333
			8.90476190476191	-1.33333333333333
			8.95238095238095	-1.38095238095238
			9	-1.38095238095238
			9.04761904761905	-1.38095238095238
			9.09523809523809	-1.38095238095238
			9.14285714285714	-1.38095238095238
			9.19047619047619	-1.38095238095238
			9.23809523809524	-1.42857142857143
			9.28571428571428	-1.42857142857143
			9.33333333333333	-1.42857142857143
			9.38095238095238	-1.42857142857143
			9.42857142857143	-1.42857142857143
			9.47619047619048	-1.42857142857143
			9.52380952380952	-1.47619047619048
			9.57142857142857	-1.47619047619048
			9.61904761904762	-1.47619047619048
			9.66666666666667	-1.47619047619048
			9.71428571428571	-1.47619047619048
			9.76190476190476	-1.47619047619048
			9.80952380952381	-1.52380952380952
			9.85714285714286	-1.52380952380952
			9.90476190476191	-1.52380952380952
			9.95238095238095	-1.52380952380952
			10	-1.52380952380952
			10	-1.57142857142857
			10.047619047619	-1.57142857142857
			10.0952380952381	-1.57142857142857
			10.1428571428571	-1.57142857142857
			10.1428571428571	-1.61904761904762
			10.1904761904762	-1.61904761904762
			10.2380952380952	-1.61904761904762
			10.2857142857143	-1.66666666666667
			10.3333333333333	-1.66666666666667
			10.3809523809524	-1.66666666666667
			10.4285714285714	-1.71428571428571
			10.4761904761905	-1.71428571428571
			10.5238095238095	-1.76190476190476
			10.5714285714286	-1.76190476190476
			10.6190476190476	-1.76190476190476
			10.6666666666667	-1.80952380952381
			10.7142857142857	-1.80952380952381
			10.7619047619048	-1.80952380952381
			10.8095238095238	-1.85714285714286
			10.8571428571429	-1.85714285714286
			10.9047619047619	-1.9047619047619
			10.952380952381	-1.9047619047619
			11	-1.95238095238095
			11.047619047619	-1.95238095238095
			11.0952380952381	-2
			11.1428571428571	-2
			11.1904761904762	-2.04761904761905
			11.2380952380952	-2.09523809523809
			11.2857142857143	-2.09523809523809
			11.3333333333333	-2.09523809523809
			11.3809523809524	-2.14285714285714
			11.4285714285714	-2.14285714285714
			11.4761904761905	-2.19047619047619
			11.5238095238095	-2.23809523809524
			11.5714285714286	-2.28571428571429
			11.6190476190476	-2.28571428571429
			11.6666666666667	-2.28571428571429
			11.6666666666667	-2.33333333333333
			11.7142857142857	-2.33333333333333
			11.7619047619048	-2.38095238095238
			11.8095238095238	-2.42857142857143
			11.8571428571429	-2.47619047619048
			11.9047619047619	-2.47619047619048
			11.952380952381	-2.52380952380952
			12	-2.52380952380952
			12	-2.57142857142857
			12.047619047619	-2.57142857142857
			12.0952380952381	-2.61904761904762
			12.0952380952381	-2.66666666666667
			12.1428571428571	-2.66666666666667
			12.1904761904762	-2.71428571428571
			12.2380952380952	-2.76190476190476
			12.2857142857143	-2.80952380952381
			12.3333333333333	-2.85714285714286
			12.3809523809524	-2.9047619047619
			12.4285714285714	-2.95238095238095
			12.4761904761905	-3
			12.4761904761905	-3.04761904761905
			12.5238095238095	-3.04761904761905
			12.5238095238095	-3.09523809523809
			12.5714285714286	-3.14285714285714
			12.6190476190476	-3.19047619047619
			12.6666666666667	-3.23809523809524
			12.7142857142857	-3.28571428571429
			12.7142857142857	-3.33333333333333
			12.7619047619048	-3.38095238095238
			12.8095238095238	-3.42857142857143
			12.8571428571429	-3.47619047619048
			12.9047619047619	-3.52380952380952
			12.9047619047619	-3.57142857142857
			12.952380952381	-3.61904761904762
			13	-3.66666666666667
			13	-3.71428571428571
			13.047619047619	-3.76190476190476
			13.0952380952381	-3.80952380952381
			13.0952380952381	-3.85714285714286
			13.1428571428571	-3.85714285714286
			13.1904761904762	-3.9047619047619
			13.1904761904762	-3.95238095238095
			13.2380952380952	-4
			13.2857142857143	-4.04761904761905
			13.2857142857143	-4.09523809523809
			13.3333333333333	-4.14285714285714
			13.3333333333333	-4.19047619047619
			13.3809523809524	-4.23809523809524
			13.4285714285714	-4.28571428571429
			13.4285714285714	-4.33333333333333
			13.4761904761905	-4.38095238095238
			13.4761904761905	-4.42857142857143
			13.5238095238095	-4.47619047619048
			13.5714285714286	-4.52380952380952
			13.6190476190476	-4.57142857142857
			13.6190476190476	-4.61904761904762
			13.6190476190476	-4.66666666666667
			13.6666666666667	-4.71428571428571
			13.6666666666667	-4.76190476190476
			13.7142857142857	-4.80952380952381
			13.7142857142857	-4.85714285714286
			13.7619047619048	-4.9047619047619
			13.7619047619048	-4.95238095238095
			13.8095238095238	-4.95238095238095
			13.8095238095238	-5
			13.8095238095238	-5.04761904761905
			13.8571428571429	-5.09523809523809
			13.8571428571429	-5.14285714285714
			13.9047619047619	-5.19047619047619
			13.9047619047619	-5.23809523809524
			13.952380952381	-5.28571428571429
			13.952380952381	-5.33333333333333
			13.952380952381	-5.38095238095238
			14	-5.42857142857143
			14	-5.47619047619048
			14	-5.52380952380952
			14.047619047619	-5.57142857142857
			14.047619047619	-5.61904761904762
			14.047619047619	-5.66666666666667
			14.0952380952381	-5.71428571428571
			14.0952380952381	-5.76190476190476
			14.0952380952381	-5.80952380952381
			14.1428571428571	-5.85714285714286
			14.1428571428571	-5.9047619047619
			14.1428571428571	-5.95238095238095
			14.1904761904762	-6
			14.1904761904762	-6.04761904761905
			14.1904761904762	-6.09523809523809
			14.1904761904762	-6.14285714285714
			14.2380952380952	-6.19047619047619
			14.2380952380952	-6.23809523809524
			14.2380952380952	-6.28571428571429
			14.2380952380952	-6.33333333333333
			14.2380952380952	-6.38095238095238
			14.2857142857143	-6.42857142857143
			14.2857142857143	-6.47619047619048
			14.2857142857143	-6.52380952380952
			14.2857142857143	-6.57142857142857
			14.2857142857143	-6.61904761904762
			14.2857142857143	-6.66666666666667
			14.2857142857143	-6.71428571428571
			14.3333333333333	-6.76190476190476
			14.3333333333333	-6.80952380952381
			14.3333333333333	-6.85714285714286
			14.3333333333333	-6.9047619047619
			14.3333333333333	-6.95238095238095
			14.3333333333333	-7
			14.3333333333333	-7.04761904761905
			14.3333333333333	-7.09523809523809
			14.3333333333333	-7.14285714285714
			14.3333333333333	-7.19047619047619
			14.3333333333333	-7.23809523809524
		</anterior>
		<posterior type=matrix rownames=FALSE colnames=FALSE nrow=214 ncol=2 as.numeric=TRUE >
			7.47619047619048	-7.23809523809524
			7.52380952380952	-7.23809523809524
			7.57142857142857	-7.23809523809524
			7.61904761904762	-7.23809523809524
			7.66666666666667	-7.23809523809524
			7.71428571428571	-7.23809523809524
			7.76190476190476	-7.23809523809524
			7.80952380952381	-7.23809523809524
			7.85714285714286	-7.23809523809524
			7.9047619047619	-7.23809523809524
			7.95238095238095	-7.23809523809524
			8	-7.23809523809524
			8.04761904761905	-7.23809523809524
			8.09523809523809	-7.23809523809524
			8.14285714285714	-7.19047619047619
			8.19047619047619	-7.19047619047619
			8.23809523809524	-7.19047619047619
			8.28571428571428	-7.19047619047619
			8.33333333333333	-7.19047619047619
			8.38095238095238	-7.19047619047619
			8.42857142857143	-7.14285714285714
			8.47619047619048	-7.14285714285714
			8.52380952380952	-7.14285714285714
			8.57142857142857	-7.14285714285714
			8.61904761904762	-7.14285714285714
			8.66666666666667	-7.14285714285714
			8.71428571428571	-7.09523809523809
			8.76190476190476	-7.09523809523809
			8.80952380952381	-7.09523809523809
			8.85714285714286	-7.09523809523809
			8.85714285714286	-7.04761904761905
			8.90476190476191	-7.04761904761905
			8.95238095238095	-7.04761904761905
			9	-7.04761904761905
			9.04761904761905	-7.04761904761905
			9.04761904761905	-7
			9.09523809523809	-7
			9.14285714285714	-7
			9.19047619047619	-7
			9.23809523809524	-6.95238095238095
			9.28571428571428	-6.95238095238095
			9.33333333333333	-6.9047619047619
			9.38095238095238	-6.9047619047619
			9.42857142857143	-6.9047619047619
			9.47619047619048	-6.85714285714286
			9.52380952380952	-6.85714285714286
			9.57142857142857	-6.85714285714286
			9.61904761904762	-6.80952380952381
			9.66666666666667	-6.80952380952381
			9.71428571428571	-6.80952380952381
			9.76190476190476	-6.80952380952381
			9.80952380952381	-6.80952380952381
			9.85714285714286	-6.80952380952381
			9.90476190476191	-6.80952380952381
			9.95238095238095	-6.80952380952381
			10	-6.80952380952381
			10.047619047619	-6.80952380952381
			10.0952380952381	-6.80952380952381
			10.1428571428571	-6.80952380952381
			10.1904761904762	-6.80952380952381
			10.2380952380952	-6.80952380952381
			10.2857142857143	-6.80952380952381
			10.3333333333333	-6.80952380952381
			10.3809523809524	-6.85714285714286
			10.4285714285714	-6.85714285714286
			10.4761904761905	-6.85714285714286
			10.5238095238095	-6.85714285714286
			10.5714285714286	-6.85714285714286
			10.6190476190476	-6.85714285714286
			10.6666666666667	-6.85714285714286
			10.7142857142857	-6.85714285714286
			10.7619047619048	-6.85714285714286
			10.8095238095238	-6.85714285714286
			10.8571428571429	-6.85714285714286
			10.9047619047619	-6.85714285714286
			10.952380952381	-6.85714285714286
			11	-6.85714285714286
			11.047619047619	-6.85714285714286
			11.0952380952381	-6.85714285714286
			11.1428571428571	-6.85714285714286
			11.1904761904762	-6.85714285714286
			11.2380952380952	-6.85714285714286
			11.2857142857143	-6.85714285714286
			11.3333333333333	-6.85714285714286
			11.3809523809524	-6.85714285714286
			11.4285714285714	-6.85714285714286
			11.4761904761905	-6.9047619047619
			11.5238095238095	-6.9047619047619
			11.5714285714286	-6.9047619047619
			11.6190476190476	-6.9047619047619
			11.6666666666667	-6.9047619047619
			11.7142857142857	-6.9047619047619
			11.7619047619048	-6.9047619047619
			11.8095238095238	-6.9047619047619
			11.8571428571429	-6.9047619047619
			11.9047619047619	-6.9047619047619
			11.952380952381	-6.9047619047619
			12	-6.9047619047619
			12.047619047619	-6.9047619047619
			12.0952380952381	-6.9047619047619
			12.1428571428571	-6.9047619047619
			12.1904761904762	-6.9047619047619
			12.2380952380952	-6.9047619047619
			12.2857142857143	-6.95238095238095
			12.3333333333333	-6.95238095238095
			12.3809523809524	-6.95238095238095
			12.4285714285714	-6.95238095238095
			12.4761904761905	-6.95238095238095
			12.5238095238095	-6.95238095238095
			12.5714285714286	-6.95238095238095
			12.6190476190476	-6.95238095238095
			12.6666666666667	-6.95238095238095
			12.7142857142857	-6.95238095238095
			12.7619047619048	-6.95238095238095
			12.8095238095238	-6.95238095238095
			12.8571428571429	-6.95238095238095
			12.9047619047619	-7
			12.952380952381	-7
			13	-7
			13.047619047619	-7
			13.0952380952381	-7
			13.1428571428571	-7
			13.1904761904762	-7
			13.2380952380952	-7
			13.2857142857143	-7
			13.3333333333333	-7.04761904761905
			13.3809523809524	-7.04761904761905
			13.4285714285714	-7.04761904761905
			13.4761904761905	-7.04761904761905
			13.5238095238095	-7.04761904761905
			13.5714285714286	-7.09523809523809
			13.6190476190476	-7.14285714285714
			13.6666666666667	-7.19047619047619
			13.7142857142857	-7.23809523809524
			13.7619047619048	-7.28571428571429
			13.8095238095238	-7.33333333333333
			13.8095238095238	-7.38095238095238
			13.8571428571429	-7.42857142857143
			13.9047619047619	-7.47619047619048
			13.952380952381	-7.52380952380952
			13.952380952381	-7.57142857142857
			14	-7.61904761904762
			14	-7.66666666666667
			14.047619047619	-7.71428571428571
			14.047619047619	-7.76190476190476
			14.0952380952381	-7.80952380952381
			14.0952380952381	-7.85714285714286
			14.1428571428571	-7.9047619047619
			14.1428571428571	-7.95238095238095
			14.1904761904762	-8
			14.1904761904762	-8.04761904761905
			14.2380952380952	-8.09523809523809
			14.2380952380952	-8.14285714285714
			14.2857142857143	-8.19047619047619
			14.2857142857143	-8.23809523809524
			14.2857142857143	-8.28571428571428
			14.3333333333333	-8.33333333333333
			14.3333333333333	-8.38095238095238
			14.3809523809524	-8.42857142857143
			14.3809523809524	-8.47619047619048
			14.4285714285714	-8.52380952380952
			14.4285714285714	-8.57142857142857
			14.4761904761905	-8.61904761904762
			14.4761904761905	-8.66666666666667
			14.4761904761905	-8.71428571428571
			14.5238095238095	-8.76190476190476
			14.5238095238095	-8.80952380952381
			14.5714285714286	-8.85714285714286
			14.5714285714286	-8.90476190476191
			14.5714285714286	-8.95238095238095
			14.6190476190476	-9
			14.6190476190476	-9.04761904761905
			14.6666666666667	-9.09523809523809
			14.6666666666667	-9.14285714285714
			14.6666666666667	-9.09523809523809
			14.6666666666667	-9.04761904761905
			14.6190476190476	-9
			14.6190476190476	-8.95238095238095
			14.6190476190476	-8.90476190476191
			14.6190476190476	-8.85714285714286
			14.6190476190476	-8.80952380952381
			14.5714285714286	-8.76190476190476
			14.5714285714286	-8.71428571428571
			14.5714285714286	-8.66666666666667
			14.5714285714286	-8.61904761904762
			14.5714285714286	-8.57142857142857
			14.5714285714286	-8.52380952380952
			14.5238095238095	-8.47619047619048
			14.5238095238095	-8.42857142857143
			14.5238095238095	-8.38095238095238
			14.5238095238095	-8.33333333333333
			14.5238095238095	-8.28571428571428
			14.5238095238095	-8.23809523809524
			14.4761904761905	-8.19047619047619
			14.4761904761905	-8.14285714285714
			14.4761904761905	-8.09523809523809
			14.4761904761905	-8.04761904761905
			14.4761904761905	-8
			14.4761904761905	-7.95238095238095
			14.4285714285714	-7.9047619047619
			14.4285714285714	-7.85714285714286
			14.4285714285714	-7.80952380952381
			14.4285714285714	-7.76190476190476
			14.4285714285714	-7.71428571428571
			14.4285714285714	-7.66666666666667
			14.3809523809524	-7.61904761904762
			14.3809523809524	-7.57142857142857
			14.3809523809524	-7.52380952380952
			14.3809523809524	-7.47619047619048
			14.3809523809524	-7.42857142857143
			14.3809523809524	-7.38095238095238
			14.3333333333333	-7.33333333333333
			14.3333333333333	-7.28571428571429
			14.3333333333333	-7.23809523809524
		</posterior>
	</curves.scaled>
	<ruler.points type=matrix rownames=TRUE colnames=FALSE nrow=2 ncol=2 as.numeric=TRUE >
		Ruler point 1	210	458
		Ruler point 2	315	458
	</ruler.points>
</shapes>

