<shapes type=list>
	<ruler.pixel type=vector names=FALSE length=1 as.numeric=TRUE >165</ruler.pixel>
	<ruler.interval type=vector names=FALSE length=1 as.numeric=TRUE >5</ruler.interval>
	<scaling.units type=vector names=FALSE length=1 as.numeric=FALSE >mm</scaling.units>
	<scaling type=vector names=FALSE length=1 as.numeric=TRUE >0.0303030303030303</scaling>
	<landmarks.pixel type=matrix rownames=TRUE colnames=FALSE nrow=16 ncol=2 as.numeric=TRUE >
		LM1	214	43
		LM2	217	74
		LM3	221	173
		LM4	222	196
		LM5	261	134
		LM6	267	179
		LM7	267	194
		LM8	283	98
		LM9	291	130
		LM10	214	43
		LM11	347	184
		LM12	359	198
		LM13	214	43
		LM14	299	111
		LM15	385	196
		LM16	400	382
	</landmarks.pixel>
	<landmarks.scaled type=matrix rownames=TRUE colnames=FALSE nrow=16 ncol=2 as.numeric=TRUE >
		LM1	6.48484848484849	-1.3030303030303
		LM2	6.57575757575758	-2.24242424242424
		LM3	6.6969696969697	-5.24242424242424
		LM4	6.72727272727273	-5.93939393939394
		LM5	7.90909090909091	-4.06060606060606
		LM6	8.09090909090909	-5.42424242424242
		LM7	8.09090909090909	-5.87878787878788
		LM8	8.57575757575758	-2.96969696969697
		LM9	8.81818181818182	-3.93939393939394
		LM10	6.48484848484849	-1.3030303030303
		LM11	10.5151515151515	-5.57575757575758
		LM12	10.8787878787879	-6
		LM13	6.48484848484849	-1.3030303030303
		LM14	9.06060606060606	-3.36363636363636
		LM15	11.6666666666667	-5.93939393939394
		LM16	12.1212121212121	-11.5757575757576
	</landmarks.scaled>
	<curves.control type=list>
		<glabella type=matrix rownames=FALSE colnames=FALSE nrow=3 ncol=2 as.numeric=TRUE >
			217	74
			263	70
			267	194
		</glabella>
		<suture type=matrix rownames=FALSE colnames=FALSE nrow=11 ncol=2 as.numeric=TRUE >
			214	43
			244	37
			279	56
			285	64
			283	98
			311	108
			291	130
			288	141
			300	148
			331	168
			359	198
		</suture>
		<anterior type=matrix rownames=FALSE colnames=FALSE nrow=5 ncol=2 as.numeric=TRUE >
			214	43
			244	37
			283	57
			371	107
			385	196
		</anterior>
		<posterior type=matrix rownames=FALSE colnames=FALSE nrow=9 ncol=2 as.numeric=TRUE >
			222	196
			241	198
			266	194
			312	200
			359	198
			387	209
			399	386
			399	291
			385	196
		</posterior>
	</curves.control>
	<curves.pixel type=list>
		<glabella type=matrix rownames=FALSE colnames=FALSE nrow=139 ncol=2 as.numeric=TRUE >
			217	74
			218	74
			219	74
			220	74
			221	74
			222	74
			223	74
			224	74
			225	74
			226	75
			227	75
			228	75
			229	75
			230	76
			231	76
			232	77
			233	77
			234	78
			235	78
			236	79
			237	79
			238	80
			238	81
			239	82
			240	82
			241	83
			242	84
			242	85
			243	86
			244	87
			245	88
			245	89
			246	90
			247	91
			248	92
			248	93
			249	94
			249	95
			250	96
			250	97
			251	98
			251	99
			252	100
			252	101
			253	102
			253	103
			253	104
			254	105
			254	106
			254	107
			255	108
			255	109
			256	110
			256	111
			256	112
			256	113
			257	114
			257	115
			257	116
			258	117
			258	118
			258	119
			258	120
			258	121
			259	121
			259	122
			259	123
			259	124
			260	125
			260	126
			260	127
			260	128
			260	129
			261	130
			261	131
			261	132
			261	133
			261	134
			261	135
			262	135
			262	136
			262	137
			262	138
			262	139
			262	140
			263	141
			263	142
			263	143
			263	144
			263	145
			263	146
			263	147
			264	148
			264	149
			264	150
			264	151
			264	152
			264	153
			264	154
			264	155
			265	156
			265	157
			265	158
			265	159
			265	160
			265	161
			265	162
			265	163
			265	164
			265	165
			265	166
			266	167
			266	168
			266	169
			266	170
			266	171
			266	172
			266	173
			266	174
			266	175
			266	176
			266	177
			266	178
			266	179
			266	180
			266	181
			266	182
			267	183
			267	184
			267	185
			267	186
			267	187
			267	188
			267	189
			267	190
			267	191
			267	192
			267	193
			267	194
		</glabella>
		<suture type=matrix rownames=FALSE colnames=FALSE nrow=232 ncol=2 as.numeric=TRUE >
			214	43
			215	43
			216	43
			217	42
			218	42
			219	42
			220	42
			221	42
			222	42
			223	42
			224	42
			225	42
			226	42
			227	42
			228	42
			229	42
			230	42
			231	42
			232	42
			233	42
			234	42
			235	42
			236	42
			237	42
			238	42
			239	42
			240	42
			241	43
			242	43
			243	43
			244	43
			245	43
			246	43
			247	44
			248	44
			249	44
			250	44
			251	45
			252	45
			253	45
			254	45
			255	46
			256	46
			257	46
			258	47
			259	47
			260	47
			261	48
			262	48
			263	48
			264	49
			265	49
			266	50
			267	50
			268	50
			269	51
			270	51
			271	52
			272	52
			273	53
			274	53
			275	54
			276	54
			277	55
			278	55
			279	56
			280	57
			280	58
			281	59
			281	60
			281	61
			282	62
			282	63
			282	64
			282	65
			282	66
			283	67
			283	68
			283	69
			283	70
			283	71
			283	72
			283	73
			283	74
			283	75
			283	76
			283	77
			283	78
			283	79
			283	80
			283	81
			283	82
			283	83
			283	84
			283	85
			283	86
			283	87
			283	88
			283	89
			283	90
			283	91
			283	92
			283	93
			283	94
			283	95
			283	96
			283	97
			283	98
			284	98
			285	99
			286	99
			287	99
			287	100
			288	100
			289	101
			290	101
			291	102
			292	102
			293	103
			294	104
			295	105
			296	106
			297	107
			297	108
			298	108
			298	109
			299	110
			299	111
			299	112
			299	113
			299	114
			299	115
			299	116
			299	117
			299	118
			298	119
			298	120
			298	121
			297	122
			296	123
			296	124
			295	125
			294	126
			293	127
			292	128
			292	129
			291	130
			291	131
			291	132
			290	133
			290	134
			290	135
			291	136
			291	137
			291	138
			291	139
			292	140
			292	141
			293	141
			293	142
			294	143
			294	144
			295	145
			296	145
			297	146
			298	147
			299	147
			300	148
			301	149
			302	150
			303	150
			304	151
			305	151
			305	152
			306	152
			307	152
			307	153
			308	153
			309	154
			310	155
			311	155
			312	156
			313	157
			314	158
			315	158
			316	159
			317	160
			318	161
			319	161
			320	162
			321	163
			322	163
			323	164
			323	165
			324	166
			325	166
			326	167
			327	168
			328	168
			329	169
			330	170
			330	171
			331	171
			332	172
			333	173
			334	174
			335	174
			336	175
			336	176
			337	177
			338	177
			339	178
			340	179
			341	180
			342	181
			343	182
			344	183
			345	184
			346	185
			347	186
			348	187
			349	188
			350	189
			351	190
			352	191
			353	192
			354	193
			355	194
			356	195
			357	196
			358	197
			359	198
		</suture>
		<anterior type=matrix rownames=FALSE colnames=FALSE nrow=224 ncol=2 as.numeric=TRUE >
			214	43
			215	43
			216	43
			217	42
			218	42
			219	42
			220	42
			221	42
			222	42
			223	42
			224	42
			225	42
			226	42
			227	42
			228	42
			229	42
			230	42
			231	42
			232	42
			233	42
			234	42
			235	42
			236	42
			237	42
			238	42
			239	42
			240	42
			241	43
			242	43
			243	43
			244	43
			245	43
			246	43
			247	44
			248	44
			249	44
			250	44
			251	45
			252	45
			253	45
			254	45
			255	46
			256	46
			257	46
			258	47
			259	47
			260	47
			261	48
			262	48
			263	48
			264	49
			265	49
			266	49
			267	50
			268	50
			269	51
			270	51
			271	51
			272	52
			273	52
			274	53
			275	53
			276	54
			277	54
			278	55
			279	55
			280	55
			280	56
			281	56
			282	56
			282	57
			283	57
			284	58
			285	58
			286	59
			287	59
			288	60
			289	60
			290	61
			291	62
			292	62
			293	63
			294	64
			295	64
			296	65
			297	66
			298	66
			299	67
			300	68
			301	68
			302	69
			303	69
			304	70
			305	71
			306	71
			307	72
			308	73
			309	74
			310	75
			311	75
			312	76
			313	77
			314	78
			315	78
			316	79
			317	80
			318	81
			319	82
			320	82
			321	83
			322	84
			323	85
			324	86
			325	87
			326	88
			327	89
			328	90
			329	91
			330	92
			331	92
			332	93
			333	94
			334	95
			335	96
			336	97
			337	98
			338	99
			339	100
			339	101
			340	102
			341	103
			342	104
			343	105
			344	106
			345	107
			345	108
			346	109
			347	110
			348	111
			349	112
			350	113
			350	114
			351	115
			352	116
			353	117
			353	118
			354	119
			355	120
			356	121
			356	122
			357	123
			358	124
			358	125
			359	126
			360	127
			360	128
			361	129
			361	130
			362	131
			363	132
			363	133
			364	134
			364	135
			365	136
			365	137
			366	138
			366	139
			367	140
			367	141
			368	142
			368	143
			369	144
			369	145
			370	146
			370	147
			371	148
			371	149
			372	150
			372	151
			373	152
			373	153
			373	154
			374	155
			374	156
			375	157
			375	158
			375	159
			376	160
			376	161
			377	162
			377	163
			377	164
			378	165
			378	166
			378	167
			378	168
			379	169
			379	170
			379	171
			380	172
			380	173
			380	174
			381	175
			381	176
			381	177
			381	178
			382	179
			382	180
			382	181
			382	182
			382	183
			383	184
			383	185
			383	186
			383	187
			384	188
			384	189
			384	190
			384	191
			384	192
			385	193
			385	194
			385	195
			385	196
		</anterior>
		<posterior type=matrix rownames=FALSE colnames=FALSE nrow=520 ncol=2 as.numeric=TRUE >
			222	196
			223	196
			224	196
			225	196
			226	196
			227	196
			228	196
			229	197
			230	197
			231	197
			232	197
			233	197
			234	197
			235	197
			236	197
			237	197
			238	197
			239	197
			240	197
			241	197
			242	197
			243	196
			244	196
			245	196
			246	196
			247	196
			248	196
			249	196
			250	196
			251	196
			252	196
			253	196
			254	196
			255	195
			256	195
			257	195
			258	195
			259	195
			260	195
			261	195
			262	195
			263	194
			264	194
			265	194
			266	194
			267	194
			268	194
			269	194
			270	195
			271	195
			272	195
			273	195
			274	195
			275	195
			276	195
			277	195
			278	195
			279	196
			280	196
			281	196
			282	196
			283	196
			284	196
			285	196
			286	196
			287	196
			288	196
			289	196
			290	197
			291	197
			292	197
			293	197
			294	197
			295	197
			296	197
			297	197
			298	197
			299	197
			300	197
			301	197
			302	197
			303	198
			304	198
			305	198
			306	198
			307	198
			308	198
			309	198
			310	198
			311	198
			312	198
			313	198
			314	198
			315	198
			316	198
			317	198
			318	198
			319	198
			320	198
			321	198
			322	198
			323	198
			324	198
			325	198
			326	198
			327	198
			328	198
			329	198
			330	198
			331	198
			332	198
			333	198
			334	198
			335	198
			336	198
			337	198
			338	198
			339	198
			340	198
			341	198
			342	198
			343	198
			344	198
			345	198
			346	198
			347	198
			348	198
			349	198
			350	198
			351	198
			352	198
			353	198
			354	198
			355	198
			356	198
			357	198
			358	198
			359	198
			360	198
			361	199
			362	200
			363	201
			364	201
			365	202
			365	203
			366	204
			367	205
			367	206
			368	206
			369	207
			369	208
			369	209
			370	209
			370	210
			371	211
			371	212
			372	213
			372	214
			373	215
			373	216
			373	217
			374	218
			374	219
			375	220
			375	221
			375	222
			376	223
			376	224
			376	225
			377	226
			377	227
			377	228
			377	229
			378	230
			378	231
			378	232
			379	233
			379	234
			379	235
			379	236
			380	237
			380	238
			380	239
			381	240
			381	241
			381	242
			381	243
			382	244
			382	245
			382	246
			382	247
			382	248
			383	249
			383	250
			383	251
			383	252
			384	253
			384	254
			384	255
			384	256
			384	257
			385	258
			385	259
			385	260
			385	261
			385	262
			386	263
			386	264
			386	265
			386	266
			386	267
			386	268
			387	269
			387	270
			387	271
			387	272
			387	273
			387	274
			388	275
			388	276
			388	277
			388	278
			388	279
			388	280
			388	281
			389	282
			389	283
			389	284
			389	285
			389	286
			389	287
			389	288
			390	289
			390	290
			390	291
			390	292
			390	293
			390	294
			390	295
			391	296
			391	297
			391	298
			391	299
			391	300
			391	301
			391	302
			391	303
			392	304
			392	305
			392	306
			392	307
			392	308
			392	309
			392	310
			392	311
			392	312
			393	313
			393	314
			393	315
			393	316
			393	317
			393	318
			393	319
			393	320
			394	321
			394	322
			394	323
			394	324
			394	325
			394	326
			394	327
			394	328
			394	329
			394	330
			395	331
			395	332
			395	333
			395	334
			395	335
			395	336
			395	337
			395	338
			395	339
			395	340
			395	341
			396	342
			396	343
			396	344
			396	345
			396	346
			396	347
			396	348
			396	349
			396	350
			396	351
			396	352
			396	353
			397	354
			397	355
			397	356
			397	357
			397	358
			397	359
			397	360
			397	361
			397	362
			397	363
			397	364
			397	365
			398	366
			398	367
			398	368
			398	369
			398	370
			398	371
			398	372
			398	373
			398	374
			398	375
			398	376
			398	377
			398	378
			399	379
			399	380
			399	381
			399	382
			399	383
			399	384
			399	385
			399	386
			399	385
			399	384
			399	383
			399	382
			399	381
			399	380
			399	379
			399	378
			399	377
			399	376
			399	375
			399	374
			399	373
			399	372
			399	371
			399	370
			399	369
			399	368
			399	367
			399	366
			399	365
			399	364
			399	363
			399	362
			399	361
			399	360
			399	359
			399	358
			399	357
			399	356
			399	355
			399	354
			399	353
			399	352
			399	351
			398	350
			398	349
			398	348
			398	347
			398	346
			398	345
			398	344
			398	343
			398	342
			398	341
			398	340
			398	339
			398	338
			398	337
			398	336
			398	335
			398	334
			398	333
			398	332
			398	331
			398	330
			398	329
			398	328
			398	327
			398	326
			398	325
			398	324
			397	323
			397	322
			397	321
			397	320
			397	319
			397	318
			397	317
			397	316
			397	315
			397	314
			397	313
			397	312
			397	311
			397	310
			397	309
			397	308
			397	307
			397	306
			396	305
			396	304
			396	303
			396	302
			396	301
			396	300
			396	299
			396	298
			396	297
			396	296
			396	295
			396	294
			396	293
			396	292
			395	291
			395	290
			395	289
			395	288
			395	287
			395	286
			395	285
			395	284
			395	283
			395	282
			395	281
			395	280
			395	279
			394	278
			394	277
			394	276
			394	275
			394	274
			394	273
			394	272
			394	271
			394	270
			394	269
			394	268
			393	267
			393	266
			393	265
			393	264
			393	263
			393	262
			393	261
			393	260
			393	259
			393	258
			393	257
			392	256
			392	255
			392	254
			392	253
			392	252
			392	251
			392	250
			392	249
			392	248
			391	247
			391	246
			391	245
			391	244
			391	243
			391	242
			391	241
			391	240
			391	239
			390	238
			390	237
			390	236
			390	235
			390	234
			390	233
			390	232
			390	231
			390	230
			389	229
			389	228
			389	227
			389	226
			389	225
			389	224
			389	223
			389	222
			388	221
			388	220
			388	219
			388	218
			388	217
			388	216
			388	215
			387	214
			387	213
			387	212
			387	211
			387	210
			387	209
			387	208
			387	207
			386	206
			386	205
			386	204
			386	203
			386	202
			386	201
			386	200
			385	199
			385	198
			385	197
			385	196
		</posterior>
	</curves.pixel>
	<curves.scaled type=list>
		<glabella type=matrix rownames=FALSE colnames=FALSE nrow=139 ncol=2 as.numeric=TRUE >
			6.57575757575758	-2.24242424242424
			6.60606060606061	-2.24242424242424
			6.63636363636364	-2.24242424242424
			6.66666666666667	-2.24242424242424
			6.6969696969697	-2.24242424242424
			6.72727272727273	-2.24242424242424
			6.75757575757576	-2.24242424242424
			6.78787878787879	-2.24242424242424
			6.81818181818182	-2.24242424242424
			6.84848484848485	-2.27272727272727
			6.87878787878788	-2.27272727272727
			6.90909090909091	-2.27272727272727
			6.93939393939394	-2.27272727272727
			6.96969696969697	-2.3030303030303
			7	-2.3030303030303
			7.03030303030303	-2.33333333333333
			7.06060606060606	-2.33333333333333
			7.09090909090909	-2.36363636363636
			7.12121212121212	-2.36363636363636
			7.15151515151515	-2.39393939393939
			7.18181818181818	-2.39393939393939
			7.21212121212121	-2.42424242424242
			7.21212121212121	-2.45454545454545
			7.24242424242424	-2.48484848484848
			7.27272727272727	-2.48484848484848
			7.3030303030303	-2.51515151515152
			7.33333333333333	-2.54545454545455
			7.33333333333333	-2.57575757575758
			7.36363636363636	-2.60606060606061
			7.39393939393939	-2.63636363636364
			7.42424242424242	-2.66666666666667
			7.42424242424242	-2.6969696969697
			7.45454545454546	-2.72727272727273
			7.48484848484849	-2.75757575757576
			7.51515151515152	-2.78787878787879
			7.51515151515152	-2.81818181818182
			7.54545454545455	-2.84848484848485
			7.54545454545455	-2.87878787878788
			7.57575757575758	-2.90909090909091
			7.57575757575758	-2.93939393939394
			7.60606060606061	-2.96969696969697
			7.60606060606061	-3
			7.63636363636364	-3.03030303030303
			7.63636363636364	-3.06060606060606
			7.66666666666667	-3.09090909090909
			7.66666666666667	-3.12121212121212
			7.66666666666667	-3.15151515151515
			7.6969696969697	-3.18181818181818
			7.6969696969697	-3.21212121212121
			7.6969696969697	-3.24242424242424
			7.72727272727273	-3.27272727272727
			7.72727272727273	-3.3030303030303
			7.75757575757576	-3.33333333333333
			7.75757575757576	-3.36363636363636
			7.75757575757576	-3.39393939393939
			7.75757575757576	-3.42424242424242
			7.78787878787879	-3.45454545454545
			7.78787878787879	-3.48484848484848
			7.78787878787879	-3.51515151515152
			7.81818181818182	-3.54545454545455
			7.81818181818182	-3.57575757575758
			7.81818181818182	-3.60606060606061
			7.81818181818182	-3.63636363636364
			7.81818181818182	-3.66666666666667
			7.84848484848485	-3.66666666666667
			7.84848484848485	-3.6969696969697
			7.84848484848485	-3.72727272727273
			7.84848484848485	-3.75757575757576
			7.87878787878788	-3.78787878787879
			7.87878787878788	-3.81818181818182
			7.87878787878788	-3.84848484848485
			7.87878787878788	-3.87878787878788
			7.87878787878788	-3.90909090909091
			7.90909090909091	-3.93939393939394
			7.90909090909091	-3.96969696969697
			7.90909090909091	-4
			7.90909090909091	-4.03030303030303
			7.90909090909091	-4.06060606060606
			7.90909090909091	-4.09090909090909
			7.93939393939394	-4.09090909090909
			7.93939393939394	-4.12121212121212
			7.93939393939394	-4.15151515151515
			7.93939393939394	-4.18181818181818
			7.93939393939394	-4.21212121212121
			7.93939393939394	-4.24242424242424
			7.96969696969697	-4.27272727272727
			7.96969696969697	-4.3030303030303
			7.96969696969697	-4.33333333333333
			7.96969696969697	-4.36363636363636
			7.96969696969697	-4.39393939393939
			7.96969696969697	-4.42424242424242
			7.96969696969697	-4.45454545454546
			8	-4.48484848484849
			8	-4.51515151515152
			8	-4.54545454545455
			8	-4.57575757575758
			8	-4.60606060606061
			8	-4.63636363636364
			8	-4.66666666666667
			8	-4.6969696969697
			8.03030303030303	-4.72727272727273
			8.03030303030303	-4.75757575757576
			8.03030303030303	-4.78787878787879
			8.03030303030303	-4.81818181818182
			8.03030303030303	-4.84848484848485
			8.03030303030303	-4.87878787878788
			8.03030303030303	-4.90909090909091
			8.03030303030303	-4.93939393939394
			8.03030303030303	-4.96969696969697
			8.03030303030303	-5
			8.03030303030303	-5.03030303030303
			8.06060606060606	-5.06060606060606
			8.06060606060606	-5.09090909090909
			8.06060606060606	-5.12121212121212
			8.06060606060606	-5.15151515151515
			8.06060606060606	-5.18181818181818
			8.06060606060606	-5.21212121212121
			8.06060606060606	-5.24242424242424
			8.06060606060606	-5.27272727272727
			8.06060606060606	-5.3030303030303
			8.06060606060606	-5.33333333333333
			8.06060606060606	-5.36363636363636
			8.06060606060606	-5.39393939393939
			8.06060606060606	-5.42424242424242
			8.06060606060606	-5.45454545454546
			8.06060606060606	-5.48484848484849
			8.06060606060606	-5.51515151515152
			8.09090909090909	-5.54545454545455
			8.09090909090909	-5.57575757575758
			8.09090909090909	-5.60606060606061
			8.09090909090909	-5.63636363636364
			8.09090909090909	-5.66666666666667
			8.09090909090909	-5.6969696969697
			8.09090909090909	-5.72727272727273
			8.09090909090909	-5.75757575757576
			8.09090909090909	-5.78787878787879
			8.09090909090909	-5.81818181818182
			8.09090909090909	-5.84848484848485
			8.09090909090909	-5.87878787878788
		</glabella>
		<suture type=matrix rownames=FALSE colnames=FALSE nrow=232 ncol=2 as.numeric=TRUE >
			6.48484848484849	-1.3030303030303
			6.51515151515152	-1.3030303030303
			6.54545454545455	-1.3030303030303
			6.57575757575758	-1.27272727272727
			6.60606060606061	-1.27272727272727
			6.63636363636364	-1.27272727272727
			6.66666666666667	-1.27272727272727
			6.6969696969697	-1.27272727272727
			6.72727272727273	-1.27272727272727
			6.75757575757576	-1.27272727272727
			6.78787878787879	-1.27272727272727
			6.81818181818182	-1.27272727272727
			6.84848484848485	-1.27272727272727
			6.87878787878788	-1.27272727272727
			6.90909090909091	-1.27272727272727
			6.93939393939394	-1.27272727272727
			6.96969696969697	-1.27272727272727
			7	-1.27272727272727
			7.03030303030303	-1.27272727272727
			7.06060606060606	-1.27272727272727
			7.09090909090909	-1.27272727272727
			7.12121212121212	-1.27272727272727
			7.15151515151515	-1.27272727272727
			7.18181818181818	-1.27272727272727
			7.21212121212121	-1.27272727272727
			7.24242424242424	-1.27272727272727
			7.27272727272727	-1.27272727272727
			7.3030303030303	-1.3030303030303
			7.33333333333333	-1.3030303030303
			7.36363636363636	-1.3030303030303
			7.39393939393939	-1.3030303030303
			7.42424242424242	-1.3030303030303
			7.45454545454546	-1.3030303030303
			7.48484848484849	-1.33333333333333
			7.51515151515152	-1.33333333333333
			7.54545454545455	-1.33333333333333
			7.57575757575758	-1.33333333333333
			7.60606060606061	-1.36363636363636
			7.63636363636364	-1.36363636363636
			7.66666666666667	-1.36363636363636
			7.6969696969697	-1.36363636363636
			7.72727272727273	-1.39393939393939
			7.75757575757576	-1.39393939393939
			7.78787878787879	-1.39393939393939
			7.81818181818182	-1.42424242424242
			7.84848484848485	-1.42424242424242
			7.87878787878788	-1.42424242424242
			7.90909090909091	-1.45454545454545
			7.93939393939394	-1.45454545454545
			7.96969696969697	-1.45454545454545
			8	-1.48484848484848
			8.03030303030303	-1.48484848484848
			8.06060606060606	-1.51515151515152
			8.09090909090909	-1.51515151515152
			8.12121212121212	-1.51515151515152
			8.15151515151515	-1.54545454545455
			8.18181818181818	-1.54545454545455
			8.21212121212121	-1.57575757575758
			8.24242424242424	-1.57575757575758
			8.27272727272727	-1.60606060606061
			8.3030303030303	-1.60606060606061
			8.33333333333333	-1.63636363636364
			8.36363636363636	-1.63636363636364
			8.39393939393939	-1.66666666666667
			8.42424242424242	-1.66666666666667
			8.45454545454546	-1.6969696969697
			8.48484848484848	-1.72727272727273
			8.48484848484848	-1.75757575757576
			8.51515151515152	-1.78787878787879
			8.51515151515152	-1.81818181818182
			8.51515151515152	-1.84848484848485
			8.54545454545454	-1.87878787878788
			8.54545454545454	-1.90909090909091
			8.54545454545454	-1.93939393939394
			8.54545454545454	-1.96969696969697
			8.54545454545454	-2
			8.57575757575758	-2.03030303030303
			8.57575757575758	-2.06060606060606
			8.57575757575758	-2.09090909090909
			8.57575757575758	-2.12121212121212
			8.57575757575758	-2.15151515151515
			8.57575757575758	-2.18181818181818
			8.57575757575758	-2.21212121212121
			8.57575757575758	-2.24242424242424
			8.57575757575758	-2.27272727272727
			8.57575757575758	-2.3030303030303
			8.57575757575758	-2.33333333333333
			8.57575757575758	-2.36363636363636
			8.57575757575758	-2.39393939393939
			8.57575757575758	-2.42424242424242
			8.57575757575758	-2.45454545454545
			8.57575757575758	-2.48484848484848
			8.57575757575758	-2.51515151515152
			8.57575757575758	-2.54545454545455
			8.57575757575758	-2.57575757575758
			8.57575757575758	-2.60606060606061
			8.57575757575758	-2.63636363636364
			8.57575757575758	-2.66666666666667
			8.57575757575758	-2.6969696969697
			8.57575757575758	-2.72727272727273
			8.57575757575758	-2.75757575757576
			8.57575757575758	-2.78787878787879
			8.57575757575758	-2.81818181818182
			8.57575757575758	-2.84848484848485
			8.57575757575758	-2.87878787878788
			8.57575757575758	-2.90909090909091
			8.57575757575758	-2.93939393939394
			8.57575757575758	-2.96969696969697
			8.60606060606061	-2.96969696969697
			8.63636363636364	-3
			8.66666666666667	-3
			8.6969696969697	-3
			8.6969696969697	-3.03030303030303
			8.72727272727273	-3.03030303030303
			8.75757575757576	-3.06060606060606
			8.78787878787879	-3.06060606060606
			8.81818181818182	-3.09090909090909
			8.84848484848485	-3.09090909090909
			8.87878787878788	-3.12121212121212
			8.90909090909091	-3.15151515151515
			8.93939393939394	-3.18181818181818
			8.96969696969697	-3.21212121212121
			9	-3.24242424242424
			9	-3.27272727272727
			9.03030303030303	-3.27272727272727
			9.03030303030303	-3.3030303030303
			9.06060606060606	-3.33333333333333
			9.06060606060606	-3.36363636363636
			9.06060606060606	-3.39393939393939
			9.06060606060606	-3.42424242424242
			9.06060606060606	-3.45454545454545
			9.06060606060606	-3.48484848484848
			9.06060606060606	-3.51515151515152
			9.06060606060606	-3.54545454545455
			9.06060606060606	-3.57575757575758
			9.03030303030303	-3.60606060606061
			9.03030303030303	-3.63636363636364
			9.03030303030303	-3.66666666666667
			9	-3.6969696969697
			8.96969696969697	-3.72727272727273
			8.96969696969697	-3.75757575757576
			8.93939393939394	-3.78787878787879
			8.90909090909091	-3.81818181818182
			8.87878787878788	-3.84848484848485
			8.84848484848485	-3.87878787878788
			8.84848484848485	-3.90909090909091
			8.81818181818182	-3.93939393939394
			8.81818181818182	-3.96969696969697
			8.81818181818182	-4
			8.78787878787879	-4.03030303030303
			8.78787878787879	-4.06060606060606
			8.78787878787879	-4.09090909090909
			8.81818181818182	-4.12121212121212
			8.81818181818182	-4.15151515151515
			8.81818181818182	-4.18181818181818
			8.81818181818182	-4.21212121212121
			8.84848484848485	-4.24242424242424
			8.84848484848485	-4.27272727272727
			8.87878787878788	-4.27272727272727
			8.87878787878788	-4.3030303030303
			8.90909090909091	-4.33333333333333
			8.90909090909091	-4.36363636363636
			8.93939393939394	-4.39393939393939
			8.96969696969697	-4.39393939393939
			9	-4.42424242424242
			9.03030303030303	-4.45454545454546
			9.06060606060606	-4.45454545454546
			9.09090909090909	-4.48484848484849
			9.12121212121212	-4.51515151515152
			9.15151515151515	-4.54545454545455
			9.18181818181818	-4.54545454545455
			9.21212121212121	-4.57575757575758
			9.24242424242424	-4.57575757575758
			9.24242424242424	-4.60606060606061
			9.27272727272727	-4.60606060606061
			9.3030303030303	-4.60606060606061
			9.3030303030303	-4.63636363636364
			9.33333333333333	-4.63636363636364
			9.36363636363636	-4.66666666666667
			9.39393939393939	-4.6969696969697
			9.42424242424242	-4.6969696969697
			9.45454545454546	-4.72727272727273
			9.48484848484848	-4.75757575757576
			9.51515151515152	-4.78787878787879
			9.54545454545454	-4.78787878787879
			9.57575757575758	-4.81818181818182
			9.60606060606061	-4.84848484848485
			9.63636363636364	-4.87878787878788
			9.66666666666667	-4.87878787878788
			9.6969696969697	-4.90909090909091
			9.72727272727273	-4.93939393939394
			9.75757575757576	-4.93939393939394
			9.78787878787879	-4.96969696969697
			9.78787878787879	-5
			9.81818181818182	-5.03030303030303
			9.84848484848485	-5.03030303030303
			9.87878787878788	-5.06060606060606
			9.90909090909091	-5.09090909090909
			9.93939393939394	-5.09090909090909
			9.96969696969697	-5.12121212121212
			10	-5.15151515151515
			10	-5.18181818181818
			10.030303030303	-5.18181818181818
			10.0606060606061	-5.21212121212121
			10.0909090909091	-5.24242424242424
			10.1212121212121	-5.27272727272727
			10.1515151515152	-5.27272727272727
			10.1818181818182	-5.3030303030303
			10.1818181818182	-5.33333333333333
			10.2121212121212	-5.36363636363636
			10.2424242424242	-5.36363636363636
			10.2727272727273	-5.39393939393939
			10.3030303030303	-5.42424242424242
			10.3333333333333	-5.45454545454546
			10.3636363636364	-5.48484848484849
			10.3939393939394	-5.51515151515152
			10.4242424242424	-5.54545454545455
			10.4545454545455	-5.57575757575758
			10.4848484848485	-5.60606060606061
			10.5151515151515	-5.63636363636364
			10.5454545454545	-5.66666666666667
			10.5757575757576	-5.6969696969697
			10.6060606060606	-5.72727272727273
			10.6363636363636	-5.75757575757576
			10.6666666666667	-5.78787878787879
			10.6969696969697	-5.81818181818182
			10.7272727272727	-5.84848484848485
			10.7575757575758	-5.87878787878788
			10.7878787878788	-5.90909090909091
			10.8181818181818	-5.93939393939394
			10.8484848484848	-5.96969696969697
			10.8787878787879	-6
		</suture>
		<anterior type=matrix rownames=FALSE colnames=FALSE nrow=224 ncol=2 as.numeric=TRUE >
			6.48484848484849	-1.3030303030303
			6.51515151515152	-1.3030303030303
			6.54545454545455	-1.3030303030303
			6.57575757575758	-1.27272727272727
			6.60606060606061	-1.27272727272727
			6.63636363636364	-1.27272727272727
			6.66666666666667	-1.27272727272727
			6.6969696969697	-1.27272727272727
			6.72727272727273	-1.27272727272727
			6.75757575757576	-1.27272727272727
			6.78787878787879	-1.27272727272727
			6.81818181818182	-1.27272727272727
			6.84848484848485	-1.27272727272727
			6.87878787878788	-1.27272727272727
			6.90909090909091	-1.27272727272727
			6.93939393939394	-1.27272727272727
			6.96969696969697	-1.27272727272727
			7	-1.27272727272727
			7.03030303030303	-1.27272727272727
			7.06060606060606	-1.27272727272727
			7.09090909090909	-1.27272727272727
			7.12121212121212	-1.27272727272727
			7.15151515151515	-1.27272727272727
			7.18181818181818	-1.27272727272727
			7.21212121212121	-1.27272727272727
			7.24242424242424	-1.27272727272727
			7.27272727272727	-1.27272727272727
			7.3030303030303	-1.3030303030303
			7.33333333333333	-1.3030303030303
			7.36363636363636	-1.3030303030303
			7.39393939393939	-1.3030303030303
			7.42424242424242	-1.3030303030303
			7.45454545454546	-1.3030303030303
			7.48484848484849	-1.33333333333333
			7.51515151515152	-1.33333333333333
			7.54545454545455	-1.33333333333333
			7.57575757575758	-1.33333333333333
			7.60606060606061	-1.36363636363636
			7.63636363636364	-1.36363636363636
			7.66666666666667	-1.36363636363636
			7.6969696969697	-1.36363636363636
			7.72727272727273	-1.39393939393939
			7.75757575757576	-1.39393939393939
			7.78787878787879	-1.39393939393939
			7.81818181818182	-1.42424242424242
			7.84848484848485	-1.42424242424242
			7.87878787878788	-1.42424242424242
			7.90909090909091	-1.45454545454545
			7.93939393939394	-1.45454545454545
			7.96969696969697	-1.45454545454545
			8	-1.48484848484848
			8.03030303030303	-1.48484848484848
			8.06060606060606	-1.48484848484848
			8.09090909090909	-1.51515151515152
			8.12121212121212	-1.51515151515152
			8.15151515151515	-1.54545454545455
			8.18181818181818	-1.54545454545455
			8.21212121212121	-1.54545454545455
			8.24242424242424	-1.57575757575758
			8.27272727272727	-1.57575757575758
			8.3030303030303	-1.60606060606061
			8.33333333333333	-1.60606060606061
			8.36363636363636	-1.63636363636364
			8.39393939393939	-1.63636363636364
			8.42424242424242	-1.66666666666667
			8.45454545454546	-1.66666666666667
			8.48484848484848	-1.66666666666667
			8.48484848484848	-1.6969696969697
			8.51515151515152	-1.6969696969697
			8.54545454545454	-1.6969696969697
			8.54545454545454	-1.72727272727273
			8.57575757575758	-1.72727272727273
			8.60606060606061	-1.75757575757576
			8.63636363636364	-1.75757575757576
			8.66666666666667	-1.78787878787879
			8.6969696969697	-1.78787878787879
			8.72727272727273	-1.81818181818182
			8.75757575757576	-1.81818181818182
			8.78787878787879	-1.84848484848485
			8.81818181818182	-1.87878787878788
			8.84848484848485	-1.87878787878788
			8.87878787878788	-1.90909090909091
			8.90909090909091	-1.93939393939394
			8.93939393939394	-1.93939393939394
			8.96969696969697	-1.96969696969697
			9	-2
			9.03030303030303	-2
			9.06060606060606	-2.03030303030303
			9.09090909090909	-2.06060606060606
			9.12121212121212	-2.06060606060606
			9.15151515151515	-2.09090909090909
			9.18181818181818	-2.09090909090909
			9.21212121212121	-2.12121212121212
			9.24242424242424	-2.15151515151515
			9.27272727272727	-2.15151515151515
			9.3030303030303	-2.18181818181818
			9.33333333333333	-2.21212121212121
			9.36363636363636	-2.24242424242424
			9.39393939393939	-2.27272727272727
			9.42424242424242	-2.27272727272727
			9.45454545454546	-2.3030303030303
			9.48484848484848	-2.33333333333333
			9.51515151515152	-2.36363636363636
			9.54545454545454	-2.36363636363636
			9.57575757575758	-2.39393939393939
			9.60606060606061	-2.42424242424242
			9.63636363636364	-2.45454545454545
			9.66666666666667	-2.48484848484848
			9.6969696969697	-2.48484848484848
			9.72727272727273	-2.51515151515152
			9.75757575757576	-2.54545454545455
			9.78787878787879	-2.57575757575758
			9.81818181818182	-2.60606060606061
			9.84848484848485	-2.63636363636364
			9.87878787878788	-2.66666666666667
			9.90909090909091	-2.6969696969697
			9.93939393939394	-2.72727272727273
			9.96969696969697	-2.75757575757576
			10	-2.78787878787879
			10.030303030303	-2.78787878787879
			10.0606060606061	-2.81818181818182
			10.0909090909091	-2.84848484848485
			10.1212121212121	-2.87878787878788
			10.1515151515152	-2.90909090909091
			10.1818181818182	-2.93939393939394
			10.2121212121212	-2.96969696969697
			10.2424242424242	-3
			10.2727272727273	-3.03030303030303
			10.2727272727273	-3.06060606060606
			10.3030303030303	-3.09090909090909
			10.3333333333333	-3.12121212121212
			10.3636363636364	-3.15151515151515
			10.3939393939394	-3.18181818181818
			10.4242424242424	-3.21212121212121
			10.4545454545455	-3.24242424242424
			10.4545454545455	-3.27272727272727
			10.4848484848485	-3.3030303030303
			10.5151515151515	-3.33333333333333
			10.5454545454545	-3.36363636363636
			10.5757575757576	-3.39393939393939
			10.6060606060606	-3.42424242424242
			10.6060606060606	-3.45454545454545
			10.6363636363636	-3.48484848484848
			10.6666666666667	-3.51515151515152
			10.6969696969697	-3.54545454545455
			10.6969696969697	-3.57575757575758
			10.7272727272727	-3.60606060606061
			10.7575757575758	-3.63636363636364
			10.7878787878788	-3.66666666666667
			10.7878787878788	-3.6969696969697
			10.8181818181818	-3.72727272727273
			10.8484848484848	-3.75757575757576
			10.8484848484848	-3.78787878787879
			10.8787878787879	-3.81818181818182
			10.9090909090909	-3.84848484848485
			10.9090909090909	-3.87878787878788
			10.9393939393939	-3.90909090909091
			10.9393939393939	-3.93939393939394
			10.969696969697	-3.96969696969697
			11	-4
			11	-4.03030303030303
			11.030303030303	-4.06060606060606
			11.030303030303	-4.09090909090909
			11.0606060606061	-4.12121212121212
			11.0606060606061	-4.15151515151515
			11.0909090909091	-4.18181818181818
			11.0909090909091	-4.21212121212121
			11.1212121212121	-4.24242424242424
			11.1212121212121	-4.27272727272727
			11.1515151515152	-4.3030303030303
			11.1515151515152	-4.33333333333333
			11.1818181818182	-4.36363636363636
			11.1818181818182	-4.39393939393939
			11.2121212121212	-4.42424242424242
			11.2121212121212	-4.45454545454546
			11.2424242424242	-4.48484848484849
			11.2424242424242	-4.51515151515152
			11.2727272727273	-4.54545454545455
			11.2727272727273	-4.57575757575758
			11.3030303030303	-4.60606060606061
			11.3030303030303	-4.63636363636364
			11.3030303030303	-4.66666666666667
			11.3333333333333	-4.6969696969697
			11.3333333333333	-4.72727272727273
			11.3636363636364	-4.75757575757576
			11.3636363636364	-4.78787878787879
			11.3636363636364	-4.81818181818182
			11.3939393939394	-4.84848484848485
			11.3939393939394	-4.87878787878788
			11.4242424242424	-4.90909090909091
			11.4242424242424	-4.93939393939394
			11.4242424242424	-4.96969696969697
			11.4545454545455	-5
			11.4545454545455	-5.03030303030303
			11.4545454545455	-5.06060606060606
			11.4545454545455	-5.09090909090909
			11.4848484848485	-5.12121212121212
			11.4848484848485	-5.15151515151515
			11.4848484848485	-5.18181818181818
			11.5151515151515	-5.21212121212121
			11.5151515151515	-5.24242424242424
			11.5151515151515	-5.27272727272727
			11.5454545454545	-5.3030303030303
			11.5454545454545	-5.33333333333333
			11.5454545454545	-5.36363636363636
			11.5454545454545	-5.39393939393939
			11.5757575757576	-5.42424242424242
			11.5757575757576	-5.45454545454546
			11.5757575757576	-5.48484848484849
			11.5757575757576	-5.51515151515152
			11.5757575757576	-5.54545454545455
			11.6060606060606	-5.57575757575758
			11.6060606060606	-5.60606060606061
			11.6060606060606	-5.63636363636364
			11.6060606060606	-5.66666666666667
			11.6363636363636	-5.6969696969697
			11.6363636363636	-5.72727272727273
			11.6363636363636	-5.75757575757576
			11.6363636363636	-5.78787878787879
			11.6363636363636	-5.81818181818182
			11.6666666666667	-5.84848484848485
			11.6666666666667	-5.87878787878788
			11.6666666666667	-5.90909090909091
			11.6666666666667	-5.93939393939394
		</anterior>
		<posterior type=matrix rownames=FALSE colnames=FALSE nrow=520 ncol=2 as.numeric=TRUE >
			6.72727272727273	-5.93939393939394
			6.75757575757576	-5.93939393939394
			6.78787878787879	-5.93939393939394
			6.81818181818182	-5.93939393939394
			6.84848484848485	-5.93939393939394
			6.87878787878788	-5.93939393939394
			6.90909090909091	-5.93939393939394
			6.93939393939394	-5.96969696969697
			6.96969696969697	-5.96969696969697
			7	-5.96969696969697
			7.03030303030303	-5.96969696969697
			7.06060606060606	-5.96969696969697
			7.09090909090909	-5.96969696969697
			7.12121212121212	-5.96969696969697
			7.15151515151515	-5.96969696969697
			7.18181818181818	-5.96969696969697
			7.21212121212121	-5.96969696969697
			7.24242424242424	-5.96969696969697
			7.27272727272727	-5.96969696969697
			7.3030303030303	-5.96969696969697
			7.33333333333333	-5.96969696969697
			7.36363636363636	-5.93939393939394
			7.39393939393939	-5.93939393939394
			7.42424242424242	-5.93939393939394
			7.45454545454546	-5.93939393939394
			7.48484848484849	-5.93939393939394
			7.51515151515152	-5.93939393939394
			7.54545454545455	-5.93939393939394
			7.57575757575758	-5.93939393939394
			7.60606060606061	-5.93939393939394
			7.63636363636364	-5.93939393939394
			7.66666666666667	-5.93939393939394
			7.6969696969697	-5.93939393939394
			7.72727272727273	-5.90909090909091
			7.75757575757576	-5.90909090909091
			7.78787878787879	-5.90909090909091
			7.81818181818182	-5.90909090909091
			7.84848484848485	-5.90909090909091
			7.87878787878788	-5.90909090909091
			7.90909090909091	-5.90909090909091
			7.93939393939394	-5.90909090909091
			7.96969696969697	-5.87878787878788
			8	-5.87878787878788
			8.03030303030303	-5.87878787878788
			8.06060606060606	-5.87878787878788
			8.09090909090909	-5.87878787878788
			8.12121212121212	-5.87878787878788
			8.15151515151515	-5.87878787878788
			8.18181818181818	-5.90909090909091
			8.21212121212121	-5.90909090909091
			8.24242424242424	-5.90909090909091
			8.27272727272727	-5.90909090909091
			8.3030303030303	-5.90909090909091
			8.33333333333333	-5.90909090909091
			8.36363636363636	-5.90909090909091
			8.39393939393939	-5.90909090909091
			8.42424242424242	-5.90909090909091
			8.45454545454546	-5.93939393939394
			8.48484848484848	-5.93939393939394
			8.51515151515152	-5.93939393939394
			8.54545454545454	-5.93939393939394
			8.57575757575758	-5.93939393939394
			8.60606060606061	-5.93939393939394
			8.63636363636364	-5.93939393939394
			8.66666666666667	-5.93939393939394
			8.6969696969697	-5.93939393939394
			8.72727272727273	-5.93939393939394
			8.75757575757576	-5.93939393939394
			8.78787878787879	-5.96969696969697
			8.81818181818182	-5.96969696969697
			8.84848484848485	-5.96969696969697
			8.87878787878788	-5.96969696969697
			8.90909090909091	-5.96969696969697
			8.93939393939394	-5.96969696969697
			8.96969696969697	-5.96969696969697
			9	-5.96969696969697
			9.03030303030303	-5.96969696969697
			9.06060606060606	-5.96969696969697
			9.09090909090909	-5.96969696969697
			9.12121212121212	-5.96969696969697
			9.15151515151515	-5.96969696969697
			9.18181818181818	-6
			9.21212121212121	-6
			9.24242424242424	-6
			9.27272727272727	-6
			9.3030303030303	-6
			9.33333333333333	-6
			9.36363636363636	-6
			9.39393939393939	-6
			9.42424242424242	-6
			9.45454545454546	-6
			9.48484848484848	-6
			9.51515151515152	-6
			9.54545454545454	-6
			9.57575757575758	-6
			9.60606060606061	-6
			9.63636363636364	-6
			9.66666666666667	-6
			9.6969696969697	-6
			9.72727272727273	-6
			9.75757575757576	-6
			9.78787878787879	-6
			9.81818181818182	-6
			9.84848484848485	-6
			9.87878787878788	-6
			9.90909090909091	-6
			9.93939393939394	-6
			9.96969696969697	-6
			10	-6
			10.030303030303	-6
			10.0606060606061	-6
			10.0909090909091	-6
			10.1212121212121	-6
			10.1515151515152	-6
			10.1818181818182	-6
			10.2121212121212	-6
			10.2424242424242	-6
			10.2727272727273	-6
			10.3030303030303	-6
			10.3333333333333	-6
			10.3636363636364	-6
			10.3939393939394	-6
			10.4242424242424	-6
			10.4545454545455	-6
			10.4848484848485	-6
			10.5151515151515	-6
			10.5454545454545	-6
			10.5757575757576	-6
			10.6060606060606	-6
			10.6363636363636	-6
			10.6666666666667	-6
			10.6969696969697	-6
			10.7272727272727	-6
			10.7575757575758	-6
			10.7878787878788	-6
			10.8181818181818	-6
			10.8484848484848	-6
			10.8787878787879	-6
			10.9090909090909	-6
			10.9393939393939	-6.03030303030303
			10.969696969697	-6.06060606060606
			11	-6.09090909090909
			11.030303030303	-6.09090909090909
			11.0606060606061	-6.12121212121212
			11.0606060606061	-6.15151515151515
			11.0909090909091	-6.18181818181818
			11.1212121212121	-6.21212121212121
			11.1212121212121	-6.24242424242424
			11.1515151515152	-6.24242424242424
			11.1818181818182	-6.27272727272727
			11.1818181818182	-6.3030303030303
			11.1818181818182	-6.33333333333333
			11.2121212121212	-6.33333333333333
			11.2121212121212	-6.36363636363636
			11.2424242424242	-6.39393939393939
			11.2424242424242	-6.42424242424242
			11.2727272727273	-6.45454545454546
			11.2727272727273	-6.48484848484849
			11.3030303030303	-6.51515151515152
			11.3030303030303	-6.54545454545455
			11.3030303030303	-6.57575757575758
			11.3333333333333	-6.60606060606061
			11.3333333333333	-6.63636363636364
			11.3636363636364	-6.66666666666667
			11.3636363636364	-6.6969696969697
			11.3636363636364	-6.72727272727273
			11.3939393939394	-6.75757575757576
			11.3939393939394	-6.78787878787879
			11.3939393939394	-6.81818181818182
			11.4242424242424	-6.84848484848485
			11.4242424242424	-6.87878787878788
			11.4242424242424	-6.90909090909091
			11.4242424242424	-6.93939393939394
			11.4545454545455	-6.96969696969697
			11.4545454545455	-7
			11.4545454545455	-7.03030303030303
			11.4848484848485	-7.06060606060606
			11.4848484848485	-7.09090909090909
			11.4848484848485	-7.12121212121212
			11.4848484848485	-7.15151515151515
			11.5151515151515	-7.18181818181818
			11.5151515151515	-7.21212121212121
			11.5151515151515	-7.24242424242424
			11.5454545454545	-7.27272727272727
			11.5454545454545	-7.3030303030303
			11.5454545454545	-7.33333333333333
			11.5454545454545	-7.36363636363636
			11.5757575757576	-7.39393939393939
			11.5757575757576	-7.42424242424242
			11.5757575757576	-7.45454545454546
			11.5757575757576	-7.48484848484849
			11.5757575757576	-7.51515151515152
			11.6060606060606	-7.54545454545455
			11.6060606060606	-7.57575757575758
			11.6060606060606	-7.60606060606061
			11.6060606060606	-7.63636363636364
			11.6363636363636	-7.66666666666667
			11.6363636363636	-7.6969696969697
			11.6363636363636	-7.72727272727273
			11.6363636363636	-7.75757575757576
			11.6363636363636	-7.78787878787879
			11.6666666666667	-7.81818181818182
			11.6666666666667	-7.84848484848485
			11.6666666666667	-7.87878787878788
			11.6666666666667	-7.90909090909091
			11.6666666666667	-7.93939393939394
			11.6969696969697	-7.96969696969697
			11.6969696969697	-8
			11.6969696969697	-8.03030303030303
			11.6969696969697	-8.06060606060606
			11.6969696969697	-8.09090909090909
			11.6969696969697	-8.12121212121212
			11.7272727272727	-8.15151515151515
			11.7272727272727	-8.18181818181818
			11.7272727272727	-8.21212121212121
			11.7272727272727	-8.24242424242424
			11.7272727272727	-8.27272727272727
			11.7272727272727	-8.3030303030303
			11.7575757575758	-8.33333333333333
			11.7575757575758	-8.36363636363636
			11.7575757575758	-8.39393939393939
			11.7575757575758	-8.42424242424242
			11.7575757575758	-8.45454545454546
			11.7575757575758	-8.48484848484848
			11.7575757575758	-8.51515151515152
			11.7878787878788	-8.54545454545454
			11.7878787878788	-8.57575757575758
			11.7878787878788	-8.60606060606061
			11.7878787878788	-8.63636363636364
			11.7878787878788	-8.66666666666667
			11.7878787878788	-8.6969696969697
			11.7878787878788	-8.72727272727273
			11.8181818181818	-8.75757575757576
			11.8181818181818	-8.78787878787879
			11.8181818181818	-8.81818181818182
			11.8181818181818	-8.84848484848485
			11.8181818181818	-8.87878787878788
			11.8181818181818	-8.90909090909091
			11.8181818181818	-8.93939393939394
			11.8484848484848	-8.96969696969697
			11.8484848484848	-9
			11.8484848484848	-9.03030303030303
			11.8484848484848	-9.06060606060606
			11.8484848484848	-9.09090909090909
			11.8484848484848	-9.12121212121212
			11.8484848484848	-9.15151515151515
			11.8484848484848	-9.18181818181818
			11.8787878787879	-9.21212121212121
			11.8787878787879	-9.24242424242424
			11.8787878787879	-9.27272727272727
			11.8787878787879	-9.3030303030303
			11.8787878787879	-9.33333333333333
			11.8787878787879	-9.36363636363636
			11.8787878787879	-9.39393939393939
			11.8787878787879	-9.42424242424242
			11.8787878787879	-9.45454545454546
			11.9090909090909	-9.48484848484848
			11.9090909090909	-9.51515151515152
			11.9090909090909	-9.54545454545454
			11.9090909090909	-9.57575757575758
			11.9090909090909	-9.60606060606061
			11.9090909090909	-9.63636363636364
			11.9090909090909	-9.66666666666667
			11.9090909090909	-9.6969696969697
			11.9393939393939	-9.72727272727273
			11.9393939393939	-9.75757575757576
			11.9393939393939	-9.78787878787879
			11.9393939393939	-9.81818181818182
			11.9393939393939	-9.84848484848485
			11.9393939393939	-9.87878787878788
			11.9393939393939	-9.90909090909091
			11.9393939393939	-9.93939393939394
			11.9393939393939	-9.96969696969697
			11.9393939393939	-10
			11.969696969697	-10.030303030303
			11.969696969697	-10.0606060606061
			11.969696969697	-10.0909090909091
			11.969696969697	-10.1212121212121
			11.969696969697	-10.1515151515152
			11.969696969697	-10.1818181818182
			11.969696969697	-10.2121212121212
			11.969696969697	-10.2424242424242
			11.969696969697	-10.2727272727273
			11.969696969697	-10.3030303030303
			11.969696969697	-10.3333333333333
			12	-10.3636363636364
			12	-10.3939393939394
			12	-10.4242424242424
			12	-10.4545454545455
			12	-10.4848484848485
			12	-10.5151515151515
			12	-10.5454545454545
			12	-10.5757575757576
			12	-10.6060606060606
			12	-10.6363636363636
			12	-10.6666666666667
			12	-10.6969696969697
			12.030303030303	-10.7272727272727
			12.030303030303	-10.7575757575758
			12.030303030303	-10.7878787878788
			12.030303030303	-10.8181818181818
			12.030303030303	-10.8484848484848
			12.030303030303	-10.8787878787879
			12.030303030303	-10.9090909090909
			12.030303030303	-10.9393939393939
			12.030303030303	-10.969696969697
			12.030303030303	-11
			12.030303030303	-11.030303030303
			12.030303030303	-11.0606060606061
			12.0606060606061	-11.0909090909091
			12.0606060606061	-11.1212121212121
			12.0606060606061	-11.1515151515152
			12.0606060606061	-11.1818181818182
			12.0606060606061	-11.2121212121212
			12.0606060606061	-11.2424242424242
			12.0606060606061	-11.2727272727273
			12.0606060606061	-11.3030303030303
			12.0606060606061	-11.3333333333333
			12.0606060606061	-11.3636363636364
			12.0606060606061	-11.3939393939394
			12.0606060606061	-11.4242424242424
			12.0606060606061	-11.4545454545455
			12.0909090909091	-11.4848484848485
			12.0909090909091	-11.5151515151515
			12.0909090909091	-11.5454545454545
			12.0909090909091	-11.5757575757576
			12.0909090909091	-11.6060606060606
			12.0909090909091	-11.6363636363636
			12.0909090909091	-11.6666666666667
			12.0909090909091	-11.6969696969697
			12.0909090909091	-11.6666666666667
			12.0909090909091	-11.6363636363636
			12.0909090909091	-11.6060606060606
			12.0909090909091	-11.5757575757576
			12.0909090909091	-11.5454545454545
			12.0909090909091	-11.5151515151515
			12.0909090909091	-11.4848484848485
			12.0909090909091	-11.4545454545455
			12.0909090909091	-11.4242424242424
			12.0909090909091	-11.3939393939394
			12.0909090909091	-11.3636363636364
			12.0909090909091	-11.3333333333333
			12.0909090909091	-11.3030303030303
			12.0909090909091	-11.2727272727273
			12.0909090909091	-11.2424242424242
			12.0909090909091	-11.2121212121212
			12.0909090909091	-11.1818181818182
			12.0909090909091	-11.1515151515152
			12.0909090909091	-11.1212121212121
			12.0909090909091	-11.0909090909091
			12.0909090909091	-11.0606060606061
			12.0909090909091	-11.030303030303
			12.0909090909091	-11
			12.0909090909091	-10.969696969697
			12.0909090909091	-10.9393939393939
			12.0909090909091	-10.9090909090909
			12.0909090909091	-10.8787878787879
			12.0909090909091	-10.8484848484848
			12.0909090909091	-10.8181818181818
			12.0909090909091	-10.7878787878788
			12.0909090909091	-10.7575757575758
			12.0909090909091	-10.7272727272727
			12.0909090909091	-10.6969696969697
			12.0909090909091	-10.6666666666667
			12.0909090909091	-10.6363636363636
			12.0606060606061	-10.6060606060606
			12.0606060606061	-10.5757575757576
			12.0606060606061	-10.5454545454545
			12.0606060606061	-10.5151515151515
			12.0606060606061	-10.4848484848485
			12.0606060606061	-10.4545454545455
			12.0606060606061	-10.4242424242424
			12.0606060606061	-10.3939393939394
			12.0606060606061	-10.3636363636364
			12.0606060606061	-10.3333333333333
			12.0606060606061	-10.3030303030303
			12.0606060606061	-10.2727272727273
			12.0606060606061	-10.2424242424242
			12.0606060606061	-10.2121212121212
			12.0606060606061	-10.1818181818182
			12.0606060606061	-10.1515151515152
			12.0606060606061	-10.1212121212121
			12.0606060606061	-10.0909090909091
			12.0606060606061	-10.0606060606061
			12.0606060606061	-10.030303030303
			12.0606060606061	-10
			12.0606060606061	-9.96969696969697
			12.0606060606061	-9.93939393939394
			12.0606060606061	-9.90909090909091
			12.0606060606061	-9.87878787878788
			12.0606060606061	-9.84848484848485
			12.0606060606061	-9.81818181818182
			12.030303030303	-9.78787878787879
			12.030303030303	-9.75757575757576
			12.030303030303	-9.72727272727273
			12.030303030303	-9.6969696969697
			12.030303030303	-9.66666666666667
			12.030303030303	-9.63636363636364
			12.030303030303	-9.60606060606061
			12.030303030303	-9.57575757575758
			12.030303030303	-9.54545454545454
			12.030303030303	-9.51515151515152
			12.030303030303	-9.48484848484848
			12.030303030303	-9.45454545454546
			12.030303030303	-9.42424242424242
			12.030303030303	-9.39393939393939
			12.030303030303	-9.36363636363636
			12.030303030303	-9.33333333333333
			12.030303030303	-9.3030303030303
			12.030303030303	-9.27272727272727
			12	-9.24242424242424
			12	-9.21212121212121
			12	-9.18181818181818
			12	-9.15151515151515
			12	-9.12121212121212
			12	-9.09090909090909
			12	-9.06060606060606
			12	-9.03030303030303
			12	-9
			12	-8.96969696969697
			12	-8.93939393939394
			12	-8.90909090909091
			12	-8.87878787878788
			12	-8.84848484848485
			11.969696969697	-8.81818181818182
			11.969696969697	-8.78787878787879
			11.969696969697	-8.75757575757576
			11.969696969697	-8.72727272727273
			11.969696969697	-8.6969696969697
			11.969696969697	-8.66666666666667
			11.969696969697	-8.63636363636364
			11.969696969697	-8.60606060606061
			11.969696969697	-8.57575757575758
			11.969696969697	-8.54545454545454
			11.969696969697	-8.51515151515152
			11.969696969697	-8.48484848484848
			11.969696969697	-8.45454545454546
			11.9393939393939	-8.42424242424242
			11.9393939393939	-8.39393939393939
			11.9393939393939	-8.36363636363636
			11.9393939393939	-8.33333333333333
			11.9393939393939	-8.3030303030303
			11.9393939393939	-8.27272727272727
			11.9393939393939	-8.24242424242424
			11.9393939393939	-8.21212121212121
			11.9393939393939	-8.18181818181818
			11.9393939393939	-8.15151515151515
			11.9393939393939	-8.12121212121212
			11.9090909090909	-8.09090909090909
			11.9090909090909	-8.06060606060606
			11.9090909090909	-8.03030303030303
			11.9090909090909	-8
			11.9090909090909	-7.96969696969697
			11.9090909090909	-7.93939393939394
			11.9090909090909	-7.90909090909091
			11.9090909090909	-7.87878787878788
			11.9090909090909	-7.84848484848485
			11.9090909090909	-7.81818181818182
			11.9090909090909	-7.78787878787879
			11.8787878787879	-7.75757575757576
			11.8787878787879	-7.72727272727273
			11.8787878787879	-7.6969696969697
			11.8787878787879	-7.66666666666667
			11.8787878787879	-7.63636363636364
			11.8787878787879	-7.60606060606061
			11.8787878787879	-7.57575757575758
			11.8787878787879	-7.54545454545455
			11.8787878787879	-7.51515151515152
			11.8484848484848	-7.48484848484849
			11.8484848484848	-7.45454545454546
			11.8484848484848	-7.42424242424242
			11.8484848484848	-7.39393939393939
			11.8484848484848	-7.36363636363636
			11.8484848484848	-7.33333333333333
			11.8484848484848	-7.3030303030303
			11.8484848484848	-7.27272727272727
			11.8484848484848	-7.24242424242424
			11.8181818181818	-7.21212121212121
			11.8181818181818	-7.18181818181818
			11.8181818181818	-7.15151515151515
			11.8181818181818	-7.12121212121212
			11.8181818181818	-7.09090909090909
			11.8181818181818	-7.06060606060606
			11.8181818181818	-7.03030303030303
			11.8181818181818	-7
			11.8181818181818	-6.96969696969697
			11.7878787878788	-6.93939393939394
			11.7878787878788	-6.90909090909091
			11.7878787878788	-6.87878787878788
			11.7878787878788	-6.84848484848485
			11.7878787878788	-6.81818181818182
			11.7878787878788	-6.78787878787879
			11.7878787878788	-6.75757575757576
			11.7878787878788	-6.72727272727273
			11.7575757575758	-6.6969696969697
			11.7575757575758	-6.66666666666667
			11.7575757575758	-6.63636363636364
			11.7575757575758	-6.60606060606061
			11.7575757575758	-6.57575757575758
			11.7575757575758	-6.54545454545455
			11.7575757575758	-6.51515151515152
			11.7272727272727	-6.48484848484849
			11.7272727272727	-6.45454545454546
			11.7272727272727	-6.42424242424242
			11.7272727272727	-6.39393939393939
			11.7272727272727	-6.36363636363636
			11.7272727272727	-6.33333333333333
			11.7272727272727	-6.3030303030303
			11.7272727272727	-6.27272727272727
			11.6969696969697	-6.24242424242424
			11.6969696969697	-6.21212121212121
			11.6969696969697	-6.18181818181818
			11.6969696969697	-6.15151515151515
			11.6969696969697	-6.12121212121212
			11.6969696969697	-6.09090909090909
			11.6969696969697	-6.06060606060606
			11.6666666666667	-6.03030303030303
			11.6666666666667	-6
			11.6666666666667	-5.96969696969697
			11.6666666666667	-5.93939393939394
		</posterior>
	</curves.scaled>
	<ruler.points type=matrix rownames=TRUE colnames=FALSE nrow=2 ncol=2 as.numeric=TRUE >
		Ruler point 1	261	520
		Ruler point 2	426	520
	</ruler.points>
</shapes>

