<shapes type=list>
	<ruler.pixel type=vector names=FALSE length=1 as.numeric=TRUE >83</ruler.pixel>
	<ruler.interval type=vector names=FALSE length=1 as.numeric=TRUE >5</ruler.interval>
	<scaling.units type=vector names=FALSE length=1 as.numeric=FALSE >mm</scaling.units>
	<scaling type=vector names=FALSE length=1 as.numeric=TRUE >0.0602409638554217</scaling>
	<landmarks.pixel type=matrix rownames=TRUE colnames=FALSE nrow=16 ncol=2 as.numeric=TRUE >
		LM1	174	44
		LM2	174	49
		LM3	170	164
		LM4	170	176
		LM5	220	143
		LM6	223	166
		LM7	223	178
		LM8	224	72
		LM9	231	110
		LM10	174	44
		LM11	308	135
		LM12	309	154
		LM13	174	44
		LM14	245	90
		LM15	309	154
		LM16	309	154
	</landmarks.pixel>
	<landmarks.scaled type=matrix rownames=TRUE colnames=FALSE nrow=16 ncol=2 as.numeric=TRUE >
		LM1	10.4819277108434	-2.65060240963855
		LM2	10.4819277108434	-2.95180722891566
		LM3	10.2409638554217	-9.87951807228916
		LM4	10.2409638554217	-10.6024096385542
		LM5	13.2530120481928	-8.6144578313253
		LM6	13.433734939759	-10
		LM7	13.433734939759	-10.7228915662651
		LM8	13.4939759036145	-4.33734939759036
		LM9	13.9156626506024	-6.62650602409639
		LM10	10.4819277108434	-2.65060240963855
		LM11	18.5542168674699	-8.13253012048193
		LM12	18.6144578313253	-9.27710843373494
		LM13	10.4819277108434	-2.65060240963855
		LM14	14.7590361445783	-5.42168674698795
		LM15	18.6144578313253	-9.27710843373494
		LM16	18.6144578313253	-9.27710843373494
	</landmarks.scaled>
	<curves.control type=list>
		<glabella type=matrix rownames=FALSE colnames=FALSE nrow=5 ncol=2 as.numeric=TRUE >
			174	49
			187	47
			201	60
			218	75
			223	178
		</glabella>
		<suture type=matrix rownames=FALSE colnames=FALSE nrow=13 ncol=2 as.numeric=TRUE >
			174	44
			190	43
			212	42
			227	44
			224	71
			238	79
			241	89
			244	104
			231	111
			235	116
			253	115
			319	116
			309	154
		</suture>
		<anterior type=matrix rownames=FALSE colnames=FALSE nrow=11 ncol=2 as.numeric=TRUE >
			174	44
			190	43
			212	42
			265	40
			298	57
			313	65
			320	82
			327	101
			325	129
			322	145
			309	154
		</anterior>
		<posterior type=matrix rownames=FALSE colnames=FALSE nrow=5 ncol=2 as.numeric=TRUE >
			170	176
			182	181
			228	178
			282	173
			309	154
		</posterior>
	</curves.control>
	<curves.pixel type=list>
		<glabella type=matrix rownames=FALSE colnames=FALSE nrow=147 ncol=2 as.numeric=TRUE >
			174	49
			175	49
			176	49
			177	49
			178	49
			179	49
			180	49
			181	49
			182	49
			183	49
			184	50
			185	50
			186	50
			187	51
			188	51
			189	52
			190	52
			191	53
			192	53
			193	54
			194	55
			195	55
			196	56
			197	57
			198	57
			199	58
			200	59
			201	60
			202	61
			203	62
			204	63
			204	64
			205	65
			206	66
			206	67
			207	68
			207	69
			207	70
			208	71
			208	72
			209	73
			209	74
			210	75
			210	76
			210	77
			210	78
			211	79
			211	80
			211	81
			212	82
			212	83
			212	84
			212	85
			213	86
			213	87
			213	88
			213	89
			214	90
			214	91
			214	92
			214	93
			214	94
			215	95
			215	96
			215	97
			215	98
			215	99
			216	100
			216	101
			216	102
			216	103
			216	104
			216	105
			216	106
			217	106
			217	107
			217	108
			217	109
			217	110
			217	111
			217	112
			218	113
			218	114
			218	115
			218	116
			218	117
			218	118
			218	119
			218	120
			219	121
			219	122
			219	123
			219	124
			219	125
			219	126
			219	127
			219	128
			219	129
			220	130
			220	131
			220	132
			220	133
			220	134
			220	135
			220	136
			220	137
			220	138
			220	139
			221	140
			221	141
			221	142
			221	143
			221	144
			221	145
			221	146
			221	147
			221	148
			221	149
			221	150
			221	151
			221	152
			222	153
			222	154
			222	155
			222	156
			222	157
			222	158
			222	159
			222	160
			222	161
			222	162
			222	163
			222	164
			222	165
			222	166
			222	167
			222	168
			223	169
			223	170
			223	171
			223	172
			223	173
			223	174
			223	175
			223	176
			223	177
			223	178
		</glabella>
		<suture type=matrix rownames=FALSE colnames=FALSE nrow=228 ncol=2 as.numeric=TRUE >
			174	44
			175	44
			176	44
			177	44
			178	44
			179	44
			180	44
			181	44
			182	44
			182	43
			183	43
			184	43
			185	43
			186	43
			187	43
			188	43
			189	43
			190	43
			191	43
			192	43
			193	43
			194	43
			195	43
			196	43
			197	43
			198	43
			199	43
			200	43
			201	43
			202	42
			203	42
			204	42
			205	42
			206	42
			207	42
			208	42
			209	42
			210	42
			211	42
			212	42
			213	42
			214	42
			215	43
			216	43
			217	44
			218	44
			219	45
			220	46
			221	47
			222	48
			222	49
			222	50
			223	51
			223	52
			224	53
			224	54
			224	55
			224	56
			224	57
			224	58
			224	59
			224	60
			224	61
			224	62
			224	63
			224	64
			224	65
			224	66
			224	67
			224	68
			224	69
			224	70
			224	71
			225	72
			226	72
			227	73
			228	73
			228	74
			229	74
			230	75
			231	76
			232	76
			232	77
			233	77
			234	78
			234	79
			235	79
			236	80
			236	81
			237	81
			237	82
			238	82
			238	83
			239	84
			239	85
			240	86
			240	87
			241	88
			241	89
			241	90
			241	91
			241	92
			242	93
			242	94
			242	95
			241	96
			241	97
			241	98
			241	99
			241	100
			241	101
			240	101
			240	102
			239	103
			239	104
			239	105
			238	105
			237	106
			237	107
			236	107
			236	108
			235	109
			234	109
			233	110
			232	110
			231	111
			232	112
			233	113
			234	113
			235	114
			236	114
			237	114
			238	114
			239	115
			240	115
			241	115
			242	115
			243	115
			244	115
			245	115
			246	115
			247	115
			248	115
			249	115
			250	115
			251	115
			252	115
			253	115
			254	115
			255	115
			256	115
			257	115
			258	115
			259	115
			260	115
			261	115
			262	115
			263	115
			264	115
			265	116
			266	116
			267	116
			268	116
			269	116
			270	116
			271	116
			272	116
			273	116
			274	116
			275	117
			276	117
			277	117
			278	117
			279	117
			280	118
			281	118
			282	118
			283	118
			284	118
			285	119
			286	119
			287	119
			288	119
			288	120
			289	120
			290	120
			291	121
			292	121
			293	121
			294	122
			295	122
			296	123
			297	123
			298	124
			299	125
			300	125
			301	126
			302	127
			303	128
			304	128
			305	129
			305	130
			306	131
			307	132
			307	133
			308	133
			308	134
			309	135
			309	136
			309	137
			310	138
			310	139
			310	140
			310	141
			310	142
			310	143
			310	144
			310	145
			310	146
			310	147
			310	148
			310	149
			310	150
			310	151
			310	152
			309	152
			309	153
			309	154
		</suture>
		<anterior type=matrix rownames=FALSE colnames=FALSE nrow=231 ncol=2 as.numeric=TRUE >
			174	44
			175	44
			176	44
			177	44
			178	44
			179	44
			180	44
			181	44
			182	44
			183	43
			184	43
			185	43
			186	43
			187	43
			188	43
			189	43
			190	43
			191	43
			192	43
			193	43
			194	43
			195	43
			196	43
			197	43
			198	43
			199	43
			200	43
			201	43
			202	42
			203	42
			204	42
			205	42
			206	42
			207	42
			208	42
			209	42
			210	42
			211	42
			212	42
			213	42
			214	42
			215	42
			216	42
			217	42
			218	42
			219	42
			220	42
			221	42
			222	42
			223	42
			224	42
			225	42
			226	42
			227	42
			228	42
			229	42
			230	42
			231	42
			232	42
			233	42
			234	42
			235	42
			236	42
			237	42
			238	42
			239	42
			240	42
			241	42
			242	43
			243	43
			244	43
			245	43
			246	43
			247	43
			248	43
			249	43
			250	43
			251	43
			252	44
			253	44
			254	44
			255	44
			256	44
			257	44
			258	44
			259	45
			260	45
			261	45
			262	45
			263	45
			264	45
			264	46
			265	46
			266	46
			267	46
			268	46
			269	47
			270	47
			271	47
			272	47
			273	48
			274	48
			275	48
			276	48
			276	49
			277	49
			278	49
			279	49
			280	50
			281	50
			282	50
			283	51
			284	51
			285	51
			286	52
			287	52
			288	52
			289	53
			290	53
			291	54
			292	54
			293	55
			294	55
			295	56
			296	56
			297	57
			298	57
			299	57
			299	58
			300	58
			301	59
			302	60
			303	60
			304	61
			305	62
			306	62
			307	63
			308	64
			309	65
			310	66
			310	67
			311	68
			312	68
			313	69
			314	70
			314	71
			315	72
			316	73
			316	74
			317	75
			317	76
			318	77
			318	78
			319	79
			319	80
			320	81
			320	82
			320	83
			321	84
			321	85
			321	86
			322	87
			322	88
			322	89
			323	90
			323	91
			323	92
			323	93
			323	94
			324	95
			324	96
			324	97
			324	98
			324	99
			324	100
			325	101
			325	102
			325	103
			325	104
			325	105
			325	106
			325	107
			325	108
			325	109
			325	110
			325	111
			325	112
			325	113
			325	114
			325	115
			325	116
			325	117
			325	118
			325	119
			325	120
			325	121
			325	122
			325	123
			325	124
			325	125
			325	126
			325	127
			325	128
			325	129
			325	130
			325	131
			324	131
			324	132
			324	133
			324	134
			323	135
			323	136
			323	137
			322	138
			322	139
			321	140
			321	141
			320	142
			320	143
			319	144
			318	145
			317	146
			317	147
			316	148
			315	149
			314	150
			313	151
			312	151
			311	152
			310	153
			309	154
		</anterior>
		<posterior type=matrix rownames=FALSE colnames=FALSE nrow=142 ncol=2 as.numeric=TRUE >
			170	176
			171	176
			171	177
			172	177
			173	177
			174	177
			175	177
			176	178
			177	178
			178	178
			179	178
			180	178
			181	178
			182	178
			183	179
			184	179
			185	179
			186	179
			187	179
			188	179
			189	179
			190	179
			191	179
			192	179
			193	179
			194	179
			195	179
			196	179
			197	179
			198	179
			199	179
			200	179
			201	179
			202	179
			203	179
			204	179
			205	179
			206	179
			207	179
			208	179
			209	179
			210	179
			211	179
			212	179
			213	179
			214	179
			215	179
			216	179
			217	179
			218	179
			219	179
			220	178
			221	178
			222	178
			223	178
			224	178
			225	178
			226	178
			227	178
			228	178
			229	178
			230	178
			231	178
			232	178
			233	178
			234	177
			235	177
			236	177
			237	177
			238	177
			239	177
			240	177
			241	177
			242	176
			243	176
			244	176
			245	176
			246	176
			247	176
			248	175
			249	175
			250	175
			251	175
			252	175
			253	175
			254	174
			255	174
			256	174
			257	174
			258	174
			259	174
			260	173
			261	173
			262	173
			263	173
			264	172
			265	172
			266	172
			267	172
			268	171
			269	171
			270	171
			271	171
			272	170
			273	170
			274	170
			275	170
			276	169
			277	169
			278	169
			279	168
			280	168
			281	168
			282	168
			282	167
			283	167
			284	167
			285	166
			286	166
			287	166
			288	165
			289	165
			290	164
			291	164
			292	163
			293	163
			294	163
			295	162
			296	162
			297	161
			298	161
			299	160
			300	159
			301	159
			302	158
			303	158
			304	157
			305	156
			306	156
			307	155
			308	155
			309	154
		</posterior>
	</curves.pixel>
	<curves.scaled type=list>
		<glabella type=matrix rownames=FALSE colnames=FALSE nrow=147 ncol=2 as.numeric=TRUE >
			10.4819277108434	-2.95180722891566
			10.5421686746988	-2.95180722891566
			10.6024096385542	-2.95180722891566
			10.6626506024096	-2.95180722891566
			10.7228915662651	-2.95180722891566
			10.7831325301205	-2.95180722891566
			10.8433734939759	-2.95180722891566
			10.9036144578313	-2.95180722891566
			10.9638554216867	-2.95180722891566
			11.0240963855422	-2.95180722891566
			11.0843373493976	-3.01204819277108
			11.144578313253	-3.01204819277108
			11.2048192771084	-3.01204819277108
			11.2650602409639	-3.07228915662651
			11.3253012048193	-3.07228915662651
			11.3855421686747	-3.13253012048193
			11.4457831325301	-3.13253012048193
			11.5060240963855	-3.19277108433735
			11.566265060241	-3.19277108433735
			11.6265060240964	-3.25301204819277
			11.6867469879518	-3.31325301204819
			11.7469879518072	-3.31325301204819
			11.8072289156626	-3.37349397590361
			11.8674698795181	-3.43373493975904
			11.9277108433735	-3.43373493975904
			11.9879518072289	-3.49397590361446
			12.0481927710843	-3.55421686746988
			12.1084337349398	-3.6144578313253
			12.1686746987952	-3.67469879518072
			12.2289156626506	-3.73493975903614
			12.289156626506	-3.79518072289157
			12.289156626506	-3.85542168674699
			12.3493975903614	-3.91566265060241
			12.4096385542169	-3.97590361445783
			12.4096385542169	-4.03614457831325
			12.4698795180723	-4.09638554216868
			12.4698795180723	-4.1566265060241
			12.4698795180723	-4.21686746987952
			12.5301204819277	-4.27710843373494
			12.5301204819277	-4.33734939759036
			12.5903614457831	-4.39759036144578
			12.5903614457831	-4.45783132530121
			12.6506024096386	-4.51807228915663
			12.6506024096386	-4.57831325301205
			12.6506024096386	-4.63855421686747
			12.6506024096386	-4.69879518072289
			12.710843373494	-4.75903614457831
			12.710843373494	-4.81927710843373
			12.710843373494	-4.87951807228916
			12.7710843373494	-4.93975903614458
			12.7710843373494	-5
			12.7710843373494	-5.06024096385542
			12.7710843373494	-5.12048192771084
			12.8313253012048	-5.18072289156626
			12.8313253012048	-5.24096385542169
			12.8313253012048	-5.30120481927711
			12.8313253012048	-5.36144578313253
			12.8915662650602	-5.42168674698795
			12.8915662650602	-5.48192771084337
			12.8915662650602	-5.54216867469879
			12.8915662650602	-5.60240963855422
			12.8915662650602	-5.66265060240964
			12.9518072289157	-5.72289156626506
			12.9518072289157	-5.78313253012048
			12.9518072289157	-5.8433734939759
			12.9518072289157	-5.90361445783132
			12.9518072289157	-5.96385542168675
			13.0120481927711	-6.02409638554217
			13.0120481927711	-6.08433734939759
			13.0120481927711	-6.14457831325301
			13.0120481927711	-6.20481927710843
			13.0120481927711	-6.26506024096386
			13.0120481927711	-6.32530120481928
			13.0120481927711	-6.3855421686747
			13.0722891566265	-6.3855421686747
			13.0722891566265	-6.44578313253012
			13.0722891566265	-6.50602409638554
			13.0722891566265	-6.56626506024096
			13.0722891566265	-6.62650602409639
			13.0722891566265	-6.68674698795181
			13.0722891566265	-6.74698795180723
			13.1325301204819	-6.80722891566265
			13.1325301204819	-6.86746987951807
			13.1325301204819	-6.92771084337349
			13.1325301204819	-6.98795180722892
			13.1325301204819	-7.04819277108434
			13.1325301204819	-7.10843373493976
			13.1325301204819	-7.16867469879518
			13.1325301204819	-7.2289156626506
			13.1927710843374	-7.28915662650602
			13.1927710843374	-7.34939759036145
			13.1927710843374	-7.40963855421687
			13.1927710843374	-7.46987951807229
			13.1927710843374	-7.53012048192771
			13.1927710843374	-7.59036144578313
			13.1927710843374	-7.65060240963855
			13.1927710843374	-7.71084337349398
			13.1927710843374	-7.7710843373494
			13.2530120481928	-7.83132530120482
			13.2530120481928	-7.89156626506024
			13.2530120481928	-7.95180722891566
			13.2530120481928	-8.01204819277108
			13.2530120481928	-8.07228915662651
			13.2530120481928	-8.13253012048193
			13.2530120481928	-8.19277108433735
			13.2530120481928	-8.25301204819277
			13.2530120481928	-8.31325301204819
			13.2530120481928	-8.37349397590361
			13.3132530120482	-8.43373493975904
			13.3132530120482	-8.49397590361446
			13.3132530120482	-8.55421686746988
			13.3132530120482	-8.6144578313253
			13.3132530120482	-8.67469879518072
			13.3132530120482	-8.73493975903614
			13.3132530120482	-8.79518072289157
			13.3132530120482	-8.85542168674699
			13.3132530120482	-8.91566265060241
			13.3132530120482	-8.97590361445783
			13.3132530120482	-9.03614457831325
			13.3132530120482	-9.09638554216867
			13.3132530120482	-9.1566265060241
			13.3734939759036	-9.21686746987952
			13.3734939759036	-9.27710843373494
			13.3734939759036	-9.33734939759036
			13.3734939759036	-9.39759036144578
			13.3734939759036	-9.45783132530121
			13.3734939759036	-9.51807228915663
			13.3734939759036	-9.57831325301205
			13.3734939759036	-9.63855421686747
			13.3734939759036	-9.69879518072289
			13.3734939759036	-9.75903614457831
			13.3734939759036	-9.81927710843373
			13.3734939759036	-9.87951807228916
			13.3734939759036	-9.93975903614458
			13.3734939759036	-10
			13.3734939759036	-10.0602409638554
			13.3734939759036	-10.1204819277108
			13.433734939759	-10.1807228915663
			13.433734939759	-10.2409638554217
			13.433734939759	-10.3012048192771
			13.433734939759	-10.3614457831325
			13.433734939759	-10.421686746988
			13.433734939759	-10.4819277108434
			13.433734939759	-10.5421686746988
			13.433734939759	-10.6024096385542
			13.433734939759	-10.6626506024096
			13.433734939759	-10.7228915662651
		</glabella>
		<suture type=matrix rownames=FALSE colnames=FALSE nrow=228 ncol=2 as.numeric=TRUE >
			10.4819277108434	-2.65060240963855
			10.5421686746988	-2.65060240963855
			10.6024096385542	-2.65060240963855
			10.6626506024096	-2.65060240963855
			10.7228915662651	-2.65060240963855
			10.7831325301205	-2.65060240963855
			10.8433734939759	-2.65060240963855
			10.9036144578313	-2.65060240963855
			10.9638554216867	-2.65060240963855
			10.9638554216867	-2.59036144578313
			11.0240963855422	-2.59036144578313
			11.0843373493976	-2.59036144578313
			11.144578313253	-2.59036144578313
			11.2048192771084	-2.59036144578313
			11.2650602409639	-2.59036144578313
			11.3253012048193	-2.59036144578313
			11.3855421686747	-2.59036144578313
			11.4457831325301	-2.59036144578313
			11.5060240963855	-2.59036144578313
			11.566265060241	-2.59036144578313
			11.6265060240964	-2.59036144578313
			11.6867469879518	-2.59036144578313
			11.7469879518072	-2.59036144578313
			11.8072289156626	-2.59036144578313
			11.8674698795181	-2.59036144578313
			11.9277108433735	-2.59036144578313
			11.9879518072289	-2.59036144578313
			12.0481927710843	-2.59036144578313
			12.1084337349398	-2.59036144578313
			12.1686746987952	-2.53012048192771
			12.2289156626506	-2.53012048192771
			12.289156626506	-2.53012048192771
			12.3493975903614	-2.53012048192771
			12.4096385542169	-2.53012048192771
			12.4698795180723	-2.53012048192771
			12.5301204819277	-2.53012048192771
			12.5903614457831	-2.53012048192771
			12.6506024096386	-2.53012048192771
			12.710843373494	-2.53012048192771
			12.7710843373494	-2.53012048192771
			12.8313253012048	-2.53012048192771
			12.8915662650602	-2.53012048192771
			12.9518072289157	-2.59036144578313
			13.0120481927711	-2.59036144578313
			13.0722891566265	-2.65060240963855
			13.1325301204819	-2.65060240963855
			13.1927710843374	-2.71084337349398
			13.2530120481928	-2.7710843373494
			13.3132530120482	-2.83132530120482
			13.3734939759036	-2.89156626506024
			13.3734939759036	-2.95180722891566
			13.3734939759036	-3.01204819277108
			13.433734939759	-3.07228915662651
			13.433734939759	-3.13253012048193
			13.4939759036145	-3.19277108433735
			13.4939759036145	-3.25301204819277
			13.4939759036145	-3.31325301204819
			13.4939759036145	-3.37349397590361
			13.4939759036145	-3.43373493975904
			13.4939759036145	-3.49397590361446
			13.4939759036145	-3.55421686746988
			13.4939759036145	-3.6144578313253
			13.4939759036145	-3.67469879518072
			13.4939759036145	-3.73493975903614
			13.4939759036145	-3.79518072289157
			13.4939759036145	-3.85542168674699
			13.4939759036145	-3.91566265060241
			13.4939759036145	-3.97590361445783
			13.4939759036145	-4.03614457831325
			13.4939759036145	-4.09638554216868
			13.4939759036145	-4.1566265060241
			13.4939759036145	-4.21686746987952
			13.4939759036145	-4.27710843373494
			13.5542168674699	-4.33734939759036
			13.6144578313253	-4.33734939759036
			13.6746987951807	-4.39759036144578
			13.7349397590361	-4.39759036144578
			13.7349397590361	-4.45783132530121
			13.7951807228916	-4.45783132530121
			13.855421686747	-4.51807228915663
			13.9156626506024	-4.57831325301205
			13.9759036144578	-4.57831325301205
			13.9759036144578	-4.63855421686747
			14.0361445783133	-4.63855421686747
			14.0963855421687	-4.69879518072289
			14.0963855421687	-4.75903614457831
			14.1566265060241	-4.75903614457831
			14.2168674698795	-4.81927710843373
			14.2168674698795	-4.87951807228916
			14.2771084337349	-4.87951807228916
			14.2771084337349	-4.93975903614458
			14.3373493975904	-4.93975903614458
			14.3373493975904	-5
			14.3975903614458	-5.06024096385542
			14.3975903614458	-5.12048192771084
			14.4578313253012	-5.18072289156626
			14.4578313253012	-5.24096385542169
			14.5180722891566	-5.30120481927711
			14.5180722891566	-5.36144578313253
			14.5180722891566	-5.42168674698795
			14.5180722891566	-5.48192771084337
			14.5180722891566	-5.54216867469879
			14.578313253012	-5.60240963855422
			14.578313253012	-5.66265060240964
			14.578313253012	-5.72289156626506
			14.5180722891566	-5.78313253012048
			14.5180722891566	-5.8433734939759
			14.5180722891566	-5.90361445783132
			14.5180722891566	-5.96385542168675
			14.5180722891566	-6.02409638554217
			14.5180722891566	-6.08433734939759
			14.4578313253012	-6.08433734939759
			14.4578313253012	-6.14457831325301
			14.3975903614458	-6.20481927710843
			14.3975903614458	-6.26506024096386
			14.3975903614458	-6.32530120481928
			14.3373493975904	-6.32530120481928
			14.2771084337349	-6.3855421686747
			14.2771084337349	-6.44578313253012
			14.2168674698795	-6.44578313253012
			14.2168674698795	-6.50602409638554
			14.1566265060241	-6.56626506024096
			14.0963855421687	-6.56626506024096
			14.0361445783133	-6.62650602409639
			13.9759036144578	-6.62650602409639
			13.9156626506024	-6.68674698795181
			13.9759036144578	-6.74698795180723
			14.0361445783133	-6.80722891566265
			14.0963855421687	-6.80722891566265
			14.1566265060241	-6.86746987951807
			14.2168674698795	-6.86746987951807
			14.2771084337349	-6.86746987951807
			14.3373493975904	-6.86746987951807
			14.3975903614458	-6.92771084337349
			14.4578313253012	-6.92771084337349
			14.5180722891566	-6.92771084337349
			14.578313253012	-6.92771084337349
			14.6385542168675	-6.92771084337349
			14.6987951807229	-6.92771084337349
			14.7590361445783	-6.92771084337349
			14.8192771084337	-6.92771084337349
			14.8795180722892	-6.92771084337349
			14.9397590361446	-6.92771084337349
			15	-6.92771084337349
			15.0602409638554	-6.92771084337349
			15.1204819277108	-6.92771084337349
			15.1807228915663	-6.92771084337349
			15.2409638554217	-6.92771084337349
			15.3012048192771	-6.92771084337349
			15.3614457831325	-6.92771084337349
			15.421686746988	-6.92771084337349
			15.4819277108434	-6.92771084337349
			15.5421686746988	-6.92771084337349
			15.6024096385542	-6.92771084337349
			15.6626506024096	-6.92771084337349
			15.7228915662651	-6.92771084337349
			15.7831325301205	-6.92771084337349
			15.8433734939759	-6.92771084337349
			15.9036144578313	-6.92771084337349
			15.9638554216867	-6.98795180722892
			16.0240963855422	-6.98795180722892
			16.0843373493976	-6.98795180722892
			16.144578313253	-6.98795180722892
			16.2048192771084	-6.98795180722892
			16.2650602409639	-6.98795180722892
			16.3253012048193	-6.98795180722892
			16.3855421686747	-6.98795180722892
			16.4457831325301	-6.98795180722892
			16.5060240963855	-6.98795180722892
			16.566265060241	-7.04819277108434
			16.6265060240964	-7.04819277108434
			16.6867469879518	-7.04819277108434
			16.7469879518072	-7.04819277108434
			16.8072289156627	-7.04819277108434
			16.8674698795181	-7.10843373493976
			16.9277108433735	-7.10843373493976
			16.9879518072289	-7.10843373493976
			17.0481927710843	-7.10843373493976
			17.1084337349398	-7.10843373493976
			17.1686746987952	-7.16867469879518
			17.2289156626506	-7.16867469879518
			17.289156626506	-7.16867469879518
			17.3493975903614	-7.16867469879518
			17.3493975903614	-7.2289156626506
			17.4096385542169	-7.2289156626506
			17.4698795180723	-7.2289156626506
			17.5301204819277	-7.28915662650602
			17.5903614457831	-7.28915662650602
			17.6506024096386	-7.28915662650602
			17.710843373494	-7.34939759036145
			17.7710843373494	-7.34939759036145
			17.8313253012048	-7.40963855421687
			17.8915662650602	-7.40963855421687
			17.9518072289157	-7.46987951807229
			18.0120481927711	-7.53012048192771
			18.0722891566265	-7.53012048192771
			18.1325301204819	-7.59036144578313
			18.1927710843373	-7.65060240963855
			18.2530120481928	-7.71084337349398
			18.3132530120482	-7.71084337349398
			18.3734939759036	-7.7710843373494
			18.3734939759036	-7.83132530120482
			18.433734939759	-7.89156626506024
			18.4939759036145	-7.95180722891566
			18.4939759036145	-8.01204819277108
			18.5542168674699	-8.01204819277108
			18.5542168674699	-8.07228915662651
			18.6144578313253	-8.13253012048193
			18.6144578313253	-8.19277108433735
			18.6144578313253	-8.25301204819277
			18.6746987951807	-8.31325301204819
			18.6746987951807	-8.37349397590361
			18.6746987951807	-8.43373493975904
			18.6746987951807	-8.49397590361446
			18.6746987951807	-8.55421686746988
			18.6746987951807	-8.6144578313253
			18.6746987951807	-8.67469879518072
			18.6746987951807	-8.73493975903614
			18.6746987951807	-8.79518072289157
			18.6746987951807	-8.85542168674699
			18.6746987951807	-8.91566265060241
			18.6746987951807	-8.97590361445783
			18.6746987951807	-9.03614457831325
			18.6746987951807	-9.09638554216867
			18.6746987951807	-9.1566265060241
			18.6144578313253	-9.1566265060241
			18.6144578313253	-9.21686746987952
			18.6144578313253	-9.27710843373494
		</suture>
		<anterior type=matrix rownames=FALSE colnames=FALSE nrow=231 ncol=2 as.numeric=TRUE >
			10.4819277108434	-2.65060240963855
			10.5421686746988	-2.65060240963855
			10.6024096385542	-2.65060240963855
			10.6626506024096	-2.65060240963855
			10.7228915662651	-2.65060240963855
			10.7831325301205	-2.65060240963855
			10.8433734939759	-2.65060240963855
			10.9036144578313	-2.65060240963855
			10.9638554216867	-2.65060240963855
			11.0240963855422	-2.59036144578313
			11.0843373493976	-2.59036144578313
			11.144578313253	-2.59036144578313
			11.2048192771084	-2.59036144578313
			11.2650602409639	-2.59036144578313
			11.3253012048193	-2.59036144578313
			11.3855421686747	-2.59036144578313
			11.4457831325301	-2.59036144578313
			11.5060240963855	-2.59036144578313
			11.566265060241	-2.59036144578313
			11.6265060240964	-2.59036144578313
			11.6867469879518	-2.59036144578313
			11.7469879518072	-2.59036144578313
			11.8072289156626	-2.59036144578313
			11.8674698795181	-2.59036144578313
			11.9277108433735	-2.59036144578313
			11.9879518072289	-2.59036144578313
			12.0481927710843	-2.59036144578313
			12.1084337349398	-2.59036144578313
			12.1686746987952	-2.53012048192771
			12.2289156626506	-2.53012048192771
			12.289156626506	-2.53012048192771
			12.3493975903614	-2.53012048192771
			12.4096385542169	-2.53012048192771
			12.4698795180723	-2.53012048192771
			12.5301204819277	-2.53012048192771
			12.5903614457831	-2.53012048192771
			12.6506024096386	-2.53012048192771
			12.710843373494	-2.53012048192771
			12.7710843373494	-2.53012048192771
			12.8313253012048	-2.53012048192771
			12.8915662650602	-2.53012048192771
			12.9518072289157	-2.53012048192771
			13.0120481927711	-2.53012048192771
			13.0722891566265	-2.53012048192771
			13.1325301204819	-2.53012048192771
			13.1927710843374	-2.53012048192771
			13.2530120481928	-2.53012048192771
			13.3132530120482	-2.53012048192771
			13.3734939759036	-2.53012048192771
			13.433734939759	-2.53012048192771
			13.4939759036145	-2.53012048192771
			13.5542168674699	-2.53012048192771
			13.6144578313253	-2.53012048192771
			13.6746987951807	-2.53012048192771
			13.7349397590361	-2.53012048192771
			13.7951807228916	-2.53012048192771
			13.855421686747	-2.53012048192771
			13.9156626506024	-2.53012048192771
			13.9759036144578	-2.53012048192771
			14.0361445783133	-2.53012048192771
			14.0963855421687	-2.53012048192771
			14.1566265060241	-2.53012048192771
			14.2168674698795	-2.53012048192771
			14.2771084337349	-2.53012048192771
			14.3373493975904	-2.53012048192771
			14.3975903614458	-2.53012048192771
			14.4578313253012	-2.53012048192771
			14.5180722891566	-2.53012048192771
			14.578313253012	-2.59036144578313
			14.6385542168675	-2.59036144578313
			14.6987951807229	-2.59036144578313
			14.7590361445783	-2.59036144578313
			14.8192771084337	-2.59036144578313
			14.8795180722892	-2.59036144578313
			14.9397590361446	-2.59036144578313
			15	-2.59036144578313
			15.0602409638554	-2.59036144578313
			15.1204819277108	-2.59036144578313
			15.1807228915663	-2.65060240963855
			15.2409638554217	-2.65060240963855
			15.3012048192771	-2.65060240963855
			15.3614457831325	-2.65060240963855
			15.421686746988	-2.65060240963855
			15.4819277108434	-2.65060240963855
			15.5421686746988	-2.65060240963855
			15.6024096385542	-2.71084337349398
			15.6626506024096	-2.71084337349398
			15.7228915662651	-2.71084337349398
			15.7831325301205	-2.71084337349398
			15.8433734939759	-2.71084337349398
			15.9036144578313	-2.71084337349398
			15.9036144578313	-2.7710843373494
			15.9638554216867	-2.7710843373494
			16.0240963855422	-2.7710843373494
			16.0843373493976	-2.7710843373494
			16.144578313253	-2.7710843373494
			16.2048192771084	-2.83132530120482
			16.2650602409639	-2.83132530120482
			16.3253012048193	-2.83132530120482
			16.3855421686747	-2.83132530120482
			16.4457831325301	-2.89156626506024
			16.5060240963855	-2.89156626506024
			16.566265060241	-2.89156626506024
			16.6265060240964	-2.89156626506024
			16.6265060240964	-2.95180722891566
			16.6867469879518	-2.95180722891566
			16.7469879518072	-2.95180722891566
			16.8072289156627	-2.95180722891566
			16.8674698795181	-3.01204819277108
			16.9277108433735	-3.01204819277108
			16.9879518072289	-3.01204819277108
			17.0481927710843	-3.07228915662651
			17.1084337349398	-3.07228915662651
			17.1686746987952	-3.07228915662651
			17.2289156626506	-3.13253012048193
			17.289156626506	-3.13253012048193
			17.3493975903614	-3.13253012048193
			17.4096385542169	-3.19277108433735
			17.4698795180723	-3.19277108433735
			17.5301204819277	-3.25301204819277
			17.5903614457831	-3.25301204819277
			17.6506024096386	-3.31325301204819
			17.710843373494	-3.31325301204819
			17.7710843373494	-3.37349397590361
			17.8313253012048	-3.37349397590361
			17.8915662650602	-3.43373493975904
			17.9518072289157	-3.43373493975904
			18.0120481927711	-3.43373493975904
			18.0120481927711	-3.49397590361446
			18.0722891566265	-3.49397590361446
			18.1325301204819	-3.55421686746988
			18.1927710843373	-3.6144578313253
			18.2530120481928	-3.6144578313253
			18.3132530120482	-3.67469879518072
			18.3734939759036	-3.73493975903614
			18.433734939759	-3.73493975903614
			18.4939759036145	-3.79518072289157
			18.5542168674699	-3.85542168674699
			18.6144578313253	-3.91566265060241
			18.6746987951807	-3.97590361445783
			18.6746987951807	-4.03614457831325
			18.7349397590361	-4.09638554216868
			18.7951807228916	-4.09638554216868
			18.855421686747	-4.1566265060241
			18.9156626506024	-4.21686746987952
			18.9156626506024	-4.27710843373494
			18.9759036144578	-4.33734939759036
			19.0361445783133	-4.39759036144578
			19.0361445783133	-4.45783132530121
			19.0963855421687	-4.51807228915663
			19.0963855421687	-4.57831325301205
			19.1566265060241	-4.63855421686747
			19.1566265060241	-4.69879518072289
			19.2168674698795	-4.75903614457831
			19.2168674698795	-4.81927710843373
			19.2771084337349	-4.87951807228916
			19.2771084337349	-4.93975903614458
			19.2771084337349	-5
			19.3373493975904	-5.06024096385542
			19.3373493975904	-5.12048192771084
			19.3373493975904	-5.18072289156626
			19.3975903614458	-5.24096385542169
			19.3975903614458	-5.30120481927711
			19.3975903614458	-5.36144578313253
			19.4578313253012	-5.42168674698795
			19.4578313253012	-5.48192771084337
			19.4578313253012	-5.54216867469879
			19.4578313253012	-5.60240963855422
			19.4578313253012	-5.66265060240964
			19.5180722891566	-5.72289156626506
			19.5180722891566	-5.78313253012048
			19.5180722891566	-5.8433734939759
			19.5180722891566	-5.90361445783132
			19.5180722891566	-5.96385542168675
			19.5180722891566	-6.02409638554217
			19.578313253012	-6.08433734939759
			19.578313253012	-6.14457831325301
			19.578313253012	-6.20481927710843
			19.578313253012	-6.26506024096386
			19.578313253012	-6.32530120481928
			19.578313253012	-6.3855421686747
			19.578313253012	-6.44578313253012
			19.578313253012	-6.50602409638554
			19.578313253012	-6.56626506024096
			19.578313253012	-6.62650602409639
			19.578313253012	-6.68674698795181
			19.578313253012	-6.74698795180723
			19.578313253012	-6.80722891566265
			19.578313253012	-6.86746987951807
			19.578313253012	-6.92771084337349
			19.578313253012	-6.98795180722892
			19.578313253012	-7.04819277108434
			19.578313253012	-7.10843373493976
			19.578313253012	-7.16867469879518
			19.578313253012	-7.2289156626506
			19.578313253012	-7.28915662650602
			19.578313253012	-7.34939759036145
			19.578313253012	-7.40963855421687
			19.578313253012	-7.46987951807229
			19.578313253012	-7.53012048192771
			19.578313253012	-7.59036144578313
			19.578313253012	-7.65060240963855
			19.578313253012	-7.71084337349398
			19.578313253012	-7.7710843373494
			19.578313253012	-7.83132530120482
			19.578313253012	-7.89156626506024
			19.5180722891566	-7.89156626506024
			19.5180722891566	-7.95180722891566
			19.5180722891566	-8.01204819277108
			19.5180722891566	-8.07228915662651
			19.4578313253012	-8.13253012048193
			19.4578313253012	-8.19277108433735
			19.4578313253012	-8.25301204819277
			19.3975903614458	-8.31325301204819
			19.3975903614458	-8.37349397590361
			19.3373493975904	-8.43373493975904
			19.3373493975904	-8.49397590361446
			19.2771084337349	-8.55421686746988
			19.2771084337349	-8.6144578313253
			19.2168674698795	-8.67469879518072
			19.1566265060241	-8.73493975903614
			19.0963855421687	-8.79518072289157
			19.0963855421687	-8.85542168674699
			19.0361445783133	-8.91566265060241
			18.9759036144578	-8.97590361445783
			18.9156626506024	-9.03614457831325
			18.855421686747	-9.09638554216867
			18.7951807228916	-9.09638554216867
			18.7349397590361	-9.1566265060241
			18.6746987951807	-9.21686746987952
			18.6144578313253	-9.27710843373494
		</anterior>
		<posterior type=matrix rownames=FALSE colnames=FALSE nrow=142 ncol=2 as.numeric=TRUE >
			10.2409638554217	-10.6024096385542
			10.3012048192771	-10.6024096385542
			10.3012048192771	-10.6626506024096
			10.3614457831325	-10.6626506024096
			10.421686746988	-10.6626506024096
			10.4819277108434	-10.6626506024096
			10.5421686746988	-10.6626506024096
			10.6024096385542	-10.7228915662651
			10.6626506024096	-10.7228915662651
			10.7228915662651	-10.7228915662651
			10.7831325301205	-10.7228915662651
			10.8433734939759	-10.7228915662651
			10.9036144578313	-10.7228915662651
			10.9638554216867	-10.7228915662651
			11.0240963855422	-10.7831325301205
			11.0843373493976	-10.7831325301205
			11.144578313253	-10.7831325301205
			11.2048192771084	-10.7831325301205
			11.2650602409639	-10.7831325301205
			11.3253012048193	-10.7831325301205
			11.3855421686747	-10.7831325301205
			11.4457831325301	-10.7831325301205
			11.5060240963855	-10.7831325301205
			11.566265060241	-10.7831325301205
			11.6265060240964	-10.7831325301205
			11.6867469879518	-10.7831325301205
			11.7469879518072	-10.7831325301205
			11.8072289156626	-10.7831325301205
			11.8674698795181	-10.7831325301205
			11.9277108433735	-10.7831325301205
			11.9879518072289	-10.7831325301205
			12.0481927710843	-10.7831325301205
			12.1084337349398	-10.7831325301205
			12.1686746987952	-10.7831325301205
			12.2289156626506	-10.7831325301205
			12.289156626506	-10.7831325301205
			12.3493975903614	-10.7831325301205
			12.4096385542169	-10.7831325301205
			12.4698795180723	-10.7831325301205
			12.5301204819277	-10.7831325301205
			12.5903614457831	-10.7831325301205
			12.6506024096386	-10.7831325301205
			12.710843373494	-10.7831325301205
			12.7710843373494	-10.7831325301205
			12.8313253012048	-10.7831325301205
			12.8915662650602	-10.7831325301205
			12.9518072289157	-10.7831325301205
			13.0120481927711	-10.7831325301205
			13.0722891566265	-10.7831325301205
			13.1325301204819	-10.7831325301205
			13.1927710843374	-10.7831325301205
			13.2530120481928	-10.7228915662651
			13.3132530120482	-10.7228915662651
			13.3734939759036	-10.7228915662651
			13.433734939759	-10.7228915662651
			13.4939759036145	-10.7228915662651
			13.5542168674699	-10.7228915662651
			13.6144578313253	-10.7228915662651
			13.6746987951807	-10.7228915662651
			13.7349397590361	-10.7228915662651
			13.7951807228916	-10.7228915662651
			13.855421686747	-10.7228915662651
			13.9156626506024	-10.7228915662651
			13.9759036144578	-10.7228915662651
			14.0361445783133	-10.7228915662651
			14.0963855421687	-10.6626506024096
			14.1566265060241	-10.6626506024096
			14.2168674698795	-10.6626506024096
			14.2771084337349	-10.6626506024096
			14.3373493975904	-10.6626506024096
			14.3975903614458	-10.6626506024096
			14.4578313253012	-10.6626506024096
			14.5180722891566	-10.6626506024096
			14.578313253012	-10.6024096385542
			14.6385542168675	-10.6024096385542
			14.6987951807229	-10.6024096385542
			14.7590361445783	-10.6024096385542
			14.8192771084337	-10.6024096385542
			14.8795180722892	-10.6024096385542
			14.9397590361446	-10.5421686746988
			15	-10.5421686746988
			15.0602409638554	-10.5421686746988
			15.1204819277108	-10.5421686746988
			15.1807228915663	-10.5421686746988
			15.2409638554217	-10.5421686746988
			15.3012048192771	-10.4819277108434
			15.3614457831325	-10.4819277108434
			15.421686746988	-10.4819277108434
			15.4819277108434	-10.4819277108434
			15.5421686746988	-10.4819277108434
			15.6024096385542	-10.4819277108434
			15.6626506024096	-10.421686746988
			15.7228915662651	-10.421686746988
			15.7831325301205	-10.421686746988
			15.8433734939759	-10.421686746988
			15.9036144578313	-10.3614457831325
			15.9638554216867	-10.3614457831325
			16.0240963855422	-10.3614457831325
			16.0843373493976	-10.3614457831325
			16.144578313253	-10.3012048192771
			16.2048192771084	-10.3012048192771
			16.2650602409639	-10.3012048192771
			16.3253012048193	-10.3012048192771
			16.3855421686747	-10.2409638554217
			16.4457831325301	-10.2409638554217
			16.5060240963855	-10.2409638554217
			16.566265060241	-10.2409638554217
			16.6265060240964	-10.1807228915663
			16.6867469879518	-10.1807228915663
			16.7469879518072	-10.1807228915663
			16.8072289156627	-10.1204819277108
			16.8674698795181	-10.1204819277108
			16.9277108433735	-10.1204819277108
			16.9879518072289	-10.1204819277108
			16.9879518072289	-10.0602409638554
			17.0481927710843	-10.0602409638554
			17.1084337349398	-10.0602409638554
			17.1686746987952	-10
			17.2289156626506	-10
			17.289156626506	-10
			17.3493975903614	-9.93975903614458
			17.4096385542169	-9.93975903614458
			17.4698795180723	-9.87951807228916
			17.5301204819277	-9.87951807228916
			17.5903614457831	-9.81927710843373
			17.6506024096386	-9.81927710843373
			17.710843373494	-9.81927710843373
			17.7710843373494	-9.75903614457831
			17.8313253012048	-9.75903614457831
			17.8915662650602	-9.69879518072289
			17.9518072289157	-9.69879518072289
			18.0120481927711	-9.63855421686747
			18.0722891566265	-9.57831325301205
			18.1325301204819	-9.57831325301205
			18.1927710843373	-9.51807228915663
			18.2530120481928	-9.51807228915663
			18.3132530120482	-9.45783132530121
			18.3734939759036	-9.39759036144578
			18.433734939759	-9.39759036144578
			18.4939759036145	-9.33734939759036
			18.5542168674699	-9.33734939759036
			18.6144578313253	-9.27710843373494
		</posterior>
	</curves.scaled>
	<ruler.points type=matrix rownames=TRUE colnames=FALSE nrow=2 ncol=2 as.numeric=TRUE >
		Ruler point 1	23	468
		Ruler point 2	106	468
	</ruler.points>
</shapes>

