<shapes type=list>
	<ruler.pixel type=vector names=FALSE length=1 as.numeric=TRUE >74</ruler.pixel>
	<ruler.interval type=vector names=FALSE length=1 as.numeric=TRUE >5</ruler.interval>
	<scaling.units type=vector names=FALSE length=1 as.numeric=FALSE >mm</scaling.units>
	<scaling type=vector names=FALSE length=1 as.numeric=TRUE >0.0675675675675676</scaling>
	<landmarks.pixel type=matrix rownames=TRUE colnames=FALSE nrow=16 ncol=2 as.numeric=TRUE >
		LM1	196	47
		LM2	195	65
		LM3	184	176
		LM4	182	195
		LM5	238	134
		LM6	235	179
		LM7	234	187
		LM8	250	74
		LM9	257	94
		LM10	196	47
		LM11	330	156
		LM12	333	180
		LM13	196	47
		LM14	261	80
		LM15	334	180
		LM16	334	180
	</landmarks.pixel>
	<landmarks.scaled type=matrix rownames=TRUE colnames=FALSE nrow=16 ncol=2 as.numeric=TRUE >
		LM1	13.2432432432432	-3.17567567567568
		LM2	13.1756756756757	-4.39189189189189
		LM3	12.4324324324324	-11.8918918918919
		LM4	12.2972972972973	-13.1756756756757
		LM5	16.0810810810811	-9.05405405405405
		LM6	15.8783783783784	-12.0945945945946
		LM7	15.8108108108108	-12.6351351351351
		LM8	16.8918918918919	-5
		LM9	17.3648648648649	-6.35135135135135
		LM10	13.2432432432432	-3.17567567567568
		LM11	22.2972972972973	-10.5405405405405
		LM12	22.5	-12.1621621621622
		LM13	13.2432432432432	-3.17567567567568
		LM14	17.6351351351351	-5.40540540540541
		LM15	22.5675675675676	-12.1621621621622
		LM16	22.5675675675676	-12.1621621621622
	</landmarks.scaled>
	<curves.control type=list>
		<glabella type=matrix rownames=FALSE colnames=FALSE nrow=3 ncol=2 as.numeric=TRUE >
			195	65
			254	67
			234	187
		</glabella>
		<suture type=matrix rownames=FALSE colnames=FALSE nrow=11 ncol=2 as.numeric=TRUE >
			196	47
			215	50
			242	54
			244	64
			250	74
			268	79
			257	94
			260	102
			290	120
			341	157
			333	180
		</suture>
		<anterior type=matrix rownames=FALSE colnames=FALSE nrow=5 ncol=2 as.numeric=TRUE >
			196	47
			214	49
			245	54
			373	73
			334	180
		</anterior>
		<posterior type=matrix rownames=FALSE colnames=FALSE nrow=5 ncol=2 as.numeric=TRUE >
			182	195
			202	199
			235	187
			314	206
			334	180
		</posterior>
	</curves.control>
	<curves.pixel type=list>
		<glabella type=matrix rownames=FALSE colnames=FALSE nrow=140 ncol=2 as.numeric=TRUE >
			195	65
			196	65
			197	65
			198	65
			199	65
			200	65
			201	66
			202	66
			203	66
			204	66
			205	66
			206	67
			207	67
			208	67
			209	68
			210	68
			211	68
			212	69
			213	69
			214	70
			215	70
			216	71
			217	72
			218	72
			219	73
			220	74
			221	75
			222	75
			223	76
			224	77
			224	78
			225	79
			226	80
			227	81
			228	82
			228	83
			229	84
			229	85
			230	86
			230	87
			231	88
			231	89
			232	90
			232	91
			233	92
			233	93
			233	94
			234	95
			234	96
			234	97
			235	98
			235	99
			235	100
			236	101
			236	102
			236	103
			236	104
			236	105
			237	106
			237	107
			237	108
			237	109
			237	110
			238	111
			238	112
			238	113
			238	114
			238	115
			238	116
			238	117
			238	118
			238	119
			239	120
			239	121
			239	122
			239	123
			239	124
			239	125
			239	126
			239	127
			239	128
			239	129
			239	130
			239	131
			239	132
			239	133
			239	134
			239	135
			239	136
			239	137
			239	138
			239	139
			239	140
			239	141
			239	142
			239	143
			239	144
			239	145
			239	146
			239	147
			239	148
			239	149
			238	150
			238	151
			238	152
			238	153
			238	154
			238	155
			238	156
			238	157
			238	158
			238	159
			238	160
			238	161
			237	162
			237	163
			237	164
			237	165
			237	166
			237	167
			237	168
			237	169
			237	170
			236	171
			236	172
			236	173
			236	174
			236	175
			236	176
			236	177
			235	178
			235	179
			235	180
			235	181
			235	182
			235	183
			234	184
			234	185
			234	186
			234	187
		</glabella>
		<suture type=matrix rownames=FALSE colnames=FALSE nrow=193 ncol=2 as.numeric=TRUE >
			196	47
			197	47
			198	47
			199	47
			200	48
			201	48
			202	48
			203	48
			204	48
			205	48
			206	49
			207	49
			208	49
			209	49
			210	49
			211	49
			212	50
			213	50
			214	50
			215	50
			216	50
			217	50
			218	50
			219	51
			220	51
			221	51
			222	51
			223	51
			224	51
			225	51
			226	52
			227	52
			228	52
			229	52
			230	52
			231	52
			232	53
			233	53
			234	53
			235	53
			236	53
			237	53
			238	53
			239	54
			240	54
			241	54
			242	54
			242	55
			242	56
			243	57
			243	58
			243	59
			244	60
			244	61
			244	62
			245	63
			245	64
			245	65
			246	66
			246	67
			247	68
			247	69
			248	70
			248	71
			249	72
			250	73
			251	74
			252	75
			253	75
			254	75
			255	76
			256	76
			257	77
			258	78
			259	79
			260	80
			261	81
			261	82
			261	83
			261	84
			261	85
			261	86
			261	87
			260	88
			260	89
			260	90
			259	91
			258	92
			258	93
			257	94
			257	95
			258	95
			258	96
			259	97
			260	98
			261	99
			262	100
			263	101
			264	102
			265	103
			266	104
			267	105
			268	105
			269	106
			270	107
			271	108
			272	108
			273	109
			274	110
			275	111
			276	111
			277	112
			278	112
			279	113
			280	114
			281	115
			282	115
			283	116
			284	116
			285	117
			286	118
			287	118
			288	119
			289	119
			290	120
			291	120
			292	121
			293	122
			294	123
			295	124
			296	124
			297	125
			297	126
			298	126
			299	127
			300	127
			300	128
			301	128
			302	129
			303	130
			304	131
			305	132
			306	133
			307	133
			308	134
			309	135
			310	136
			311	137
			312	138
			313	138
			314	139
			314	140
			315	141
			316	142
			317	142
			318	143
			318	144
			319	145
			320	146
			321	147
			322	148
			323	149
			323	150
			324	151
			325	152
			326	153
			327	154
			327	155
			328	156
			329	157
			329	158
			330	159
			330	160
			331	161
			331	162
			332	163
			332	164
			333	165
			333	166
			333	167
			333	168
			334	169
			334	170
			334	171
			334	172
			334	173
			334	174
			334	175
			334	176
			334	177
			333	178
			333	179
			333	180
		</suture>
		<anterior type=matrix rownames=FALSE colnames=FALSE nrow=226 ncol=2 as.numeric=TRUE >
			196	47
			197	47
			198	47
			199	47
			200	48
			201	48
			202	48
			203	48
			204	48
			205	48
			206	48
			207	48
			208	49
			209	49
			210	49
			211	49
			212	49
			213	49
			214	49
			215	49
			216	50
			217	50
			218	50
			219	50
			220	50
			221	50
			222	50
			222	51
			223	51
			224	51
			225	51
			226	51
			227	51
			228	51
			229	51
			230	52
			231	52
			232	52
			233	52
			234	52
			235	52
			236	53
			237	53
			238	53
			239	53
			240	53
			241	53
			242	54
			243	54
			244	54
			245	54
			246	54
			247	54
			248	54
			249	55
			250	55
			251	55
			252	55
			253	55
			254	55
			255	56
			256	56
			257	56
			258	56
			259	56
			260	57
			261	57
			262	57
			263	57
			264	57
			265	58
			266	58
			267	58
			268	59
			269	59
			270	59
			271	59
			272	60
			273	60
			274	60
			275	60
			276	61
			277	61
			278	61
			279	61
			280	62
			281	62
			282	63
			283	63
			284	63
			285	64
			286	64
			287	64
			288	65
			289	65
			290	65
			291	66
			292	66
			293	67
			294	67
			295	67
			296	68
			297	68
			298	69
			299	69
			300	70
			301	70
			302	71
			303	71
			304	72
			305	72
			306	73
			307	74
			308	74
			309	75
			310	75
			311	76
			312	76
			313	77
			314	78
			315	79
			316	80
			317	80
			318	81
			319	82
			320	83
			321	83
			322	84
			323	85
			323	86
			324	87
			325	88
			326	88
			327	89
			327	90
			328	91
			329	92
			330	93
			330	94
			331	95
			332	96
			333	97
			333	98
			334	99
			335	100
			335	101
			335	102
			336	103
			336	104
			337	104
			337	105
			338	106
			338	107
			338	108
			339	109
			339	110
			339	111
			340	112
			340	113
			340	114
			341	115
			341	116
			341	117
			341	118
			342	119
			342	120
			342	121
			342	122
			342	123
			342	124
			342	125
			343	126
			343	127
			343	128
			343	129
			343	130
			343	131
			343	132
			343	133
			343	134
			343	135
			343	136
			343	137
			343	138
			343	139
			343	140
			343	141
			343	142
			343	143
			343	144
			343	145
			342	146
			342	147
			342	148
			342	149
			342	150
			342	151
			342	152
			341	153
			341	154
			341	155
			341	156
			341	157
			340	158
			340	159
			340	160
			340	161
			340	162
			339	163
			339	164
			339	165
			338	166
			338	167
			338	168
			338	169
			337	170
			337	171
			337	172
			336	173
			336	174
			336	175
			335	176
			335	177
			335	178
			334	179
			334	180
		</anterior>
		<posterior type=matrix rownames=FALSE colnames=FALSE nrow=157 ncol=2 as.numeric=TRUE >
			182	195
			183	195
			184	195
			185	195
			186	196
			187	196
			188	196
			189	196
			190	196
			191	196
			192	196
			193	196
			194	196
			195	196
			196	196
			197	196
			198	196
			199	196
			200	196
			201	196
			202	195
			203	195
			204	195
			205	195
			206	195
			207	195
			208	195
			209	194
			210	194
			211	194
			212	194
			213	194
			214	193
			215	193
			216	193
			217	193
			218	192
			219	192
			220	192
			221	191
			222	191
			223	191
			224	191
			225	190
			226	190
			227	190
			228	190
			228	189
			229	189
			230	189
			231	188
			232	188
			233	188
			234	188
			234	187
			235	187
			236	187
			237	188
			238	188
			239	188
			240	188
			241	188
			242	189
			243	189
			244	189
			245	189
			246	190
			247	190
			248	190
			249	190
			250	190
			251	191
			252	191
			253	191
			254	191
			255	191
			256	191
			257	192
			258	192
			259	192
			260	192
			261	192
			262	192
			263	193
			264	193
			265	193
			266	193
			267	193
			268	193
			269	193
			269	194
			270	194
			271	194
			272	194
			273	194
			274	194
			275	194
			276	194
			277	194
			278	194
			279	195
			280	195
			281	195
			282	195
			283	195
			284	195
			285	195
			286	195
			287	195
			288	195
			289	195
			290	195
			291	195
			292	195
			293	195
			294	195
			295	195
			296	195
			297	195
			298	195
			299	195
			300	195
			301	195
			302	194
			303	194
			304	194
			305	194
			306	194
			307	194
			308	194
			309	194
			310	193
			311	193
			312	193
			313	193
			314	192
			315	192
			316	192
			317	191
			318	191
			319	191
			320	190
			321	190
			322	189
			323	189
			324	188
			325	188
			326	187
			327	187
			328	186
			329	185
			330	184
			331	183
			332	183
			333	182
			333	181
			334	180
		</posterior>
	</curves.pixel>
	<curves.scaled type=list>
		<glabella type=matrix rownames=FALSE colnames=FALSE nrow=140 ncol=2 as.numeric=TRUE >
			13.1756756756757	-4.39189189189189
			13.2432432432432	-4.39189189189189
			13.3108108108108	-4.39189189189189
			13.3783783783784	-4.39189189189189
			13.4459459459459	-4.39189189189189
			13.5135135135135	-4.39189189189189
			13.5810810810811	-4.45945945945946
			13.6486486486486	-4.45945945945946
			13.7162162162162	-4.45945945945946
			13.7837837837838	-4.45945945945946
			13.8513513513514	-4.45945945945946
			13.9189189189189	-4.52702702702703
			13.9864864864865	-4.52702702702703
			14.0540540540541	-4.52702702702703
			14.1216216216216	-4.59459459459459
			14.1891891891892	-4.59459459459459
			14.2567567567568	-4.59459459459459
			14.3243243243243	-4.66216216216216
			14.3918918918919	-4.66216216216216
			14.4594594594595	-4.72972972972973
			14.527027027027	-4.72972972972973
			14.5945945945946	-4.7972972972973
			14.6621621621622	-4.86486486486486
			14.7297297297297	-4.86486486486486
			14.7972972972973	-4.93243243243243
			14.8648648648649	-5
			14.9324324324324	-5.06756756756757
			15	-5.06756756756757
			15.0675675675676	-5.13513513513514
			15.1351351351351	-5.2027027027027
			15.1351351351351	-5.27027027027027
			15.2027027027027	-5.33783783783784
			15.2702702702703	-5.40540540540541
			15.3378378378378	-5.47297297297297
			15.4054054054054	-5.54054054054054
			15.4054054054054	-5.60810810810811
			15.472972972973	-5.67567567567568
			15.472972972973	-5.74324324324324
			15.5405405405405	-5.81081081081081
			15.5405405405405	-5.87837837837838
			15.6081081081081	-5.94594594594595
			15.6081081081081	-6.01351351351351
			15.6756756756757	-6.08108108108108
			15.6756756756757	-6.14864864864865
			15.7432432432432	-6.21621621621622
			15.7432432432432	-6.28378378378378
			15.7432432432432	-6.35135135135135
			15.8108108108108	-6.41891891891892
			15.8108108108108	-6.48648648648649
			15.8108108108108	-6.55405405405405
			15.8783783783784	-6.62162162162162
			15.8783783783784	-6.68918918918919
			15.8783783783784	-6.75675675675676
			15.9459459459459	-6.82432432432432
			15.9459459459459	-6.89189189189189
			15.9459459459459	-6.95945945945946
			15.9459459459459	-7.02702702702703
			15.9459459459459	-7.09459459459459
			16.0135135135135	-7.16216216216216
			16.0135135135135	-7.22972972972973
			16.0135135135135	-7.2972972972973
			16.0135135135135	-7.36486486486486
			16.0135135135135	-7.43243243243243
			16.0810810810811	-7.5
			16.0810810810811	-7.56756756756757
			16.0810810810811	-7.63513513513514
			16.0810810810811	-7.7027027027027
			16.0810810810811	-7.77027027027027
			16.0810810810811	-7.83783783783784
			16.0810810810811	-7.90540540540541
			16.0810810810811	-7.97297297297297
			16.0810810810811	-8.04054054054054
			16.1486486486486	-8.10810810810811
			16.1486486486486	-8.17567567567568
			16.1486486486486	-8.24324324324324
			16.1486486486486	-8.31081081081081
			16.1486486486486	-8.37837837837838
			16.1486486486486	-8.44594594594595
			16.1486486486486	-8.51351351351351
			16.1486486486486	-8.58108108108108
			16.1486486486486	-8.64864864864865
			16.1486486486486	-8.71621621621622
			16.1486486486486	-8.78378378378378
			16.1486486486486	-8.85135135135135
			16.1486486486486	-8.91891891891892
			16.1486486486486	-8.98648648648649
			16.1486486486486	-9.05405405405405
			16.1486486486486	-9.12162162162162
			16.1486486486486	-9.18918918918919
			16.1486486486486	-9.25675675675676
			16.1486486486486	-9.32432432432432
			16.1486486486486	-9.39189189189189
			16.1486486486486	-9.45945945945946
			16.1486486486486	-9.52702702702703
			16.1486486486486	-9.59459459459459
			16.1486486486486	-9.66216216216216
			16.1486486486486	-9.72972972972973
			16.1486486486486	-9.7972972972973
			16.1486486486486	-9.86486486486486
			16.1486486486486	-9.93243243243243
			16.1486486486486	-10
			16.1486486486486	-10.0675675675676
			16.0810810810811	-10.1351351351351
			16.0810810810811	-10.2027027027027
			16.0810810810811	-10.2702702702703
			16.0810810810811	-10.3378378378378
			16.0810810810811	-10.4054054054054
			16.0810810810811	-10.472972972973
			16.0810810810811	-10.5405405405405
			16.0810810810811	-10.6081081081081
			16.0810810810811	-10.6756756756757
			16.0810810810811	-10.7432432432432
			16.0810810810811	-10.8108108108108
			16.0810810810811	-10.8783783783784
			16.0135135135135	-10.9459459459459
			16.0135135135135	-11.0135135135135
			16.0135135135135	-11.0810810810811
			16.0135135135135	-11.1486486486486
			16.0135135135135	-11.2162162162162
			16.0135135135135	-11.2837837837838
			16.0135135135135	-11.3513513513514
			16.0135135135135	-11.4189189189189
			16.0135135135135	-11.4864864864865
			15.9459459459459	-11.5540540540541
			15.9459459459459	-11.6216216216216
			15.9459459459459	-11.6891891891892
			15.9459459459459	-11.7567567567568
			15.9459459459459	-11.8243243243243
			15.9459459459459	-11.8918918918919
			15.9459459459459	-11.9594594594595
			15.8783783783784	-12.027027027027
			15.8783783783784	-12.0945945945946
			15.8783783783784	-12.1621621621622
			15.8783783783784	-12.2297297297297
			15.8783783783784	-12.2972972972973
			15.8783783783784	-12.3648648648649
			15.8108108108108	-12.4324324324324
			15.8108108108108	-12.5
			15.8108108108108	-12.5675675675676
			15.8108108108108	-12.6351351351351
		</glabella>
		<suture type=matrix rownames=FALSE colnames=FALSE nrow=193 ncol=2 as.numeric=TRUE >
			13.2432432432432	-3.17567567567568
			13.3108108108108	-3.17567567567568
			13.3783783783784	-3.17567567567568
			13.4459459459459	-3.17567567567568
			13.5135135135135	-3.24324324324324
			13.5810810810811	-3.24324324324324
			13.6486486486486	-3.24324324324324
			13.7162162162162	-3.24324324324324
			13.7837837837838	-3.24324324324324
			13.8513513513514	-3.24324324324324
			13.9189189189189	-3.31081081081081
			13.9864864864865	-3.31081081081081
			14.0540540540541	-3.31081081081081
			14.1216216216216	-3.31081081081081
			14.1891891891892	-3.31081081081081
			14.2567567567568	-3.31081081081081
			14.3243243243243	-3.37837837837838
			14.3918918918919	-3.37837837837838
			14.4594594594595	-3.37837837837838
			14.527027027027	-3.37837837837838
			14.5945945945946	-3.37837837837838
			14.6621621621622	-3.37837837837838
			14.7297297297297	-3.37837837837838
			14.7972972972973	-3.44594594594595
			14.8648648648649	-3.44594594594595
			14.9324324324324	-3.44594594594595
			15	-3.44594594594595
			15.0675675675676	-3.44594594594595
			15.1351351351351	-3.44594594594595
			15.2027027027027	-3.44594594594595
			15.2702702702703	-3.51351351351351
			15.3378378378378	-3.51351351351351
			15.4054054054054	-3.51351351351351
			15.472972972973	-3.51351351351351
			15.5405405405405	-3.51351351351351
			15.6081081081081	-3.51351351351351
			15.6756756756757	-3.58108108108108
			15.7432432432432	-3.58108108108108
			15.8108108108108	-3.58108108108108
			15.8783783783784	-3.58108108108108
			15.9459459459459	-3.58108108108108
			16.0135135135135	-3.58108108108108
			16.0810810810811	-3.58108108108108
			16.1486486486486	-3.64864864864865
			16.2162162162162	-3.64864864864865
			16.2837837837838	-3.64864864864865
			16.3513513513514	-3.64864864864865
			16.3513513513514	-3.71621621621622
			16.3513513513514	-3.78378378378378
			16.4189189189189	-3.85135135135135
			16.4189189189189	-3.91891891891892
			16.4189189189189	-3.98648648648649
			16.4864864864865	-4.05405405405405
			16.4864864864865	-4.12162162162162
			16.4864864864865	-4.18918918918919
			16.5540540540541	-4.25675675675676
			16.5540540540541	-4.32432432432432
			16.5540540540541	-4.39189189189189
			16.6216216216216	-4.45945945945946
			16.6216216216216	-4.52702702702703
			16.6891891891892	-4.59459459459459
			16.6891891891892	-4.66216216216216
			16.7567567567568	-4.72972972972973
			16.7567567567568	-4.7972972972973
			16.8243243243243	-4.86486486486486
			16.8918918918919	-4.93243243243243
			16.9594594594595	-5
			17.027027027027	-5.06756756756757
			17.0945945945946	-5.06756756756757
			17.1621621621622	-5.06756756756757
			17.2297297297297	-5.13513513513514
			17.2972972972973	-5.13513513513514
			17.3648648648649	-5.2027027027027
			17.4324324324324	-5.27027027027027
			17.5	-5.33783783783784
			17.5675675675676	-5.40540540540541
			17.6351351351351	-5.47297297297297
			17.6351351351351	-5.54054054054054
			17.6351351351351	-5.60810810810811
			17.6351351351351	-5.67567567567568
			17.6351351351351	-5.74324324324324
			17.6351351351351	-5.81081081081081
			17.6351351351351	-5.87837837837838
			17.5675675675676	-5.94594594594595
			17.5675675675676	-6.01351351351351
			17.5675675675676	-6.08108108108108
			17.5	-6.14864864864865
			17.4324324324324	-6.21621621621622
			17.4324324324324	-6.28378378378378
			17.3648648648649	-6.35135135135135
			17.3648648648649	-6.41891891891892
			17.4324324324324	-6.41891891891892
			17.4324324324324	-6.48648648648649
			17.5	-6.55405405405405
			17.5675675675676	-6.62162162162162
			17.6351351351351	-6.68918918918919
			17.7027027027027	-6.75675675675676
			17.7702702702703	-6.82432432432432
			17.8378378378378	-6.89189189189189
			17.9054054054054	-6.95945945945946
			17.972972972973	-7.02702702702703
			18.0405405405405	-7.09459459459459
			18.1081081081081	-7.09459459459459
			18.1756756756757	-7.16216216216216
			18.2432432432432	-7.22972972972973
			18.3108108108108	-7.2972972972973
			18.3783783783784	-7.2972972972973
			18.4459459459459	-7.36486486486486
			18.5135135135135	-7.43243243243243
			18.5810810810811	-7.5
			18.6486486486486	-7.5
			18.7162162162162	-7.56756756756757
			18.7837837837838	-7.56756756756757
			18.8513513513514	-7.63513513513514
			18.9189189189189	-7.7027027027027
			18.9864864864865	-7.77027027027027
			19.0540540540541	-7.77027027027027
			19.1216216216216	-7.83783783783784
			19.1891891891892	-7.83783783783784
			19.2567567567568	-7.90540540540541
			19.3243243243243	-7.97297297297297
			19.3918918918919	-7.97297297297297
			19.4594594594595	-8.04054054054054
			19.527027027027	-8.04054054054054
			19.5945945945946	-8.10810810810811
			19.6621621621622	-8.10810810810811
			19.7297297297297	-8.17567567567568
			19.7972972972973	-8.24324324324324
			19.8648648648649	-8.31081081081081
			19.9324324324324	-8.37837837837838
			20	-8.37837837837838
			20.0675675675676	-8.44594594594595
			20.0675675675676	-8.51351351351351
			20.1351351351351	-8.51351351351351
			20.2027027027027	-8.58108108108108
			20.2702702702703	-8.58108108108108
			20.2702702702703	-8.64864864864865
			20.3378378378378	-8.64864864864865
			20.4054054054054	-8.71621621621622
			20.472972972973	-8.78378378378378
			20.5405405405405	-8.85135135135135
			20.6081081081081	-8.91891891891892
			20.6756756756757	-8.98648648648649
			20.7432432432432	-8.98648648648649
			20.8108108108108	-9.05405405405405
			20.8783783783784	-9.12162162162162
			20.9459459459459	-9.18918918918919
			21.0135135135135	-9.25675675675676
			21.0810810810811	-9.32432432432432
			21.1486486486486	-9.32432432432432
			21.2162162162162	-9.39189189189189
			21.2162162162162	-9.45945945945946
			21.2837837837838	-9.52702702702703
			21.3513513513514	-9.59459459459459
			21.4189189189189	-9.59459459459459
			21.4864864864865	-9.66216216216216
			21.4864864864865	-9.72972972972973
			21.5540540540541	-9.7972972972973
			21.6216216216216	-9.86486486486486
			21.6891891891892	-9.93243243243243
			21.7567567567568	-10
			21.8243243243243	-10.0675675675676
			21.8243243243243	-10.1351351351351
			21.8918918918919	-10.2027027027027
			21.9594594594595	-10.2702702702703
			22.027027027027	-10.3378378378378
			22.0945945945946	-10.4054054054054
			22.0945945945946	-10.472972972973
			22.1621621621622	-10.5405405405405
			22.2297297297297	-10.6081081081081
			22.2297297297297	-10.6756756756757
			22.2972972972973	-10.7432432432432
			22.2972972972973	-10.8108108108108
			22.3648648648649	-10.8783783783784
			22.3648648648649	-10.9459459459459
			22.4324324324324	-11.0135135135135
			22.4324324324324	-11.0810810810811
			22.5	-11.1486486486486
			22.5	-11.2162162162162
			22.5	-11.2837837837838
			22.5	-11.3513513513514
			22.5675675675676	-11.4189189189189
			22.5675675675676	-11.4864864864865
			22.5675675675676	-11.5540540540541
			22.5675675675676	-11.6216216216216
			22.5675675675676	-11.6891891891892
			22.5675675675676	-11.7567567567568
			22.5675675675676	-11.8243243243243
			22.5675675675676	-11.8918918918919
			22.5675675675676	-11.9594594594595
			22.5	-12.027027027027
			22.5	-12.0945945945946
			22.5	-12.1621621621622
		</suture>
		<anterior type=matrix rownames=FALSE colnames=FALSE nrow=226 ncol=2 as.numeric=TRUE >
			13.2432432432432	-3.17567567567568
			13.3108108108108	-3.17567567567568
			13.3783783783784	-3.17567567567568
			13.4459459459459	-3.17567567567568
			13.5135135135135	-3.24324324324324
			13.5810810810811	-3.24324324324324
			13.6486486486486	-3.24324324324324
			13.7162162162162	-3.24324324324324
			13.7837837837838	-3.24324324324324
			13.8513513513514	-3.24324324324324
			13.9189189189189	-3.24324324324324
			13.9864864864865	-3.24324324324324
			14.0540540540541	-3.31081081081081
			14.1216216216216	-3.31081081081081
			14.1891891891892	-3.31081081081081
			14.2567567567568	-3.31081081081081
			14.3243243243243	-3.31081081081081
			14.3918918918919	-3.31081081081081
			14.4594594594595	-3.31081081081081
			14.527027027027	-3.31081081081081
			14.5945945945946	-3.37837837837838
			14.6621621621622	-3.37837837837838
			14.7297297297297	-3.37837837837838
			14.7972972972973	-3.37837837837838
			14.8648648648649	-3.37837837837838
			14.9324324324324	-3.37837837837838
			15	-3.37837837837838
			15	-3.44594594594595
			15.0675675675676	-3.44594594594595
			15.1351351351351	-3.44594594594595
			15.2027027027027	-3.44594594594595
			15.2702702702703	-3.44594594594595
			15.3378378378378	-3.44594594594595
			15.4054054054054	-3.44594594594595
			15.472972972973	-3.44594594594595
			15.5405405405405	-3.51351351351351
			15.6081081081081	-3.51351351351351
			15.6756756756757	-3.51351351351351
			15.7432432432432	-3.51351351351351
			15.8108108108108	-3.51351351351351
			15.8783783783784	-3.51351351351351
			15.9459459459459	-3.58108108108108
			16.0135135135135	-3.58108108108108
			16.0810810810811	-3.58108108108108
			16.1486486486486	-3.58108108108108
			16.2162162162162	-3.58108108108108
			16.2837837837838	-3.58108108108108
			16.3513513513514	-3.64864864864865
			16.4189189189189	-3.64864864864865
			16.4864864864865	-3.64864864864865
			16.5540540540541	-3.64864864864865
			16.6216216216216	-3.64864864864865
			16.6891891891892	-3.64864864864865
			16.7567567567568	-3.64864864864865
			16.8243243243243	-3.71621621621622
			16.8918918918919	-3.71621621621622
			16.9594594594595	-3.71621621621622
			17.027027027027	-3.71621621621622
			17.0945945945946	-3.71621621621622
			17.1621621621622	-3.71621621621622
			17.2297297297297	-3.78378378378378
			17.2972972972973	-3.78378378378378
			17.3648648648649	-3.78378378378378
			17.4324324324324	-3.78378378378378
			17.5	-3.78378378378378
			17.5675675675676	-3.85135135135135
			17.6351351351351	-3.85135135135135
			17.7027027027027	-3.85135135135135
			17.7702702702703	-3.85135135135135
			17.8378378378378	-3.85135135135135
			17.9054054054054	-3.91891891891892
			17.972972972973	-3.91891891891892
			18.0405405405405	-3.91891891891892
			18.1081081081081	-3.98648648648649
			18.1756756756757	-3.98648648648649
			18.2432432432432	-3.98648648648649
			18.3108108108108	-3.98648648648649
			18.3783783783784	-4.05405405405405
			18.4459459459459	-4.05405405405405
			18.5135135135135	-4.05405405405405
			18.5810810810811	-4.05405405405405
			18.6486486486486	-4.12162162162162
			18.7162162162162	-4.12162162162162
			18.7837837837838	-4.12162162162162
			18.8513513513514	-4.12162162162162
			18.9189189189189	-4.18918918918919
			18.9864864864865	-4.18918918918919
			19.0540540540541	-4.25675675675676
			19.1216216216216	-4.25675675675676
			19.1891891891892	-4.25675675675676
			19.2567567567568	-4.32432432432432
			19.3243243243243	-4.32432432432432
			19.3918918918919	-4.32432432432432
			19.4594594594595	-4.39189189189189
			19.527027027027	-4.39189189189189
			19.5945945945946	-4.39189189189189
			19.6621621621622	-4.45945945945946
			19.7297297297297	-4.45945945945946
			19.7972972972973	-4.52702702702703
			19.8648648648649	-4.52702702702703
			19.9324324324324	-4.52702702702703
			20	-4.59459459459459
			20.0675675675676	-4.59459459459459
			20.1351351351351	-4.66216216216216
			20.2027027027027	-4.66216216216216
			20.2702702702703	-4.72972972972973
			20.3378378378378	-4.72972972972973
			20.4054054054054	-4.7972972972973
			20.472972972973	-4.7972972972973
			20.5405405405405	-4.86486486486486
			20.6081081081081	-4.86486486486486
			20.6756756756757	-4.93243243243243
			20.7432432432432	-5
			20.8108108108108	-5
			20.8783783783784	-5.06756756756757
			20.9459459459459	-5.06756756756757
			21.0135135135135	-5.13513513513514
			21.0810810810811	-5.13513513513514
			21.1486486486486	-5.2027027027027
			21.2162162162162	-5.27027027027027
			21.2837837837838	-5.33783783783784
			21.3513513513514	-5.40540540540541
			21.4189189189189	-5.40540540540541
			21.4864864864865	-5.47297297297297
			21.5540540540541	-5.54054054054054
			21.6216216216216	-5.60810810810811
			21.6891891891892	-5.60810810810811
			21.7567567567568	-5.67567567567568
			21.8243243243243	-5.74324324324324
			21.8243243243243	-5.81081081081081
			21.8918918918919	-5.87837837837838
			21.9594594594595	-5.94594594594595
			22.027027027027	-5.94594594594595
			22.0945945945946	-6.01351351351351
			22.0945945945946	-6.08108108108108
			22.1621621621622	-6.14864864864865
			22.2297297297297	-6.21621621621622
			22.2972972972973	-6.28378378378378
			22.2972972972973	-6.35135135135135
			22.3648648648649	-6.41891891891892
			22.4324324324324	-6.48648648648649
			22.5	-6.55405405405405
			22.5	-6.62162162162162
			22.5675675675676	-6.68918918918919
			22.6351351351351	-6.75675675675676
			22.6351351351351	-6.82432432432432
			22.6351351351351	-6.89189189189189
			22.7027027027027	-6.95945945945946
			22.7027027027027	-7.02702702702703
			22.7702702702703	-7.02702702702703
			22.7702702702703	-7.09459459459459
			22.8378378378378	-7.16216216216216
			22.8378378378378	-7.22972972972973
			22.8378378378378	-7.2972972972973
			22.9054054054054	-7.36486486486486
			22.9054054054054	-7.43243243243243
			22.9054054054054	-7.5
			22.972972972973	-7.56756756756757
			22.972972972973	-7.63513513513514
			22.972972972973	-7.7027027027027
			23.0405405405405	-7.77027027027027
			23.0405405405405	-7.83783783783784
			23.0405405405405	-7.90540540540541
			23.0405405405405	-7.97297297297297
			23.1081081081081	-8.04054054054054
			23.1081081081081	-8.10810810810811
			23.1081081081081	-8.17567567567568
			23.1081081081081	-8.24324324324324
			23.1081081081081	-8.31081081081081
			23.1081081081081	-8.37837837837838
			23.1081081081081	-8.44594594594595
			23.1756756756757	-8.51351351351351
			23.1756756756757	-8.58108108108108
			23.1756756756757	-8.64864864864865
			23.1756756756757	-8.71621621621622
			23.1756756756757	-8.78378378378378
			23.1756756756757	-8.85135135135135
			23.1756756756757	-8.91891891891892
			23.1756756756757	-8.98648648648649
			23.1756756756757	-9.05405405405405
			23.1756756756757	-9.12162162162162
			23.1756756756757	-9.18918918918919
			23.1756756756757	-9.25675675675676
			23.1756756756757	-9.32432432432432
			23.1756756756757	-9.39189189189189
			23.1756756756757	-9.45945945945946
			23.1756756756757	-9.52702702702703
			23.1756756756757	-9.59459459459459
			23.1756756756757	-9.66216216216216
			23.1756756756757	-9.72972972972973
			23.1756756756757	-9.7972972972973
			23.1081081081081	-9.86486486486486
			23.1081081081081	-9.93243243243243
			23.1081081081081	-10
			23.1081081081081	-10.0675675675676
			23.1081081081081	-10.1351351351351
			23.1081081081081	-10.2027027027027
			23.1081081081081	-10.2702702702703
			23.0405405405405	-10.3378378378378
			23.0405405405405	-10.4054054054054
			23.0405405405405	-10.472972972973
			23.0405405405405	-10.5405405405405
			23.0405405405405	-10.6081081081081
			22.972972972973	-10.6756756756757
			22.972972972973	-10.7432432432432
			22.972972972973	-10.8108108108108
			22.972972972973	-10.8783783783784
			22.972972972973	-10.9459459459459
			22.9054054054054	-11.0135135135135
			22.9054054054054	-11.0810810810811
			22.9054054054054	-11.1486486486486
			22.8378378378378	-11.2162162162162
			22.8378378378378	-11.2837837837838
			22.8378378378378	-11.3513513513514
			22.8378378378378	-11.4189189189189
			22.7702702702703	-11.4864864864865
			22.7702702702703	-11.5540540540541
			22.7702702702703	-11.6216216216216
			22.7027027027027	-11.6891891891892
			22.7027027027027	-11.7567567567568
			22.7027027027027	-11.8243243243243
			22.6351351351351	-11.8918918918919
			22.6351351351351	-11.9594594594595
			22.6351351351351	-12.027027027027
			22.5675675675676	-12.0945945945946
			22.5675675675676	-12.1621621621622
		</anterior>
		<posterior type=matrix rownames=FALSE colnames=FALSE nrow=157 ncol=2 as.numeric=TRUE >
			12.2972972972973	-13.1756756756757
			12.3648648648649	-13.1756756756757
			12.4324324324324	-13.1756756756757
			12.5	-13.1756756756757
			12.5675675675676	-13.2432432432432
			12.6351351351351	-13.2432432432432
			12.7027027027027	-13.2432432432432
			12.7702702702703	-13.2432432432432
			12.8378378378378	-13.2432432432432
			12.9054054054054	-13.2432432432432
			12.972972972973	-13.2432432432432
			13.0405405405405	-13.2432432432432
			13.1081081081081	-13.2432432432432
			13.1756756756757	-13.2432432432432
			13.2432432432432	-13.2432432432432
			13.3108108108108	-13.2432432432432
			13.3783783783784	-13.2432432432432
			13.4459459459459	-13.2432432432432
			13.5135135135135	-13.2432432432432
			13.5810810810811	-13.2432432432432
			13.6486486486486	-13.1756756756757
			13.7162162162162	-13.1756756756757
			13.7837837837838	-13.1756756756757
			13.8513513513514	-13.1756756756757
			13.9189189189189	-13.1756756756757
			13.9864864864865	-13.1756756756757
			14.0540540540541	-13.1756756756757
			14.1216216216216	-13.1081081081081
			14.1891891891892	-13.1081081081081
			14.2567567567568	-13.1081081081081
			14.3243243243243	-13.1081081081081
			14.3918918918919	-13.1081081081081
			14.4594594594595	-13.0405405405405
			14.527027027027	-13.0405405405405
			14.5945945945946	-13.0405405405405
			14.6621621621622	-13.0405405405405
			14.7297297297297	-12.972972972973
			14.7972972972973	-12.972972972973
			14.8648648648649	-12.972972972973
			14.9324324324324	-12.9054054054054
			15	-12.9054054054054
			15.0675675675676	-12.9054054054054
			15.1351351351351	-12.9054054054054
			15.2027027027027	-12.8378378378378
			15.2702702702703	-12.8378378378378
			15.3378378378378	-12.8378378378378
			15.4054054054054	-12.8378378378378
			15.4054054054054	-12.7702702702703
			15.472972972973	-12.7702702702703
			15.5405405405405	-12.7702702702703
			15.6081081081081	-12.7027027027027
			15.6756756756757	-12.7027027027027
			15.7432432432432	-12.7027027027027
			15.8108108108108	-12.7027027027027
			15.8108108108108	-12.6351351351351
			15.8783783783784	-12.6351351351351
			15.9459459459459	-12.6351351351351
			16.0135135135135	-12.7027027027027
			16.0810810810811	-12.7027027027027
			16.1486486486486	-12.7027027027027
			16.2162162162162	-12.7027027027027
			16.2837837837838	-12.7027027027027
			16.3513513513514	-12.7702702702703
			16.4189189189189	-12.7702702702703
			16.4864864864865	-12.7702702702703
			16.5540540540541	-12.7702702702703
			16.6216216216216	-12.8378378378378
			16.6891891891892	-12.8378378378378
			16.7567567567568	-12.8378378378378
			16.8243243243243	-12.8378378378378
			16.8918918918919	-12.8378378378378
			16.9594594594595	-12.9054054054054
			17.027027027027	-12.9054054054054
			17.0945945945946	-12.9054054054054
			17.1621621621622	-12.9054054054054
			17.2297297297297	-12.9054054054054
			17.2972972972973	-12.9054054054054
			17.3648648648649	-12.972972972973
			17.4324324324324	-12.972972972973
			17.5	-12.972972972973
			17.5675675675676	-12.972972972973
			17.6351351351351	-12.972972972973
			17.7027027027027	-12.972972972973
			17.7702702702703	-13.0405405405405
			17.8378378378378	-13.0405405405405
			17.9054054054054	-13.0405405405405
			17.972972972973	-13.0405405405405
			18.0405405405405	-13.0405405405405
			18.1081081081081	-13.0405405405405
			18.1756756756757	-13.0405405405405
			18.1756756756757	-13.1081081081081
			18.2432432432432	-13.1081081081081
			18.3108108108108	-13.1081081081081
			18.3783783783784	-13.1081081081081
			18.4459459459459	-13.1081081081081
			18.5135135135135	-13.1081081081081
			18.5810810810811	-13.1081081081081
			18.6486486486486	-13.1081081081081
			18.7162162162162	-13.1081081081081
			18.7837837837838	-13.1081081081081
			18.8513513513514	-13.1756756756757
			18.9189189189189	-13.1756756756757
			18.9864864864865	-13.1756756756757
			19.0540540540541	-13.1756756756757
			19.1216216216216	-13.1756756756757
			19.1891891891892	-13.1756756756757
			19.2567567567568	-13.1756756756757
			19.3243243243243	-13.1756756756757
			19.3918918918919	-13.1756756756757
			19.4594594594595	-13.1756756756757
			19.527027027027	-13.1756756756757
			19.5945945945946	-13.1756756756757
			19.6621621621622	-13.1756756756757
			19.7297297297297	-13.1756756756757
			19.7972972972973	-13.1756756756757
			19.8648648648649	-13.1756756756757
			19.9324324324324	-13.1756756756757
			20	-13.1756756756757
			20.0675675675676	-13.1756756756757
			20.1351351351351	-13.1756756756757
			20.2027027027027	-13.1756756756757
			20.2702702702703	-13.1756756756757
			20.3378378378378	-13.1756756756757
			20.4054054054054	-13.1081081081081
			20.472972972973	-13.1081081081081
			20.5405405405405	-13.1081081081081
			20.6081081081081	-13.1081081081081
			20.6756756756757	-13.1081081081081
			20.7432432432432	-13.1081081081081
			20.8108108108108	-13.1081081081081
			20.8783783783784	-13.1081081081081
			20.9459459459459	-13.0405405405405
			21.0135135135135	-13.0405405405405
			21.0810810810811	-13.0405405405405
			21.1486486486486	-13.0405405405405
			21.2162162162162	-12.972972972973
			21.2837837837838	-12.972972972973
			21.3513513513514	-12.972972972973
			21.4189189189189	-12.9054054054054
			21.4864864864865	-12.9054054054054
			21.5540540540541	-12.9054054054054
			21.6216216216216	-12.8378378378378
			21.6891891891892	-12.8378378378378
			21.7567567567568	-12.7702702702703
			21.8243243243243	-12.7702702702703
			21.8918918918919	-12.7027027027027
			21.9594594594595	-12.7027027027027
			22.027027027027	-12.6351351351351
			22.0945945945946	-12.6351351351351
			22.1621621621622	-12.5675675675676
			22.2297297297297	-12.5
			22.2972972972973	-12.4324324324324
			22.3648648648649	-12.3648648648649
			22.4324324324324	-12.3648648648649
			22.5	-12.2972972972973
			22.5	-12.2297297297297
			22.5675675675676	-12.1621621621622
		</posterior>
	</curves.scaled>
	<ruler.points type=matrix rownames=TRUE colnames=FALSE nrow=2 ncol=2 as.numeric=TRUE >
		Ruler point 1	285	466
		Ruler point 2	359	466
	</ruler.points>
</shapes>

